PSATAGV    -19.89  -50.35    8.76   21.07    7.08    0.39    0.18    0.93    0.90    3.32    0.21    0.87    0.03    0.50    0.24    0.64    0.75    0.96   11.62   16.17   31.63   12.48   20.11   15.39   30.94   14.59    2.21    1.23    3.14    4.18   11.74    0.17    2.49    2.27   13.40    9.10    8.53    9.79    8.62   12.52   12.45    7.58    6.50    6.95    2.74    3.52    4.30
PSATCMG    -21.28  -44.63    9.39   17.60    3.89    0.09    0.24    2.34    0.18    8.15    2.28    0.11    0.03    1.43   17.53   10.88   12.14   11.20    1.07   27.41   10.84   27.03    6.62   18.99   36.49   22.71   16.75   21.64   17.12    8.02    1.28    0.19    2.18    2.18    0.92    1.49    1.72    5.92    2.93   19.05   17.63    8.76    4.30    4.85    4.46    4.13    0.50
PSATCES    -20.25  -48.16    2.18   23.46    6.52    0.39    0.22    0.95    0.38    0.43    0.10    0.24    0.02    2.51    1.17    5.40    2.48    1.71    5.15   16.64   23.70   16.08   12.00    8.54   22.20   24.77    2.27    4.37    2.74    4.94   14.77    2.93    4.55    4.64    6.64    4.65    8.64    4.99   11.04    8.23    8.79    9.96    6.16    6.01    1.99    9.09    1.73
PSATELC    -21.60  -46.95   24.14   30.97    8.21    0.53    0.90    3.37    0.67    2.10    4.14    0.14    0.08    0.92    6.94    4.75    5.81    0.45    9.06   33.04   26.46   33.35   13.48    6.87   19.67   17.38    6.99    5.94    6.83   14.94   11.29    2.68    7.41    3.55    6.39    6.40    5.45    9.20    8.11   19.98   13.29   12.73    3.17    3.92    3.40    8.45    1.61
PSATFUN    -21.14  -45.04   11.32   14.00    1.53    0.03    0.22    0.30    0.02    2.03    1.52    0.01    0.00    1.91   14.12    7.52   14.33    9.67    1.23   25.17    9.46   24.20   12.90   15.36   32.03   23.06   19.91   18.42   20.82    5.02    1.56    0.34    2.49    1.81    1.20    1.68    1.55    3.67    0.78   10.20   12.69    8.13    2.15    4.35    2.47    1.72    0.20
PSATFUR    -20.67  -46.32   12.78   22.69    6.17    0.11    0.88    0.81    0.13    1.73    2.54    0.00    0.13    2.05    6.96    7.57   12.19    5.83    4.52   23.53   13.15   23.97   17.63   10.40   28.96   22.34   12.14    9.54   10.56    9.84    5.94    2.33    2.24    1.84    2.42    2.58    5.53    5.23    2.19   13.67   12.10   10.19    2.55    6.06    2.53    3.03    0.37
PSATMRB    -20.30  -49.18    6.24   21.24    6.48    0.37    0.11    1.93    0.56    0.93    0.78    0.68    0.10    1.13    0.95    2.72    2.74    1.20    7.56   18.58   31.91   22.40   17.43    7.76   29.97   18.98    3.54    3.94    3.53    6.34   14.69    0.97    2.72    4.87   10.38    6.69    7.72    2.99    8.05    9.06   10.77    9.89    7.64    6.54    2.40    4.84    3.35
PSATPRG    -21.59  -45.67   25.94   36.22   10.95    0.51    1.14    3.49    0.53    6.99    4.28    0.45    0.22    1.05    8.89    8.14    4.66    1.58    2.47   27.43   23.21   25.58   15.73   11.84   21.88   16.50   10.09   10.82   10.33    9.27    7.69    4.99    2.84    1.80    3.09    3.61    6.63    4.81    7.78   15.20   16.06   12.57    2.42    5.84    4.72    7.97    4.43
PSATPAS    -21.02  -48.18   40.12   22.85    7.63    0.34    0.49    2.16    0.90    5.51    5.42    7.96    0.17    1.70    7.39    2.11    1.39    0.56    4.07   38.61   35.17   26.10   15.04   11.49   20.03   22.10    3.60    4.02    3.17    7.71   12.69    0.87    4.43    5.91    9.43    6.59    8.67    3.36   12.33   15.87   16.90    9.89    9.22    5.15    4.63    7.15    7.63
PSATPTB    -21.61  -45.49   11.79   26.21    7.12    0.44    1.20    3.01    0.17    5.51    5.73    0.10    0.03    1.70   14.59   10.94    6.78    7.48    1.45   28.43   14.95   25.99   13.20   13.39   32.99   10.05   10.16   14.04   25.50   13.29    5.79    1.28    4.08    2.33    2.03    1.66    5.91    4.08    5.60   11.66   15.02   10.22    1.36    7.31    7.14    5.82    0.60
PSATPTC    -20.00  -48.55    5.42   22.57    4.94    0.23    0.75    0.55    0.12    0.26    0.12    0.11    0.08    6.11    1.72    8.41    5.41    1.44    7.47   12.76   16.85   14.09   12.79   10.58   31.18   16.21    3.91    5.18    3.96    5.21    7.53    1.59    8.69    2.03    5.06    4.20    9.20    3.85    3.59    7.28    9.89   11.92    3.41    6.92    1.98    3.52    1.94
PSATFZA    -26.00  -51.65   16.07   17.50    1.10   13.87   35.98   16.74   16.32   22.62    9.32    6.23    7.92    5.53    5.90    1.37    0.06    0.49   12.07   17.38    4.45    1.23    5.02    2.78    5.63    1.03    0.14    0.02    0.00    0.06    1.03    1.81   13.28   24.35    9.51   22.64    8.99   19.66    5.16    7.16    2.60    1.69    1.43    2.56    7.28    8.71    7.16
PSATJSG    -25.78  -52.00    7.14   16.91    1.58   20.29   40.41   19.52   18.30   28.37   14.87    9.43   15.87    7.05    5.83    1.29    0.10    0.40   13.40   14.64    1.63    2.95    3.76    1.85    2.79    1.53    0.60    0.00    0.03    0.06    1.01    1.48   14.20   28.68   12.19   19.81   12.69   11.89    5.44    9.70    1.91    1.20    1.79    2.24    7.10   12.12    8.37
PSATSCX    -25.53  -53.48    3.85   14.54    1.13   30.07   47.78   17.43   18.43   30.23    9.76    8.82   15.15   10.14    5.45    1.50    0.45    0.21   24.29   22.66    3.75    1.61    4.58    2.62    1.44    0.87    0.87    0.00    0.03    0.08    0.96    1.33   18.67   24.87    5.95   37.83   13.04    7.85    9.12    9.62    2.96    1.68    1.78    2.11    5.05   11.30    9.88
PSATSCL    -25.49  -51.74    9.79   28.74    1.35   13.68   37.78   11.17   11.97   10.59   11.75    4.63   11.07    4.90    4.75    1.50    0.06    0.17   10.31   17.78    3.88    1.63    5.75    3.88    2.17    0.94    1.09    0.00    0.00    0.19    0.61    1.10    8.41   19.99   22.39   29.69    7.50   14.88    7.26   11.32    3.92    1.40    1.37    2.56    6.42    6.33    6.32
PSATUVT    -26.23  -51.08    4.44    5.73    0.63   13.10   43.61    9.33   24.40   20.69   10.78   10.48    7.15    3.52    7.56    1.67    0.20    0.44    5.57   16.16   14.89    5.26    5.56    2.92    4.83    1.50    0.53    0.08    0.01    0.08    1.92    0.99    5.55   12.81   13.26   21.18    9.30    9.48    3.24    5.36    3.39    8.41    1.85    2.46    7.98    6.34   10.30
PSATBSM    -24.19  -53.74    8.37    9.66    1.74   16.96   37.38   14.92   18.90   14.12    4.23   13.99   13.09    5.25    4.12    3.31    0.45    0.27   31.43   38.53    2.23    1.25    4.14    3.92    1.97    0.99    0.85    0.07    0.01    0.20    2.23    1.79   22.57   33.90   14.83   44.34   17.29   10.67   11.15    9.51    8.42    2.16    2.35    2.77    4.40    8.45    9.06
PSATFLE    -22.97  -54.56   35.60    2.84    1.26   10.88   19.73    0.50   12.81    4.97    1.45    6.27   14.78    5.36    8.54    3.83    0.20    4.76   91.56   77.02    2.18    1.69    7.14    7.62    2.40    1.44    0.71    0.05    0.08    0.45    6.44    7.70   30.82   18.33    7.71   30.11   13.92   12.07    7.50   13.92   14.94    1.94    1.65    3.28    3.78    9.25   10.10
PSATITP    -25.42  -54.58   24.64    8.17    1.54   29.61   21.73    4.97   17.61   11.43    2.54   10.19   13.01    8.21    3.76    3.14    0.51    2.83   46.33   43.54    2.14    1.60    4.51    7.04    2.23    0.63    0.29    0.19    0.00    0.04    2.95    2.22   24.14   20.39   12.97   59.05   13.39    8.44   11.42   12.65   10.65    2.47    1.68    3.72    5.13    7.96   12.54
PSATIVM    -22.38  -53.53   20.14    1.18    1.05   16.65    6.63    0.56    9.27    4.51    3.55    6.47    8.47    2.91    1.24    0.36    0.31    2.17   29.16   23.32    1.84    0.95    8.04    3.02    2.97    1.84    2.29    0.28    0.51    1.74    7.31    4.77   17.33   17.09   21.59   14.03   15.16   13.91   13.35   12.28   12.26    4.67    3.12    5.36    7.00   11.18   13.31
PSATPTQ    -23.18  -53.17   12.05   12.63    1.29   25.68   26.84    8.15   16.30    6.53    5.64   11.00    9.57    6.20    3.19    2.26    0.91    0.21   21.02   39.40    8.32    1.28    4.28   11.25    1.84    1.13    0.49    0.05    0.02    0.90    1.76    1.86   20.59   18.39   48.20   35.88   11.11   13.20   10.48    8.87   15.82    5.52    2.70    4.00    5.42    3.48    7.07
PSATCBI    -17.99  -48.54   10.49   12.29    2.78    1.33    0.01    0.03    0.17    0.20    0.00    0.00    0.01    0.39    1.11    3.66   26.25    8.79   11.93   13.07   15.88   21.62    9.35   10.82   16.62   15.31   14.54   15.08    7.63   22.52    9.78    0.56    3.14    0.52    2.58    1.04    0.12    0.06    0.15    0.28    0.27    2.94    2.92    3.52    1.05    0.72    1.73
PSATCBIV   -16.15  -48.67    5.00   16.68    4.22    0.70    0.03    0.05    0.17    0.31    0.00    0.00    0.01    0.22    0.72    6.73   33.53    6.26    4.16   10.42   11.89   20.42    7.38    5.14   10.93   16.25   14.43   15.65    4.21   14.08    5.25    0.45    0.82    0.99    3.46    0.65    0.16    0.01    0.13    0.47    0.47    1.98    2.54    3.49    1.60    1.31    5.72
PSATEMB    -18.45  -47.98    6.01   11.26    1.87    0.05    0.03    0.02    0.01    0.10    0.02    0.00    0.01    0.36    0.84    7.16   11.02    5.28   12.03    6.64   15.49   17.47   11.89   11.95   19.33   14.48   20.66   13.83   14.61   13.51    9.93    1.25    2.02    0.94    2.26    1.75    0.95    0.79    0.49    0.49    0.65    1.30    2.97    2.62    0.83    0.61    0.15
PSATIMBR   -18.42  -49.10   10.53   10.08    2.39    0.67    0.11    0.15    0.08    0.20    0.01    0.01    0.03    3.00    1.21    5.40   11.06   10.52   13.47   11.15   19.99   17.76    9.96   17.02   23.05   18.48   14.38   11.74   10.24   18.48   12.59    0.71    3.52    1.09    3.99    1.81    1.28    0.37    0.34    0.49    1.81    3.36    2.71    5.49    2.97    0.33    0.30
PSATNPTE   -19.13  -47.70    9.19   18.25    1.11    0.07    0.37    0.10    0.03    0.05    0.08    0.14    0.05    2.62    0.60   10.37    9.78    1.71    2.97    9.90   15.01   14.72    8.85   10.52   22.18   12.97   11.78   10.19    6.54    8.40   10.85    1.23    4.62    0.93    4.89    2.97    6.12    2.42    0.89    1.64    6.14    5.15    2.64    4.16    2.13    2.15    0.91
PSATARV    -18.07  -50.16   12.90   27.55    4.98    0.99    0.22    0.73    0.90    0.42    0.18    0.05    0.02    1.04    2.61    0.59   13.17   14.07    8.96   15.23   12.21   15.07    6.77   13.92   24.35   14.45   16.42   13.56   12.26   14.00   12.07    7.47    3.79    2.58    3.77    1.81    2.38    3.27    0.78    4.78    6.47    5.08    4.69    8.35    5.90    5.05    6.73
PSATSFC    -18.05  -47.68    7.93   14.55    2.48    0.22    0.01    0.01    0.08    0.14    0.00    0.00    0.00    0.42    0.87    5.06   23.17   18.00   11.31   11.31   22.37   16.12   11.37   13.35   20.28   11.59   19.86   23.56   15.65   19.97   14.81    0.32    2.20    0.72    2.10    2.07    0.09    0.14    0.04    0.26    0.10    1.33    1.54    1.87    0.19    0.07    0.57
PSATSSM    -19.02  -50.50   17.41   15.90    4.70    0.69    0.07    0.24    0.40    0.89    0.00    0.01    0.06    1.38    1.28    1.83    5.54   12.00    9.39   11.63   19.39   19.01   11.08   17.13   28.28   12.74   11.89    7.26    8.48   15.78   10.06    2.55    3.83    1.11    3.88    1.72    4.72    2.24    1.18    1.34    6.90    4.22    5.32    6.51    3.98    1.07    1.83
PSATCNI    -22.94  -50.52   37.64    8.65    6.68    8.28   31.38    5.49    1.94    0.60    3.65   13.41    4.38    4.82    0.93    0.81    0.49    0.41    6.79   50.77   33.59   12.01    8.94    5.73   11.25    4.61    1.06    0.27    2.26    3.38    4.40    0.72    2.59    6.96    7.81   11.52    7.44    8.39   15.59   13.26   23.06   20.81    9.44    2.60    4.23    3.16    6.18
PSATCPV    -22.65  -51.33   16.17    9.83    2.55   15.57   28.30    4.58    5.05    1.13    1.42    6.26    6.06    5.06    1.69    1.07    0.96    0.33   10.47   49.17   23.64    3.91    2.39    9.33    4.41    1.52    0.76    0.03    0.27    2.91    2.10    1.36   10.12   16.22   24.76   20.14    9.36   11.04   10.90   11.45   26.37   15.15    5.99    3.17    4.49    3.18    3.53
PSATCHT    -23.01  -49.73   11.29    6.49    1.50    8.25   15.60    3.83    3.13    0.19    0.51    1.76    3.52    3.77    2.96    0.60    1.38    0.58    3.42   33.50   17.42    5.91    4.08    6.41    7.76    5.20    1.46    0.15    0.32    3.12    3.41    1.87    4.68    7.41   14.73   11.02    8.27    9.12   10.47   13.29   18.13   16.81    8.54    2.04    6.52    4.94    8.56
PSATJUR    -23.22  -49.23   19.43    9.22    3.45    4.53   12.32    2.90    3.27    0.34    0.86    5.94    2.62    3.57    7.12    1.19    1.16    0.76    5.23   29.88   25.59   18.13   10.33    9.88    9.20    9.73    1.98    0.63    3.01    4.98    5.85    1.94    3.64    4.03    4.82    6.88    8.64   12.87    7.20   11.96   22.54   21.31   12.38    2.41    7.77    2.35   10.26
PSATMAU    -24.06  -50.71    3.50    5.83    2.15   18.27   21.45    4.95    9.77    5.17    5.65    2.34    7.85    4.95    5.03    1.44    1.55    0.52    7.62   26.76    3.27    2.51    2.92    7.31    3.17    1.17    0.80    0.03    0.01    0.70    2.37    1.78    7.38   11.31   32.60   25.62    6.67   14.91    6.68    9.66   10.73   11.00    2.87    2.04    7.86    7.95    7.52
PSATROS    -22.50  -52.87   18.49   14.83    3.06   25.12   15.85    8.07    7.69    2.75    2.24   15.43    7.05    3.62    0.48    1.17    0.67    0.23   23.23   73.14   17.57    2.33    3.29   13.99    3.78    1.14    0.44    0.09    0.26    1.55    1.93    2.69   13.68   15.43   26.89   37.83    8.99   10.45   11.15   10.72   25.42   13.25    5.95    3.12    2.91    0.32    4.09
PSATQMD    -16.21  -47.33    8.95    3.24    3.22    0.38    0.00    0.00    0.00    0.03    0.00    0.00    0.00    0.00    0.01    5.87   14.16   12.06    2.75    3.37   10.69   11.96    6.32    4.30   14.07   18.59   19.42   22.43   14.02   18.04   10.51    0.14    0.41    0.98    3.84    1.56    0.10    0.02    0.12    0.15    0.05    0.86    0.73    0.84    0.04    1.20    2.42
PSATRBX    -18.95  -44.76    7.75   10.59    0.77    0.00    0.00    0.05    0.00    0.45    0.01    0.00    0.01    0.85    7.16   15.03    6.60    8.34    0.43    7.77   24.19   16.58   23.83   12.73   32.50   23.99   26.14   15.48   14.90    3.74    0.24    0.38    0.56    0.97    0.75    0.73    0.09    0.26    0.58    0.99    3.98    0.57    1.74    1.05    0.26    0.40    0.08
PSATSFR    -15.93  -44.86    5.94    3.32    1.11    0.12    0.06    0.01    0.01    0.00    0.00    0.00    0.00    0.00    0.07    3.40   17.44   10.77    6.15    0.73    3.76   16.94    8.29    5.11    6.36    9.67   10.13   19.06   30.84   19.79    5.97    0.30    0.31    0.69    2.49    1.15    0.04    0.06    0.16    0.08    0.21    0.43    0.20    0.24    0.12    0.41    0.60
PSATSRM    -16.37  -45.07    8.70    7.43    0.44    0.01    0.00    0.00    0.01    0.09    0.00    0.00    0.01    0.21    0.98   12.80    6.94    4.89    2.40    3.02    9.08   13.16   16.18   12.22   16.60   18.79   14.32   20.86   24.22    7.33    2.16    0.76    0.60    0.60    1.91    0.70    0.12    0.14    0.26    0.21    0.50    0.34    0.61    0.34    0.08    0.38    0.17
PSATTMR    -18.16  -45.27    9.55   16.27    1.01    0.01    0.10    0.03    0.00    0.25    0.04    0.00    0.04    0.91    4.81   12.44    6.50    3.61    2.90   11.39   11.80   19.45   18.23   15.51   27.55   22.81   22.45   18.80   16.69    8.78    1.31    0.60    2.69    1.19    3.48    1.97    1.96    1.10    0.47    2.89    7.84    2.77    2.69    3.47    0.35    0.79    0.07
PSATBOQ    -11.35  -43.83    3.22    2.64    0.66    2.04    0.13    0.15    0.84    0.06    0.00    0.00    0.00    0.00    0.01    0.44    2.44    5.66    0.25    0.02    0.61    6.74    1.24    0.80    1.24    6.00   11.68   18.05   11.74    4.17    1.26    0.58    1.29    7.07    1.08    0.44    0.02    0.36    0.57    0.15    0.32    0.53    0.60    0.77    3.69    4.07    2.19
PSATBBO    -22.52  -48.55   37.32   17.21   12.24    1.92    2.34    1.30    0.53    1.18    4.66    6.90    0.95    5.53    8.33    1.70    0.63    0.37    3.67   41.01   49.80   23.01   15.23   13.90   19.17   21.41    4.57    2.54    4.61    5.83   12.81    1.33    4.48    7.57    5.79    5.67    6.43    8.27   12.82   19.46   16.67   13.29    9.11    3.37    5.21    3.89   10.06
PSATESZ    -23.46  -46.91   26.72   10.20    9.96    0.77    3.61    0.53    3.35    4.08    4.36    7.44    0.04    3.21    9.10    6.92    1.31    0.72    1.28   42.14   52.65   24.77   11.57   14.45   21.99   20.88    5.67    3.07    1.01    3.50   10.09    5.35    3.69    4.51    1.59    5.12    4.03   14.98   16.07   20.05   17.84   11.09    5.78    6.70    6.18    5.50   11.77
PSATIBT    -21.76  -48.99   38.89   14.50   10.44    1.98    4.50    2.62    0.38    1.07    4.78    9.90    2.97    2.59    2.54    0.89    0.14    0.51    5.58   48.73   39.47   19.28   13.91   10.22   17.55   14.34    1.83    0.88    2.65    3.28   10.25    0.30    2.79    5.14    8.20    6.69    3.09    3.69   12.61   14.36   24.62   14.14   11.16    3.15    3.71    2.79    5.76
PSATNAV    -21.12  -50.20   19.55   18.91   12.56    0.74    4.07    1.75    0.86    2.98    0.72    3.49    0.66    0.86    0.53    0.82    0.15    0.27    7.87   50.44   47.14   10.25   16.48   13.45   17.01    9.99    1.00    0.73    2.55    3.53   11.33    0.63    1.55    3.83    9.28   11.87    6.09   11.00   11.48   13.14   21.09   15.14    9.11    3.94    3.06    3.63    5.31
PSATSME    -13.40  -48.30    3.92   10.49    2.84    1.53    0.75    0.81    2.34    1.36    0.55    0.12    0.01    0.06    0.12    4.14   15.27    9.64    6.14   10.83   12.35   25.21    7.29    6.34   12.40   15.37   15.47   11.30   19.75   14.58   10.36    7.78    0.91    2.54    7.95    0.97    0.05    0.02    0.12    1.31    2.16    4.21    4.29    6.17    8.31    9.34   11.66
PSATBGR    -27.78  -51.20    2.69    0.84    1.21   23.70    9.02   25.95    3.37    7.75    1.49   39.41   11.24    6.09    3.28    0.45    0.02    0.13   14.14    2.54    1.90    2.21    4.00    1.46    1.83    0.73    0.06    0.01    0.06    0.11    0.38    3.56   15.75   34.82    5.90   12.33    8.78    1.54    1.91    1.99    1.45    1.77    2.22    8.65   10.71    5.62   13.62
PSATCNV    -27.60  -51.33    7.64    3.11    0.46   30.48   34.03   35.29   11.28   20.13   14.73   49.45   15.84    4.41    4.57    1.03    0.07    0.48   13.61    7.61    3.47    1.86    5.37    1.60    2.38    0.82    0.12    0.02    0.00    0.07    0.80    0.95   13.60   29.06    5.05   14.73   11.57    2.09    1.91    4.55    1.55    1.37    1.84    5.72    8.39    7.98   11.30
PSATFCH    -27.14  -53.04    1.60    3.83    5.04   82.49   13.12   15.87   10.21   21.93   18.19   28.97    9.98    3.32    4.99    0.01    0.03    0.84   21.59    4.81    0.95    2.30    1.87    0.79    1.24    1.10    0.58    0.00    0.02    0.10    0.30    1.39   18.14   15.46    3.75   28.86    7.11    2.61    5.82    8.83    1.04    1.54    2.30    1.79    8.92   15.63   12.49
PSATITA    -27.27  -52.38    3.06    1.58    1.25   45.32   24.30   34.74   13.72   26.15   21.82   43.04   11.91    3.36    3.40    0.36    0.01    0.81   17.83    9.11    1.97    1.77    5.74    1.38    2.18    0.69    0.24    0.00    0.00    0.04    1.48    1.01   12.78   22.13    5.85   23.15   11.76    5.86    4.44    9.47    1.50    1.06    1.82    3.14    9.84   12.79    8.54
PSATMCD    -27.52  -51.78    3.38    0.41    0.68   22.36   10.62   37.06    3.96    9.96    9.86   56.55    8.27    3.90    2.80    0.01    0.00    0.71   16.26    2.85    0.85    0.76    2.20    1.56    0.55    0.30    0.13    0.02    0.00    0.03    0.33    5.04   14.46   30.93    4.47   23.78    3.98    3.68    3.01    3.16    1.05    1.02    1.48    4.91   12.05   11.86    8.18
PSATMOJ    -27.35  -52.73    0.87    0.94    3.59   59.89    0.72   29.66    3.93    7.73    8.11   42.22    6.38    4.52    2.18    0.03    0.06    1.74   15.43    0.89    0.31    1.46    0.78    1.29    0.53    1.52    1.14    0.03    0.01    0.53    0.37    1.62   26.22   26.18    3.89   17.48    2.44    0.98    2.18    3.17    0.65    1.28    1.93    5.35    8.67   16.50   18.86
PSATQQX    -26.66  -52.54    0.51    2.14    1.26   46.79   30.50   19.32   22.24   39.07   16.55   18.61   19.28    5.42    4.99    0.72    0.01    0.58   22.91   15.04    5.92    2.41    5.45    2.37    2.98    1.52    0.69    0.00    0.10    0.10    1.46    2.04   12.24   23.03    7.37   28.11   17.16    7.23    4.26   11.66    1.16    1.24    2.32    1.88   10.31   10.89    8.06
PSATPSJ    -28.14  -55.05    0.17    0.00   40.49   33.21    0.14    3.92    1.02    0.10    0.72   14.70    2.10    6.16    1.16    0.00    0.14   10.08   19.66    0.00    0.03    0.49    0.78    1.04    0.15    1.33    0.25    0.00    0.00    0.01    3.74   12.82   60.70   41.44    2.30    5.66    0.43    0.00    2.44    1.09    0.99    1.02    2.09   10.19    2.79   16.03   28.79
PSATESP    -18.68  -51.87   18.90   19.31    4.81    0.76    1.17    2.69    0.66   12.37    2.19    0.11    0.71    0.36    0.08    0.54    0.21    3.49    6.04    7.32    9.58    2.87    6.42   20.03    7.42   12.77    8.45    3.49    7.77    7.25    5.28    7.11    1.80    5.51    1.05    0.44    7.81   18.23    4.29    4.58    7.02    4.18    3.66    6.20    4.10    3.20    5.68
PSATSRC    -19.16  -50.76   17.17   21.54    6.96    1.45    0.23    0.95    1.59    5.45    1.97    0.08    0.00    0.09    0.42    0.37    0.17   10.15    7.66    6.27    8.82    9.52    5.74   25.52   10.57   14.77    8.95    4.40    6.81    9.15    7.66    7.97    0.19    3.08    1.15    1.56    8.15   15.06    5.34    9.27   10.57    6.28    8.70    6.17    4.65    3.46    6.43
PSATFRCL   -19.12  -50.64    9.65   21.94   10.89    1.26    0.29    0.35    1.40    6.45    0.94    0.07    0.02    0.36    0.93    0.14    1.31   19.04    7.70    6.10   14.52   14.92    6.65   18.99   13.09    9.08    8.78    6.80    8.63    8.29   10.54    9.60    0.30    3.84    0.94    2.22    8.55    8.25    3.90    9.26   12.33    6.15    8.25    6.08    9.23    4.18    5.25
PSATISOT   -20.40  -51.35   25.39   31.75    7.07    2.04    1.19    1.91    1.30    3.00    0.37    0.37    0.39    1.21    0.23    0.24    0.24    2.81   11.50   15.71   21.18    7.00   15.71   22.93   14.54   10.71    4.66    0.87    1.05    5.38   10.47    3.40    0.95    5.08    5.91   11.81   10.97   14.00    5.75   11.59   19.39    6.72    7.28    4.05    3.79    2.01    2.35
PSATJUP    -20.86  -51.63    7.99   18.45   11.50    6.02    1.74    3.18    2.41    8.97    2.88    5.34    1.02    3.44    0.31    0.75    0.57    6.61    9.31    9.83    3.15    1.70   13.42   20.96    9.29    8.17    7.43    1.14    1.38    3.38    9.84    7.77    3.73   11.88   10.90   12.34   19.90   19.38    8.31   16.08   18.81    6.13    7.63    7.81    4.33    1.44    3.84
PSATSDG    -20.06  -53.18    1.71    3.55   12.02   11.34    1.86    4.21    1.23    2.76   15.26    5.54    0.46    0.31    0.31    0.48    0.45    2.75   10.87    8.56    2.31    0.82    5.26   14.81    6.39    5.81    7.68    0.94    1.97    4.86    7.64    7.06   10.52   14.26    2.04    9.08   12.48   21.01   10.78   12.77   19.31   16.01    7.31    4.52    2.43    1.09    2.41
PSATFZBT   -21.66  -52.87   23.75    2.25    3.23   16.32    2.66    5.77    3.01    4.90    9.82    6.47    9.69    4.35    0.60    0.48    0.34    2.61   18.91   19.38    3.00    0.55    5.15    5.75    4.58    3.20    4.40    0.65    0.53    1.95    9.50    5.00   13.94   12.03   12.51   19.52   12.77   12.51   17.47   11.81   13.45   17.27    5.90    7.93    4.95    0.83    6.92
PSATPPRA   -22.46  -52.91   30.39   25.33   11.31   14.37   10.95    8.22    1.75    6.02    1.71   10.66   10.15    3.63    0.26    0.62    0.38    0.82   16.03   38.29   16.34    3.07    9.29   13.55    8.35    4.00    1.01    0.41    0.63    0.94    4.64    3.16    8.86   13.58   10.62   26.35    9.56   13.76   12.54   14.40   17.90   22.39    8.31    4.52    3.51    1.14    6.23
PSATBTE    -13.69  -50.80   17.62   19.52    8.99    1.50    1.26    1.01    1.45    6.13    1.91    0.12    0.13    0.14    1.55    1.30   16.22    8.16    7.40   17.43   20.99   13.92    5.64    9.30   15.31   17.87   20.03   13.94    9.79   14.75   14.86   16.08    1.32    4.13    5.13    1.57    3.88    2.11    1.51    5.77    6.11    6.63    4.10    6.13    4.53    4.97    9.06
PSATARAG    -8.27  -49.26    5.79   17.41    8.92    2.99    0.94    1.69    7.61    4.68    2.23    0.62    0.08    0.37    0.65    5.22    5.62    9.69    3.92    6.91   10.29   12.74    4.69    5.58    8.26   11.33   13.81   16.82   23.31   11.37   14.45   10.82    8.03   10.67    7.20    2.01    2.04    0.41    1.41    2.62    6.31    6.15    6.96    6.28    4.14    9.04    8.80
PSATLAJ     -9.76  -48.37    4.69    9.71    3.58    2.12    1.72    2.64    5.12    2.01    0.58    0.03    0.00    0.02    0.18    2.42    7.61    7.37    1.79    0.89    6.33   19.06    5.31    5.77    9.45    7.62   15.43   18.48   23.23   12.87   11.25    7.99    4.87    9.49    4.27    2.50    0.05    0.10    0.39    0.40    0.99    2.26    2.26    5.01    4.06    6.05    6.26
PSATPTRL    -9.31  -47.39   10.66    7.63    3.23    4.08    0.82    4.23    9.02    4.11    0.12    0.05    0.00    0.32    0.68    8.54    4.73   13.87    1.93    0.14    2.59    5.63    4.22    1.04    3.55    4.22   16.48   24.07   21.57   17.70    6.60    9.11    7.23    7.48    3.55    0.46    0.06    0.22    0.23    0.09    1.10    1.14    1.24    1.97    4.00    4.10    1.85
PSATLJET    -7.33  -47.48    5.79    5.90    5.09    3.23    0.87    2.61    4.48    7.05    1.07    0.19    1.45    6.68    2.56    7.10    6.22   13.39    4.60    1.45    5.71    4.47    7.61    3.36    2.51    2.66   10.26   13.65   18.21    8.19   10.55   12.10   13.09    2.99    1.10    0.47    0.19    0.44    0.18    0.26    1.17    1.18    5.68    8.45   11.84    8.34    4.65
PSATUCR     -3.83  -49.65    6.09    8.79   10.69    6.62    2.67    1.23    2.39   13.63    5.35    2.26    0.85    4.99    4.71    5.59    6.13    6.96    3.53    2.63    2.11    2.09    4.49    3.14    3.81    4.77   11.47    9.37   23.51    9.64    8.85   18.12    9.00    7.94    0.77    0.13    1.90    8.98    0.45    2.54    2.65    3.03    8.08    8.97    9.61    8.03    6.46
PSATXIVJ   -29.07  -51.67    0.75    0.86    0.40   21.79    0.18   12.49    1.95    3.60    2.14   31.49    4.24    5.52    2.12    0.01    0.00    0.57   18.82    0.70    0.04    0.51    2.16    0.99    0.72    0.53    0.08    0.00    0.00    0.20    0.08    4.34   21.85   34.85    9.85   13.49    2.68    0.62    2.30    1.45    0.65    0.46    1.63    8.87    7.25    6.51   13.91
PSATDFRC   -29.45  -53.28    0.02    0.00   22.99   31.94    0.00    5.24    0.22    0.05    0.02   16.73    2.15    3.43    1.38    0.00    0.11    8.93   17.96    0.21    0.00    0.24    0.91    0.18    0.13    1.05    0.82    0.01    0.00    0.20    0.24   12.07   60.12   84.46    3.51    7.20    0.24    0.00    1.31    1.39    0.99    0.88    2.29    7.11    3.46    4.68   49.82
PSATREAL   -29.02  -53.19    0.10    0.01   19.50   34.74    0.00    8.92    0.74    0.59    0.68   29.05    2.26    5.05    2.26    0.00    0.07    3.87   21.23    0.07    0.00    0.69    1.97    0.99    0.42    0.74    1.11    0.01    0.00    0.01    1.80    7.22   47.95   45.18    5.79   15.96    0.52    0.03    1.96    0.82    1.11    0.55    2.41    8.44    4.31    9.66   57.14
PSATCTAV   -29.01  -51.39    1.31    0.51    2.09   27.12    0.02   23.47    0.91    3.26    3.07   37.60   11.21    6.38    3.81    0.42    0.00    0.07   20.18    1.23    0.32    0.49    2.56    1.92    0.99    0.53    0.45    0.00    0.02    0.13    0.04    4.64   18.76   44.60    8.44   16.95    7.42    0.25    1.62    1.55    1.31    1.14    1.64    8.63   11.00    2.75   24.11
PSATERNT   -28.56  -52.54    1.83    0.48    1.52   41.44    0.95   13.61    2.28    5.43    5.02   61.74    5.11    4.85    1.83    0.02    0.02    1.26   13.81    0.37    0.41    0.98    1.27    1.60    0.33    0.76    0.79    0.00    0.00    0.06    0.15    2.36   22.43   37.53    5.63   23.80    1.39    0.86    2.25    1.07    0.70    0.61    1.92    6.14    9.70   12.37   21.20
PSATSTPL   -27.14  -49.52    6.58    6.48    0.63   21.72   35.22   11.56   20.21   26.59   16.41   49.76   21.28    5.57   13.52    2.74    0.26    0.88    7.54   10.37    1.35    1.32    4.97    2.43    3.70    1.23    0.38    0.08    0.00    0.06    1.17    0.66    7.81   23.44    7.74   17.04   13.99    0.33    0.80    1.62    1.92    1.86    2.66    8.20    4.01    9.09   15.65
PSATCVCH   -25.14  -48.87    3.16    7.95    0.70   11.04   34.32    1.07   10.67    6.46    2.96    5.00    3.15    3.94   13.78    1.79    1.27    0.37    2.72   16.98    6.97    5.00    5.78    5.98    4.01    4.70    1.69    0.21    0.02    0.52    2.38    3.08    2.72    4.21   12.71   17.59    4.12    4.58    1.19    4.81    3.08    7.05    4.70    2.73    8.62    1.53    6.23
PSATAMY    -12.60  -69.12   15.54    8.94   12.32    8.62   14.55   11.28   16.31   12.92    9.93    7.97    9.99   22.04    5.28    3.40    5.09   10.36   10.90   11.56   11.18   18.15    8.41   14.72    7.70   11.87    5.15    9.56   12.72   15.04    7.99    9.51   11.55   16.65   10.84   17.10   23.56   12.34    4.42    5.59   18.14   12.37   10.61   13.72   12.56   12.42   13.14
PSATGJR    -10.73  -65.35   15.37    5.14    4.24   12.56   26.60    5.57   14.50    5.12    5.24    3.80    2.34    3.90    4.48    4.13    3.52    6.17   21.84    2.79    4.12    5.11    5.03   13.33    4.23    2.60    4.62   14.33   13.41   14.57   22.76   36.30   41.57   10.43    7.07   11.56   18.79    8.65   10.83   11.55    7.77   12.03   10.63   10.04    6.51   13.29    8.14
PSATPRNC   -12.43  -64.43   17.52    8.75    8.82    4.35   23.05    7.49   14.86    5.71    2.88    6.23    1.46    0.31    2.77    8.74    3.73    1.29   18.22    5.21    6.60   10.42    7.13    9.40    3.59    7.16    1.91    6.74   10.34   14.43    9.88    9.52   16.15   14.37   21.11   12.52   16.24    6.26   10.71   12.60    9.27   11.61   10.85    8.75    7.74   10.43   10.66
PSATSANT    -8.87  -63.97    8.27   13.54   22.99   30.91   17.26    5.45   16.54    7.11    9.52   10.46    2.08    0.19    3.97    6.44   19.15    1.37   10.30   11.31   15.77   17.21   14.16    8.98    2.89    4.43    1.41    1.70    4.73    7.73    2.25    0.76   26.79   26.19    9.05    7.18   18.50   12.32    2.68    8.86    4.20   13.65   15.49   15.15   19.03   11.88   25.93
PSATDARD   -10.16  -59.46    4.43   19.81   17.00   19.09    7.16    7.68    6.56    5.68    7.75    6.80    0.54    7.62    6.11   14.80    3.44    0.91   18.50    9.82   13.56   13.99    9.14   12.86    0.89    7.52    5.94    7.82    4.54   19.57   19.11   11.24    3.88   28.86   17.30    6.70    1.64    2.88    5.75    4.11    3.33   14.23   19.92    2.03   23.45   24.14   10.14
PSATGUAP   -15.12  -58.96    8.88   14.67    9.94   14.02    0.25    4.40   15.77   12.12    4.93    2.44    5.16    0.46    0.32    4.64   13.57    3.67    8.48    4.65   10.03    2.30    9.40   17.76    5.91   12.45    5.14   14.18   13.29   13.98   10.42   11.37    4.79   22.74   12.39   20.60   23.51    5.29    8.56   13.55    5.58   20.43    8.24   16.56   15.82   17.49   17.72
PSATJIRA    -9.25  -64.65   15.32   11.36    6.66    8.43   21.21   15.26   15.73   12.11    7.90    7.64    6.35    6.50    6.76    6.18    5.24    6.44   16.60   12.59    8.25   13.41    7.56    8.93    8.08    3.33    4.09    4.51    9.25   13.17    8.51    7.88   23.30   17.78    8.40    7.30   28.37    5.67    8.12    6.91   18.44   13.97   10.20   14.06   10.77   15.04   23.97
PSATROND   -11.99  -60.70    4.58   18.05   14.83   13.65    3.72    2.74    7.44    0.64    2.31    4.30    0.05    0.26    4.46   12.85    7.03    0.69   13.43    8.32   17.58   10.09    3.01    5.39    2.35   10.60    3.78   11.78    3.63    8.94    5.34    2.50    4.24   13.31   11.22   17.09   10.91    4.96   15.34    8.85    3.94   11.05   15.17   10.73   18.54   16.39    5.92
PSATSAMU    -8.75  -63.45    5.62   16.05   17.56   17.07   15.69   11.91   10.01    8.41    5.22    6.55    1.55    0.50    9.95   10.68    7.87    2.32    6.31    9.29   17.26   17.20   13.81    4.75    4.80    5.38    1.25    2.00    5.91    9.94    3.00    1.03   13.76   29.70    6.93   10.31   11.18    6.87    2.63    7.42    3.54   13.67   15.03   15.22    8.65   29.74   27.86
PSATBALB    -1.92  -59.47   17.24    6.12   11.96    5.29    9.24    9.89    4.42    6.33    7.80   16.79    3.46    1.32   10.03   28.69    8.83    6.14   10.32    5.02   13.12    7.28    8.42   18.39    9.81   11.09   11.56    4.36    2.02   16.00    3.11    4.17    4.95   16.03   23.32    7.31    6.09   18.19   10.48   12.19    1.01   20.34   21.66   21.13   18.12   11.58    1.54
PSATCUNA    -2.82  -54.30    3.28    3.16   17.07    7.54    4.64    2.66    7.25    3.60    7.31    7.10    0.59    0.71    9.75    4.99   11.11    3.05    1.96    3.79    2.73    1.23    1.33    3.33    5.08    2.40    5.40   13.60    2.75    0.88    5.11    1.34    1.17   19.44    7.72    1.40    4.94    9.87    2.35    3.67    1.98    5.15   22.99    2.72   18.67   11.11    3.51
PSATJARI    -0.65  -52.52    3.79    7.27    9.36    5.93    3.00    4.92    7.70    5.24   10.42    7.94    3.14    4.97    2.76    1.56    6.50    4.48    1.35    2.44    1.37    1.59    1.41    2.27    4.61    4.05    1.90    3.28    4.83    2.19    6.96    5.49    5.48   15.09   20.75    9.10    3.18    3.67    7.05    5.47   26.29    9.35   12.81   15.23   23.19    3.38    6.95
PSATFGOM     0.86  -51.20    8.48    4.49    5.89    7.80    6.74   10.46    8.79    4.00   15.97    9.60    6.45    9.56    2.45    3.08    7.52    4.02    2.19    2.96    3.49    1.87    3.66    2.33    6.38    7.15    6.68    9.61    3.13    5.63    9.86   16.29    7.85   16.16   21.29   12.97    9.01   12.88    6.04   12.85   19.19   17.67   11.45   11.07   12.18    4.77    3.50
PSATUBE     -6.75  -43.57    5.20    4.97    2.09    2.06    0.58    0.62    4.13    1.12    0.23    0.02    0.23    0.59    0.83   14.55    8.37   12.09    1.39    0.64    2.63    4.73    1.85    0.49    3.65    3.84    9.30    6.97    3.92   12.18    2.32    7.19   12.36    1.38    0.76    0.19    0.22    0.45    0.27    0.90    2.14    1.22    1.99    2.86    5.07    8.22    2.98
PSATBSOR    -6.74  -52.00    9.86   14.72   16.60    4.59    2.49    2.24    2.99    3.74    2.47    1.55    0.35    0.32    3.78    5.27    3.69   11.81    6.43   17.32   21.89    9.98    7.08    7.24   10.72    7.20   18.10    8.08   12.90   15.02   13.64    9.65    8.89   10.07    8.20    1.56    2.96    1.72    2.36    3.32    6.87    8.03    8.38    5.99    4.36    6.24   18.18
PSATBESP    -6.75  -51.77    4.43    8.09    6.83    6.61    2.29    3.04    2.03    7.51    2.31    3.80    0.64    1.56    6.28    7.16    5.21    7.12    2.22    2.83    2.67    2.81    1.56    1.50    6.58    4.30   11.41    7.95   25.11    9.03   10.01   12.33   18.14   11.22    5.30    0.45    0.05    2.24    0.49    0.12    1.41    3.62    8.78    5.90    6.43    5.48    3.80
PSATPIME    -3.41  -51.91    8.97    7.73   12.56    6.85    3.49    2.93    4.13    6.82    6.35    4.50    1.14    2.24   11.04    6.82    6.78    8.29    5.73    3.95    3.63    3.24    8.73    7.25    6.10    6.35    8.39   10.71   13.11    9.60    7.00    8.45    6.97   10.71    3.95    0.61    4.25   16.16    4.16    2.62    9.28    6.72   13.75    3.67    4.86    8.38   15.86
PSATIRAP   -16.74  -42.57    5.15    5.06    0.02    0.00    0.00    0.00    0.00    0.02    0.00    0.01    0.00    0.12    0.41    8.61    2.12    2.53    0.50    0.01    0.38    1.18   10.65    2.65    4.14    7.11    7.61   19.76   14.03    6.06    0.43    0.73    0.44    1.13    0.43    0.17    0.07    0.10    0.10    0.21    0.55    0.01    0.46    0.02    0.06    0.35    0.72
PSATITBI   -15.97  -39.59    1.64    0.31    0.17    0.01    0.00    0.06    0.09    0.21    0.11    0.17    0.05    0.01    0.06    2.70    0.84    0.73    0.25    0.08    0.11    1.06    1.87    0.65    0.43    1.98   13.32   27.09    9.82    2.35    1.76    2.73    1.50    1.73    0.45    0.48    0.39    0.36    0.86    0.80    0.40    0.95    0.87    0.72    0.37    0.69    1.19
PSATCOLI   -10.98  -55.77   10.85   20.29   28.26    8.50   11.04    1.40    5.68    3.99    3.18    1.24    0.32    1.45    2.98    7.05    3.87    8.29   14.63   17.11   17.16   13.69   10.59    5.24   13.58    7.68   15.97    5.16   11.63   20.87   23.53    6.57    7.13    3.93   11.40    3.18    7.33    1.73    2.38    8.61    7.20   13.09   25.83    5.91    7.76    2.25   17.11
PSATSAEL    -9.19  -57.04   14.32    7.20   28.95    9.14    5.35    2.53    2.61    1.79    5.34   10.01    1.05    1.09    8.33    7.26    1.82   11.29    8.13   16.93   14.04    9.41   11.46    7.06    7.89    8.81   18.38   10.61   10.25   36.55   10.09    6.38   13.21    9.20   11.51    1.53    0.18    0.99    1.19    5.04    3.03    8.68   14.09   10.52    2.71   10.39   20.68
PSATITQ    -17.09  -54.83   13.70   21.18    6.73    2.56    1.42    3.46    3.86    8.95    7.60    0.04    0.30    0.07    0.54    1.41    9.04    8.35    7.42   25.79   10.95    2.57    9.16   13.45    8.45   11.15    9.88    5.97    6.51    4.05    9.99    8.52    2.59   22.90    2.14    0.68   12.15   17.26    3.65    5.33    8.17   13.39    1.53    3.78    2.89    0.72    2.51
PSATJAU    -15.24  -58.73    6.48   12.30    8.18   14.83    0.30    5.00   14.17    8.65    4.88    4.17    2.52    0.55    0.51    2.89   11.93    2.17    7.01    5.41    8.74    4.37    9.02   14.54    5.54   10.11    4.01   19.23   16.20   16.22   13.49   13.79    7.94   19.57   10.41   20.44   27.87    5.47   10.16   15.44    8.97   19.32    9.25   18.33   14.08   16.30   17.74
PSATMAN    -14.87  -55.78    3.55   25.91   18.12    2.85    3.44    0.62    7.57    4.88    5.93    1.61    0.00    0.40    1.79    1.40    6.29    9.09   15.33    7.45    8.80   17.29   11.12    6.60   14.75   10.31    4.84    2.14    4.32   11.22   17.24    4.70    1.50    9.28    3.37    0.24    5.39    3.19    4.67    3.55    8.41   22.44   12.57    2.34    9.10    1.70   26.03
PSATPTP    -17.61  -54.83    8.80   18.32    6.18    4.31    1.89    2.76    4.90    6.86    5.89    0.91    0.16    0.58    0.34    0.34    3.83   10.84    6.99   15.85    9.53    1.78   14.16   11.24   10.07   19.95   11.01    4.61    8.05    3.61    7.34    6.02    2.41   21.43    2.71    0.81   16.30   20.39    3.92    6.25   17.57   14.37    3.43    6.81    7.32    0.87    2.03
PSATSTCL   -17.90  -40.20    0.46    0.03    0.01    0.00    0.00    0.04    0.00    0.01    0.01    0.11    0.00    0.00    0.02    0.10    1.06    0.07    0.12    0.00    0.02    0.66    0.14    0.02    0.01    1.11   25.62   27.55    9.63    0.79    5.95    1.92    3.05    1.99    0.40    0.40    0.71    1.11    1.45    0.46    0.29    2.00    0.43    0.70    1.64    1.51    0.52
PSATPDC    -12.58  -39.00    0.32    0.15    0.41    0.05    0.12    0.19    0.31    0.40    0.39    0.95    0.35    0.10    0.03    0.08    0.35    0.63    0.14    0.18    0.85    1.12    0.25    0.05    0.57    0.34    0.77    0.53    1.76    1.66    2.06    1.11    1.94    1.69    1.31    0.59    1.76    0.75    0.38    0.09    0.01    0.28    0.63    1.44    0.91    0.68    2.01
PSATROSA   -20.92  -41.72   14.98    2.20    0.34    0.00    0.00    0.08    0.02    0.95    0.02    0.08    0.00    8.11   29.34   37.74   26.80   16.09    0.82    0.05    0.19    1.65    6.19    1.03   13.45   19.84   17.56   13.32    4.08    1.58    5.48    0.13    0.61    2.44    0.74    0.44    0.11    0.16    1.00    1.94    1.76    1.38    0.29    0.13    1.36    0.34    2.61
PSATCAN    -20.21  -42.85   19.68    7.16    1.25    0.00    0.00    0.04    0.00    3.16    0.05    0.11    0.06    8.76   26.29   20.15   17.92   15.42    0.53    6.21   10.67    6.95   17.95   12.16   23.32   38.46   24.26   24.13    1.46    0.59    3.31    0.15    0.48    1.39    0.67    0.72    0.19    0.44    2.64    3.03    1.55    0.12    0.53    0.22    1.40    1.24    0.51
PSATSAC    -19.64  -42.85   16.41   13.46    0.53    0.00    0.00    0.02    0.01    0.82    0.07    0.11    0.04    4.55   10.33   22.99   10.44    7.10    0.83    4.99   17.83   16.32   34.31   12.52   23.89   32.10   20.18   20.53   11.86    1.70    2.69    0.73    1.26    2.59    0.68    1.04    0.30    0.46    2.45    0.98    0.66    0.45    0.99    0.12    0.86    0.47    0.54
PSATPES    -19.12  -42.66   15.99    6.22    0.22    0.00    0.00    0.03    0.01    0.05    0.00    0.15    0.01    0.36    5.28   27.83    5.24    6.30    0.95    0.05    1.92    6.89   30.02   10.86   18.49   16.11   17.42   24.35   13.12    8.43    2.23    2.40    1.24    2.64    0.60    0.62    0.40    0.72    1.96    1.00    0.30    0.37    1.35    0.34    1.07    0.40    0.73
PSATMAS    -19.50  -40.92    8.21    1.72    0.11    0.00    0.00    0.08    0.02    0.16    0.06    0.26    0.01    1.89    6.95   17.51   12.18   10.76    0.47    0.17    0.43    2.89   12.14    1.87    4.83    8.15   21.58   24.34    8.03    3.99    2.29    1.32    1.21    2.45    0.87    0.42    0.50    0.80    1.43    0.79    0.46    1.00    0.46    0.26    1.02    0.48    0.70
PSATSBR    -23.37  -45.87   13.15   15.23    4.58    0.58    3.07    1.09    4.65    7.64    4.01    6.78    1.77    1.56   11.90   10.06    2.23    2.55    0.79   27.11   20.77   17.68    8.16   12.47   24.59   20.26   12.11    4.63    3.08    7.52    2.14   11.78    6.76    4.08    2.51    7.38    3.67   15.54   12.22   15.54   14.63    7.37    5.68    7.83    5.69    6.37   11.27
PSATJAG    -23.20  -46.03   16.31   11.80   16.77    1.30    2.72    0.76    1.41    1.75    4.57    5.81    1.29    2.85    8.93    4.26    0.82    0.22    0.98   32.06   32.99   29.19   18.59   11.80   20.52   22.64    9.70    2.82    3.59    9.09    8.65    8.58    5.87    7.95    4.44   11.35    7.11    8.62   16.37   22.35   15.58    5.72    3.28    4.04    5.37    5.87   11.92
PSATFUNI   -22.53  -44.57   15.58   21.45   10.62    0.66    2.23    2.04    1.76    6.81    5.46    3.41    1.65    1.69   11.48   10.11    2.24    1.54    1.03   29.45   25.21   21.29   11.78   12.11   26.33   16.62   12.58    9.59    7.44    8.90    4.67    8.42    5.74    4.12    3.62    4.66    3.95    8.14   11.98   17.70   15.09    8.61    4.09    6.52    6.60    8.33    9.88
PSATSACE   -22.48  -43.84    7.55   17.78    4.31    0.08    0.53    5.88    1.90    9.68    3.43    0.99    0.07    1.77   21.08   15.21    8.28    6.32    1.54   27.83   11.57   16.17    6.68   24.76   38.70   14.31   23.03   26.98    9.09   10.35    2.30    0.89    4.65    3.52    1.74    2.15    3.30    8.97   11.20   26.96   20.34   14.21    6.35    3.23    7.35    5.22    0.42
PSATPIC    -21.91  -43.54    6.15   14.45    1.90    0.03    0.08    5.39    0.32    5.51    0.64    0.21    0.54    0.72   23.22   12.80    9.50   11.38    1.17   28.06    8.68   28.53    6.27   21.87   38.24   21.32   24.02   36.76    5.89    5.63    0.66    0.05    1.08    1.68    0.67    1.21    0.69    4.76    2.33   18.54   22.03   11.47    5.84    3.43    4.04    2.00    0.46
PSATSOGI   -21.94  -43.36   12.58   19.96    3.34    0.00    0.17    1.11    0.25    5.65    0.13    0.02    0.19    2.77   27.38   18.28   18.14   11.80    1.78   24.52   13.46   22.01   19.33   20.90   51.02   39.64   32.09   47.53    3.83    1.32    0.13    0.05    0.49    1.30    1.43    0.40    0.85    2.55    3.74   12.23   17.01    4.41    2.93    0.82    2.16    1.80    0.43
PSATIPSI   -21.84  -42.58    9.33   19.01    5.00    0.01    0.09    2.17    2.38   10.76    0.34    0.45    0.18    1.17   19.27   18.15   14.88   11.07    1.37   27.14   12.74   30.40   19.68   15.49   55.81   36.04   35.40   37.44    5.57    3.31    0.49    0.16    0.76    0.93    0.97    0.97    0.98    5.17    7.49   12.92   14.29    3.50    2.09    1.40    5.71    1.76    0.41
PSATTCLJ   -22.69  -43.83   11.70   13.85    9.62    0.00    2.09    0.56    3.31   12.49    1.43    1.19    0.08    0.93   10.22   10.85   12.09    5.07    1.25   32.84   16.45   20.94   15.73   11.41   40.24   12.97   17.04   11.22    3.45    4.32    0.02    0.03    0.06    1.82    2.55    0.84    3.30    5.92    9.70   21.29   17.73   15.27    0.85    1.69    3.10    1.98    0.56
PSATBIGU   -25.51  -53.67    5.00   13.95    1.15   29.73   47.26   15.52   18.93   31.83    8.84    9.54   14.93   10.91    5.04    1.72    0.56    0.40   26.15   24.25    3.67    1.69    4.25    2.60    1.52    0.78    0.88    0.00    0.02    0.08    1.21    1.64   19.69   23.84    5.98   39.87   13.32    7.82    9.85    9.64    2.95    1.65    1.75    2.12    4.63   11.73    9.99
PSATBRAU   -21.45  -42.41   13.54   11.26    2.65    0.00    0.00    0.06    0.01    5.94    0.11    0.01    0.13   10.42   30.45   26.78   23.81   16.09    0.76   11.66   13.22    9.00   21.08   13.05   41.81   61.83   35.10   31.28    5.65    3.28    2.84    0.31    0.45    0.98    0.65    0.64    0.19    0.61    3.02    8.22    4.12    0.76    0.36    0.23    1.72    1.21    1.08
PSATSUIC   -20.08  -40.58    5.93    0.06    0.05    0.02    0.02    0.38    0.05    0.19    0.24    0.80    0.16    0.00    5.21    9.93   28.51   25.77    2.09    0.55    0.85    4.38    3.20    0.96    3.65    5.86   20.43   12.37   10.77    4.79    2.03    2.55    4.23    7.23    2.33    0.96    1.50    3.23    3.42    2.12    1.71    1.16    0.38    1.27    3.92    1.11    1.92
PSATJRI     -9.30  -64.70   10.65   11.78    7.30    6.90   17.65   17.43   14.89   13.18    7.55    7.91    6.51    5.24    5.84    7.49    6.11    5.79   13.10   10.93    8.98   14.90    8.63    7.86    8.47    2.86    3.56    3.33    9.25   13.00    7.51    6.63   14.84   16.69    9.23    7.49   30.46    5.33    8.40    6.32   18.87   13.44   10.45   14.59   12.40   18.59   29.12
PSATBENI   -14.59  -67.53   28.12   11.67    5.52   13.26   27.39    8.79   18.35    8.77    8.84    6.27    6.49   11.41    6.61    2.57    4.89    9.31   26.76   16.93    5.77    7.81    3.83   12.32    4.73    5.29    5.98    8.43   11.51   14.73   10.83   11.88   50.34   19.21    5.37    8.19   20.21    7.95    7.83    8.83   15.25   14.68   10.87   10.83    6.84    7.75    9.92
PSATEPB    -12.42  -64.42   14.71    6.51    6.65    5.58   19.78    5.77   12.62    4.40    2.88    5.68    1.28    0.62    2.60    6.61    2.80    1.39   18.18    3.59    4.91    7.75    6.19   11.02    3.49    5.39    1.76    6.81   10.33   12.10   10.84   15.47   18.22   12.03   17.90   12.47   18.62   10.14   11.19   11.74    7.24   10.88   10.77    8.97    6.76    9.62    8.33
PSATEGM    -10.79  -64.35   17.97    6.78    5.21   14.03   31.44    7.04   17.01    6.72    6.25    3.61    2.95    4.77    5.20    5.10    4.59    7.70   23.24    3.89    5.29    6.46    5.46   12.89    4.69    3.04    5.86   17.07   14.48   17.61   26.15   38.99   48.08   11.86    5.90   11.10   17.27    4.82   10.15   12.20    9.73   13.15   10.59   10.35    7.49   15.36   10.25
PSATSTOA    -8.79  -63.95    7.68   12.63   23.43   32.07   17.92    5.64   17.29    6.52    9.85    9.45    1.83    0.19    3.99    6.91   18.22    1.36   10.22   10.53   16.45   17.69   14.48    8.30    2.63    4.43    1.29    1.52    5.04    7.76    2.34    0.76   25.82   26.90    8.96    6.88   16.98   11.52    2.81    8.54    3.84   14.54   15.15   16.38   19.46   12.02   25.27
PSATENC     -9.90  -66.62    8.50    3.45    6.77    7.36   34.18   19.75   13.96   14.13    7.44   12.67    4.97    1.77   18.05    4.69    2.25    1.75    8.34   14.21   11.38   20.55   11.84    7.05   17.85    3.00    1.77    1.20    1.47    4.15    7.32    4.75    2.79   27.19   10.43    5.60   41.02    3.84    4.56    5.85   27.84   15.43    5.28   19.38    8.42    4.51   29.93
PSATAMY1   -11.71  -70.63    3.60    2.04    2.68    1.46   13.04   10.01   19.35   12.68    9.34    9.06   10.83   28.42    3.81    4.23    6.14   12.24   11.56   13.07   10.27   14.14   10.87   10.21    9.66    7.43    2.81    3.53    8.02   11.68    3.40    5.64    4.88    9.33    7.84   20.97   29.88   13.19    6.00    5.92   20.15   10.65   10.42   17.16   17.01    9.37   13.57
PSATAMY2   -12.37  -71.17   11.47    8.66   12.56   10.29   17.16    9.15   14.90   12.53   12.57    9.55   10.59   25.21    5.67    1.62    3.76    9.81   10.86   12.69   12.89   20.36    8.62   17.13    8.73   14.65    4.58    9.10   10.40   11.72   11.02   12.84   10.71   14.75   10.72   16.19   24.97   12.89    1.23    5.46   19.16   12.69   12.34   13.47   11.48    9.20    7.35
PSATAMY3   -13.75  -70.18   25.58   15.88   22.38   14.55   10.15   13.43   17.04   14.24    8.53    6.63    6.01    9.67    5.24    3.33    5.59   12.07   10.83    8.17   10.86   20.22    7.64   17.76    6.25   14.33    7.74   13.91   16.57   18.01    9.13   10.74   18.10   28.14   15.07   17.11   15.63   12.21    2.97    5.18   16.30   13.58    9.22   10.65    9.26   18.84   18.41
PSATAMY4   -13.45  -69.47   30.52    9.14   11.34    6.83   17.15   13.46   12.94   11.10    7.19    4.82   13.88   23.23    7.26    6.37    3.43    4.18   10.64   12.14    9.81   16.03    5.24   11.62    4.04    6.31    5.83   11.55   14.87   22.23    6.23    5.30    9.04   15.13    9.78   10.09   22.17    9.39   10.66    5.68   15.37   10.83    9.68   15.30   14.28   13.84   18.63
PSATJRN    -13.37  -59.01   10.91   12.72   14.11   16.07    0.68    3.38   10.22   13.51    4.19    4.04    1.45    0.08    0.60   11.22    4.17    1.48    8.48    8.17   12.91    8.55   10.19   13.79    4.86    8.44    3.36    5.06    4.39   18.77   10.35    2.59   14.31   18.04   11.50   20.70    7.26    9.12    6.94   11.75    4.07   17.71    7.55   14.82   16.04   12.27    2.40
PSATAPI    -10.34  -56.98    2.79   32.52   21.17   10.88    8.99    0.93   11.82    1.68   11.70    6.94    4.73    8.24    4.84    9.67    1.71    9.30   12.30    5.74   20.18   18.56   29.66   12.03    2.33    7.74   13.53    7.56   10.51   42.83   15.07    9.35   11.92   11.82   19.39    1.67    0.08    1.57    1.56    2.07    4.66    6.23   18.52    3.07    2.16   26.34   15.24
