PSATAGV    -19.89  -50.35    2.79    1.33    5.66   20.95    1.78    0.38    0.63    1.33    0.55    2.39   25.25   20.04   10.28    4.38    0.01    0.21    8.01    5.68    0.54   10.70   24.33    4.52    7.69   20.13   16.08   29.92    6.89   15.15    4.16    6.19    3.47    9.50    4.76    8.04   10.01    7.97    9.21   17.84   10.36   32.00   19.89   25.90   70.50   24.21   14.47
PSATCMG    -21.28  -44.63    0.76    1.31    1.68   12.88    2.39    2.03    2.46    2.10    0.14    0.32   12.03    2.40    0.98    1.98    0.56    0.41   10.98    3.57    0.09    3.31   29.41   19.85    5.89   19.27   22.32   20.58    8.18   10.35   14.16    9.41    5.44    3.58   16.75   10.56    2.10    6.02   21.56   10.86    5.63   20.85    5.09    1.42   76.49    0.40    0.76
PSATCES    -20.25  -48.16    2.45    2.86    1.16   17.60   13.19    0.21    0.42    0.76    0.35    1.90   10.54   13.08   14.93    0.15    0.14    0.19    7.34    1.61    3.27    0.50   17.02   13.44   11.50   20.56   27.70   22.03    9.69    7.90   11.77    9.54    1.40    2.97    7.96   17.86   11.79    5.74   10.99   10.37    5.78   39.42   10.04   47.17   44.15   16.08    2.93
PSATELC    -21.60  -46.95    0.38    1.94    2.73   20.90    9.21    1.03    0.66    0.13    1.04    1.34   12.77   14.20   14.05    0.41    0.92    0.56    8.65    2.41    5.35    1.76   25.64   10.85    1.81   13.60   27.52   19.33   14.69    9.46    6.88    8.70    1.43    4.63   20.17   13.39    3.23    3.06   13.99    8.13   10.73   35.66    3.92   24.05   45.28    0.18    4.96
PSATFUN    -21.14  -45.04    2.18    2.68    2.73    9.86    1.48    1.12    1.26    1.76    0.33    0.89   10.29    3.92    0.59    0.52    0.50    0.69   13.35    2.77    0.15    1.55   20.67   20.25    9.92   18.16   24.34   24.72    6.73   12.79   11.35    8.61    2.32    3.43   13.23   10.65    4.62    9.91   17.72    7.45    6.57   23.79   12.24    2.93   87.97    3.02    3.32
PSATFUR    -20.67  -46.32    1.41    1.74    2.61   10.97    3.94    0.57    1.16    0.58    0.91    1.09   10.60   17.93    7.29    1.05    0.27    0.38   10.09    3.58    1.34    0.41   18.63   22.13    8.55   15.01   29.75   33.31   14.37   11.69    8.53   11.85    2.56    6.29   14.44   12.30    5.20    6.09   14.17    7.01    8.17   34.41    9.54   13.75   70.39    2.63    3.98
PSATMRB    -20.30  -49.18    1.58    2.69    4.35   19.39    8.10    0.24    0.43    0.91    0.40    1.73   16.83   15.25   13.13    0.20    0.18    0.12    7.01    4.47    1.32    4.72   20.70    7.39    6.99   20.45   22.31   20.60    9.15    9.97    7.82    8.72    2.25    9.39    9.08   11.26    9.01    6.43   13.55   12.37    8.95   35.90   12.50   33.33   41.20   26.99    1.98
PSATPRG    -21.59  -45.67    0.35    0.65    2.07   15.07    1.28    0.87    1.37    0.41    0.55    1.09   10.54   12.23    8.42    2.11    0.66    1.86    6.47    3.41    1.59    3.05   34.12   11.07    1.35   14.33   19.02   38.74   16.81    7.09    8.83    9.97    1.56    5.43   12.43    8.39    1.34    6.30   10.82   14.27   10.91   30.00    3.01    7.09   39.33    0.23    0.89
PSATPAS    -21.02  -48.18    0.39    1.89    3.69   18.52    2.48    0.32    0.89    0.76    0.33    1.74   18.29   17.06   15.79    0.61    0.90    1.19    7.32    5.64    2.58   13.52   28.42    2.71    1.87   13.13   19.75   21.19   10.91    9.59    5.42    7.39    2.26    6.79   17.03   11.11    4.17    2.98   12.27   10.87   14.16   28.80    7.68   23.43   26.39    0.45    1.13
PSATPTB    -21.61  -45.49    0.60    1.01    3.31    7.76    0.78    0.90    1.75    0.97    0.46    1.37    9.11    7.68    4.25    1.84    1.00    0.24    7.25    3.87    0.19    5.78   30.06   14.05    3.80   16.69   18.66   28.19   16.34    6.32    9.53    8.81    3.46    3.43   18.35    6.37    1.37   12.87    6.93   10.67    9.39   32.97    5.39    5.57   53.70    0.81    1.40
PSATPTC    -20.00  -48.55    4.81    1.94    1.67   13.96    9.69    0.39    0.51    0.49    0.28    1.98   14.76   13.21    8.87    0.11    0.23    0.19    6.86    2.86    2.52    0.33   22.53   19.67   20.06   13.79   30.49   25.26    8.60    9.63   10.40   12.50    3.79    8.21   15.05   16.31    6.86   10.39   10.12    8.07    4.57   39.72   14.50   63.07   49.10   48.37    5.83
PSATFZA    -26.00  -51.65    7.62    4.26    8.37    7.07    0.39    0.32    0.02    8.02    2.03   15.76    1.46    0.83    2.30    2.15   64.93    7.90    6.74    5.15   13.38    1.33    0.03    0.63    1.87    1.81    0.95    0.66    0.66    3.52    5.80    3.58    6.13    2.70    3.24    1.48    5.00    5.52    4.75    1.88    9.96   12.79    2.94    4.52    3.49    0.19    0.00
PSATJSG    -25.78  -52.00    1.57    3.80   11.76    4.92    1.09    1.30    0.01    5.50    3.39   25.36    0.54    0.12    6.19    1.30   61.94    3.87    9.64    7.34   21.94    1.06    0.00    0.28    2.12    1.88    3.31    0.23    0.96    3.77    2.49    4.26    7.08    2.26    1.07    1.41    5.24    4.52    3.97    3.53   12.14    8.41    2.58    5.37    4.83    0.09    0.01
PSATSCX    -25.53  -53.48    0.14    3.94    9.48    6.58    3.48    0.87    0.04    1.34    4.56   32.01    0.43    0.20    2.65    1.86   40.12   10.24   38.06    6.05   37.51    1.16    0.01    0.27    1.22    2.99    2.29    0.37    0.82    2.32    2.07    5.99   10.05    4.35    0.72    1.72    7.03    4.74    4.44    5.64   14.81    6.68    2.37    2.58    3.32    0.04    0.01
PSATSCL    -25.49  -51.74    2.40    0.60    8.93    8.90    0.48    1.23    0.00    2.61    2.93   23.09    4.17    0.29    6.84    2.03   17.13    7.61   17.16    7.97   19.06    3.28    0.01    0.98    1.69    0.81    1.72    0.75    0.87    3.31    3.10    2.17    6.62    9.02    2.82    1.53    7.86    6.71    2.94    7.35   13.72   11.63    4.23    5.97    1.36    0.17    0.00
PSATUVT    -26.23  -51.08    4.14    2.43   13.58    6.56    1.48    0.87    0.17    1.55    0.71   11.48    3.16    2.41    3.57    7.26   33.49   26.48    6.22    1.75   10.74    8.91    1.23    2.52    1.78    1.09    0.78    0.63    0.67    5.45    7.68    2.80    5.99    3.72    3.77    1.57    4.27    2.27    6.10    3.43   25.26    6.36    2.97    3.91    1.79    0.57    0.06
PSATBSM    -24.19  -53.74    0.04    2.29    4.36   10.04    4.07    0.24    0.00    0.11    5.88   27.08    1.11    0.08    5.18    0.77   14.93    7.73   37.37    4.80   41.03    3.24    0.06    0.28    0.72    0.61    3.19    0.61    0.66    2.27    3.46    1.84   12.63    4.86    1.70    0.50    2.51    3.53    9.05   23.08   15.73   10.06    2.92    7.75    2.90    0.03    0.01
PSATFLE    -22.97  -54.56    0.59   13.05    1.27    4.93    4.53    0.04    0.02    0.11    4.95   16.03    0.64    4.29    1.32    1.03    8.64   12.49   11.95    8.92   15.31    1.47    0.00    0.00    0.00    1.18    0.57    0.23    2.04    4.12    5.82    4.50   21.95   12.46    1.57    0.63    0.97    5.10   34.96   87.97    8.58    3.01    2.81    6.20    6.03    0.18    0.07
PSATITP    -25.42  -54.58    0.04    8.69    3.50    5.81    4.29    0.04    0.01    0.11    4.61   30.34    4.72    5.83    4.97    0.95   11.92   16.15   17.16    5.69   27.80    3.05    0.00    0.00    0.17    1.26    1.17    0.37    1.20    4.08    4.60    5.74   21.05   11.29    0.67    0.66    0.89    6.17   18.23   62.95   16.83    4.49    3.08    6.36    7.44    0.07    0.00
PSATIVM    -22.38  -53.53    3.76   12.45    5.11    7.37    2.75    0.04    0.12    0.48    3.17   16.24   23.32   13.03   10.53    1.95    6.34   13.44   12.40   12.01    4.87    7.77    0.00    0.00    0.00    0.28    1.41    0.72    3.81    9.49    7.45    8.47   12.47   14.35    1.60    1.72    2.61    7.82   17.39   83.21   13.24    6.91    5.56   14.64   11.71    0.72    0.53
PSATPTQ    -23.18  -53.17    0.86    1.63    3.87    8.34    0.65    0.28    0.02    0.40    6.08   26.36    7.54    6.15    9.69    2.08   11.62   12.75   18.20    2.39   24.84   11.76    0.10    0.64    0.37    0.12    1.59    1.17    1.12    4.52    4.33    3.90    9.68    6.17    2.34    0.92    2.58    3.87    7.87   41.56   30.79    8.42    3.52    7.45    0.64    0.11    0.03
PSATCBI    -17.99  -48.54    2.65    5.43    5.45    8.25   11.15    7.40    3.29    0.79    3.68    4.00    8.87   12.98    5.54    0.04    0.03    0.00    0.04    1.20    0.04    0.00    5.68   10.52   12.98    9.25   14.35    3.15    1.64   10.57    7.51    5.86    3.57    7.93    2.44    9.32    5.43   15.99    8.79   11.25    1.38    3.38    3.13    5.70   14.38   23.88   20.44
PSATCBIV   -16.15  -48.67    4.51    9.00    3.40    4.73   13.46   12.98    5.10    0.71    3.77    3.97    7.20   12.37    6.25    0.10    0.03    0.00    0.00    1.23    0.00    0.00    0.10    3.56    7.99   10.09   11.29    2.03    0.15    8.29    6.00    9.41    7.50    9.17    3.04    5.22    4.13   16.40    8.67    8.38    0.84    1.11    1.73   12.38   12.42   19.97   26.16
PSATEMB    -18.45  -47.98    3.06    0.73    2.98    8.43   13.30    0.91    0.76    1.47    2.07    4.44    8.80   12.46    7.35    0.30    0.02    0.02    2.13    2.93    0.11    0.01    2.66   13.60   28.25   21.41   19.78   16.86    4.79    9.39    9.44    5.33    1.95    2.42    7.18   12.41   11.69    5.58    3.54    5.33    1.83    7.51    6.81   10.11   28.93   72.55   18.96
PSATIMBR   -18.42  -49.10    4.57    1.98    4.87    7.76   11.71    1.73    1.36    0.79    2.67    4.11    9.01   14.05    7.50    0.04    0.02    0.04    0.62    1.03    0.40    0.18   23.07   20.38   21.45    7.41   26.19   12.92    7.60   11.03    9.89    4.62    4.03    8.47    6.13   11.63   12.60    7.75    6.91    6.11    1.99   10.24    9.22   11.10   17.31   44.13   30.49
PSATNPTE   -19.13  -47.70    6.91    1.19    1.49   12.60   12.54    0.40    0.37    0.52    0.78    2.88   12.40    8.76    5.93    0.28    0.16    0.22    7.07    1.24    0.44    0.16    5.62   13.84   23.79   17.17   17.86   22.77    5.94    9.84   10.72    9.49    3.98    3.53    8.00   10.56   10.44   11.40    7.88    4.47    3.16   18.27   15.28   26.06   32.21   86.82   13.25
PSATARV    -18.07  -50.16    3.63   10.40   11.73    9.20   17.74    2.78    2.46    2.80    2.12    4.32    7.38   11.35   16.35    5.18    0.34    0.38    0.21    0.90    0.51    0.51   12.23   33.98   17.10   15.49   58.62   22.26    6.92    1.40    9.67    4.17    3.15    9.02    4.55   10.77    7.73    3.93   15.17    7.32    1.73    5.58    8.43    2.83   10.67   39.68   43.63
PSATSFC    -18.05  -47.68    1.24    0.56    4.03    7.89   19.30    5.76    3.37    1.96    2.09    7.08   10.21   13.53    4.60    0.11    0.02    0.01    0.29    1.26    0.01    0.00    3.63   13.26   26.65   14.96   12.07    4.25    1.80    7.67    6.80    3.75    1.80    2.84    6.71    9.76    8.31   18.81   10.72   12.95    1.89    3.91    5.22    9.45   21.32   17.46   16.14
PSATSSM    -19.02  -50.50    4.65    3.65    7.93   11.08    8.71    1.06    1.68    1.53    2.01    2.62   13.71   14.89   12.39    1.39    0.19    0.19    1.22    0.91    0.67    5.07   20.48   18.82   17.32   21.39   43.94   25.62    7.68    5.94    7.38    5.56    4.04   11.15    8.04    6.60   14.69   10.22    7.55    8.34    2.52   16.97   14.80   13.41   17.56   29.32   39.42
PSATCNI    -22.94  -50.52    0.21    0.33    4.41   10.07    0.01    0.08    0.73    0.75    0.57    8.31   26.85   12.67    5.93    9.02    3.48    4.93   15.49    5.82    4.41    8.42   12.01    0.13    0.11    2.16    1.61    8.38    9.77    7.15   12.26   11.77    2.77    8.53    3.28    0.26    0.33    5.19    6.55   14.07   43.16   14.12    5.12   14.29    5.54    0.03    0.72
PSATCPV    -22.65  -51.33    0.04    0.61    4.04   12.29    0.02    0.30    0.22    0.25    4.99   18.89   20.95   20.28   11.26   12.15    5.00   11.84   16.91    2.83    7.61   21.00    1.38    0.43    0.02    0.52    2.13    5.21    2.97    4.81   10.05    6.30    4.09    9.84    2.14    0.38    1.99    3.98    6.79   23.67   82.73   12.38    3.19    7.12    1.62    0.09    0.23
PSATCHT    -23.01  -49.73    0.04    0.04    2.87    9.39    0.17    0.05    0.14    0.18    3.28    8.97   21.51    9.21   28.98    7.52    4.78    6.45   14.10    1.62    5.43   15.21    4.18    0.43    0.12    0.49    0.44    1.06    2.84    4.79    5.51    4.03    2.45   10.67    1.93    0.49    4.39    6.00    6.09    9.27   96.79   14.87    0.89    5.34    0.20    0.10    0.29
PSATJUR    -23.22  -49.23    0.04    0.04    7.21    6.80    0.62    0.44    0.29    0.60    1.48    7.85   26.42    8.43   17.40    4.69    2.39    6.26    8.91    2.06    3.55   12.74    9.50    0.77    0.57    2.18    4.69    2.08    5.34    6.83    8.68    5.96    1.99   10.59    3.67    0.49    1.57    4.44    7.66    8.02   61.77    8.41    1.18    3.88    0.60    0.42    0.63
PSATMAU    -24.06  -50.71    0.24    0.09    6.39    6.65    0.11    0.14    0.01    0.09    6.32   18.48   10.27    1.16    4.47    6.55    6.15    8.93   14.54    1.34    8.37   23.15    0.69    0.91    0.24    0.29    0.26    0.51    1.72    4.56    4.39    2.93    3.38   10.00    3.21    1.29    6.25    1.75    4.81    8.00   52.24    8.26    1.76    4.75    0.36    0.29    0.15
PSATROS    -22.50  -52.87    0.05    1.68    2.96    5.86    0.13    0.44    0.12    0.10    1.91   24.48   21.28   30.62   10.31    3.88    7.35   10.63   14.45    1.95   15.32   23.63    0.16    0.39    0.10    0.23    1.14    2.84    1.18    6.91   11.17    5.37    9.35    7.15    0.37    0.41    0.81    5.02   12.02   68.41   71.19    7.42    8.51   10.28    1.77    0.09    0.05
PSATQMD    -16.21  -47.33    1.53    0.76    3.93    7.01   21.01   13.09    3.64    3.04    3.82    9.39    7.90    9.57    2.11    0.29    0.04    0.03    0.01    0.85    0.00    0.00    0.01   10.35   15.91    5.57   10.22    1.83    0.14   13.44    5.60    2.49    1.45    1.17    2.00    4.07    3.23    6.81    5.39   11.09    3.08    1.45    6.58   14.60   21.30   14.02   17.64
PSATRBX    -18.95  -44.76    1.56    1.89    3.23   13.17    8.23    0.60    0.90    0.41    0.60    0.73    5.85   10.12    0.71    0.36    0.15    0.83    7.32    3.82    0.04    0.02    1.57    8.40   17.95   36.44   25.32   16.44    0.90   13.45   11.46    3.99    0.44    1.53   10.33   19.13   19.95    7.95   12.65    5.74    5.45    8.44   23.54   20.46   52.46   35.31   23.31
PSATSFR    -15.93  -44.86    8.20    2.29    4.90    7.46   18.56   17.16    3.32    2.64    3.37    8.47    9.71    9.05    1.44    0.08    0.01    0.09    0.09    0.26    0.00    0.02    0.00   11.91   21.12   20.14   10.28    2.03    1.32    7.29    1.41    0.26    0.14    1.90    0.46    8.09    7.38   14.20    7.23   10.04    6.73    2.16   13.81    3.77   12.89    6.00   10.23
PSATSRM    -16.37  -45.07    3.09    1.72    2.50   11.49   14.35    2.23    0.89    1.12    1.66    3.47    8.51    8.42    2.05    0.38    0.03    0.12    1.65    1.73    0.00    0.02    0.03   10.11   21.05   26.11   13.04    7.08    2.01    6.91    2.79    3.13    0.32    0.84    1.81   10.91   12.56   15.44   11.13    8.69    2.95    4.21   13.25    8.91   23.33   35.41   21.03
PSATTMR    -18.16  -45.27    2.62    1.85    4.49    9.85    9.33    0.14    0.77    0.55    0.80    2.21    9.00   11.31    3.54    0.36    0.16    0.40    7.96    2.36    0.11    0.11    2.88   15.53   18.61   30.79   24.68   24.23    6.18   11.63    9.57   10.58    2.51    2.42   11.45   20.44   14.62    8.95   10.11    5.05    4.08   11.67   18.94   25.46   39.91   47.21   11.36
PSATBOQ    -11.35  -43.83    1.25    0.37    0.11    1.12    9.92    8.14   22.28    8.83    6.99    4.88    6.65    6.24    1.32    0.01    0.10    0.01    0.04    0.27    0.02    0.00    0.47    1.52   15.97    7.47    0.74    0.04    0.02    0.03    0.01    0.02    0.62    0.28    0.49    0.08    0.60    2.59    4.18    6.14   11.97   10.88    5.53    5.62    5.01   10.16   14.32
PSATBBO    -22.52  -48.55    0.08    0.46   13.11   15.34    0.34    0.47    0.75    0.65    0.48    3.20   29.39   18.13   13.23    2.84    1.08    6.18    4.45    3.58    4.79   23.33   25.29    1.14    0.52   26.76   30.86    8.07    9.05    6.29    7.58    6.89    1.51    9.82    5.77    0.47    0.52    4.04    8.61   10.62   25.90   21.80    0.66    6.56    5.36    0.24    0.44
PSATESZ    -23.46  -46.91    0.07    0.47   10.81   18.07    5.50    3.26    1.27    0.51    0.30    0.34   20.86   19.69   10.71    4.88    1.08   10.21    4.90    1.54    2.72   24.86   29.60    2.07    2.39   34.09  124.24   22.60    4.13    6.32   13.57    8.45    1.89   14.89    4.01    0.42    0.89    7.46    6.38   13.43   25.22    2.21    0.41    0.64    1.38    2.58    2.57
PSATIBT    -21.76  -48.99    0.16    0.88   10.28    9.95    0.13    0.03    0.64    1.13    0.59    7.19   28.79   15.20   14.20    4.55    0.36    0.91    8.68    4.85    2.04   11.41   27.94    0.51    0.54    5.30   11.29   14.88   11.77   13.83    3.89    8.43    1.51    9.25    6.30    2.06    0.98    3.23   10.93    9.61   22.33   11.08    6.34   18.47   13.12    0.16    0.59
PSATNAV    -21.12  -50.20    0.27    0.87    8.09   16.87    0.43    0.20    0.40    1.77    0.55    1.80   26.67   25.19   11.06   13.66    0.31    0.55   11.23    5.98    2.45   15.66   18.82    0.27    0.51    5.66    8.93   38.62   17.76   19.57    5.32    8.55    2.10    7.44    8.13    9.66    7.06    3.25    8.28   20.73   25.32   23.33   17.26   11.17   46.13    0.72    1.18
PSATSME    -13.40  -48.30    4.15    9.90    8.47    6.36    8.80    9.39    9.80    7.91    6.52    7.88    7.11    6.77    6.96    0.45    0.08    0.00    0.01    0.10    0.00    0.00    2.24   14.74   15.58   11.86   12.03    4.13    0.21    0.67    4.58    3.17    3.58    9.14    2.46    3.22    2.56   10.36    8.15    3.88    3.70    1.57    5.60   10.45    9.77   32.56   18.93
PSATBGR    -27.78  -51.20    7.61   31.56   28.10    8.06    3.49    1.25    0.05    1.03    4.74   29.04    0.05    0.64    1.85    3.73   29.15    2.59    1.87    5.51   12.42    0.21    4.84    1.30    1.29   12.15    3.96    0.51    1.31    2.59    4.92    2.64    4.00    5.56    0.76    0.40    2.03    3.51    6.36    3.08    7.18    5.58    5.23    4.79    8.81    1.46    0.05
PSATCNV    -27.60  -51.33    4.69   17.94   16.24    3.96    3.18    1.40    0.20    2.54    1.60   23.96    0.31    1.61    2.06    4.11   34.23    4.28    4.91    3.09   11.88    0.11    2.23    1.92    1.79   13.19    1.71    0.28    0.67    4.36    6.56    3.44    3.49    5.35    1.11    0.50    2.01    7.39    4.14    2.26    9.15    7.94    4.65    6.35    6.71    0.89    0.02
PSATFCH    -27.14  -53.04    0.20   17.19   25.92    4.81    3.52    0.30    0.54    0.84    0.50   23.95    0.00    0.00    2.56   18.88   50.95    2.04    9.67    7.21   24.03    0.11    0.79    0.09    1.46    3.51    0.24    0.09    0.23    3.36    1.17    2.79    4.67    3.10    0.29    0.21    1.60    4.52    1.33    0.52    5.78    1.11    1.24    1.83    0.56    0.03    0.00
PSATITA    -27.27  -52.38    0.47   15.76   14.83    2.99    1.97    0.62    0.29    4.00    1.76   22.34    0.03    0.38    1.37    7.61   37.36    2.81   14.25    4.59   19.17    0.31    0.80    0.18    1.55    6.99    0.90    0.20    0.35    2.91    3.54    4.29    4.70    1.82    0.46    0.36    1.64    4.18    2.25    1.49    6.71    2.86    1.36    6.99    2.35    0.14    0.03
PSATMCD    -27.52  -51.78    0.45   22.23   23.12    2.89    0.10    0.03    0.22    0.47    1.86   36.32    0.00    0.00    0.25   10.78   32.93    1.05    7.88    3.10   21.54    0.06    1.73    0.27    1.48    4.21    0.23    0.26    0.31    1.30    1.30    2.26    3.69    4.44    0.34    0.29    1.14    2.09    3.45    0.87    1.95    1.97    1.19    2.73    1.39    0.12    0.00
PSATMOJ    -27.35  -52.73    0.14   24.93    8.27    5.68    2.92    0.83    2.14    2.18    0.74   30.63    0.00    0.00    2.69   20.45   34.51    0.85    7.47   19.61   15.80    0.03    1.46    0.08    0.87    1.72    0.69    0.00    0.41    1.85    2.03    1.79    5.97    2.08    0.17    0.20    0.89    6.65    1.43    0.70    1.91    1.27    1.25    1.98    0.55    0.02    0.14
PSATQQX    -26.66  -52.54    0.93    7.23   19.33    4.53    2.07    1.63    0.03    6.10    1.51   24.04    0.01    0.02    0.62    4.56   79.24    3.20    8.99    4.03   40.33    0.50    0.06    0.06    2.79    6.42    4.00    0.41    1.54    3.65    3.77   10.44    7.84    1.28    0.63    0.81    4.17    5.69    3.60    1.85   14.71    5.07    3.27    8.83    4.91    0.11    0.06
PSATPSJ    -28.14  -55.05    6.45   42.00    1.47    3.70    1.07    0.24   22.77    1.14    5.32   22.46    0.00    0.00    7.18   30.55   41.69    0.01    2.27   56.72   61.33    0.43    1.25    0.00    0.18    0.18    0.07    0.18    0.42    0.69    3.72    3.36    2.40    1.28    0.11    0.00    0.02    3.96    2.97    0.83    1.75    0.88    0.31    0.30    0.02    0.05    0.29
PSATESP    -18.68  -51.87    1.77    4.04    5.59    6.02   16.84    1.32    3.10    2.16    6.71    5.60    7.51    7.63    7.58    1.28    5.43    7.02    0.61    0.37    0.26    1.54   12.86    2.81   25.27    9.09    4.39    6.38   10.25    5.40    0.79   14.43   20.02   11.69   11.05   11.11    2.14   13.09    7.78   11.75    7.90   12.54   10.01   10.56    8.00   23.93   30.76
PSATSRC    -19.16  -50.76    4.08    6.15    5.89   11.87    8.99    1.17    3.01    2.54    1.81    7.69   11.78    9.26   14.49    8.97    3.94    4.00    2.75    3.95    1.08    2.00   13.43    6.14   27.65   17.35   15.73    8.48    8.88    3.61    3.17   14.61   11.75   11.94   16.04   11.05    3.71   13.33   10.85   10.76    4.95   14.35   10.46    9.15    8.46   26.36   41.89
PSATFRCL   -19.12  -50.64    2.66    5.11    8.42    9.75   10.11    2.57    2.75    2.38    1.64    7.47   13.31    8.20   16.43    7.46    0.68    0.72    2.28    1.54    1.57    1.67   10.33   21.22   35.42   26.47   35.73    7.16   11.86    1.98    5.25   11.29    6.22   15.65   11.02   10.48    5.33   13.85   14.84    9.51    1.60   12.26    8.66    4.31    9.62   33.21   59.76
PSATISOT   -20.40  -51.35    2.40    1.23    6.76   21.46    2.94    0.60    0.59    3.39    2.08    5.64   20.92   26.81    9.30   12.81    2.34    3.54    8.35    5.44    1.91    9.62    9.99    0.69    5.58    9.42   11.39   15.45    6.27    8.36    5.63   11.82    6.55    6.22   11.33    7.69   11.17    8.56    9.59   17.38   13.69   28.75   18.73   18.42   56.42    6.92   11.17
PSATJUP    -20.86  -51.63    4.34    3.21    8.72   14.18    4.87    0.62    1.01    4.38    6.06    5.98   16.07   24.84   13.35    9.75    9.32   11.45    6.36   11.47    0.12    5.73    8.69    0.14    3.86    3.68    4.21    5.11    7.42   14.84    5.29   12.68   17.34   17.65    7.66    6.48   10.87    8.43    7.99   19.30   17.25   27.01   15.78   14.22   26.01   13.52   15.40
PSATSDG    -20.06  -53.18    4.20    3.52    7.77   15.15    5.26    0.24    1.49    4.44    2.08    4.03   16.57   16.04   11.68    7.40    4.04    6.15    3.56   11.39    0.24    3.01    2.80    0.00    0.10    1.05    3.02    2.41    3.80   15.22    2.42    6.59   12.07   12.02    2.18   10.09   10.58    7.14    5.62   18.29   21.52   19.89   12.14   14.35   37.84    9.55    8.60
PSATFZBT   -21.66  -52.87    3.10    8.46    3.93   12.37    2.56    0.03    0.24    1.27    2.22   11.66   27.17   23.70   15.75    4.62    3.08    5.11    3.37    5.31    0.61   16.06    0.08    0.00    0.04    0.47    2.01    1.20    2.96   12.21   12.37    9.01   13.29   15.74    4.01    9.02    4.76    7.47   11.14   37.03   22.65   10.69    8.91   44.97   42.82    2.79    0.99
PSATPPRA   -22.46  -52.91    0.96    6.60    5.43   13.62    0.48    0.21    0.23    1.00    2.87   10.68   34.75   36.99   13.75    8.00    7.52    7.43   11.92    5.56    4.26   11.50    1.29    0.16    0.18    0.70    3.82    9.96    8.18   13.61   12.87    8.46    7.47    9.60    3.29    4.17    5.11    7.20   16.07   40.07   32.31   11.84   11.58   13.21   37.71    1.05    0.48
PSATBTE    -13.69  -50.80    0.67    6.20    7.86    8.07   11.33    6.41    4.11    7.54    5.78   11.56    9.64    6.21    9.49    5.41    1.59    0.54    0.16    0.11    0.06    0.21    4.75   28.79   28.75   32.34   21.78    6.67    8.06    2.36    5.53    5.48    7.56   10.23    4.94    6.35    4.13   10.43   16.15   10.78    2.77    2.59    9.18    4.75   13.49   32.40   51.63
PSATARAG    -8.27  -49.26    3.77    6.39    8.52   13.69    7.21   12.54   13.40   15.58    9.81    8.11    9.42    3.57    5.32    1.62    0.84    0.15    0.11    1.64    1.90    3.04    9.98   17.16   18.26   13.42   12.60    4.15    2.18    0.99    1.76    2.90    9.13   10.06    2.72    2.80    5.95    7.15   10.31    6.29    4.67    1.95    8.38    7.73   14.01   13.79   13.05
PSATLAJ     -9.76  -48.37    5.78    3.63    3.54   10.63    7.93    8.46   15.90   10.73    7.42    8.58   13.05   10.42    3.33    0.08    0.14    0.01    0.01    0.45    0.17    0.70    2.02   15.19   15.40   13.20   15.76    0.39    0.04    0.35    0.85    0.21    7.37    8.28    0.76    1.69    4.09    9.68    8.39    3.02    5.31    3.71    9.33    7.35    9.83   13.06    7.23
PSATPTRL    -9.31  -47.39    4.44    0.59    1.87    7.19    6.53    9.50    9.28    6.78    6.12   10.65   12.65    8.87    3.13    0.08    0.00    0.01    0.10    2.07    0.65    0.53    4.84   27.38   15.07   11.36   11.00    0.35    0.00    0.12    0.14    0.13    8.31    2.26    0.63    0.71    3.32    2.07    4.67    6.14    4.59    4.70    7.24    5.01    5.67    2.25    9.26
PSATLJET    -7.33  -47.48    3.80    3.09    3.02    9.20    8.64    4.76    3.93   10.96    4.16   11.53   10.83    3.18    3.04    0.34    0.15    0.62    2.66    3.73    1.43   11.61    5.78   18.34   17.96   16.58    7.18    2.05    0.32    1.19    0.68    1.95    6.34    6.03    1.21    1.49    1.24    1.04    1.02    3.49   14.00    4.53    2.73    5.46    3.05    3.00    0.75
PSATUCR     -3.83  -49.65    1.80    0.58    1.65    3.22    2.72    0.19    1.07    6.96    4.27    4.65    4.96    1.59    4.30    3.76    1.69    9.08    6.55    4.64    3.06    9.77    6.19    7.77   16.59    7.91    7.39    1.42    0.93    1.72    1.71    2.75    8.08    5.64    2.28    0.95    0.48    0.34    0.09    0.30    3.96    4.98    4.96    1.99    0.78    0.51    0.20
PSATXIVJ   -29.07  -51.67    1.41   35.27   11.06   21.16    2.77    0.48    0.10    0.50    3.86   41.93    0.02    0.00   13.47   18.26   28.51    0.60    1.06   11.55   24.39    0.71    1.72    0.05    1.31    7.16    0.92    0.66    0.67    0.90    3.81    1.98    7.17    1.11    0.29    0.09    0.34    0.96    6.26    0.53    1.88    2.47    1.50    1.77    0.89    0.63    0.00
PSATDFRC   -29.45  -53.28    8.98   61.11    0.84    7.31    0.72    0.47   12.82    2.29   13.38   44.45    0.00    0.00    1.97   28.51   54.34    0.00    1.74   98.51   36.79    0.87    1.25    0.00    0.67    0.55    0.72    0.37    0.47    1.26    6.72    2.74    4.05    1.27    0.00    0.00    0.00    0.36    5.83    1.33    2.10    1.76    0.08    0.11    0.01    0.06    0.34
PSATREAL   -29.02  -53.19    6.28   40.21    1.42    8.47    0.99    0.43    4.06    1.67    4.20   40.38    0.00    0.00    3.43   23.61   31.52    0.05    3.81   50.42   58.01    0.56    0.97    0.00    1.21    1.26    0.45    0.23    0.08    0.74    2.57    1.56    3.50    0.96    0.13    0.01    0.04    2.17    3.84    1.01    0.99    1.02    0.84    0.54    0.13    0.03    0.40
PSATCTAV   -29.01  -51.39   10.17   46.13   18.72    6.66    2.04    2.07    0.01    0.76    3.96   58.68    0.05    0.34   14.34   11.11   25.89    2.25    0.18   11.73   28.09    1.08    7.15    1.56    1.52    7.84    1.95    0.31    1.35    1.15    8.44    3.70    7.42    3.12    0.34    0.23    1.43    1.16   13.16    1.73    8.98    5.94    2.19    3.32    4.68    1.64    0.08
PSATERNT   -28.56  -52.54    1.93   21.38    8.37    3.57    1.31    0.49    1.16    1.54    1.06   37.18    0.00    0.00    0.56   18.16   27.77    0.27    6.62   19.64   22.50    0.27    1.55    0.06    1.34    1.21    0.31    0.09    0.08    1.13    1.98    1.42    4.81    2.23    0.37    0.12    0.44    2.67    1.43    0.47    1.74    1.37    0.92    3.11    0.21    0.05    0.12
PSATSTPL   -27.14  -49.52   12.91    9.13   24.03    4.76    6.51    3.87    0.70    0.35    1.09   16.72    1.46    3.26    4.32    2.63   34.62    9.70    1.43    3.79    6.41    0.02    3.18    2.69    2.39    4.08    2.70    0.48    1.19    3.43    8.91    6.28    4.37    6.40    2.87    0.46    6.49    9.89    5.13    4.28   13.42   14.32    8.33    5.50    2.41    1.27    0.11
PSATCVCH   -25.14  -48.87    0.36    0.20    7.97    5.86    1.82    1.55    0.48    0.08    0.57    6.32   21.41    4.65   26.52    6.84    8.24   15.49    1.92    0.63    7.39   24.81    5.19    2.32    3.57    1.19    0.61    0.18    0.24    6.96    8.48    4.55    1.98   15.08    2.81    0.85    5.00    9.09   10.99    7.29   77.03    2.41    1.95    2.38    0.73    1.43    0.37
PSATAMY    -12.60  -69.12   21.74   15.46   18.43    7.41    5.59    6.08    5.92    9.58    6.28   22.17   24.82   14.93    3.51    9.57    4.87    6.21    5.18   10.34   12.73   23.26   23.74    4.45    3.91   13.40    7.58    9.48    6.40    8.38   10.00   16.68   17.03    9.54   17.84   16.95   12.91    5.70   35.66   16.21    9.68   20.17   14.86   13.31   25.05   23.32   40.49
PSATGJR    -10.73  -65.35   14.44    6.05    5.93   13.03    6.50    3.16    2.54    4.73    2.70   29.62   16.32    3.82    1.79    3.30    6.94   16.38    6.67    6.65   14.31    6.81    1.74    1.49    5.38    4.99    2.59    2.06    8.00   11.25    6.05    8.34   17.92    9.72    9.31    7.20    4.70    5.17   18.42   10.10   12.97   23.43   20.75   19.32   19.41    8.01   15.69
PSATPRNC   -12.43  -64.43   16.81   14.70   11.21   10.29    5.73    4.80    1.36    4.69    3.33    6.98   21.49    5.78    3.27    6.03    1.04   12.14    4.38   10.87   20.37   10.51    1.31    0.98   10.87    8.93    2.91    7.99   13.43   11.18    9.70    8.37   20.18   15.13    9.35    7.19    4.88    5.23    8.79   10.19    6.79   12.59   14.80    6.43   12.59   12.61   14.59
PSATSANT    -8.87  -63.97   11.08   19.85   22.55    8.80    9.87    6.37    1.61    2.61    6.27   32.24   13.24    4.00    6.67   13.61   10.82   23.28    6.79   15.62   10.53   17.26   19.84   18.54    7.67   15.47    9.57    5.40   16.58   12.03   19.95   23.20   15.40   27.20    8.65   11.68    3.46    6.30   16.86   10.27    1.83   11.16   16.14    6.51   10.67   11.99   13.08
PSATDARD   -10.16  -59.46    4.61   11.11   17.51   16.99    4.44    4.59    6.67    8.59    6.04   17.38    8.86    2.58    7.99    8.21    8.14   17.23   13.90   10.72    1.22   15.05   16.63   16.35   10.64   15.44    9.23   17.27    3.82   13.50   12.82    5.35   19.79   15.52    7.79    9.08    5.23    7.31   14.57    8.90    1.38   16.51   12.74   14.93    8.49   20.05   17.00
PSATGUAP   -15.12  -58.96    8.74   14.29    8.31   10.00    3.51    9.57    8.45   11.93    3.40    1.83   18.22   14.79    3.34    6.88    2.30    4.67    5.72    1.04   35.34   24.22    1.57    0.43    6.01   11.96    1.71    7.08   31.46   13.46    6.68    2.47   23.90   14.34   10.68   10.93    9.70    8.30    7.63   11.17    1.07   11.02    8.09   21.39    8.06    6.50   10.44
PSATJIRA    -9.25  -64.65   13.91   11.21   13.54    8.05    7.09    4.77    1.86    1.72    2.77   12.53   18.48    9.43    2.18    5.76    3.49    4.40    6.21    6.50   15.05   17.71    7.49    5.21    7.61   14.44    8.81    4.77    8.08    9.81   11.56   10.45   15.04   13.79   11.48    8.93    8.00    5.31   12.55   10.39    6.92   13.98   15.84    8.87   21.39   16.87   22.31
PSATROND   -11.99  -60.70    9.98   21.56   13.18   12.51    1.95    6.43    5.06    2.98    3.11    4.82    8.83    6.42    3.07    7.80    2.47   17.43    2.73   16.05    8.33   23.74   11.29   14.47   12.88   29.79   18.95    7.17    9.43   16.57   15.11    4.85   25.48   15.20    8.76   14.56   13.40   16.02    6.41   16.17    0.58   10.16   10.19    5.77   18.98   12.76    4.94
PSATSAMU    -8.75  -63.45    8.44   13.36   20.57    6.54    4.77    9.63    1.51    5.29    7.00   17.29   14.85    1.77   10.64   16.76    9.35   28.88   11.42    9.73    7.01   13.74   21.18   10.88   10.08    9.40   11.20    2.21   11.44    8.40   19.65   25.75   26.28   14.81   12.49    5.32    4.86    5.89   11.40    7.68    1.67    7.88   20.41    7.69   20.74   15.91   13.62
PSATBALB    -1.92  -59.47    1.81    2.15    8.10    1.56    3.07    2.69    6.78    8.78    7.27    1.08    0.30    1.08    1.06    2.73   12.39   20.72   15.12   18.63   32.69   31.19    7.89    9.13    9.95    5.98   15.86    7.48    4.89   19.84    7.46    5.60   13.36    3.09    1.22    1.43    2.01    0.52    0.08    5.44    2.34    0.73    1.26    1.29    0.74    1.38    1.33
PSATCUNA    -2.82  -54.30    2.59    3.33    0.22    0.07    1.53    0.16    0.64    1.92    1.20    0.55    2.33    0.89    1.33    4.04    2.57    0.86    8.29    1.37   15.57    3.20    0.80    3.04    6.15    9.38   11.68    2.34    2.31    1.31    2.68    5.74    5.79    1.90    4.10    3.60    0.99    0.33    0.04    0.00    0.10    1.47    2.50    0.77    0.60    0.97    0.20
PSATJARI    -0.65  -52.52    0.68    0.29    0.85    0.88    0.59    5.08    2.47    2.39    1.34    1.23    1.41    1.48    0.90    1.33    2.54    1.46    4.27    2.57    3.14    1.13    0.42    3.67    3.55    2.02    2.36    1.77    0.20    1.36    0.95    2.35    2.31    1.31    1.07    1.70    0.91    0.72    0.99    1.78    1.54    3.23    3.03    1.71    1.57    2.16    1.71
PSATFGOM     0.86  -51.20    2.23    0.29    1.81    1.20    2.95    5.46    3.81    2.44    1.84    1.31    2.16    2.20    0.96    2.95    4.03    2.21    4.79    2.68    2.35    1.96    0.72    5.41    2.42    3.58    4.45    3.35    1.00    0.90    1.46    3.55    3.58    1.46    1.25    1.56    1.26    1.02    1.74    7.45    1.75    3.64    4.35    3.45    2.29    2.15    1.36
PSATUBE     -6.75  -43.57    0.16    2.26    0.40    1.46    6.43    4.76    8.06    7.84    7.77    8.65    5.00    1.38    0.42    0.16    0.01    0.27    1.73    1.67    0.94    1.21   15.29    9.19   14.82   20.32    5.65    0.65    0.10    0.15    0.21    0.46    1.30    1.26    0.53    0.32    0.75    0.86    2.11    2.59   11.75    3.41    3.18    2.75    2.01    1.94    2.58
PSATBSOR    -6.74  -52.00    6.07   12.58    6.62   12.34    8.20    8.74   11.09   12.78   15.55    9.25    8.99    3.69    3.42    6.69    0.97    0.36    0.55    1.77    0.95    4.55    9.71   18.56    9.95   11.57   15.16    7.77    3.07    1.13    4.81    4.97    5.29   10.52    4.12    4.46    3.45    8.55    7.81    6.49    3.69    1.57   10.89    7.41   11.73   14.39    7.36
PSATBESP    -6.75  -51.77    4.40    2.85    5.18    8.27    6.86    1.38    1.75   11.08    9.53    3.76    5.69    1.27    2.95    4.74    1.08    0.99    2.32    2.97    5.14    5.02   13.02   14.36   16.21   12.68   14.84    0.86    0.54    1.78    2.22    3.68    4.60   13.58    2.89    1.65    1.22    1.95    2.19    1.60    1.77    4.10    5.39    2.03    3.66    0.88    0.61
PSATPIME    -3.41  -51.91    6.64    4.91    3.51    5.29    7.22    2.47    5.13    6.92    8.76    6.05    5.57    1.58    2.56    7.13    2.88    8.01    5.23    4.14    3.08    8.59    6.07   14.08    8.69    6.03   10.17    4.56    1.34    3.24    1.97    4.13    6.20    5.92    4.40    3.24    1.80    4.60    2.34    0.44    0.52    2.40    4.84    2.03    2.90    3.52    0.44
PSATIRAP   -16.74  -42.57    3.09    1.08    1.39    9.43    9.65    1.38    0.98    0.59    2.05    1.93    6.01    3.70    0.78    0.07    0.13    0.08    0.28    0.21    0.01    0.01    0.03    5.45   21.29   14.66    2.68    0.33    2.16    0.42    0.09    0.21    0.09    0.20    0.20    5.68    9.61   14.53    4.76    3.93    6.28    1.90    9.38    3.86   11.19   23.48   10.27
PSATITBI   -15.97  -39.59    1.58    0.60    0.45    3.33   18.49    3.34    2.67    1.89    1.46    2.47    1.75    3.28    0.75    0.42    0.52    0.36    0.38    0.64    0.22    0.05    0.16    3.30   17.59    3.50    1.35    0.68    1.88    1.06    0.27    0.20    1.06    0.17    0.09    2.51   10.54   22.67    4.16    6.33   12.10    4.15    6.55    3.36   11.87   21.75   15.27
PSATCOLI   -10.98  -55.77    8.59   15.02   10.33   14.49    8.22   10.05    9.10    9.25   11.21   10.60   15.36    5.35    5.85   10.32    1.83    1.08    0.07    0.04    0.37    4.57   11.99   25.20   13.34   12.08   12.36   14.79    8.00    5.48    5.99    4.38   18.09   10.44    9.73    4.35    6.18    6.87    8.51    8.65    2.90    1.73   12.41    9.69   18.37   25.21    8.36
PSATSAEL    -9.19  -57.04   15.96    9.09    8.84   16.32   11.12    8.03   17.67    8.55   10.68   21.91   10.81    2.90    2.04    8.57    2.57    0.24    0.05    4.52    2.71   11.87   17.09   16.62   10.75   12.76    7.43   13.55    3.32    0.92    4.79    4.02   10.82    5.14    4.29    5.17    1.09    8.02    4.77    3.60    3.10    6.79   13.83   12.07   13.64   18.60    1.12
PSATITQ    -17.09  -54.83    0.64    2.40    4.69   15.50    5.60    4.08    2.06   10.10    2.83    5.04   15.57    5.91    5.11    1.60    5.74    5.66    2.95    0.40    0.14    2.09   12.78    8.26   15.30    6.68    2.59    4.83   15.40   14.05    1.40    3.30   14.51   12.54   11.92   10.64    3.78   10.61    6.92   10.84   11.39   13.30   16.04    5.04    8.91   60.73   45.12
PSATJAU    -15.24  -58.73    9.75   16.73    7.61   14.14    3.90   10.89    6.61   12.30    2.93    3.24   18.38   11.39    3.18    6.85    1.81    4.12    6.55    1.19   36.07   24.54    1.38    0.34    5.00    5.87    1.08    4.04   27.91   11.99    6.91    4.09   23.17   13.17   10.21   11.00    6.96    6.29    6.38    8.60    1.41    8.03   10.25   20.81   11.35    4.33   19.92
PSATMAN    -14.87  -55.78    0.31    9.09    6.43   16.41    3.02    8.53    6.88    8.44    8.05    4.65   14.96    7.65    5.85    2.98    1.37    2.24    0.17    0.23    0.05    4.27    5.47    9.59    8.51    6.35   17.43    5.42   16.27    8.25    6.64    4.24   16.15    8.96   21.89    7.97   10.09    9.36    5.72   12.84    0.63    3.72    9.03    5.82   13.56   36.29   42.76
PSATPTP    -17.61  -54.83    0.63    6.09    3.30   10.25    5.06    2.59    2.17    9.77    1.64    3.63   13.30    4.87    7.20    2.04    5.75    6.79    8.79    0.63    0.17    2.70   16.87    1.03    5.40    1.30    2.18    3.89   11.79   13.20    1.35    6.72   11.23   12.74   12.26    6.96    2.42   11.18    9.58    8.99    8.95   15.15    6.41    4.71   13.73   38.47   29.90
PSATSTCL   -17.90  -40.20    0.42    0.36    0.54   16.82   46.38    4.62    4.29    5.15    0.49    2.61    1.09    2.58    1.79    1.03    1.16    1.05    0.08    0.30    0.38    0.08    0.09    2.20   13.29    3.13    0.77    0.92    3.68    1.30    0.77    0.23    0.81    0.24    0.03    0.91    6.13   28.69    1.05    9.65   16.97    2.34    4.54    5.94   14.90   16.77    8.15
PSATPDC    -12.58  -39.00    0.60    0.21    0.10    0.10    3.69   25.24   22.79   10.79   13.76    3.04    2.26    3.81    1.76    1.91    0.43    0.26    0.25    0.32    1.29    1.27    0.29    0.32    2.43    0.67    0.28    1.12    1.92    1.85    0.49    1.21    0.78    0.14    0.10    0.14    0.12    0.11    0.06    0.12    0.23    0.20    0.20    0.39    0.09    3.13   16.05
PSATROSA   -20.92  -41.72    0.99    1.43    0.49   33.31   14.37    8.63    1.29    1.79    0.94    0.56    1.95   36.37    4.56    4.77    2.36    0.21    7.08    5.64    0.38    0.02    3.46   32.60   14.88    3.97   11.25    2.47    1.86    5.66    5.97    0.50    0.01    0.11   14.18   27.63   37.87   12.70   29.49   14.58    9.39    7.23   32.92   27.94   62.26   68.48   50.59
PSATCAN    -20.21  -42.85    1.22    1.19    1.10   21.50    7.80    2.31    1.23    1.31    1.10    0.48    7.39   20.94    2.72    1.50    0.32    0.40    8.25    2.77    0.11    0.04    4.18   44.10   17.47   18.08   21.06   13.62    1.16   12.51    5.79    3.70    0.87    2.22   19.99   17.07   11.54   20.69   24.69   14.40    9.42    8.90   28.30   15.34   60.86   20.67   21.91
PSATSAC    -19.64  -42.85    1.11    1.73    1.59   26.82   11.10    0.84    4.04    1.39    1.20    0.49    6.01   20.99    5.54    1.29    0.61    0.12    6.68    2.26    0.04    0.03    0.51   23.43   30.81   24.03   18.50    8.50    1.65   11.08    4.86    2.48    0.36    0.51    6.94   11.40   23.45   12.45    9.78    7.36    7.07    6.58   21.01   21.85   40.25   41.67   41.49
PSATPES    -19.12  -42.66    1.59    0.65    1.26   13.91   21.79    2.78    3.59    1.30    0.93    0.78    5.69   10.23    5.85    1.01    1.12    0.04    2.86    0.81    0.04    0.05    0.07   19.08   21.57   16.67    9.71    1.39    1.85    6.46    1.94    0.36    0.28    0.76    4.07   17.92   15.74   16.19    4.81    8.76    2.01    4.92   25.68   17.57   37.22   47.58   32.21
PSATMAS    -19.50  -40.92    1.49    0.74    0.31   19.05   20.93    2.06    2.53    1.35    0.74    1.47    3.93    7.25    2.97    2.20    1.44    0.68    2.52    0.53    0.54    0.19    0.59   23.94   23.69    7.83    5.18    1.48    1.96    4.95    0.55    0.11    0.37    0.34    1.75   14.87   26.41   15.43   14.18   12.49    4.04    3.33   29.42   40.29   39.11   43.13   31.56
PSATSBR    -23.37  -45.87    0.39    0.49    9.73   29.16    9.76    4.34    2.06    0.39    0.30    0.00   16.17   11.40    3.83    5.54    1.96    5.94    8.33    1.77    1.88   18.58   25.78   13.98    1.56   26.24   29.45   32.63    5.68    8.51   13.49    6.04   10.64   10.75    9.77    1.06    1.06    3.37    6.43   15.13   17.52   10.54    0.41    0.21   12.92    2.82    2.56
PSATJAG    -23.20  -46.03    0.21    0.36    9.75   22.30    1.96    1.91    1.27    0.17    0.25    0.08   13.98   11.00    6.77    6.97    3.71    6.01    3.23    1.31    7.69   24.48   19.09    3.78    0.79   35.61   41.78   14.53    7.78    5.49   12.66    6.07    3.91    7.45    5.83    0.49    0.85    6.74   12.70   16.20   18.34   23.83    0.12    1.10    7.54    1.37    1.16
PSATFUNI   -22.53  -44.57    0.32    0.40    4.81   24.73    2.62    2.10    1.69    0.18    0.29    0.17   11.87    9.17    3.13    3.75    1.61    4.77    8.61    1.79    2.75   16.16   39.01   16.05    1.78   24.32   21.97   41.52   11.47    5.94   11.18    7.06    5.53    5.19   11.49    1.95    0.84    6.90   12.66   18.85   13.08   26.04    0.31    2.59   25.57    0.99    1.13
PSATSACE   -22.48  -43.84    0.89    1.14    1.40   32.95   13.27    5.12    2.77    1.15    0.19    0.02   16.22    7.28    1.38    1.18    0.47    0.38   10.57    5.69    0.44    9.80   29.38   23.32    3.60   15.81   24.09   32.62   10.21   10.59   19.07    8.42    7.14   14.18   25.19    3.05    2.03    5.17   20.32   24.70    8.77   33.46    0.73    0.67   58.20    3.77    1.43
PSATPIC    -21.91  -43.54    0.40    0.64    0.66   21.29    4.44    2.83    2.59    1.59    0.05    0.02    9.99    4.32    1.80    2.46    0.15    0.34    8.19    4.10    0.02    1.40   21.22   17.03    4.85   16.05   27.47   23.28    7.42   12.57   16.82   10.56    3.63    8.48   20.48    9.43    4.21    3.63   32.87   21.97    5.98   21.36    3.63    0.12   73.64    0.70    0.82
PSATSOGI   -21.94  -43.36    1.50    2.56    1.33   21.19    5.03    3.33    1.44    2.75    0.42    0.14   16.99    9.09    5.39    1.21    0.05    0.53   10.97    3.04    0.25    2.27   36.32   32.10    8.88   12.48   19.52   18.62    6.00   15.79   19.56    7.77    2.76    8.41   18.04    9.40    6.15    6.04   36.68   23.94    6.03   15.85    5.34    0.27   67.11    3.04    1.86
PSATIPSI   -21.84  -42.58    0.48    1.33    4.34   20.48   13.60    4.42    0.94    1.73    0.70    0.15   17.88    8.46    8.49    1.98    0.20    0.52    8.67    3.47    0.04    2.69   27.87   36.61    4.36   11.63   21.09   20.50    6.50    9.01   13.20    5.79    0.78    5.91   29.25    6.24    9.76    1.74   23.69   26.01    6.79   20.06   11.26    0.62   50.87    9.73    2.87
PSATTCLJ   -22.69  -43.83    0.59    0.83    4.24   33.14   17.88    6.66    0.86    0.76    0.45    0.00   18.91    9.66    2.64    1.08    0.00    0.26    3.89    2.33    0.18   13.02   15.38   10.86    3.27   10.04   11.17   34.88    8.18   11.08    9.19    2.87    0.34   14.22   13.82    1.01    1.19    0.55   14.92   13.43    5.40   26.12    0.95    0.03   29.94   10.31    2.62
PSATBIGU   -25.51  -53.67    0.11    4.29    8.68    6.89    3.64    0.75    0.05    1.06    5.01   32.64    0.35    0.20    2.20    1.72   35.46   17.23   37.40    7.11   36.41    1.03    0.01    0.21    1.08    2.87    1.91    0.38    0.76    2.10    2.27    5.56   10.53    4.34    0.67    1.97    6.32    4.61    4.85    5.13   15.60    6.59    2.26    2.31    2.98    0.03    0.00
PSATBRAU   -21.45  -42.41    0.88    3.01    2.96   25.82   18.78    4.12    0.31    1.15    1.09    0.06   12.45   32.57    8.75    2.90    0.16    0.53   11.50    4.49    0.05    0.46   28.78   62.84   15.01   13.69   21.22   15.16    1.96   14.85   15.21    5.55    0.24    1.28   38.97    9.75   11.31    9.31   25.17   25.18    6.47   14.34    9.55    0.89   64.43   16.85    1.90
PSATSUIC   -20.08  -40.58    7.31    1.40    0.53   40.31   28.59    2.05    4.33    3.73    2.20    0.70    4.96    8.53    4.58    5.74    4.50    1.74    2.06    0.44    5.74    0.44    0.95    8.33   16.11    5.25    2.20    4.70    4.70    4.61    1.22    0.24    1.34    0.03    0.03   24.93   49.47   27.92   28.72   12.73    7.11    2.26   28.17  116.00   58.29   53.34   86.70
PSATJRI     -9.30  -64.70   13.36   13.20   15.04    7.72    7.05    4.78    1.03    1.03    2.59    9.41   16.26   11.55    2.62    6.52    2.41    3.85    4.84    7.60   15.77   19.83    8.05    6.08    7.91   15.63    9.97    5.02    9.45   10.22   12.00   12.64   16.56   16.96   12.65    9.98    8.10    4.88   10.00    8.90    3.59   11.97   14.28    7.05   17.30   16.64   25.14
PSATBENI   -14.59  -67.53   12.56    7.54    8.91    8.76    7.62    4.21    4.08    3.67    3.27   22.29   23.93    3.90    1.66    3.72    7.09    6.81    9.49    4.74   13.14   12.33    4.52    2.75    5.23   11.34    4.29    3.76    4.03    9.50    9.65    6.39   10.85    6.22    8.80    6.97    5.97    6.37   20.95   16.28   16.37   18.22   20.49   13.45   34.39   16.92   16.29
PSATEPB    -12.42  -64.42   15.43   11.42    8.86   10.94    5.30    3.83    1.23    5.00    2.67   13.43   16.04    4.28    2.43    4.49    2.84   14.15    4.42   10.05   16.74    7.77    0.98    0.68    7.92    6.60    2.08    5.54   12.36   11.35    7.47    7.53   17.89   11.61    8.93    5.99    4.40    4.48   10.38    8.86    8.83   17.09   15.79   10.97   13.77   10.49   12.38
PSATEGM    -10.79  -64.35   15.07    6.93    6.83   13.03    7.24    3.76    3.10    4.32    3.24   30.06   21.08    5.05    2.26    4.16    7.11   15.47    7.43    5.90   16.44    9.00    2.27    2.00    6.81    6.35    3.46    2.86    7.47   11.23    7.41    9.19   19.86   12.04    9.83    8.82    5.30    5.98   19.86   11.60   12.59   21.82   21.58   18.54   20.53    9.17   18.86
PSATSTOA    -8.79  -63.95   11.11   17.92   22.28    8.21    9.36    6.40    1.38    2.81    6.23   31.30   12.77    3.90    6.76   13.08   11.18   23.56    6.89   14.78    9.60   15.64   19.86   18.96    8.48   15.98    9.46    4.79   16.69   11.08   19.39   21.21   14.84   27.36    8.24   11.38    3.38    6.74   16.09   10.06    1.64   12.30   15.96    6.80   10.22   12.63   12.89
PSATENC     -9.90  -66.62   27.32    8.68   21.06    8.33    5.70    8.17    1.52    0.57    3.23    8.41   14.77   10.04    1.46    8.72    1.17    4.52    8.21    4.99   15.13   17.91   18.36    8.62   15.47   14.68   18.74    5.85   11.60    7.74   17.83    7.54   16.63   12.94   10.99    5.19   16.90    6.00    8.73    3.66    2.40   17.68   15.67    8.03    9.73   14.79   21.25
PSATAMY1   -11.71  -70.63   29.63   17.94   18.78    9.85    6.88    4.47    0.76    0.61    1.68    4.64    8.12   13.25    1.80    7.62    2.23    2.76    1.41    6.65   12.45   20.46   23.21    3.04    1.51   15.69   10.73   16.87    8.68    7.75    5.10   14.21   10.09   12.15   16.95   13.65   15.06    5.79    9.02   13.70    6.09   13.41    3.72    5.98    9.37   23.54   26.11
PSATAMY2   -12.37  -71.17   24.07   19.29   20.49    7.97    5.21    5.94   12.65    6.85    7.02   25.20   30.39   22.61    4.99    9.98    4.74    8.51    4.47   10.36   12.01   33.27   28.80    4.48    2.32   10.56    5.69    8.07    8.30   11.94   10.07   12.99   19.13    9.49   18.50   18.11   11.62    5.60   28.22   17.52    7.78   19.71   13.62   14.20   24.93   20.03   26.77
PSATAMY3   -13.75  -70.18   12.86   10.71   13.25    3.83    2.70    8.87    4.10   22.22    9.34   34.31   31.36   11.10    3.27   13.86    8.85    6.26    7.44   15.37   13.72   18.57   25.91    7.05    8.07   14.59    9.44    8.27    3.18    4.34   14.55   26.99   22.92    8.09   20.72   20.14   14.72    5.17   70.83   21.74   16.63   29.60   27.79   18.61   30.05   27.17   65.08
PSATAMY4   -13.45  -69.47   17.93    8.10   21.86    8.20    9.41    4.76    1.32   11.39    7.74   24.37   29.24    5.27    2.72    4.87    2.74    5.52    9.32    8.20   13.40   11.33    9.87    2.92    5.51   14.38    4.58    3.06    2.61    6.23    9.27   12.58   13.23    6.10   13.31   14.56    9.99    7.26   40.91    8.09    9.54   18.35   14.47   14.21   40.61   22.82   56.53
PSATJRN    -13.37  -59.01    9.69   13.97   10.97    7.07    4.76    6.50    9.77   15.45    2.34    6.55   13.99   15.59    4.71    8.61    2.17    5.20    4.44    1.57   27.89   11.87    1.26    1.21   20.07   14.36   13.76   11.58   10.33   12.28    5.33    6.45   11.81    9.66   12.89    7.34    4.94    8.09   12.44   17.79    0.84   14.53    8.15   12.34    8.53    8.59   15.44
