PSATAGV    -19.89  -50.35   23.35    3.65   12.86    2.12    0.67    0.75    3.97    3.41    4.07    2.15    8.16    3.31   13.99   15.18   11.62   13.92    5.18    0.00    0.03    0.55    0.99    0.55   21.78    1.93    9.81   13.79   14.40    3.66    6.78    2.57    2.99    4.23    4.89    3.18    0.78    0.93    4.57   20.10   37.23   24.85   12.35   20.67   13.50    7.57   13.62
PSATCMG    -21.28  -44.63   14.68   16.68   10.85    0.92    0.00    0.05    0.19   13.11    3.64    8.98   15.39   13.29    6.61   26.09   15.75    8.17   20.51    0.22    5.37    6.81    5.53    4.83   13.12   44.45   21.68   13.88    3.76   14.00   15.41   16.87   13.79    5.75    3.31    0.13    1.89    0.84    2.62    9.41   11.36    2.33    4.34   11.77    3.81    1.87    7.14
PSATCES    -20.25  -48.16   16.90    8.71   16.85    0.82    0.01    0.14    2.70    1.09    6.84    5.86   12.99    2.68    6.89   22.73    9.13    7.16    9.55    0.10    3.29    1.31    0.19    2.59   39.85    5.46   21.14   26.20    8.68    7.77   13.81    1.34    1.29    5.67    6.05    3.72    0.53    1.71    8.61   13.68   19.91    3.28   10.77   13.71    6.68    7.34   10.53
PSATELC    -21.60  -46.95   14.93   10.40   18.95    2.20    0.01    0.28    1.66    1.48    4.31    3.31   14.40    3.72    4.46   24.45   11.95    3.78    5.15    0.01    1.89    2.83    0.35    3.15   47.82   22.28   38.52   17.26    9.30    2.18   13.65    9.91    5.03   10.29    2.62    3.94    0.67    0.83   13.18   14.09   18.59   23.09   18.80   15.32   14.05   10.22    7.03
PSATFUN    -21.14  -45.04   18.30   24.68    8.93    0.60    0.00    0.00    0.08   12.57    4.12    9.96   13.95    9.45    3.32   22.55   19.61    7.41   22.78    0.58    9.19    1.51    4.83    5.99   10.19   44.32   23.94   10.93    2.61   12.76   13.85    8.08   13.38    5.07    2.00    0.20    0.88    0.98    3.69    3.87    4.65    2.11    4.86   11.55    1.58    2.22    6.13
PSATFUR    -20.67  -46.32   17.90   19.70   10.50    1.14    0.01    0.01    0.43    5.58    4.94    3.66   12.95    8.09    6.05   19.18   17.90    3.57   12.84    0.66    6.84    1.78    1.75    4.89   19.55   55.07   37.83   13.25    6.80    7.43    9.38    2.26    6.45    4.25    5.23    0.83    0.74    1.25    8.01    9.00    9.63    6.28    9.72    6.68    9.09    2.87    4.98
PSATMRB    -20.30  -49.18   20.10    7.43   16.70    0.91    0.18    0.71    3.85    0.81    5.88    2.65   10.88    2.56    7.05   23.10   11.59   12.58    6.48    0.00    0.76    1.12    0.52    1.36   31.18    3.60   28.90   26.95   12.63    3.73   10.54    2.91    0.99    6.08    6.62    3.05    1.02    1.02    6.84   17.18   21.03    8.62   15.59   17.20   11.62   12.28    8.77
PSATPRG    -21.59  -45.67   26.58   16.15   16.07    1.65    0.05    0.15    2.11    3.11    2.70    3.26   10.79    8.64    3.16   13.42   15.79    5.56    5.98    0.00    0.79    2.15    1.42    5.43   40.32   58.87   55.90   26.24    7.76    1.07   12.11    8.75    8.79    9.57    5.14    2.20    0.68    1.06    7.16   11.87   11.51   14.36   14.40   11.99    9.69    3.71    2.83
PSATPAS    -21.02  -48.18   25.43    3.06   13.65    2.75    0.28    1.52    6.58    1.43    2.98    4.46   15.04    3.38    2.46   21.05    7.10    4.81    4.53    0.00    0.14    2.33    0.23    1.45   35.43    0.96   27.26   28.98    7.97    3.88   10.95    9.66    4.54    4.77    2.86    2.62    1.76    2.17    7.18   12.14   16.51   11.95   15.60   13.44    9.47    9.57    9.46
PSATPTB    -21.61  -45.49   18.09   17.21    8.95    0.71    0.02    0.09    0.03    4.27    3.50    4.13   12.88    4.92    3.00   20.15   14.71    8.77    9.64    0.01    1.12    2.63    2.24    6.79   31.10   89.31   33.96   24.85    6.70    4.26   15.35    9.12   10.81    8.71    3.12    0.23    0.38    0.75    4.62    3.70   10.47    7.62    9.31   11.96    8.44    1.05    4.73
PSATPTC    -20.00  -48.55   19.15   15.94   15.69    0.45    0.00    0.05    2.94    2.53    9.29    4.17   10.54    5.39    7.71   23.42   13.91   14.54   11.26    1.45    5.46    1.91    0.76    5.06   30.81   35.96   31.78   19.25    9.21   12.53    7.66    0.24    1.20    4.96    5.18    1.45    0.68    1.87   11.08   13.78   13.81    4.81   16.06   11.58   11.31    6.16    5.90
PSATFZA    -26.00  -51.65   14.29   19.88    1.30    2.58   17.14   27.20    5.84    2.36    1.58    4.03    7.28    3.74    7.53   18.40    1.60    0.49    0.00    0.00    0.01    0.02    0.10   34.87    0.12    0.00    0.06    0.18    0.66    4.04    2.76   23.09    4.00    0.95    0.64    3.38   12.23    5.60    3.40    4.74    3.77    2.93    9.20    7.68    5.44   12.24   28.43
PSATJSG    -25.78  -52.00   14.72    9.78    1.56    3.27   25.81   22.24    2.02    1.18    0.98    5.21    8.10    2.22    5.08   21.68    1.48    0.51    0.00    0.00    0.01    0.02    0.05   27.10    0.04    0.00    0.00    0.07    1.58   10.16    7.85   23.10    4.22    0.69    0.99    3.61    9.01    6.74    2.84    2.94    3.68    1.73    5.81    8.33    8.77   11.64   20.76
PSATSCX    -25.53  -53.48   17.48    9.42    1.26    4.15   38.27   24.92    1.06    1.48    0.86    2.83    8.60    1.17    7.01   17.25    1.44    0.58    0.00    0.00    0.00    0.01    0.01   22.79    0.01    0.00    0.00    0.11    2.39   11.75   13.53   13.54    3.55    0.90    1.32    5.64   15.49    7.76    4.89    6.52    5.38    1.46    3.97    6.04   13.29   23.69   16.92
PSATSCL    -25.49  -51.74   12.99   16.04    1.64    2.80   20.86   13.92    1.46    2.78    1.45    4.17    5.51    1.08    8.87   20.65    0.97    1.17    0.00    0.00    0.00    0.01    0.10   23.89    0.03    0.00    0.02    0.03    3.03   14.06    6.93   19.87    1.60    1.37    1.38    4.56    8.79    6.58    6.12    4.17    3.65    3.10   10.85    7.31   11.73   10.42   27.77
PSATUVT    -26.23  -51.08    8.68   19.86    0.45    5.11   17.64   26.59   14.47    3.12    1.36    6.63    7.62    5.31    9.17   15.24    2.82    0.66    0.24    0.01    0.07    0.10    0.45   35.45    2.35    0.01    0.19    0.46    1.55    3.39    2.24   11.39    6.40    1.62    1.61    3.32   16.81    8.21   10.91   10.10    8.81    8.68    7.60    6.07    7.99   25.30   34.99
PSATBSM    -24.19  -53.74   19.43    6.51    1.00    4.58   45.02   17.24    0.81    0.80    0.42    2.92    7.56    1.44    9.09    8.81    1.89    1.23    0.00    0.00    0.01    0.00    0.00    9.35    0.00    0.00    0.01    0.24    2.10   11.45   27.90    9.44    2.85    0.85    3.17    6.00   15.26    6.25    7.41    7.53    5.05    1.66    7.70    9.72   13.65   30.74   15.86
PSATFLE    -22.97  -54.56   17.07    0.15    0.20   16.98   11.79    4.49    0.17    0.02    3.03    8.14   16.45    3.70   15.26    4.59    4.11    2.37    0.00    0.00    0.00    0.00    0.04    7.02    0.00    0.00    0.00    0.01    0.86    7.09   10.39   10.06    4.01    0.76    2.57    3.60    7.68    3.73    5.31   11.41    9.49    2.99   10.00   10.53   26.65   19.78   10.11
PSATITP    -25.42  -54.58   18.24    1.20    0.39    7.50   37.18   16.79    0.18    0.04    1.11    5.01   13.69    2.20   13.52    5.83    1.76    0.95    0.00    0.00    0.00    0.00    0.02    8.26    0.03    0.00    0.00    0.06    2.31    6.57   13.02    7.39    5.81    0.39    2.67    3.43   13.81    6.68    8.36    5.55    6.33    3.87   11.40   10.88   21.42   33.15   16.10
PSATIVM    -22.38  -53.53   10.62    0.39    0.11   11.96    5.28    9.15    0.13    0.27    6.41    7.66    5.81    3.14    9.17    6.92    6.97    8.22    0.02    0.00    0.00    0.00    0.03   12.70    0.03    0.00    0.00    0.18    4.64    8.87    6.97    4.46    8.11    1.51    3.71    1.62    5.78    2.85    6.97   15.08   15.20   18.03   18.82    7.14   10.29   15.81   10.88
PSATPTQ    -23.18  -53.17   17.47    7.72    1.00    5.69   37.36   24.81    1.93    0.70    0.25    2.02    8.92    1.75    7.44   10.09    2.36    0.71    0.00    0.00    0.00    0.00    0.03   17.43    0.16    0.00    0.01    0.13    3.06   11.91   21.81   12.31    2.25    0.81    1.71    1.51    5.47    5.15    9.06    9.03    3.87    4.76   10.65   14.42   16.13   28.63   30.94
PSATCBI    -17.99  -48.54    7.27    8.13   10.00    0.65    0.02    0.02    0.68    3.25    1.39    4.52    1.40    1.69   21.30   10.88   11.90   16.72   14.55   24.55   16.93   11.84   17.31    7.72    3.69   37.17   45.86   12.73    8.19    4.47    0.09    0.61    4.21    6.15    1.65    4.30    2.91    0.99    1.09    4.68   11.49    7.71   11.09   10.27    8.99    8.70    6.31
PSATCBIV   -16.15  -48.67    5.89    8.79    6.92    0.73    0.05    0.07    2.24    6.24    5.07   11.06    1.65    2.64   18.07    5.14    6.12   13.27   13.81   18.50   17.14   15.92    8.73    8.78    3.55   26.27   36.33   10.55    9.46    5.70    0.09    1.01    3.64    8.05    2.40    4.12    4.68    0.88    1.97    6.88    9.83    5.33    7.87    6.43    4.84    7.74    6.07
PSATEMB    -18.45  -47.98    9.70   12.66   10.17    0.10    0.01    0.01    0.05    0.37    1.17    1.91    3.58    3.86   19.54   16.34   18.61   23.73   15.64   24.08    8.63    6.06    1.76   15.68   12.84   47.54   38.51   22.61    4.04    6.05    0.65    0.39    3.71    1.77    0.57    0.61    1.40    1.41    0.63    2.62    6.50    2.43   15.72    9.63    7.71    2.23    1.47
PSATIMBR   -18.42  -49.10   19.15   12.50   17.33    0.73    0.01    0.04    2.03    4.68    3.34    2.01    1.81    1.50   10.93   21.77   20.23   29.58   18.92   11.96    6.14    1.40    3.23    8.37   26.88   56.51   54.05   19.05    8.99    7.91    1.14    0.35    4.00    5.04    3.33    2.27    1.67    1.48    0.61   10.38   19.39   11.10   17.93   14.22   12.53    6.68    5.46
PSATNPTE   -19.13  -47.70   16.47   17.07   12.47    0.26    0.00    0.00    0.79    3.44    5.75    5.42    6.34   10.68   10.70   16.64   19.15   19.36   23.06   14.60    6.36    3.69    1.65    6.83   20.97   56.54   38.20   18.86    5.00    7.28    1.91    0.51    4.78    2.99    2.40    0.21    0.77    2.34    1.40    5.85    7.23    3.01   12.13    8.34    6.58    2.52    1.49
PSATARV    -18.07  -50.16   15.10   13.98   18.22    1.18    0.50    0.80    3.95    8.59   12.87    8.34    0.92    1.21   15.10   15.16   13.36   22.10   14.10   15.66    1.41    0.19    2.37    3.20   22.28   35.67   15.41    7.91   12.75    2.02    5.04    2.72    3.37    4.31    4.92    3.50    4.51    1.89    3.06   17.93   13.10    7.37    8.15   11.18   15.37   10.94    5.41
PSATSFC    -18.05  -47.68   11.80    9.04    7.27    0.32    0.00    0.04    0.25    0.37    0.11    0.47    1.78    2.64   25.93   13.33   20.13   15.61    9.21   26.48   15.40   11.89   17.19   16.14    5.98   34.94   42.10   15.47    2.68    2.84    0.23    0.43    4.24    4.90    0.27    1.31    1.52    1.46    0.47    2.69    5.33    1.17   12.68   13.76   13.72    2.83    3.90
PSATSSM    -19.02  -50.50   22.35    7.89   15.50    0.86    0.27    0.45    3.35   11.17   11.62    3.94    2.14    1.27   16.84   22.11   14.07   23.40   12.68    6.54    2.34    0.28    2.44    4.07   33.81   27.65   14.11   13.96   12.37    4.74    4.43    0.77    3.51    5.68    4.62    2.21    2.19    0.92    2.17   18.25   23.03   12.76   11.63   14.22   16.22   14.17   10.20
PSATCNI    -22.94  -50.52   50.03    6.51    8.71   11.49    7.11   16.65   10.74    0.50    0.02    2.55   18.37    2.05    2.69    7.51    3.64    3.87    0.78    0.00    0.00    0.02    0.39    2.20   20.37    0.03    0.98   29.85    8.99    8.18   15.79   12.79    9.21    4.82    2.28    0.17    3.69    1.81    3.89    7.83   23.35   25.02   35.13   25.12   12.56   18.75   32.70
PSATCPV    -22.65  -51.33   25.61   10.79    3.50   15.11   21.79   29.28    4.30    0.53    0.13    0.78   10.14    1.77    4.57    9.91    2.34    1.83    0.01    0.00    0.00    0.00    0.18    9.70    4.14    0.01    0.00   11.14   11.86    4.67   14.15    9.83   12.87    1.32    1.26    0.47    7.03    4.74    8.54   10.86   14.66    9.61   25.98   29.46   18.12   24.98   31.10
PSATCHT    -23.01  -49.73   23.18    7.88    4.66   12.13   12.67   36.03   13.38    0.18    0.12    1.42   10.62    1.87    1.19    5.45    1.73    0.89    0.47    0.00    0.00    0.02    0.33    6.99   14.23    0.03    0.06    2.79    3.67    8.43   10.29    9.52    8.47    1.01    1.09    0.45    4.57    3.11   10.07   10.04   13.07   17.00   35.74   34.03   16.14   17.34   38.78
PSATJUR    -23.22  -49.23   23.28   11.13    5.90    9.10    9.40   29.06   18.72    0.64    0.52    2.15    9.57    1.69    1.15    8.46    3.92    3.06    1.35    0.01    0.00    0.07    0.47    3.20   28.77    0.07    1.34    3.69    5.49    7.80   14.04    8.81   10.22    3.00    1.79    0.16    4.35    3.00    8.40    8.45   18.78   38.95   43.89   29.90    7.41   20.62   34.47
PSATMAU    -24.06  -50.71    8.36    8.20    1.44    7.58   12.21   31.88   14.70    1.28    1.33    6.09    3.76    3.97    5.55   12.31    1.51    0.89    0.06    0.00    0.01    0.01    0.05   20.39    3.18    0.00    0.07    0.11    4.87   11.08    7.42    6.16    3.84    0.79    0.93    0.51    5.48    6.39   13.88    8.59   10.56    9.25    9.91   13.24   12.31   23.63   35.71
PSATROS    -22.50  -52.87   22.35   10.35    1.98   18.03   36.63   28.50    0.45    0.16    0.24    1.47   12.63    2.01    6.76   11.80    3.27    1.89    0.00    0.01    0.00    0.00    0.04   15.63    1.01    0.00    0.00    2.04    7.29    8.81   17.79   11.25    9.66    0.51    1.11    0.31    4.68    1.62    8.71    6.34   10.32    5.43   27.10   19.32   21.31   31.97   32.37
PSATQMD    -16.21  -47.33    9.13    7.48    0.94    0.33    0.01    0.00    0.14    0.59    0.23    0.87    0.00    1.44   29.28   16.62    8.30    5.58    9.88   11.35    8.77   33.86   16.24   26.02    2.74   28.08   17.82    9.15    3.06    2.61    0.13    0.76    1.75    6.25    0.53    4.26    1.63    0.45    1.40    1.57    0.09    0.20    2.27    5.69    6.13    1.14    4.30
PSATRBX    -18.95  -44.76   13.81   21.50    4.81    0.10    0.00    0.00    0.04    4.01    3.86    3.13   13.49   12.87    5.83   18.04   30.05   14.89   42.55    1.95   59.93    8.95    7.04    7.67    6.04   19.69   26.54    7.72    1.69    5.53    2.89    1.41    5.95    2.27    0.10    0.10    1.59    0.56    0.56    1.72    0.38    0.56    1.67   11.23    0.09    2.79    3.37
PSATSFR    -15.93  -44.86   12.96    4.54    1.30    0.08    0.01    0.00    0.09    0.38    0.02    0.11    0.01    7.66   18.59   13.51   11.58   13.07   11.71   35.13   24.46   27.36   26.28   30.29    5.19   11.06   15.91   12.72    4.85    0.74    0.52    1.28    3.51    2.37    3.44    2.57    1.20    0.11    1.99    1.08    0.08    0.31    7.23    6.12    3.38    0.72    8.00
PSATSRM    -16.37  -45.07   11.76    9.43    1.22    0.04    0.00    0.00    0.04    0.18    0.61    0.33    3.32   15.05   12.95   22.84   16.32   13.29   22.50   17.80   25.89   29.42   33.77   18.01    6.94   15.69   18.90    9.51    3.64    1.51    0.34    0.79    4.15    0.83    0.24    1.09    1.18    0.36    1.00    0.90    0.49    0.25    7.62    6.56    2.39    1.64    4.01
PSATTMR    -18.16  -45.27   12.97   24.84    5.85    0.17    0.01    0.00    0.02    4.42    2.23    1.49   10.91    8.69    8.33   30.02   25.58   15.71   35.26    5.52   44.71    6.31    3.68   11.44    9.37   36.28   24.35   10.66    2.57    7.34    2.35    0.27    4.77    1.75    1.49    0.19    0.98    1.20    1.15    2.46    3.09    0.40    6.19    6.50    2.80    3.01    2.48
PSATBOQ    -11.35  -43.83    6.04    3.37    0.80    0.24    0.17    0.94    3.78    0.49    0.78    0.23    0.34    1.03   13.55    8.54    8.44    7.79   13.29   24.36   16.10   33.55   32.42    7.60    9.98   17.14   12.69    7.01    2.52    1.54    2.87    1.86    1.96    2.04    3.13    1.05    0.23    0.52    0.35    0.16    0.73    4.16    3.73    8.10    1.91    1.64    8.76
PSATBBO    -22.52  -48.55   33.62    6.92    7.02    8.42    4.57   10.74   16.26    0.56    0.33    6.82   11.92    4.05    1.09   18.23    8.50    7.89    1.67    0.01    0.01    1.08    0.53    3.34   37.03    0.26   18.12   14.73    4.97    3.58   15.17    9.95   11.08    3.39    3.02    1.03    2.45    3.08    7.02   10.58   26.58   28.22   22.94   17.85    8.85   12.87   13.11
PSATESZ    -23.46  -46.91   34.48    9.48    2.66    2.37    0.45    8.43   14.00    4.12    2.53    4.61    4.95    4.25    1.55   13.54   18.89   10.71    2.18    0.46    0.02    0.60    0.85    0.68   36.13    0.25    5.98   11.87    6.80    1.03   17.55    8.58   13.05    3.23    5.04    0.34    2.04    4.50   11.72   15.42   17.12   18.21    8.30   11.95    7.88    5.30   16.86
PSATIBT    -21.76  -48.99   35.18    2.84    6.49    5.71    4.84    7.43   15.18    1.28    0.83    3.68   16.93    1.70    2.93   12.17    3.38    3.13    2.66    0.00    0.01    0.17    0.35    1.62   20.96    0.00   12.45   62.35    4.80   13.73   10.13   12.00    7.32    3.10    2.06    1.15    2.99    2.59    2.84   15.50   30.67   48.43   36.37   29.35   14.18   16.24   25.47
PSATNAV    -21.12  -50.20   28.43    3.42    8.33    5.71    3.06    2.22    8.95    2.38    3.08    2.90   20.09    1.13    8.69   12.59    4.44    4.66    1.80    0.00    0.01    0.28    0.97    1.07   18.46    0.01    9.32   32.39   12.01    9.68    3.48    9.57    4.39    2.80    3.59    4.55    4.74    3.07    3.33   21.15   27.97   45.19   36.26   25.35   17.19   13.81   25.73
PSATSME    -13.40  -48.30    8.72   10.64    6.35    0.73    0.47    0.22    5.02   17.13   11.40    4.66    1.99    4.63    7.95   11.20    8.05    5.80    8.86   18.58   15.84   31.48   18.89   12.40   16.23   34.44   21.12    9.21    7.64    4.73    0.97    1.51    3.38    3.88    3.51    6.15    8.59    1.16    4.17   13.00    4.05    6.70    7.70    6.70    4.64    6.22    6.37
PSATBGR    -27.78  -51.20    1.29    0.58    0.48    7.64   40.76   67.74    1.97    1.60    9.65   15.37   19.60    2.47   11.22   16.51    3.80    1.42    0.03    0.02    0.00    0.04    0.05    8.03    2.24    0.00    0.00    0.38    0.26    0.61    6.21   16.52   12.34    2.04    1.08    2.05   12.39    4.94    5.03    7.21   10.01    3.12    2.37    0.77   18.15   20.00    3.71
PSATCNV    -27.60  -51.33    4.12    8.68    0.40    5.70   32.12   62.69    1.85    1.00    9.28   17.58   17.74    4.69   12.50   15.82    2.87    0.50    0.00    0.03    0.03    0.02    0.23   18.22    1.22    0.00    0.03    0.30    0.57    1.05    4.29   10.81    5.67    0.95    1.08    1.98   18.65   12.37    3.23    8.94    6.71    3.82    1.95    0.90    9.87   16.68    5.19
PSATFCH    -27.14  -53.04    1.00    8.84    1.14    4.43   72.45   61.60    0.53    0.39    4.18   12.69   12.09    0.91    9.02    7.87    0.49    0.08    0.01    0.00    0.00    0.00    0.00   10.29    0.09    0.00    0.01    0.00    0.02    2.01    8.61   23.18    1.21    0.38    1.98    5.12   14.88   16.08    3.60   11.26    7.10    0.46    1.24    3.75   24.72   25.94   13.28
PSATITA    -27.27  -52.38    6.63    7.24    1.27    4.91   30.05   48.91    1.75    0.26    3.05   10.93   13.43    1.61   11.14   15.45    1.37    0.26    0.00    0.00    0.00    0.00    0.03   16.41    0.32    0.00    0.00    0.01    0.12    2.70    6.94    6.84    1.97    0.88    1.21    5.07   16.88   11.02    4.02    7.90    8.24    1.70    1.52    2.21   12.94   15.37   15.06
PSATMCD    -27.52  -51.78    1.45    0.80    1.22    4.55   32.45   76.85    1.16    0.13    6.59   13.51   14.50    1.32   12.34   10.69    0.78    0.33    0.00    0.00    0.00    0.00    0.01    8.26    0.72    0.00    0.00    0.00    0.04    1.03    4.79   10.07    2.08    0.40    1.25    3.35   12.31    5.07    3.22   10.83    6.93    0.73    1.11    0.70   22.19   12.77    9.58
PSATMOJ    -27.35  -52.73    0.12    1.03    2.45    8.25   47.51   23.09    0.09    0.27   11.14   15.00   10.74    1.01   13.96    7.68    0.73    0.13    0.01    0.00    0.00    0.00    0.00    7.80    0.05    0.00    0.02    0.00    0.00    1.59    4.26    7.95    0.68    0.86    1.42    9.49    7.44    4.40    2.99   11.99    5.97    1.05    1.01    2.94   33.13   21.13    4.65
PSATQQX    -26.66  -52.54   17.62   14.18    1.80    3.34   35.61   33.54    1.79    1.51    1.65    6.13    9.79    1.96    6.31   24.07    2.56    0.24    0.00    0.00    0.00    0.01    0.01   24.27    0.14    0.00    0.00    0.01    0.21   11.28    8.16   16.51    2.74    0.57    1.53    7.05   14.72    8.90    4.53    8.50    8.41    1.97    3.34    3.40   13.66   19.35   21.45
PSATPSJ    -28.14  -55.05    0.25    0.00    2.36   24.87   50.15    0.40    0.09    0.04   19.85    5.76    7.69    1.19   18.92    3.82    0.39    0.45    0.00    0.00    0.00    0.00    5.13   13.40    0.01    0.00    0.01    0.00    0.00    0.74    2.60    2.25    0.68    0.48   12.73   16.30    4.10    1.60    1.29   12.02    2.51    0.63    0.60    3.27   13.25    0.00    0.00
PSATESP    -18.68  -51.87   14.31    2.36   10.39    1.58    0.34    2.08    3.07    7.94    3.99    4.82    3.20    2.24   16.33   17.50   10.80    9.12    5.91    0.09    0.00    0.02    0.08    5.29   24.77    2.17    0.15    8.94    4.96    2.11    2.29    5.31    3.59    1.72    1.82    1.46    0.34    0.44    0.55   19.96    4.94   10.07    7.75    9.43   11.11   13.70    6.16
PSATSRC    -19.16  -50.76   16.35    7.47   10.48    4.40    0.21    0.91    3.27    6.91    4.67    4.60    2.66    2.01   10.55   15.34   13.89   24.21   10.11    0.36    0.00    0.01    0.04    2.16   26.55    4.25    0.65    4.23    4.34    6.17    4.48    5.47    5.43    3.92    3.51    2.97    1.65    0.87    4.22   20.16   17.78    8.05    9.50   12.87   24.92   18.43    5.67
PSATFRCL   -19.12  -50.64   18.94   12.52   17.37    4.13    0.23    0.96    2.64    7.87    6.63    6.47    2.36    2.43   10.37   13.74   18.03   23.64   10.61    1.26    0.01    0.02    0.09    2.82   23.02   10.59    5.40    3.17    5.04    5.01    4.01    3.10    5.76    3.17    4.24    3.53    2.10    1.07    3.00   28.97   21.61   10.45   12.45   19.91   29.02   16.27    5.32
PSATISOT   -20.40  -51.35   25.73    7.78    7.98    5.55    0.54    3.51    5.49    7.29    4.11    4.29    9.29    1.55   12.09   14.82   13.97   16.39    3.77    0.04    0.00    0.02    0.22    0.69   18.33    0.32    1.44    2.10    7.72   10.78    5.95    6.99    4.81    4.81    6.23    2.68    1.71    1.62    6.39   20.09   26.48   27.36   22.96   20.42   22.13   18.47   19.54
PSATJUP    -20.86  -51.63   12.41    5.02    3.14    7.45    0.69    5.47    6.69    7.09    3.31    6.59    6.49    1.80    8.88   13.48   10.47   17.16    2.66    0.02    0.00    0.00    0.01    5.04   12.61    0.31    0.08    2.80   10.02    7.54    6.78    7.51    6.05    5.26    5.71    5.63    1.72    0.53    6.93   19.34   21.96   17.13   17.80   19.12   13.01   26.97   10.49
PSATSDG    -20.06  -53.18    5.08    0.93    1.00    9.79    1.85    1.01    6.45    9.19    3.87    8.75    2.69    0.74    7.23   17.14    8.13    8.89    0.89    0.00    0.00    0.00    0.00   13.62   15.27    0.12    0.02    1.36    4.22    3.76    7.24    3.90    2.80    2.31    1.93    3.22    1.90    0.13    4.87   10.92   23.98   12.33   17.88    9.26   14.95   40.79    2.84
PSATFZBT   -21.66  -52.87   11.12    0.68    0.26   13.14    9.92    4.62    1.50    3.18    2.40    6.65    7.03    1.97   11.81   12.29    6.09    4.40    0.01    0.00    0.00    0.00    0.00   20.10    2.81    0.04    0.00    0.87   10.37    9.93   10.54    3.42    8.61    2.79    1.54    2.53    3.82    4.56    8.08   17.17   30.24   28.18   15.47    9.04   17.24   28.42    9.92
PSATPPRA   -22.46  -52.91   19.19    6.88    4.00   16.11   12.97   17.51    4.14    1.26    1.09    3.97   13.84    0.72    9.87   13.90    5.17    5.71    0.13    0.00    0.00    0.00    0.17    4.21    9.29    0.09    0.18   12.47   10.76   17.81   13.54   10.86    7.72    1.69    3.24    1.40    5.51    2.38    6.26   13.33   26.01   26.05   29.58   20.33   18.59   34.32   21.27
PSATBTE    -13.69  -50.80    8.56   10.48   13.85    1.79    5.39    1.19    4.52   11.36    9.47    3.08    1.40    1.30   11.55   18.85   20.73   19.24   17.47   15.13    2.23    7.74   11.26    5.57   38.37   20.32    7.62    6.82    4.87    4.51    3.68    3.32    3.54    2.61    2.68    4.82    4.63    1.33    1.07   23.38   15.26   13.06   12.55   12.73   14.17   13.83    9.53
PSATARAG    -8.27  -49.26    8.72   14.20    9.21    1.35    3.03    1.89    7.94    8.90    4.80    4.16    3.98    4.99   11.51   11.73   13.22    9.19   13.08   21.52   20.12   22.57   18.32   15.59   26.30   25.50   14.11   13.70   12.84    9.64    5.61    5.59    6.97    4.35    2.94   11.23    2.68    4.24    5.90   16.71   11.02   12.33   11.62   15.99    8.18   10.53    7.13
PSATLAJ     -9.76  -48.37    7.22    9.74    3.62    0.89    0.28    1.59    9.58    7.18    4.49    2.06    2.31    6.62   10.33    9.67    8.49    5.81   11.11   19.82   27.64   30.76   19.52   28.09   13.29   20.71   18.92    9.63    7.35    2.90    1.76    1.47    6.68    4.85    6.91   10.43    1.99    1.30    2.40    4.52    5.54    6.22    5.94   12.12    3.47    3.56    5.77
PSATPTRL    -9.31  -47.39   11.50    7.36    2.72    0.76    0.25    3.16    9.15    8.65    4.56    2.95    1.40    6.26   12.58   14.34   10.94    6.57    9.47   26.92   31.83   13.67   26.94   24.00   19.99   14.49   22.98    7.81    6.84    2.19    2.30    5.84    7.40    4.13    5.11    2.52    2.03    2.75    4.71    3.12   23.93    2.13   10.55   10.46    3.04    6.28    3.53
PSATLJET    -7.33  -47.48    5.71    7.02    3.31    0.79    0.23    2.59    4.84   13.75    5.30    7.97    4.55    4.45    7.74   10.03   11.93    8.70    7.76   16.04   28.95    7.58    5.27    9.30   13.29    8.26   19.31   15.02   23.30    6.62    4.73    9.25    5.61    6.12    4.38    4.22    2.84    9.98    7.03    5.21   34.50    3.83   24.63    8.03    6.43    3.30    6.15
PSATUCR     -3.83  -49.65    7.68    9.21    9.60    3.40    3.40    2.24    3.32   19.91   10.55   13.30    3.68    7.79   11.40   14.23    7.22   17.51   11.15    5.15   14.80    7.39    3.52    8.83   10.84   14.54   18.30   14.91   23.21   15.30    9.49    9.60    7.70    3.35    4.90    3.35    6.02    8.67   15.51    7.39   21.12    6.97    9.07    7.12    4.18    3.05    5.55
PSATXIVJ   -29.07  -51.67    0.67    0.05    0.20   10.58   55.23   28.71    1.45    0.90    6.10    6.99   10.41    0.93   11.77    8.08    0.78    1.45    0.26    0.01    0.00    0.00    0.00    6.39    1.41    0.00    0.00    0.00    0.01    0.57    8.29   11.55    2.50    0.65    0.57    9.08    5.55    1.40    3.97    6.90   10.06    1.22    0.64    1.14   25.86    4.75    1.60
PSATDFRC   -29.45  -53.28    0.03    0.00    0.75   27.88   73.12    0.63    0.23    0.13    4.84    4.20    3.29    0.86   19.06    3.48    0.50    1.12    0.01    0.00    0.00    0.00    1.63   10.89    0.14    0.00    0.00    0.00    0.00    0.67    1.37    4.83    0.72    0.35    9.70   21.05    5.19    1.57    2.07   13.00    2.46    1.00    0.54    2.62    8.99    0.00    0.00
PSATREAL   -29.02  -53.19    0.26    0.02    4.23   17.48   56.38    1.98    0.23    0.08   20.08    5.15   11.04    0.68   21.28    2.50    0.48    0.72    0.01    0.00    0.00    0.00    0.22   10.92    0.21    0.00    0.01    0.00    0.00    0.72    1.38    2.76    0.92    0.48    3.87   13.10    5.26    1.12    2.19   10.68    3.81    0.88    0.71    3.72   21.97    0.44    0.09
PSATCTAV   -29.01  -51.39    1.66    0.08    0.42   12.29   58.71   36.69    2.83    1.05   14.04   10.77   14.00    2.74   11.09    9.98    3.62    3.56    0.26    0.03    0.00    0.08    0.15    6.06    2.76    0.00    0.00    0.66    0.63    1.03    8.24   16.10   15.30    0.79    0.71    4.48    5.86    2.13    3.19    9.26   17.33    4.48    1.13    0.70   25.34   10.12    0.99
PSATERNT   -28.56  -52.54    0.45    0.16    2.98   11.60   35.17   17.79    0.23    0.15   11.76    8.30   10.73    1.16   18.94   10.56    1.04    0.45    0.01    0.00    0.00    0.00    0.00    7.61    0.31    0.00    0.01    0.00    0.00    0.89    2.26    6.31    1.91    0.60    0.80    6.68    4.37    0.89    4.07   12.22    6.38    0.84    0.49    2.75   29.11   11.03    6.12
PSATSTPL   -27.14  -49.52    6.52   14.75    0.44    4.75   33.77   36.68    2.92    2.24    7.54   18.46   19.91    6.13   10.68   15.71    2.69    0.55    0.00    0.05    0.18    0.05    0.93   30.59    0.93    0.00    0.30    1.20    1.83    1.55    2.44   13.38   11.56    2.30    4.73    5.02   19.04   14.69    4.43   10.17    7.76    9.10    3.70    1.31   16.56   35.21   14.84
PSATCVCH   -25.14  -48.87    6.29    8.23    0.63    6.68   15.20   21.69   19.57    4.04    3.57    8.16    4.77    3.29    5.04   10.57    1.05    1.48    2.45    0.02    0.09    0.29    1.07   13.49    8.93    0.08    0.66    1.17   10.33    6.61    3.37    6.42    7.55    0.75    0.72    0.53   10.44   10.12   11.05   12.21   12.82   21.94   27.04    8.45   11.41   32.50   32.59
PSATAMY    -12.60  -69.12   16.65   17.81   10.03   16.23   11.85    8.70    9.17   12.12   13.57   16.87   11.55   12.16    9.51   13.58   16.28    6.64   19.57    2.31    7.94    6.03    8.22   26.28   12.95    2.06    6.21    7.21    8.50    8.29    7.05   16.89   11.24    9.53   15.00   11.51   22.53   12.20    7.37    5.93    4.12    5.17    6.79    4.92    4.42   16.79   22.45
PSATGJR    -10.73  -65.35   15.91    4.40    4.23    6.20   26.07   11.15    4.63    2.34    3.15    9.22    5.65    4.63    7.31   14.08    8.45   14.78    7.05    1.59    2.22    4.06   11.93   22.24    1.39    0.39    0.79    2.55    1.99    5.38    5.39    8.58    5.61    5.37   13.38    6.57    6.28    4.27    3.07    2.10    5.10    5.39    3.71    2.09   13.48    5.88    1.23
PSATPRNC   -12.43  -64.43   15.00    5.81    4.67    7.88   24.38   11.95   10.23    4.79    6.01    6.72    6.53    8.62   11.51   16.68    7.32    4.48   12.66    1.82    7.80    7.30    6.38   19.82    0.70    0.03    0.27    0.96    1.28    1.16    8.40    8.21    4.80    5.01    8.91    7.35    7.02    5.45    3.44    3.48    1.64    4.14    5.05    1.96   10.37    4.15    3.12
PSATSANT    -8.87  -63.97    0.67   13.33    4.45   30.05   17.86    5.78   11.02    6.97    7.05   18.07   15.86   19.25   17.56   22.25   10.29   10.91   17.04    1.23    2.39    2.64    9.29   40.53   20.57    5.18    9.98    7.28    5.34    2.61    5.42   10.15    8.46    6.40    7.99   16.03   15.57   10.33   14.12    4.86    9.31    5.04    6.18    6.83    3.58   13.04   14.30
PSATDARD   -10.16  -59.46    1.18   12.04   12.10    5.71    5.84    5.86    8.16    4.95    6.98    7.85    7.75    7.26    7.10    8.48    5.75    4.63    7.05    0.62    3.03   14.29   25.42   38.09   10.69    0.84    5.87    4.82    1.50    2.29    4.80    7.38    5.96   14.81   21.14   11.37    4.93    2.81    6.40    5.84    6.83    9.58   11.29    4.74   22.38   15.30   20.24
PSATGUAP   -15.12  -58.96    3.56    4.12    7.65    2.82    3.27   13.77    3.55    3.33    5.10    1.31    2.34   13.97    8.98   17.11    1.86    3.73    4.91    0.00    0.50   16.69   12.95   16.14    0.29    0.00    0.00    0.26    1.42    1.24    2.14    0.60    2.67   15.40   16.59    4.99    2.66    1.05    2.47    3.57    3.45    3.36    7.11    1.40   12.18    7.20   13.82
PSATJIRA    -9.25  -64.65   16.85   14.68    7.01    9.89   15.88   15.31   11.21    9.21    7.31   11.96   11.01    7.55    7.98   10.67   12.08    4.72   14.06    1.99    6.37    6.02    6.36   38.36    5.01    1.32    5.26    6.55    6.19    3.87    5.79   10.81    8.30    5.59   10.58    9.70   14.53    8.41    6.88    3.89    3.08    5.18    5.48    3.71    5.29   15.96    7.25
PSATROND   -11.99  -60.70    2.47   12.91    7.14    9.43    9.89   16.41    5.78    6.09    3.66    2.06    6.42    3.81    6.23    6.49   15.56    0.76    3.54   19.70   10.68   17.93   14.05   21.84    0.18    0.26    1.65    0.53    3.23    2.27    4.91    3.19    2.82    4.71    5.08   10.41    4.01   16.82    8.91    2.08    4.85    4.97    3.72    6.99   13.40   18.25   23.90
PSATSAMU    -8.75  -63.45    1.47    6.69    8.17   36.37    7.06   12.17    7.06    5.37   12.35    9.71   21.31   11.85   14.60   12.79    7.99    9.53   11.78    0.61    4.76    3.83    8.44   45.29   16.87    2.18    6.89    7.90    2.68    3.83    5.50    5.76    7.32    5.58    9.46   13.78   18.48   14.03    5.03    9.61    7.36    5.10    6.23    5.42    3.43   10.15   13.70
PSATBALB    -1.92  -59.47    6.69   27.63   23.53   13.01    7.50    6.82   13.67    8.95    3.07    4.34   21.78   31.21    7.92   33.60   10.90    9.73    1.78    1.21    9.88    9.61    1.62    2.56    4.10   16.52   13.59   11.34    9.49   16.24   10.75   10.04   12.68    6.27    4.04   12.17   18.17    6.19    7.89    6.62    5.70    2.17    0.34    0.03    3.17   11.36    6.61
PSATCUNA    -2.82  -54.30    5.11    6.27   17.48    8.82    3.39    7.57    7.21    4.64    7.19    7.83    2.26   15.73    9.89    3.30    2.32    6.00   12.88    3.03   14.30    2.91    0.68    1.64    7.86    8.43   13.42   10.25    6.83   11.31    5.63   10.07   13.16   13.84    5.56    1.46    5.58    9.80    4.54    9.68    4.68    5.93    5.72    3.85    3.23    5.98    6.09
PSATJARI    -0.65  -52.52    3.02    2.37   11.26   14.58    5.90    6.90    6.02    5.53   13.00    4.74    4.90    8.52    8.19    5.73    5.70    4.63    2.24    1.31    3.58    2.31    1.89    2.59    3.68    1.94   10.30    4.29    8.68    5.57    3.89    8.29    7.02    4.39    5.60    2.60    3.59    4.28    6.54    9.93    9.49    3.85    0.37    1.33   10.19    6.84    3.77
PSATFGOM     0.86  -51.20    4.47    4.99   10.18   12.62    9.64   10.64    9.21    5.33   21.04    4.58    6.34    9.79   10.03   15.18    8.79    6.42    2.09    1.63    2.14    1.67    2.61    3.00    4.63    2.90   19.69   11.83   10.16    7.43    4.99   12.50    9.71    5.26    3.59    4.32    7.73   16.91    6.64   12.37   18.54    3.82    1.38    3.79   12.25    8.13    3.73
PSATUBE     -6.75  -43.57    6.45    7.64    0.90    0.88    0.33    4.24    3.66    5.27    4.10    5.34    1.82    1.66    9.16   11.88    7.21    9.42    6.80   15.50   22.52   21.12    8.57   23.06   17.20   14.02   18.77    8.82    5.84    4.89    2.45    4.71    7.77    2.69    4.65    1.18    2.12   11.29    1.98    2.07   15.71   15.15   11.92    8.58    1.66    2.13    7.29
PSATBSOR    -6.74  -52.00    7.11   10.67   13.67    3.47    5.28    0.97    5.52    4.07    6.50    5.90    7.69    5.03    7.47   10.81    5.84    8.96    9.92    9.12   21.38   26.44   20.13   33.35   38.55   23.56   11.87    9.18    9.39    9.40    6.80    9.31   10.29    4.36    3.49    8.36    5.04    5.03    3.03    7.55    6.86    5.83    8.39   11.86    7.01   15.90    6.82
PSATBESP    -6.75  -51.77    5.38    7.71   11.58    2.58    2.19    0.86    2.87   12.56    7.97   10.14    5.72    9.41    6.89   14.27    6.13    7.39   11.67   22.43   23.84   20.70   13.55    4.81   12.71   12.84   17.39   15.28   18.05   17.29   11.43   11.12   13.33    3.03    1.64    2.53    9.12    4.02    6.43    6.32    5.36    6.89    8.15    9.18    6.00    5.33    2.73
PSATPIME    -3.41  -51.91    5.26    7.19   15.75    9.05    5.43    5.44    6.14    8.11    9.33   11.19   12.47   10.38   10.20   11.57    5.24    9.25    6.02    9.59   14.92   20.14   10.63    5.78   16.19   12.19   14.20   11.20    9.92    9.94    5.42   14.74   14.08    8.38    3.70    2.85   10.10    7.96    7.75    6.98    8.79    7.61    4.92    5.66    3.65    8.16    3.33
PSATIRAP   -16.74  -42.57   10.56    2.51    0.09    0.00    0.00    0.00    0.01    0.02    0.51    0.00    0.73    9.62    8.77   29.96    9.72    6.21   10.93   22.68   16.54   15.97   28.65    6.50    2.79    4.28   10.12    2.13    2.07    0.20    0.37    0.87    1.55    0.37    0.79    0.66    0.34    0.35    1.77    0.24    0.26    0.05    0.61    0.54    0.07    0.47    3.38
PSATITBI   -15.97  -39.59    5.01    0.82    0.29    0.08    0.01    0.02    0.00    0.12    0.27    0.04    0.17    3.09    8.92   18.26    8.90    4.70    7.35   31.46   15.26   13.93   20.25    2.65    0.84    3.73   12.09    3.62    2.42    0.89    1.34    1.29    0.86    0.44    1.13    0.67    0.29    1.17    0.92    0.60    0.48    0.10    0.18    0.14    0.41    0.65    1.77
PSATCOLI   -10.98  -55.77    5.89    8.90   13.22    9.28    7.28    2.31    6.16    2.77    5.27    3.73    8.33    6.24    7.97   17.58    8.27   15.17   18.56    7.91   10.80   13.40   18.10   47.18   22.56   19.85    5.51    1.42    3.35    5.68    4.36    7.44   11.16    7.55    9.26    9.85    2.61    3.10    5.50    5.14    7.68   10.03   10.76   11.81    4.73   15.76   14.59
PSATSAEL    -9.19  -57.04    8.25    9.44   17.23    6.81    2.94    2.99    9.21    4.42    5.75    6.13    6.66    5.44    8.16    7.80    6.70   11.33    2.27    1.08   15.37   15.11   29.70   41.91   44.24   26.94   14.48    7.03   11.81    9.24    5.21   15.40   13.09   10.65    6.40   12.11    6.25    2.61   14.33    9.77    5.32    4.38    7.12    6.82    3.85   16.95    3.36
PSATITQ    -17.09  -54.83   14.27    2.85   21.40    4.31    2.22    4.32    5.73    5.44    7.83    4.65    1.75    2.44   13.39   16.32   25.10   24.59    9.34    0.20    0.11    0.05    0.48    6.88   24.41    1.43    0.71    6.35    2.71    1.76    2.48   11.22    6.67    1.74    2.73    3.48    1.21    0.99    0.49   18.76   11.22    6.47   15.98   18.83   14.50   28.66   15.37
PSATJAU    -15.24  -58.73    4.06    5.48    7.49    2.80    6.06   12.41    6.35    3.51    6.97    2.56    3.55   13.27    9.13   16.40    2.10    4.28    6.68    0.01    0.30   15.12   13.06   14.96    0.50    0.01    0.00    0.18    0.92    1.29    2.45    1.53    5.93   17.63   15.49    5.68    4.15    1.07    1.95    2.64    4.94    7.16    5.97    1.66   12.66    6.20   11.94
PSATMAN    -14.87  -55.78    4.90    5.32   13.88    2.37    3.31   12.91    3.51    3.25    5.54    2.80    3.47    8.01    9.74   16.54   15.53   17.41    8.65   24.40    0.96    3.12    5.39   30.60    8.96    2.92    1.16    0.33    1.59    1.59    3.56    6.76    3.85    3.30    1.43    2.59    2.37    1.26    3.47    4.00   17.46    6.58   25.10   11.34    8.67   17.79   18.26
PSATPTP    -17.61  -54.83   15.45    2.47   16.44    3.83    1.87    7.35    4.02    5.12    9.07    5.22    2.09    2.65   17.89   15.20   27.62   18.51    7.13    0.00    0.06    0.00    0.45    5.67   20.38    0.46    0.62    3.89    2.60    2.74    1.97    6.76    8.29    1.68    1.29    5.04    1.25    0.64    0.15   24.92   16.94   11.83   14.61   13.85   13.88   28.47   10.59
PSATSTCL   -17.90  -40.20    2.61    0.51    0.06    0.01    0.00    0.00    0.00    0.01    0.17    0.01    0.00    1.81    4.18   19.73    9.64    0.23   10.00   10.43   13.22   15.12   15.85    0.24    0.37    2.38   16.60    6.40    2.73    0.45    2.05    1.55    0.76    0.26    2.39    0.37    0.04    1.92    0.16    0.50    0.15    0.02    0.13    0.03    0.73    0.41    2.19
PSATPDC    -12.58  -39.00    0.57    0.41    0.96    0.45    0.39    0.12    0.16    0.36    0.41    0.66    0.24    0.19    0.31    0.15    0.08    0.01    0.41    3.87   26.45    5.45    0.65    0.71    0.37    3.35    4.05    2.13    1.52    2.92    2.05    1.01    0.88    2.30    2.74    0.51    1.73    0.94    1.00    2.09    0.82    1.07    0.99    0.93    0.79    2.98    4.26
PSATROSA   -20.92  -41.72   17.92    5.41    0.25    0.00    0.00    0.04    0.18   29.76    4.90    5.48   11.19   17.35   13.52   13.44   29.92   15.32   57.84   11.10   31.16   31.59    7.30    1.89    0.32   10.07   17.60    8.64    4.56    8.98    3.25    4.46    4.34    0.10    0.04    0.60    0.96    0.53    0.61    0.40    0.37    0.31    0.72    0.42    0.19    1.18    1.20
PSATCAN    -20.21  -42.85   16.68   18.91    6.05    0.06    0.00    0.00    0.06    6.55    5.34    2.10   11.12   15.42    7.71   12.68   23.00   21.84   47.97    1.51   25.95    7.94   21.43    5.97    1.79   21.76   18.30    4.76    2.86    6.56    6.79    2.11    6.66    0.87    0.04    0.22    0.73    0.35    1.14    3.86    0.64    0.78    2.00    2.74    0.20    1.62    0.82
PSATSAC    -19.64  -42.85   13.44   10.81    1.75    0.00    0.01    0.00    0.02    1.36    2.91    2.24    7.36   27.88   18.32   14.75   18.48   22.84   79.37   14.92   44.68   27.39   57.45   13.19    8.49   12.82   23.38    3.42    5.08    4.68    0.94    0.29    6.89    0.61    0.01    0.36    1.03    0.31    1.04    1.24    0.76    0.90    0.86    2.09    0.34    2.51    0.92
PSATPES    -19.12  -42.66   13.10    5.96    0.63    0.00    0.00    0.00    0.02    0.13   12.03    0.46    2.54   18.79   15.97   16.12   13.72   25.76   49.74   17.61   24.21   92.70   46.85   11.43    4.91    7.45   24.14    5.49    4.11    3.00    0.22    1.86    4.85    0.47    0.04    0.77    0.47    0.19    0.61    0.66    1.79    0.60    0.47    0.92    0.49    1.64    2.37
PSATMAS    -19.50  -40.92   14.47    3.31    0.36    0.07    0.00    0.00    0.00    8.16    4.90    1.04    2.84   15.40   10.29   18.25   14.91   15.56   45.89   19.55   24.78   65.86   40.29    2.78    0.86    5.33   17.33    3.59    3.93    2.47    0.78    5.10    2.30    0.43    0.21    1.16    0.40    0.51    1.48    0.66    1.05    0.55    0.56    0.48    0.85    0.77    1.25
PSATSBR    -23.37  -45.87   68.53   30.11    3.23    2.52    0.11    4.08    7.07    7.75    3.10    4.36    5.44    5.75    2.52   14.14   16.06    7.17    7.46    0.36    0.18    0.86    1.62    0.90   53.92   21.56   20.23   26.27    6.02    1.42   18.09   11.70   11.15    7.40    7.15    2.70    2.30    6.70    3.93   16.66   11.58    6.35    6.23    9.41    4.50    2.18    5.07
PSATJAG    -23.20  -46.03   59.42   11.45    7.71    4.60    0.02    1.87   10.48    1.88    0.77    4.96    9.38    4.72    2.37   22.45   18.25    9.81    5.34    0.14    0.02    0.76    0.60    0.98   61.46    2.50   14.82   25.62    5.33    0.82   18.33    7.75   13.38    6.87    5.81    4.26    3.08    4.73   13.34   11.93   14.80    8.24   24.93    9.12    7.90    7.11    7.05
PSATFUNI   -22.53  -44.57   53.40   24.30   10.24    3.31    0.01    1.12    5.06    4.81    1.17    6.73   10.76    8.83    3.02   21.19   18.98    9.22   10.23    0.18    0.19    1.78    1.31    3.12   52.69   33.58   33.87   36.85    6.59    2.55   16.13   11.71   12.20   10.09    6.96    3.11    1.63    2.81    7.05   10.56   10.51    7.52   12.86   11.18    7.01    3.07    4.08
PSATSACE   -22.48  -43.84   16.56   23.57    7.62    2.10    0.00    3.74    1.07   14.59    2.85    6.10   15.42   11.04    6.02   25.15   18.14    5.48   15.86    0.08    0.61    5.97    2.71    5.78   13.33   54.73   30.75   14.03    6.37    9.98   17.68   18.00   12.25    6.14    6.97    1.40    0.58    2.37    6.71   21.39   13.17    1.51    3.40    7.75    4.94    0.23    9.17
PSATPIC    -21.91  -43.54   14.31   14.63   15.53    0.42    0.00    0.26    0.74   11.93    2.34    6.73   12.78    9.64    7.63   25.69   15.27    5.15   15.44    0.03    4.41   12.92    5.34    4.41    5.22   45.17   23.80   12.74    7.74   15.37   18.01   17.50   10.16    4.70    1.59    0.02    0.73    0.87    2.90   13.00    8.42    0.67    2.90    8.79    1.40    0.76   10.07
PSATSOGI   -21.94  -43.36   14.62   25.48   11.50    1.00    0.00    0.06    0.56    8.56    4.85    5.97    9.42   10.96   10.31   17.62   18.21    7.88   27.36    0.23   10.65   15.69   13.36    4.31    2.74   60.48   25.50   12.26    4.91   16.16   21.76   14.39    9.54    6.27    0.24    0.31    1.99    0.87    2.90    9.67    2.33    0.92    4.38   14.01    0.14    2.21    7.87
PSATIPSI   -21.84  -42.58   21.72   25.65    9.53    0.71    0.00    0.45    0.77    8.90    2.42    4.53   11.72   13.38    6.84   14.77   13.43    6.73   20.37    0.22    5.32   14.46   11.47    4.69    4.78   53.13   23.01   11.29    5.32    9.74   16.05    5.54    6.58    2.16    0.49    0.06    1.35    2.07    4.05    9.77    3.34    1.73    2.00    7.20    0.57    1.05    5.70
PSATTCLJ   -22.69  -43.83   24.18   39.56    2.30    3.80    0.00    2.71    8.45   13.10    4.31    2.25    7.27    6.29    2.28   13.05   13.34   11.36    5.46    0.00    0.02    3.52    2.01    3.48   15.59   33.48   26.75   13.57    8.42    0.93   10.38    1.53    0.15    0.14    4.36    0.66    0.70    3.46    7.69   23.25    8.15    0.95    3.57    8.61    0.67    0.00    6.13
PSATBIGU   -25.51  -53.67   19.09    9.78    1.12    4.52   43.01   23.77    0.95    1.38    0.90    2.77    8.90    1.29    7.88   15.59    1.43    0.53    0.00    0.00    0.00    0.00    0.01   21.90    0.01    0.00    0.00    0.09    2.18   10.98   14.00   13.89    3.38    0.81    1.30    5.41   15.77    7.13    4.68    6.52    5.86    1.40    3.79    6.02   15.88   26.08   16.70
PSATBRAU   -21.45  -42.41   14.18   18.99   13.18    0.08    0.00    0.01    0.25   12.74    9.27    3.45   12.19   12.59    9.60   20.70   30.01   19.64   56.39    0.59   10.23    8.51   24.08    6.13    0.79   35.98   14.74    6.00    2.74   10.00   19.91    4.08    6.40    0.91    0.08    0.02    0.23    0.54    2.05    7.65    0.33    0.73    1.78    6.91    0.11    0.95    1.34
PSATSUIC   -20.08  -40.58    5.53    2.39    0.52    0.07    0.00    0.00    0.01    6.00    1.07    3.85    6.47   18.24   13.04   12.41   15.01    6.39   40.51   26.73   44.46   17.49    7.08    2.75    0.43    7.80   16.28    9.05    4.24    2.26    0.63    2.73    0.76    0.08    0.38    2.17    0.11    0.32    2.23    1.13    2.69    0.67    1.22    1.10    2.56    2.04    4.82
PSATJRI     -9.30  -64.70   14.36   17.95    7.91   11.24   12.43   14.67   11.70   10.05    7.42   13.02   12.54    8.69    8.49   11.04   12.85    4.76   15.20    1.71    7.06    5.42    5.06   34.72    6.13    0.77    6.36    6.46    5.75    3.87    5.46    9.84    7.75    4.53    9.40    9.04   15.88    9.44    7.73    3.57    2.39    3.74    5.23    3.66    1.84   13.67    6.67
PSATBENI   -14.59  -67.53   25.39    7.78    5.52    7.04   23.72   15.85    9.82    8.72    7.65    8.95    7.20    4.47    7.42    9.38    9.58    4.69   10.14    3.02    4.78    7.78    9.25   48.27    2.40    3.03    2.26    6.42    7.54    4.26    6.15   14.16   10.46    9.10   14.82   11.57   11.87    6.15    4.28    4.96    5.26    9.56    5.98    3.96   14.78   23.18    8.68
PSATEPB    -12.42  -64.42   12.77    4.41    3.91    6.63   22.91    9.07    7.58    3.69    4.58    7.30    5.27    6.85    9.36   15.26    7.22    8.38    9.91    1.26    5.55    5.66    7.03   15.03    0.49    0.03    0.20    0.65    0.98    2.04    6.50    6.53    3.99    3.92    8.38    6.10    5.43    4.30    2.54    2.58    2.57    3.79    4.33    1.55    9.81    3.17    2.16
PSATEGM    -10.79  -64.35   19.01    5.72    5.00    7.00   28.09   14.49    5.91    2.83    3.76    9.31    6.85    5.38    8.33   14.77    8.82   13.54    8.24    2.14    2.91    4.91   13.02   29.30    1.89    0.53    1.07    3.48    2.59    5.81    6.45   10.63    6.75    6.77   15.62    7.78    8.12    5.22    4.05    2.69    5.23    6.28    4.08    2.61   15.15    7.85    1.83
PSATSTOA    -8.79  -63.95    0.74   12.76    4.58   30.80   17.10    5.66   10.94    7.43    7.35   18.78   16.19   19.19   18.31   23.43   10.32   11.71   17.73    1.29    2.09    2.60    8.33   40.74   20.89    5.55   10.18    6.74    5.38    2.82    5.28   10.21    8.39    6.51    8.55   16.32   15.36    9.73   14.70    4.65    8.94    5.10    6.29    6.69    3.68   13.18   13.90
PSATENC     -9.90  -66.62    4.35   12.93    5.81   10.35   22.91   15.18   11.31    4.78    5.13   15.62    9.83    9.27    3.55   12.03   15.60    4.50   20.04    0.65    4.51    5.14   10.92   26.19    6.59    0.58   10.31    9.61    4.75    1.25    7.97    6.77    6.47    2.54    7.28    9.44   10.91    8.63    9.37    4.52    2.87    1.29    8.03    4.38    2.19    9.52   10.27
PSATAMY1   -11.71  -70.63    7.62   10.19    5.11   10.59    7.45    5.15    3.75   11.15   16.28   17.80   17.44   10.42    7.87   11.51   19.06    7.88   23.38    0.46   11.44    5.14    2.76   10.36    9.93    1.19    7.52   10.40    7.26    4.44    7.12   12.25    6.94    4.70    7.58    8.11   19.86   13.20    8.01    5.49    2.87    1.27    4.53    1.46    1.79   11.75   13.43
PSATAMY2   -12.37  -71.17   10.22   12.57    9.89   13.42    9.54    9.28    9.85   12.11   15.49   22.69   12.17   13.10   13.14   14.40   21.92    8.70   21.20    0.96    6.89    7.14    7.25   13.04   15.90    2.73    5.49    6.05    7.45    4.85    5.83   23.15   10.84   10.35   15.50   14.42   29.49   12.70    7.44    7.93    5.22    4.92    9.02    4.33    4.92   14.97   27.79
PSATAMY3   -13.75  -70.18   28.98   31.27   13.69   29.08   19.89   11.56   12.22   11.20   10.71   10.05    5.48   13.65    8.72   17.29   10.83    4.98   12.56    6.84    9.15    6.79   15.58   52.33   16.98    2.92    5.69    8.42   13.15   15.89   11.25   14.57   16.98   13.04   20.39   13.01   15.29    7.60    5.34    4.08    4.76    9.80    6.25   10.55    6.71   22.76   28.79
PSATAMY4   -13.45  -69.47   25.85   16.51   10.21   11.25   12.28    8.00    9.56   11.03    9.53   11.56   10.71   10.80    5.14    8.26    7.16    2.52   20.88    1.43    3.47    3.80    6.89   42.76    4.75    0.67    4.24    2.93    6.01   11.07    3.30   12.49    9.53   10.06   14.44    8.27   20.85   17.32   10.29    3.99    2.46    4.88    5.34    3.13    4.16   18.19   14.77
PSATJRN    -13.37  -59.01    5.23    8.94   10.60    1.64    9.41   14.28    7.10    6.82    6.72    1.60    2.43   12.82    8.54   20.90    7.10    1.51    9.85    0.25    8.61   10.48   20.85   19.97    0.21    0.00    0.01    0.69    1.06    2.13    4.62    2.60    4.36    4.93    5.20    4.67    2.49    2.22    1.46    2.40    3.40    7.11    5.25    5.57   10.18   10.86    7.28
PSATAPI    -10.34  -56.98    7.95   12.26   23.64    4.34    6.24    3.94    9.61    2.09    5.33   13.34    4.96    9.01    6.88   12.21   18.53   18.84    8.33    2.81    3.60    8.21   18.33   31.34   23.31   19.43   20.03    7.29    5.14    7.29    6.55    8.22    8.87   11.91   11.68   13.76    6.89    2.41   20.83    8.23    6.22    2.99    3.39    9.66    4.00   27.73    6.11
