PSATAGV    -19.89  -50.35   10.32    6.11    9.32    4.44    0.35    8.86    0.96    0.04    0.26    1.38   20.95    0.82    0.07    0.01    0.00    0.00    0.00    3.64    0.46    0.13    2.39    0.00    0.30    0.59    0.01    0.00    0.00    0.00    0.00    0.00    0.00    0.00    0.00    0.00    0.00    0.00    0.00    0.00    0.01    0.00    0.00    0.00    0.00    0.00    0.00
PSATCMG    -21.28  -44.63    0.97    0.30    4.40    0.87    0.19    1.80    2.04    0.80    0.18    5.49   32.33    9.59    0.97   19.11   26.32    0.75    0.73    1.18    1.42    0.53    0.44    0.00    7.44   48.23    0.01    0.00    0.19    0.58    0.04    0.00    0.00    0.00    0.00    0.01    0.00    0.00    0.07    0.81    0.86    0.38    0.24    0.00    0.01    0.00    0.15
PSATCES    -20.25  -48.16    8.71    4.45    9.31    5.99    1.35    4.36    0.81    0.56    0.08    2.70   33.33    5.36    0.04    0.23    1.80    0.02    0.00    2.56    0.43    0.02    0.79    0.00   12.36   21.76    0.01    0.00    0.00    0.00    0.00    0.00    0.00    0.00    0.00    0.00    0.00    0.00    0.00    0.00    0.03    0.05    0.00    0.00    0.00    0.00    0.01
PSATELC    -21.60  -46.95    1.22    6.00   12.15    1.55    1.44    7.38    0.83    1.04    0.08    2.84   18.81   10.78    0.08    1.28    6.35    0.01    0.01    2.31    0.69    0.24    1.45    0.03    2.72    9.47    0.54    0.00    0.01    0.02    0.00    0.00    0.00    0.00    0.00    0.00    0.00    0.00    0.00    0.10    0.24    0.33    0.01    0.00    0.00    0.00    0.03
PSATFUN    -21.14  -45.04    0.94    0.24    9.87    1.19    0.53    2.42    1.59    0.23    0.14    4.75   26.83    8.69    0.72   22.36   20.33    0.74    0.45    1.54    0.71    0.11    0.98    0.00   11.85   42.21    0.02    0.01    0.14    0.24    0.01    0.00    0.00    0.00    0.00    0.00    0.00    0.00    0.01    0.10    0.07    0.35    0.03    0.00    0.01    0.00    0.02
PSATFUR    -20.67  -46.32    1.83    1.30    7.75    3.57    1.38    4.97    0.70    0.23    0.12    4.33   20.70    9.82    0.21    7.30   11.98    0.40    0.15    1.57    0.79    0.15    0.58    0.00    9.14   15.76    0.04    0.00    0.02    0.06    0.00    0.00    0.00    0.00    0.02    0.00    0.00    0.00    0.00    0.02    0.10    0.43    0.01    0.00    0.00    0.00    0.01
PSATMRB    -20.30  -49.18   13.07    6.20   11.95    3.82    1.02    6.09    0.72    0.18    0.31    2.71   24.64    3.04    0.04    0.14    1.20    0.00    0.00    3.60    0.33    0.07    1.36    0.00    7.34   15.15    0.04    0.00    0.00    0.00    0.00    0.00    0.00    0.00    0.00    0.00    0.00    0.00    0.00    0.00    0.03    0.06    0.00    0.00    0.00    0.00    0.00
PSATPRG    -21.59  -45.67    0.73    4.48    9.17    1.39    1.41    3.51    0.43    0.69    0.09    4.34   20.98    9.68    0.40   11.22   14.45    0.14    0.11    1.29    0.74    0.32    1.55    0.14    1.79   22.53    0.27    0.06    0.03    0.10    0.01    0.00    0.00    0.00    0.01    0.04    0.00    0.00    0.05    1.21    2.87    0.23    0.04    0.01    0.00    0.00    0.09
PSATPAS    -21.02  -48.18    0.29    8.87   14.83    2.65    1.29    8.74    0.41    0.44    0.07    2.23   17.81    2.45    0.07    0.12    0.27    0.00    0.00    5.47    0.29    0.09    3.28    0.06   11.52   19.38    1.65    0.03    0.00    0.00    0.00    0.01    0.00    0.00    0.00    0.00    0.00    0.00    0.00    0.96    0.43    0.05    0.01    0.00    0.00    0.00    0.02
PSATPTB    -21.61  -45.49    0.78    1.35    5.93    1.10    1.01    1.97    0.48    0.61    0.12    3.08   22.44   14.44    0.48   20.57   19.56    0.08    0.32    1.87    0.58    0.26    1.39    0.00    4.48   36.47    0.02    0.01    0.07    0.11    0.02    0.01    0.00    0.00    0.00    0.05    0.00    0.00    0.01    0.63    1.22    0.74    0.05    0.01    0.00    0.00    0.01
PSATPTC    -20.00  -48.55   20.37    1.00    8.08    5.29    0.57    4.35    1.06    0.26    0.09    2.21   25.32    9.43    0.11    0.77    4.28    0.24    0.02    1.79    1.41    0.07    0.83    0.00    5.76    8.90    0.00    0.00    0.01    0.01    0.00    0.00    0.00    0.00    0.00    0.00    0.00    0.00    0.00    0.00    0.03    0.15    0.01    0.00    0.00    0.00    0.00
PSATFZA    -26.00  -51.65    0.94   30.15    0.04    0.03   49.42    4.98    0.83    0.85   17.55    0.47    2.93    0.10    0.03    0.30    0.06    0.00   11.60    1.58    0.02   30.17    0.50    0.01    0.21    0.13    0.08    0.00    0.00    0.00    0.20    1.66    0.21    0.43    4.77    7.49   13.86   43.77    2.67    0.33    0.72    0.07    2.75    0.04    6.99    2.90    0.00
PSATJSG    -25.78  -52.00    1.10   25.51    0.03    0.21   59.12    1.55    0.24    1.31   20.81    0.28    2.21    0.00    0.06    0.50    0.05    0.00   16.21    2.09    0.00   35.19    0.88    0.05    0.55    0.02    0.00    0.00    0.00    0.00    0.40    1.46    0.27    0.49    8.94   14.40   39.78   48.33    0.17    0.05    0.72    0.00    1.54    0.01   11.19    1.03    0.00
PSATSCX    -25.53  -53.48    2.88   37.05    0.01    0.47   62.69    1.14    0.16    0.55   22.09    0.08    0.53    0.00    0.10    0.42    0.31    0.00   24.05    1.24    0.00   30.66    0.64    0.04    0.27    0.00    0.20    0.00    0.00    0.00    1.06    1.25    0.31    0.35    8.71   20.53   61.62   45.13    0.24    0.05    0.27    0.00    1.38    0.01   11.31    1.20    0.00
PSATSCL    -25.49  -51.74    3.62   66.04    0.15    0.19   65.81    2.03    0.58    0.40   21.35    0.26    1.66    0.12    0.00    0.03    0.03    0.00    7.87    1.65    0.00   24.38    0.40    0.00    0.48    0.00    0.01    0.00    0.00    0.00    0.07    0.34    0.00    0.15    6.21    3.69    3.40   54.32    4.46    0.15    0.78    0.02    2.90    0.00   10.47    7.87    0.00
PSATUVT    -26.23  -51.08    0.58   34.47    0.33    0.01   21.58   17.53    1.38    0.46   14.54    1.31    4.74    2.06    0.26    0.17    0.10    0.00   10.66    0.99    0.17   19.01    5.16    0.01    0.66    2.27    0.50    0.00    0.01    0.01    0.01    1.84    1.04    0.32    1.53    0.87    1.03   48.06   18.80    3.46    1.36    0.12    2.66    0.08    2.62    8.33    0.00
PSATBSM    -24.19  -53.74    2.45   68.61    0.07    0.88   29.39    1.55    0.64    0.35    3.83    2.18    1.30    0.02    0.00    0.05    0.07    0.00   13.24    0.58    0.00   24.10    1.29    0.00    0.20    0.00    0.41    0.00    0.00    0.00    0.00    0.10    0.00    0.01    4.03    0.23    6.93   29.24    2.44    0.26    0.15    0.01    1.69    0.00    8.26    6.30    0.00
PSATFLE    -22.97  -54.56    5.15   11.13    1.66    5.52   33.38    2.19    0.05    1.10    9.41    4.31    0.00    0.00    0.00    0.04    0.00    0.00   20.81    0.14    0.00   20.78    0.21    0.00    0.01    0.00    0.00    0.00    0.00    0.00    0.00    0.00    0.00    0.00    0.65    0.90    1.39   16.71    1.09    0.00    0.00    0.00    0.21    0.00    1.80    4.47    0.00
PSATITP    -25.42  -54.58    5.79   28.06    2.59    3.14   28.36    1.50    0.06    1.52    5.42    5.37    0.73    0.00    0.05    0.14    0.05    0.08   19.69    0.33    0.00   24.80    0.76    0.01    0.09    0.00    0.02    0.00    0.00    0.00    0.28    0.73    0.01    0.02    6.60    4.42   22.24   26.51    7.61    0.54    0.00    0.02    0.83    0.00    4.23    2.56    0.00
PSATIVM    -22.38  -53.53   11.37   19.19   19.38    9.54   16.51    3.59    0.42    0.83    2.91   19.93    2.17    0.00    0.00    0.01    0.00    0.00   16.09    0.49    0.00   14.09    1.41    0.00    0.02    0.00    0.00    0.01    0.00    0.00    0.00    0.00    0.00    0.00    0.05    0.02    0.01   36.44   20.06    0.62    0.00    0.00    0.00    0.00    0.11    1.62    0.00
PSATPTQ    -23.18  -53.17    1.20   51.48    0.10    0.25   24.89    3.67    1.16    0.05    3.68    7.21    6.01    0.46    0.07    0.00    0.01    0.00    9.39    0.96    0.00   21.37    1.56    0.00    0.28    0.01    0.24    0.00    0.00    0.00    0.00    0.03    0.00    0.01    0.26    0.02    0.00   39.34   16.01    1.59    0.22    0.09    0.42    0.00    0.68    6.63    0.00
PSATCBI    -17.99  -48.54    0.18    5.87    0.77    1.74    1.50    1.09    0.61    0.82    0.27    0.10    0.35    5.79    6.35    6.21    2.41    0.58    0.27    8.25    0.09    0.37    0.24    0.04    0.09    0.16    0.00    0.00    0.00    0.00    0.03    0.01    0.02    0.00    0.00    0.00    0.00    0.00    0.00    0.00    0.00    0.00    0.00    0.00    0.00    0.00    0.00
PSATCBIV   -16.15  -48.67    0.12    7.13    1.56    1.78    2.79    1.26    1.04    1.10    0.62    0.02    0.00    1.11   10.43   11.37    2.11    0.71    0.69    6.41    0.11    0.42    0.16    0.05    0.19    0.00    0.00    0.00    0.00    0.00    0.02    0.00    0.01    0.00    0.00    0.00    0.00    0.00    0.00    0.00    0.00    0.00    0.00    0.00    0.00    0.00    0.00
PSATEMB    -18.45  -47.98    0.86    0.04    4.88    1.63    0.73    0.86    0.65    0.25    0.19    1.50    5.35    3.58    1.12    3.06    4.20    1.13    0.22    8.61    0.23    0.56    0.14    0.00    8.77    2.32    0.00    0.00    0.00    0.00    0.00    0.00    0.00    0.00    0.00    0.00    0.00    0.00    0.00    0.00    0.00    0.00    0.03    0.00    0.00    0.00    0.00
PSATIMBR   -18.42  -49.10    0.46    1.02    7.01    3.15    0.81    2.09    0.98    0.37    0.02    0.86   10.76    4.75    0.33    0.33    0.37    0.28    0.04    8.18    0.28    0.14    0.25    0.00    0.64    0.28    0.00    0.00    0.00    0.00    0.00    0.00    0.00    0.00    0.00    0.00    0.00    0.00    0.00    0.00    0.00    0.02    0.01    0.00    0.00    0.00    0.00
PSATNPTE   -19.13  -47.70    2.16    0.15    8.94    5.63    0.55    1.08    1.47    0.46    0.11    2.84   27.59    8.65    0.24    3.83    7.72    0.80    0.08    6.96    0.51    0.31    0.32    0.00    7.24    2.46    0.00    0.00    0.00    0.00    0.00    0.00    0.00    0.00    0.00    0.00    0.00    0.00    0.00    0.00    0.00    0.31    0.04    0.00    0.00    0.00    0.00
PSATARV    -18.07  -50.16    8.10   14.20    2.17    5.52    1.02    4.73    0.93    0.41    0.41    2.64    6.56    3.75    0.28    0.06    0.04    0.13    0.21   11.16    0.37    0.04    0.24    0.00    0.00    0.00    0.00    0.00    0.00    0.00    0.00    0.00    0.00    0.00    0.00    0.00    0.00    0.00    0.00    0.00    0.01    0.00    0.00    0.00    0.00    0.00    0.00
PSATSFC    -18.05  -47.68    0.26    0.89    1.83    0.85    1.65    1.62    0.65    0.51    0.53    0.25    0.02    1.45    6.74    7.34    3.52    0.82    0.56    5.60    0.11    0.72    0.23    0.04    0.49    0.05    0.00    0.00    0.00    0.00    0.01    0.01    0.02    0.00    0.00    0.00    0.00    0.00    0.00    0.00    0.00    0.00    0.04    0.00    0.00    0.00    0.00
PSATSSM    -19.02  -50.50    8.96    2.75    4.61    8.62    0.40    4.94    1.14    0.41    0.08    1.56   11.20    3.22    0.36    0.12    0.12    0.10    0.03    5.32    0.60    0.06    0.88    0.00    0.05    0.01    0.00    0.00    0.00    0.00    0.00    0.00    0.00    0.00    0.00    0.00    0.00    0.00    0.00    0.00    0.01    0.00    0.00    0.00    0.00    0.00    0.00
PSATCNI    -22.94  -50.52    0.20   16.54    7.15    8.40    0.99   15.53    0.13    0.02    0.00    9.35    9.03    0.80    0.37    0.24    0.00    0.00    3.74    2.27    0.28    3.90   11.40    0.05    1.59    1.67    0.58    0.02    0.00    0.00    0.00    0.00    0.00    0.00    0.00    0.00    0.00    0.00    2.19   15.41    2.92    0.04    0.00    0.00    0.00    0.86    0.42
PSATCPV    -22.65  -51.33    0.14   27.32   11.57    1.98    5.95    9.64    0.35    0.01    0.75   11.76   11.95    1.12    0.94    0.01    0.00    0.00   10.03    2.45    0.01   13.64    6.11    0.00    1.57    0.48    0.28    0.00    0.00    0.00    0.00    0.00    0.00    0.00    0.00    0.00    0.00    3.80   39.75   11.39    0.34    0.04    0.00    0.00    0.00    3.34    0.00
PSATCHT    -23.01  -49.73    0.02   30.93    1.33    0.00    2.36   13.31    0.31    0.05    3.45   10.65    9.41    1.41    0.88    0.20    0.00    0.00    3.63    2.47    0.10   11.39    7.04    0.01    7.82    1.03    0.19    0.01    0.00    0.01    0.01    0.00    0.00    0.00    0.00    0.00    0.00    0.09   28.12   21.86    0.71    0.10    0.02    0.00    0.00    7.00    0.05
PSATJUR    -23.22  -49.23    0.04   25.57    7.24    0.25    1.37   17.23    0.94    0.23    2.15    5.33   13.30    0.89    1.77    1.06    0.04    0.00    0.44    3.17    0.36    2.58    9.49    0.02    6.62    7.47    1.77    0.15    0.01    0.02    0.00    0.09    0.02    0.00    0.00    0.00    0.00    0.03    9.33   33.15    4.32    0.45    0.06    0.01    0.00    6.54    0.39
PSATMAU    -24.06  -50.71    0.60   49.38    0.16    0.00   15.22   24.02    1.00    0.01   12.80    3.20    2.69    2.18    0.31    0.00    0.00    0.00    7.08    1.14    0.02    5.34    3.78    0.00    0.73    0.10    0.10    0.00    0.00    0.00    0.00    0.07    0.00    0.00    0.07    0.00    0.00   34.15   25.15    2.86    0.45    0.14    0.65    0.00    0.09    9.14    0.00
PSATROS    -22.50  -52.87    1.14   21.68   14.63    0.17   14.79    4.11    1.77    0.00    0.01    8.33   13.45    0.66    0.06    0.00    0.00    0.00   14.47    1.83    0.00   18.39    3.27    0.00    0.19    0.14    0.57    0.00    0.00    0.00    0.00    0.00    0.00    0.00    0.00    0.00    0.00    4.48   18.85    5.84    0.15    0.00    0.00    0.00    0.00    0.82    0.00
PSATQMD    -16.21  -47.33    0.31    0.08    0.61    0.63    2.93    2.08    2.21    3.30    0.31    0.34    0.01    0.21   15.00    7.57    9.41    4.52    0.66    1.05    0.08    0.61    0.28    0.06    0.53    0.66    0.00    0.00    0.01    0.02    0.15    0.06    0.20    0.00    0.00    0.00    0.00    0.00    0.00    0.00    0.00    0.00    0.00    0.00    0.00    0.00    0.00
PSATRBX    -18.95  -44.76    0.61    0.09    5.63    2.68    0.73    2.33    1.23    0.23    0.12    5.71   11.89    3.92    7.17   37.81   21.38    1.09    0.70    1.14    0.29    0.10    0.20    0.08   22.10   28.07    0.32    0.00    0.03    0.04    0.00    0.00    0.00    0.00    0.11    0.00    0.00    0.00    0.02    0.00    0.02    0.35    0.03    0.02    0.00    0.00    0.01
PSATSFR    -15.93  -44.86    0.04    0.18    0.31    4.27    2.07    2.10    0.82    1.31    1.43    0.10    0.08    0.80   20.90   16.34    8.44    3.65    0.97    0.35    0.11    0.54    0.05    0.04    1.17    1.33    0.10    0.02    0.00    0.10    0.16    0.49    0.34    0.00    0.00    0.00    0.00    0.00    0.00    0.00    0.02    0.00    0.08    0.00    0.00    0.00    0.00
PSATSRM    -16.37  -45.07    0.38    0.03    1.97    1.52    1.15    1.88    0.72    0.68    0.27    0.86    1.22    1.44    6.88   21.77   14.69    1.49    0.93    1.58    0.11    0.42    0.09    0.14    6.67   10.07    0.49    0.01    0.00    0.00    0.02    0.11    0.17    0.01    0.06    0.00    0.00    0.01    0.01    0.02    0.04    0.09    0.09    0.01    0.00    0.00    0.00
PSATTMR    -18.16  -45.27    1.79    0.13    4.58    8.22    0.57    2.83    1.31    0.22    0.33    5.04   12.12    5.41    3.25   17.61   14.82    1.09    0.37    4.79    0.28    0.12    0.17    0.02   20.25   16.10    0.01    0.01    0.00    0.01    0.00    0.00    0.00    0.00    0.07    0.00    0.00    0.00    0.01    0.00    0.00    0.43    0.02    0.01    0.00    0.00    0.00
PSATBOQ    -11.35  -43.83    0.64    0.20    0.20    0.34    0.72    1.02    1.09   10.21   13.92    2.35    1.19    3.26    3.13    0.80    0.06    0.00    0.01    0.03    0.01    0.06    0.00    0.00    0.97    1.77    2.96    0.98    2.80    0.86    0.57    0.11    0.02    0.00    0.02    0.00    0.00    0.00    0.03    0.00    0.00    0.00    0.01    0.01    0.00    0.00    0.00
PSATBBO    -22.52  -48.55    0.14   17.77    9.22    0.79    2.11   14.24    0.66    0.16    0.15    3.44   16.27    1.74    0.82    0.21    0.87    0.03    0.00    3.22    0.40    0.84    4.59    0.46    2.11   25.95    3.21    0.32    0.01    0.02    0.00    0.00    0.00    0.00    0.00    0.00    0.00    0.00    0.72   16.61    6.09    0.22    0.00    0.00    0.00    0.59    1.31
PSATESZ    -23.46  -46.91    0.49   23.79   17.60    0.56    4.95   22.69    4.04    1.37    0.53    8.41   24.87    6.38    4.56    1.44    1.40    0.15    0.01    3.55    1.94    0.88    1.92    4.62    4.15   79.53   11.60    1.86    0.23    0.22    0.00    0.04    0.06    0.00    0.00    0.00    0.00    0.00    2.53   42.44   19.46    3.55    0.40    0.00    0.00    2.62    3.02
PSATIBT    -21.76  -48.99    0.24   11.27    8.02    8.06    1.01   13.30    0.10    0.10    0.04    3.78    9.81    0.52    0.09    0.02    0.01    0.00    0.05    6.91    0.27    0.64    7.93    0.00    5.31    5.26    1.97    0.04    0.00    0.00    0.00    0.00    0.00    0.00    0.00    0.00    0.00    0.00    0.00    1.68    0.73    0.01    0.00    0.00    0.00    0.01    0.19
PSATNAV    -21.12  -50.20    0.56   11.55   14.00    6.79    0.50   10.71    0.50    0.07    0.07    3.01   11.38    0.64    0.05    0.01    0.00    0.00    0.24    6.97    0.16    0.22    6.14    0.01    2.94    4.38    0.33    0.02    0.00    0.00    0.00    0.00    0.00    0.00    0.00    0.00    0.00    0.00    0.00    0.10    0.00    0.00    0.00    0.00    0.00    0.00    0.00
PSATSME    -13.40  -48.30    0.54    2.07    0.94    0.81    1.92    4.68    0.78    3.09    2.81    0.23    0.21    6.86   14.80   10.07    1.99    0.29    2.05    1.34    0.05    0.15    0.10    0.01    0.11    0.14    0.00    0.00    0.00    0.08    0.26    0.16    0.04    0.00    0.00    0.00    0.00    0.00    0.00    0.00    0.00    0.00    0.00    0.00    0.00    0.00    0.00
PSATBGR    -27.78  -51.20    0.00    0.08    0.15    0.08    6.95    6.27    0.15    1.15   13.34    0.20    0.73    0.17    1.73    4.38    0.45    0.08    9.85    3.60    0.03   28.81    6.68    0.74    0.09    0.25    0.00    0.00    0.00    0.00    1.64    1.32    0.15    4.37    5.58   16.92   68.13   49.46    0.23    0.71    3.08    0.01    0.09    0.02    6.66    0.01    0.00
PSATCNV    -27.60  -51.33    0.01    0.54    0.06    0.03    2.34    8.54    0.54    0.84    6.72    0.38    2.53    0.06    0.73    3.66    0.57    0.06    9.26    2.14    0.08   34.91    2.91    0.42    0.24    0.09    0.00    0.00    0.00    0.00    0.30    1.28    0.78    2.04    4.67   15.33   51.24   28.12    0.60    0.87    2.67    0.02    0.34    0.17    4.43    0.00    0.00
PSATFCH    -27.14  -53.04    0.00    1.67    0.00    0.92   13.15    2.00    0.01    2.88   11.04    0.00    0.00    0.01    1.77    3.52    0.51    0.00   17.96    1.38    0.14   34.00    1.51    0.31    0.00    0.00    0.04    0.00    0.00    0.00    3.01    0.47    0.12    2.32   12.89   25.50   82.46   33.74    0.00    0.02    0.11    0.00    0.35    0.00   14.21    0.05    0.00
PSATITA    -27.27  -52.38    0.00    2.53    0.02    0.44    6.26    4.66    0.15    1.86   11.14    0.14    1.40    0.06    1.13    3.17    0.42    0.01   14.84    2.64    0.09   34.31    2.52    0.51    0.05    0.05    0.02    0.00    0.00    0.00    1.16    1.47    0.51    1.58    5.72   17.50   65.29   34.24    0.27    0.17    1.27    0.00    1.05    0.02   10.17    0.01    0.00
PSATMCD    -27.52  -51.78    0.00    0.04    0.06    0.35    4.16    1.24    0.02    2.92   10.43    0.01    0.01    0.11    2.54    7.72    0.48    0.05   17.88    4.13    0.08   28.12    2.62    0.51    0.00    0.00    0.00    0.00    0.00    0.00    1.95    1.14    0.11    1.40    8.99   27.74   74.39   36.99    0.11    0.85    0.89    0.00    0.18    0.00   10.59    0.00    0.00
PSATMOJ    -27.35  -52.73    0.00    0.12    0.00    0.62    5.93    0.21    0.00   10.06   10.61    0.00    0.00    0.09    2.11    2.19    0.17    0.02   18.77    1.64    0.09   21.50    1.51    0.14    0.00    0.00    0.00    0.00    0.00    0.00    6.28    0.69    0.02    3.08   13.87   28.87   76.39   18.97    0.00    0.02    0.02    0.00    0.44    0.00   17.49    0.00    0.00
PSATQQX    -26.66  -52.54    0.12    9.28    0.00    1.05   19.61    3.62    0.04    0.90   15.35    0.25    1.31    0.01    0.39    1.12    0.18    0.00   21.37    2.29    0.01   31.91    2.20    0.49    0.35    0.02    0.06    0.00    0.00    0.00    1.13    2.13    0.93    1.17    3.02   25.13   81.22   49.13    0.02    0.09    1.14    0.00    1.27    0.17   11.52    0.02    0.00
PSATPSJ    -28.14  -55.05    0.00    0.17    0.00    0.78   11.11    0.01    0.00    9.84    0.00    0.00    0.00    0.13    1.36    2.65    0.11    0.12   10.31    2.77    0.00    8.62    1.26    0.13    0.01    0.00    0.00    0.02    0.00    0.00   10.67    0.01    0.00    1.81   14.90   16.33   23.42    0.95    0.00    0.00    0.00    0.00    0.08    0.82   23.37    0.00    0.00
PSATESP    -18.68  -51.87   11.50    5.61    4.34    4.09    0.90    1.81    1.91    0.04    3.14   10.15   13.44    0.05    0.05    0.00    0.00    0.02    0.41    4.84    0.08    0.43    1.82    0.00    0.00    0.00    0.00    0.00    0.00    0.00    0.00    0.00    0.00    0.00    0.00    0.00    0.00    0.00    0.00    0.03    0.00    0.00    0.00    0.00    0.00    0.00    0.00
PSATSRC    -19.16  -50.76   22.17    7.18    6.60    6.58    0.88    6.13    2.10    0.24    5.06   13.59    9.69    0.52    0.33    0.00    0.00    0.00    0.17    4.43    0.12    0.67    2.96    0.00    0.00    0.00    0.00    0.00    0.00    0.00    0.00    0.00    0.00    0.00    0.00    0.00    0.00    0.00    0.01    0.02    0.00    0.01    0.00    0.00    0.00    0.00    0.00
PSATFRCL   -19.12  -50.64   27.87    8.67    3.94    4.76    1.09    5.62    1.06    0.33    3.09   18.19   18.31    1.05    0.49    0.00    0.01    0.02    0.18    4.46    0.34    0.29    2.70    0.00    0.01    0.00    0.00    0.00    0.00    0.00    0.00    0.00    0.00    0.00    0.00    0.00    0.00    0.00    0.02    0.01    0.02    0.00    0.00    0.00    0.00    0.00    0.00
PSATISOT   -20.40  -51.35    9.96    6.09    7.87    9.80    0.35   10.60    1.22    0.07    0.83    7.09   12.71    0.70    0.35    0.00    0.00    0.00    0.53    3.09    0.16    0.17    8.34    0.00    0.02    0.07    0.01    0.01    0.00    0.00    0.00    0.00    0.00    0.00    0.00    0.00    0.00    0.00    0.02    0.03    0.00    0.00    0.00    0.00    0.00    0.00    0.00
PSATJUP    -20.86  -51.63   12.17    6.73    3.76   13.45    1.91    9.86    1.84    0.19    1.10    8.37   15.83    0.56    0.02    0.00    0.00    0.00    0.27    2.46    0.17    1.53    7.35    0.00    0.01    0.00    0.01    0.00    0.00    0.00    0.00    0.00    0.00    0.00    0.00    0.00    0.00    0.00    0.09    0.02    0.02    0.02    0.00    0.00    0.00    0.00    0.00
PSATSDG    -20.06  -53.18    8.43    3.93    2.05    9.38    9.01    9.32    1.46    0.35    0.85    5.28    2.70    0.12    0.00    0.00    0.00    0.00    0.07    1.12    0.19    1.23    2.91    0.00    0.01    0.00    0.00    0.00    0.00    0.00    0.00    0.00    0.00    0.00    0.00    0.00    0.00    0.00    0.96    0.01    0.01    0.00    0.00    0.00    0.00    0.00    0.00
PSATFZBT   -21.66  -52.87   12.51   11.03    6.65   10.58   15.08    8.90    0.84    0.55    0.79   12.93   10.86    0.01    0.00    0.00    0.00    0.00   10.75    0.89    0.08    4.37    4.07    0.00    0.07    0.00    0.00    0.00    0.00    0.00    0.00    0.00    0.00    0.00    0.00    0.00    0.00    2.05   18.76    1.78    0.01    0.00    0.00    0.00    0.00    0.00    0.00
PSATPPRA   -22.46  -52.91    1.47   12.12   25.36    6.47    4.11   12.07    1.02    0.05    0.02    7.53    9.55    0.45    0.16    0.01    0.00    0.00    8.94    4.11    0.02    2.63    9.58    0.01    0.21    0.34    0.28    0.01    0.00    0.00    0.00    0.00    0.00    0.00    0.00    0.00    0.00    0.00    3.79    2.35    0.30    0.00    0.00    0.00    0.00    0.02    0.01
PSATBTE    -13.69  -50.80    5.12    8.81    0.99    2.37    1.56    3.94    0.68    1.35    2.33    1.88    2.09    1.23    1.93    0.17    0.00    0.03    0.36    2.75    0.25    0.03    0.36    0.00    0.00    0.00    0.00    0.00    0.00    0.00    0.06    0.05    0.00    0.00    0.00    0.00    0.00    0.00    0.00    0.00    0.01    0.00    0.00    0.00    0.00    0.00    0.00
PSATARAG    -8.27  -49.26    4.67    4.15    0.45    2.02    2.19    4.64    1.37    5.24    4.44    6.75   20.86   15.27   13.32    2.37    0.36    0.15    0.31    0.57    0.28    0.49    0.48    1.09    0.24    0.01    0.02    0.11    0.25    1.20    0.71    0.58    0.18    0.02    0.01    0.06    0.04    0.02    0.04    0.04    0.01    0.00    0.02    0.71    0.09    0.00    0.00
PSATLAJ     -9.76  -48.37    0.41    0.55    0.04    0.27    2.84    3.58    0.91   12.35    8.72    1.54   11.64   30.32   12.88    2.95    0.81    0.12    0.09    0.19    0.02    0.23    0.06    0.12    1.57    0.25    0.11    0.11    0.13    1.03    0.36    0.18    0.14    0.00    0.00    0.00    0.00    0.00    0.00    0.00    0.00    0.00    0.03    0.02    0.00    0.00    0.00
PSATPTRL    -9.31  -47.39    0.51    0.34    0.00    0.51    1.13    4.54    1.08    8.02    7.79    1.06    8.78    9.56    3.95    0.66    0.18    0.04    0.08    0.07    0.07    0.20    0.10    1.10    5.22    0.59    4.26    1.16    1.23    1.36    0.30    0.35    0.14    0.00    0.03    0.00    0.00    0.00    0.18    0.03    0.00    0.00    0.62    0.05    0.00    0.00    0.00
PSATLJET    -7.33  -47.48    0.63    0.51    0.13    5.66    5.49    7.36    5.63    3.32    2.27    1.61    3.14    8.46    0.67    0.80    0.76    9.85   11.00    1.53    0.95    3.48    5.49    7.26    4.18    0.92    4.70    3.80    3.43    4.69    1.30    0.73    0.24    0.04    0.22    0.07    0.18    0.53    0.76    0.60    1.11    0.21    3.78    0.41    0.00    0.00    0.01
PSATUCR     -3.83  -49.65    1.80    4.97    1.81   18.24   12.99    8.96    2.57    3.95    2.41   14.83   10.84    3.71    1.25    0.59    1.35   20.28    7.44    6.95    1.28    2.15    4.79    5.18    6.97    2.00    5.46    4.57    2.73    7.25    1.16    1.87    0.90    0.16    1.61    1.55    1.92    0.48    5.85    4.66    8.21    2.29    4.01    2.25    0.28    0.10    0.12
PSATXIVJ   -29.07  -51.67    0.00    0.00    0.18    0.52    5.08    3.43    0.00    5.46   14.81    0.03    0.04    0.69    3.49    6.07    0.58    0.42   16.08    6.90    0.00   14.34   11.33    2.05    0.09    0.00    0.00    0.00    0.00    0.00    3.25    0.27    0.03    3.95    6.53   10.47   48.87   21.93    0.00    0.17    0.34    0.00    0.05    0.00   15.35    0.00    0.00
PSATDFRC   -29.45  -53.28    0.01    0.00    0.00    0.70    5.85    0.09    0.00    5.92    0.11    0.00    0.03    0.52    6.19    1.64    0.19    0.32   10.69    2.25    0.00    6.10    5.35    0.20    0.02    0.00    0.00    0.00    0.00    0.00    8.19    0.00    0.00    2.23   12.07   16.82   14.05    1.19    0.00    0.00    0.00    0.00    0.07    0.26   21.75    0.02    0.00
PSATREAL   -29.02  -53.19    0.00    0.00    0.06    0.51    5.46    0.86    0.00   17.20    1.34    0.00    0.04    0.23    2.56    1.45    0.18    0.17   14.43    2.00    0.02    9.43    3.60    0.22    0.02    0.00    0.00    0.00    0.00    0.00    5.86    0.04    0.00    2.44    9.08   21.01   41.56    2.61    0.00    0.00    0.01    0.00    0.13    0.04   23.52    0.00    0.00
PSATCTAV   -29.01  -51.39    0.00    0.06    0.04    0.12   13.60    3.68    0.00    1.34   11.41    0.00    0.02    0.51    3.81    6.20    0.62    0.31   11.99   11.18    0.04   12.06   17.91    2.93    0.20    0.16    0.00    0.00    0.00    0.00    3.17    0.12    0.20    5.56    7.83    5.18   39.20   34.46    0.00    0.01    1.73    0.02    0.02    0.00   12.13    0.00    0.00
PSATERNT   -28.56  -52.54    0.00    0.00    0.05    0.34    3.10    0.51    0.00   11.90   10.35    0.00    0.00    0.22    2.73    4.05    0.15    0.11   16.91    2.50    0.05   17.88    2.81    0.34    0.00    0.00    0.00    0.00    0.00    0.00    4.05    0.56    0.03    1.91    9.52   19.78   63.87   16.59    0.38    0.03    0.03    0.00    0.76    0.00   18.54    0.00    0.00
PSATSTPL   -27.14  -49.52    0.04    1.82    0.28    0.04    1.00    4.28    1.34    0.47    3.78    0.45    5.89    0.02    0.02    1.44    0.20    0.02    5.19    0.87    0.05   34.92    2.00    0.07    0.08    0.11    0.01    0.00    0.00    0.01    0.02    2.76    0.44    1.30    4.67    8.64   11.42   23.76    3.86    0.77    3.22    0.02    0.51    0.30    2.30    0.00    0.00
PSATCVCH   -25.14  -48.87    0.43   48.60    0.55    0.10   10.12   58.71    2.37    0.56   12.99    3.52    5.00   10.21    1.11    0.00    0.00    0.02    8.44    0.72    0.58    1.37    8.90    0.00    1.88    6.56    1.02    0.00    0.03    0.02    0.02    0.37    0.06    0.00    0.00    0.43    0.00    7.78   32.96    6.68    3.17    0.40    2.35    0.31    0.00   17.76    0.00
PSATAMY    -12.60  -69.12    6.44    3.72    7.88    6.08    7.29   13.91   17.63    2.86   10.86    8.60    7.21    1.45    0.97    0.55    0.36    1.12    2.89    2.30    1.55    1.62   10.38    0.51    0.30    0.26    0.07    0.48    1.55    5.38   10.20   11.90    2.13    1.43    2.09    1.51    3.29    1.83    5.69    1.30    0.40    0.11    0.43    0.85    2.89    5.58    2.13
PSATGJR    -10.73  -65.35    9.29    2.53    2.68    3.46    9.70    8.20    1.86    2.04    5.41    2.88    1.06    0.46    0.35    0.07    0.03    0.61    0.47    0.34    0.82    1.91    2.82    0.06    0.00    0.00    0.01    0.03    0.65    2.80   10.67    4.86    0.40    0.59    0.61    1.27    3.89    8.31    2.64    0.03    0.03    0.03    0.01    0.10    2.17    1.59    0.16
PSATPRNC   -12.43  -64.43    6.44    1.70    0.97    1.23    7.38   14.02    1.42    1.22    3.17    4.56    0.68    0.00    0.00    0.00    0.00    0.04    0.72    0.34    0.50    1.73    2.47    0.00    0.00    0.00    0.00    0.06    1.24    2.43    3.76    1.61    0.29    1.09    0.33    0.71    0.67    1.25    1.28    0.00    0.00    0.00    0.00    0.03    0.43    0.50    0.06
PSATSANT    -8.87  -63.97    0.44    5.61    6.59    4.75    9.93   11.10    9.06   10.45    9.68    5.08   13.44    0.28    0.00    0.00    0.00    0.01    0.62    4.10    4.60    1.16    3.39    0.00    0.00    0.00    0.00    0.45    5.80    3.95    1.89    0.55    3.42    4.22    0.92    3.05    1.01    1.73    3.15    0.07    0.00    0.00    0.00    0.16    0.23    0.61    0.00
PSATDARD   -10.16  -59.46   33.81   10.48    3.86    7.33    1.71    4.28    4.00    2.99   11.08    2.70   15.17    0.21    0.00    0.00    0.00    0.21    0.90    0.05    0.16    1.50    1.72    0.00    0.00    0.00    0.00    0.55    1.07    0.62    0.02    1.86    1.87    2.31    0.69    1.21    0.69    0.67    0.47    0.00    0.00    0.00    0.00    0.03    0.00    0.10    0.00
PSATGUAP   -15.12  -58.96    3.55    7.94    2.05    3.58    8.03   18.04    0.32    1.00    2.61    9.14    2.81    0.00    0.00    0.00    0.00    1.27    2.98    0.69    0.02    0.76    5.80    0.00    0.00    0.00    0.00    0.00    1.83    0.46    0.00    0.00    0.03    0.34    0.00    0.43    0.27    1.37    1.62    0.00    0.00    0.00    0.00    0.00    0.00    0.00    0.00
PSATJIRA    -9.25  -64.65    6.10    2.03    2.39    2.96    9.10   13.24   12.78    3.91    8.62    8.52    3.56    0.79    0.48    0.20    0.05    0.61    1.58    0.69    0.94    0.77    9.92    0.32    0.05    0.00    0.01    0.09    1.02    3.49    4.95   11.68    1.27    0.88    0.70    1.47    1.76    1.75    5.83    0.28    0.16    0.08    0.14    0.32    2.90    4.49    0.53
PSATROND   -11.99  -60.70    5.18    3.58    0.80    1.73    1.14    3.01    3.11    2.26    5.04    2.53   11.60    0.08    0.00    0.00    0.00    0.11    9.35    0.44    0.09    0.73    1.83    0.00    0.00    0.00    0.00    0.61    0.85    1.16    0.00    0.02    0.95    0.92    0.15    0.98    1.10    0.27    1.25    0.00    0.00    0.00    0.00    0.03    0.00    0.85    0.00
PSATSAMU    -8.75  -63.45    0.59    2.62    6.35    2.93    8.69    9.42    5.97    6.68    4.11    2.93    5.12    0.13    0.00    0.00    0.00    0.01    3.77    3.93    1.55    1.29    2.53    0.00    0.00    0.00    0.00    0.44    4.77    2.55    0.84    0.14    1.97    4.66    0.35    1.78    0.78    1.53    3.10    0.00    0.00    0.00    0.00    0.11    0.04    0.32    0.00
PSATBALB    -1.92  -59.47    9.17   15.12   12.83    4.50   12.90    7.74   12.13    4.01    7.48   12.34   11.26    3.26   19.19   30.62   10.26   13.44   31.92    9.05    6.50    6.68    7.10    8.51    7.77    7.23    7.07    5.29    8.29    7.84    5.19   15.71    2.20    3.59    3.67    3.09    8.66    7.82    7.37    8.90   16.46    8.25    4.90   11.42    1.94    1.58    1.50
PSATCUNA    -2.82  -54.30    1.50   20.81    7.78    8.94   16.40   13.44    4.84    4.77   13.50   11.42    1.48    1.97   15.81    9.90    6.21   29.71   13.53    5.65    8.08    2.55    6.90    5.66    5.66    7.35    4.43    2.40    4.53    2.25    5.50    6.13    1.16    1.28    3.25    2.87    4.13    2.81    8.51    5.82   14.80    5.88    2.18    5.67    0.37    0.24    0.03
PSATJARI    -0.65  -52.52    3.82    4.66   13.74   12.89    9.87    6.38    8.06    9.12   10.42    9.01   16.73   11.56   17.65    1.98    0.84    4.87   11.55   12.53    6.86    6.90    6.78    8.67   10.60    9.95    5.97    2.52   10.09    8.21    3.44    3.40    8.63    4.12    8.30    4.25   10.77    4.14   10.61    5.84    9.99   13.56    6.19    6.41    2.76   16.48    4.07
PSATFGOM     0.86  -51.20    4.38    6.38   11.18   12.63    7.97    7.37   12.44   14.49    9.78    6.78   23.11    6.05   18.01    3.42    2.05    6.99    6.81   11.35    7.66    8.33    6.71    7.11    8.99    8.06    5.13    2.14    7.23    5.88    6.13    3.95    8.57    7.29    7.65    4.57    9.79    4.15    7.33    2.31   10.03   19.27    4.98    7.40    4.55   15.60   12.27
PSATUBE     -6.75  -43.57    0.62    0.04    0.16    1.15    1.47    2.84    3.98    3.67    2.07    0.26    0.59    0.79    0.29    0.15    0.14    0.78    2.02    0.19    0.11    0.43    0.25    1.70   10.60    6.68    5.69    2.44    2.60    1.00    0.49    0.32    0.11    0.03    0.43    0.00    0.00    0.37    0.85    0.19    0.25    0.20    0.67    0.00    0.00    0.03    0.00
PSATBSOR    -6.74  -52.00    1.77   10.20    2.64    2.76    1.90    3.31    1.91    3.77    1.00    4.82   15.11   14.96    8.21    0.69    0.14    0.20    1.08    1.17    0.69    0.25    0.25    1.84    1.03    0.09    0.23    0.47    0.23    0.10    0.86    2.32    0.40    0.02    0.02    0.32    0.28    0.05    0.03    0.39    0.07    0.01    0.04    0.34    0.19    0.02    0.01
PSATBESP    -6.75  -51.77    1.61    4.50    6.31   11.65    3.79    7.55    1.34    3.63    1.07    4.72   12.28   12.35    3.46    1.41    0.35    4.00    3.24    6.07    1.28    0.83    1.18    5.47    3.58    0.74    3.07    2.25    1.39    4.06    1.52    3.32    1.11    0.09    0.06    0.79    2.05    0.43    0.33    3.15    1.02    0.09    0.39    1.98    0.67    0.16    0.00
PSATPIME    -3.41  -51.91    2.91   17.38    8.06    4.41    7.35    7.24    2.06    5.34    4.92    4.77    9.38   10.46    7.65    2.42    0.83   11.46    7.97    6.20    2.52    1.31    4.00    5.79    5.07    2.25    3.96    3.12    2.71    2.13    2.35    3.80    1.20    0.48    1.40    2.66    2.21    1.12    5.33    2.95    5.81    1.07    1.06    3.04    0.43    0.20    0.09
PSATIRAP   -16.74  -42.57    0.28    0.15    0.08    1.28    1.63    1.51    1.45    2.61    0.03    0.01    0.03    0.16    3.79   10.40    2.01    1.98    1.66    0.17    0.19    0.59    0.01    1.19   11.73   26.07    3.50    0.18    0.06    0.11    0.10    0.42    0.76    0.69    0.24    0.05    0.00    0.05    0.04    0.06    0.11    0.35    0.30    0.04    0.01    0.00    0.00
PSATITBI   -15.97  -39.59    0.52    0.27    0.04    3.55    3.42    1.73    4.64    3.15    0.22    0.10    0.02    0.05    1.99    1.73    0.54    1.81    1.92    0.47    0.65    0.83    0.06    2.08    5.28   11.49    4.41    1.08    2.29    0.38    1.51    0.94    0.56    1.70    0.94    0.54    0.21    0.41    0.18    0.52    0.60    1.22    0.72    0.10    0.06    0.05    0.00
PSATCOLI   -10.98  -55.77    3.68    4.50    1.80    5.05    1.72    2.69    0.98    2.55    6.04    8.12    7.90    5.11    0.08    0.00    0.00    0.01    0.09    0.19    0.40    0.26    0.32    0.00    0.00    0.00    0.00    0.02    0.00    0.00    0.01    1.51    0.22    0.00    0.00    0.00    0.03    0.03    0.09    0.00    0.00    0.03    0.00    0.00    0.03    0.00    0.00
PSATSAEL    -9.19  -57.04    2.18    4.46   10.25    1.39   10.29    2.27    2.75    3.67    1.06    7.32   18.64   17.11    5.85    0.07    0.02    0.00    0.02    0.11    0.61    0.40    0.87    0.41    0.00    0.00    0.11    0.30    0.28    0.01    0.34    5.08    0.95    0.08    0.05    0.34    0.18    0.13    0.09    0.00    0.04    0.00    0.00    0.00    0.13    0.01    0.00
PSATITQ    -17.09  -54.83    0.92   16.45    1.39    1.22    1.95    5.39    1.03    1.80    3.65   14.05    9.18    0.05    0.01    0.00    0.00    0.00    0.18    0.98    0.11    0.18    4.14    0.00    0.00    0.00    0.00    0.00    0.00    0.00    0.00    0.00    0.00    0.00    0.00    0.00    0.00    0.00    0.24    0.04    0.01    0.00    0.00    0.00    0.00    0.02    0.00
PSATJAU    -15.24  -58.73    5.10    6.47    2.16    2.52    9.47   20.70    0.35    0.74    3.61    9.63    3.96    0.00    0.00    0.00    0.00    0.95    3.48    0.47    0.04    0.62    7.47    0.00    0.00    0.00    0.00    0.00    1.25    0.31    0.00    0.00    0.01    0.25    0.01    0.31    0.26    1.39    1.08    0.00    0.00    0.00    0.00    0.00    0.00    0.00    0.00
PSATMAN    -14.87  -55.78    2.81    2.35    0.70    6.06    4.97    2.74    1.56    1.12    9.66    2.23    1.56    0.32    0.00    0.00    0.00    0.00    0.35    0.38    0.30    0.27    2.55    0.00    0.00    0.00    0.00    0.00    0.00    0.00    0.00    0.13    0.09    0.00    0.00    0.00    0.00    0.00    0.24    0.00    0.00    0.04    0.00    0.00    0.00    0.00    0.00
PSATPTP    -17.61  -54.83    0.99   17.15    2.99    2.84    2.72    3.26    1.70    2.42    3.92    9.16   16.58    0.18    0.00    0.00    0.00    0.00    0.27    0.36    0.17    0.72    8.36    0.00    0.00    0.00    0.00    0.00    0.00    0.00    0.00    0.00    0.00    0.00    0.00    0.00    0.00    0.00    0.69    0.13    0.00    0.00    0.00    0.00    0.00    0.01    0.00
PSATSTCL   -17.90  -40.20    0.48    0.32    0.00    1.99    0.71    1.67    4.18    1.10    0.04    0.01    0.03    0.01    0.34    1.25    0.19    7.13    8.44    0.50    1.38    1.74    0.10    2.32    1.50    1.78    5.59    1.85    1.17    0.50    0.10    0.22    0.35    5.53    1.36    0.76    0.45    0.81    0.62    1.09    0.16    0.90    0.83    0.04    0.07    0.03    0.01
PSATPDC    -12.58  -39.00    9.38   10.79    0.17    0.02    0.12    0.15    0.11    7.76    3.03    1.27    8.82    1.66    1.45    0.35    0.64    0.89    0.96    1.44    1.47    0.95    0.31    0.01    3.56    0.64    1.45    2.57    1.39    4.68    2.25    0.30    0.37    0.56    0.26    0.91    0.88    1.07    1.83    0.82    0.43    2.53    1.49    0.57    0.92    0.10    0.31
PSATROSA   -20.92  -41.72    1.07    0.30    2.41    0.82    0.56    1.10    6.49    0.31    0.19    0.52    8.32    3.08   31.06   21.32    7.02    4.27    0.97    0.83    0.88    1.46    0.01    1.78    8.44   42.66    4.06    0.01    0.11    0.16    0.03    0.00    0.00    0.00    0.17    0.10    0.12    0.14    0.05    0.10    1.05    5.25    0.31    0.08    0.24    0.00    0.43
PSATCAN    -20.21  -42.85    1.34    0.24    1.19    0.06    0.02    1.33    4.06    0.16    0.07   19.98   21.34   11.66   10.66   54.27   28.67    1.95    1.93    0.92    0.59    0.44    0.10    0.10   25.04   26.57    1.34    0.01    0.11    0.25    0.01    0.00    0.00    0.00    0.09    0.08    0.12    0.14    0.05    0.20    0.32    0.55    0.17    0.00    0.02    0.00    0.08
PSATSAC    -19.64  -42.85    0.86    0.22    4.02    1.84    0.78    0.76    3.18    0.56    0.27    6.59    9.21    2.80   24.40   60.62   46.00    1.93    3.65    1.43    0.15    0.93    0.07    0.43   22.29   22.45    0.73    0.00    0.00    0.06    0.00    0.00    0.00    0.00    0.20    0.06    0.15    0.12    0.14    0.30    0.46    0.86    0.04    0.03    0.00    0.00    0.02
PSATPES    -19.12  -42.66    0.68    0.07    0.50    2.10    1.79    0.94    1.32    0.94    0.10    0.01    0.26    4.08   21.07   32.74   27.79    3.27    4.40    0.91    0.34    1.21    0.07    0.16    6.44   33.07    1.64    0.04    0.00    0.05    0.03    0.01    0.03    0.00    0.71    0.09    0.13    0.15    0.16    0.27    0.49    0.92    0.36    0.26    0.03    0.00    0.00
PSATMAS    -19.50  -40.92    0.49    0.11    0.32    1.35    0.79    1.41    3.43    0.94    0.05    0.36    1.34    1.04   20.20   18.59    5.39    5.98    3.10    0.53    0.58    1.68    0.14    0.28    5.12   32.38    7.34    0.18    0.03    0.08    0.03    0.15    0.12    0.31    0.96    0.26    0.56    0.55    0.17    0.67    0.54    1.39    0.27    0.02    0.06    0.00    0.01
PSATSBR    -23.37  -45.87    0.64   13.87   13.84    0.32    2.86   12.91    4.55    2.24    0.07    5.70   39.00    7.97    2.55    4.23   15.56    0.78    0.10    0.68    2.21    0.26    2.44    2.75    2.89   75.64    2.24    1.34    0.46    0.36    0.00    0.02    0.03    0.00    0.00    0.00    0.00    0.00    1.96   18.86   12.96    3.85    0.58    0.01    0.00    0.54    2.19
PSATJAG    -23.20  -46.03    0.31   21.54   14.81    0.44    5.57   13.43    2.34    0.43    0.08    3.63   38.47    3.63    1.57    0.85    4.90    0.21    0.00    1.14    1.53    0.64    1.51    3.81    2.88   71.81    2.01    1.28    0.12    0.37    0.03    0.00    0.00    0.00    0.00    0.00    0.00    0.00    0.82   26.09   10.31    0.95    0.06    0.00    0.00    0.12    2.08
PSATFUNI   -22.53  -44.57    0.39   10.15   11.60    0.64    3.19   10.16    2.26    0.81    0.07    3.11   36.08    7.75    1.49    7.38   16.97    0.35    0.04    0.89    1.47    0.35    1.20    1.62    1.67   54.08    0.82    0.47    0.16    0.43    0.02    0.02    0.00    0.00    0.00    0.01    0.00    0.00    0.63   10.92    8.83    1.17    0.12    0.00    0.00    0.03    1.13
PSATSACE   -22.48  -43.84    1.11    0.84    5.27    0.09    0.07    1.68    2.86    3.29    0.32    3.20   42.15    6.89    4.52   20.79   19.62    1.84    0.32    0.22    3.00    0.31    0.92    0.34    3.23   47.21    0.02    0.00    0.35    0.60    0.00    0.00    0.00    0.00    0.00    0.00    0.00    0.00    0.53    3.16    4.26    1.72    0.79    0.00    0.00    0.00    1.50
PSATPIC    -21.91  -43.54    1.53    0.17    3.25    0.35    0.00    2.45    1.63    1.87    0.21    3.77   42.43    7.65    2.42   16.31   23.12    0.76    0.81    0.55    2.15    0.64    0.09    0.00    6.71   48.17    0.00    0.00    0.17    0.70    0.03    0.00    0.00    0.00    0.03    0.00    0.00    0.00    0.21    0.89    1.37    0.67    0.61    0.00    0.00    0.00    0.58
PSATSOGI   -21.94  -43.36    0.55    0.25    2.78    0.64    0.03    0.73    2.60    2.23    0.10    6.24   31.94    8.59    2.78   18.76   19.52    1.27    0.85    0.52    3.72    0.52    0.02    0.10   10.77   37.28    0.12    0.00    0.34    0.98    0.04    0.02    0.00    0.00    0.00    0.00    0.00    0.00    0.21    0.82    0.82    0.52    0.23    0.03    0.00    0.00    0.12
PSATIPSI   -21.84  -42.58    0.49    0.82    3.75    0.21    0.06    1.41    2.26    1.53    0.15    3.67   37.38   12.71    2.05   26.72   21.33    0.90    0.50    0.45    3.41    0.67    0.41    0.60    9.94   41.44    0.43    0.00    1.30    0.84    0.02    0.00    0.00    0.00    0.01    0.13    0.01    0.01    0.31    0.95    1.74    1.52    0.36    0.08    0.02    0.00    0.76
PSATTCLJ   -22.69  -43.83    0.80    6.27    6.51    0.00    0.00    3.78    4.19    4.64    0.06    2.71   37.79    8.67    2.55    9.34   21.53    1.57    0.09    0.37    1.89    0.14    2.09    0.67    1.98   46.36    0.00    0.02    0.76    0.63    0.00    0.00    0.00    0.00    0.00    0.00    0.00    0.00    1.86   12.91   11.69   10.31    0.64    0.00    0.00    0.06    1.80
PSATBIGU   -25.51  -53.67    3.66   37.36    0.01    0.46   62.32    1.37    0.13    0.92   22.20    0.07    0.42    0.00    0.09    0.39    0.36    0.02   23.96    1.09    0.00   29.87    0.58    0.03    0.22    0.00    0.23    0.00    0.00    0.00    1.14    1.38    0.31    0.32    9.72   23.40   63.15   45.94    0.19    0.04    0.22    0.00    1.31    0.01   11.02    0.95    0.00
PSATBRAU   -21.45  -42.41    0.42    0.21    3.31    0.04    0.30    0.78    2.00    0.52    0.04    9.80   17.01   15.89    6.62   32.41   29.56    3.28    0.71    0.46    3.36    0.36    0.06    0.01   18.00   29.30    0.52    0.00    0.08    0.61    0.06    0.00    0.00    0.00    0.01    0.02    0.01    0.02    0.07    0.53    1.05    0.57    0.18    0.02    0.09    0.00    0.05
PSATSUIC   -20.08  -40.58    0.69    0.23    0.30    0.02    0.87    0.50   11.30    0.07    0.18    0.00    3.88    0.17   21.25    7.80    2.69    6.55    1.28    0.18    0.26    1.98    0.00    0.11    0.20   20.43   12.02    0.26    0.00    0.02    0.02    0.02    0.00    0.00    0.21    0.18    2.44    0.64    0.34    0.58    0.73    1.46    0.00    0.18    0.85    0.00    0.03
PSATJRI     -9.30  -64.70    4.80    2.32    2.79    2.55   11.05   13.96   15.69    3.98    9.59    9.96    3.21    0.04    0.00    0.00    0.00    0.01    0.83    0.65    1.04    0.49    8.41    0.00    0.00    0.00    0.00    0.06    1.01    3.93    4.45   10.35    0.81    0.51    0.63    1.07    1.68    1.31    5.56    0.09    0.00    0.00    0.00    0.04    2.26    4.25    0.19
PSATBENI   -14.59  -67.53    8.59    1.40    2.37    4.13    5.50   11.14    3.63    2.80    6.02    3.58    5.04    2.87    1.78    0.73    0.18    2.26    3.55    0.82    0.88    1.54   14.93    1.19    0.17    0.01    0.04    0.20    1.26    2.18    6.62   16.18    2.55    1.96    0.92    2.44    2.13    3.03    6.82    0.88    0.62    0.29    0.52    1.09    4.16    5.61    1.47
PSATEPB    -12.42  -64.42    8.58    1.89    1.14    2.00    7.11   10.19    1.13    1.23    3.89    3.39    0.51    0.07    0.03    0.01    0.03    0.12    0.54    0.38    0.69    1.97    1.95    0.00    0.00    0.00    0.00    0.04    1.02    2.16    5.43    1.49    0.22    0.79    0.41    0.66    0.90    2.29    0.91    0.00    0.00    0.00    0.00    0.03    0.68    0.78    0.05
PSATEGM    -10.79  -64.35    7.72    2.64    3.09    3.39   10.89   10.84    2.42    2.35    5.51    3.75    1.37    0.53    0.42    0.09    0.01    0.71    0.61    0.30    0.69    1.64    3.69    0.07    0.00    0.00    0.01    0.05    0.70    3.27   11.01    6.23    0.50    0.75    0.61    1.53    4.83    9.57    3.73    0.03    0.04    0.03    0.01    0.13    2.51    1.60    0.19
PSATSTOA    -8.79  -63.95    0.44    5.89    5.71    5.19   10.16   10.16    7.86   10.56    9.94    4.75   11.02    0.23    0.00    0.00    0.00    0.01    0.66    4.33    4.55    1.22    3.39    0.00    0.00    0.00    0.00    0.47    5.72    4.05    1.70    0.51    3.49    4.34    0.97    3.16    0.96    1.67    3.07    0.06    0.00    0.00    0.00    0.17    0.24    0.51    0.00
PSATENC     -9.90  -66.62    9.96    2.72    0.78    2.79    4.56   14.80   22.39    9.68    7.21   12.86    5.04    0.01    0.00    0.00    0.00    0.00    1.01    0.84    0.71    0.51    4.34    0.00    0.00    0.00    0.00    0.01    0.75    5.29    4.00    6.34    1.20    0.57    0.64    1.67    1.18    1.15    2.81    0.01    0.00    0.00    0.00    0.03    4.30    2.93    0.07
PSATAMY1   -11.71  -70.63    8.57    1.44    5.44    1.10    7.54   12.15   10.19    1.85   13.59    8.27    3.08    0.06    0.00    0.00    0.00    0.00    0.13    0.43    0.68    0.46   10.21    0.00    0.00    0.00    0.00    0.00    0.06    3.37    5.54   10.58    1.55    0.19    0.58    0.21    1.22    0.78    4.10    0.39    0.01    0.00    0.00    0.00    0.01    3.39    2.39
PSATAMY2   -12.37  -71.17    6.24    4.25    6.39    5.13    6.91   14.63   12.65    4.08   15.83    8.54    9.69    0.89    0.23    0.22    0.10    0.94    3.10    3.44    1.62    1.30    9.80    0.15    0.11    0.08    0.06    0.28    0.91    4.95   13.73   11.63    1.83    1.80    2.35    1.35    3.34    1.99    7.52    1.34    0.41    0.19    0.42    1.13    4.21    7.66    2.09
PSATAMY3   -13.75  -70.18    5.36    4.60   11.23   14.64    4.91   13.06   22.34    2.64    5.49    6.50    9.32    3.79    3.00    1.57    1.29    2.64    5.76    3.23    2.52    3.55    8.23    1.47    0.90    0.96    0.20    1.48    4.23    9.35    8.33    8.38    2.87    2.23    3.41    2.55    3.66    2.79    4.10    2.05    0.72    0.14    1.04    1.55    4.64    4.31    1.97
PSATAMY4   -13.45  -69.47    4.82    4.61    9.60    2.82   10.96   14.99   36.56    2.22    4.11   13.76    5.28    1.45    1.19    0.68    0.16    1.02    2.55    1.28    1.42    1.30   15.67    0.73    0.30    0.00    0.00    0.17    1.35    2.33   12.90   21.03    2.96    1.39    1.93    2.52    6.13    1.64    5.88    1.39    0.54    0.05    0.22    0.48    1.86    6.34    2.38
PSATJRN    -13.37  -59.01    6.17    8.06    3.13    3.90    6.14   10.41    1.51    1.16    2.87    3.81    2.25    0.00    0.00    0.00    0.00    1.29    5.69    0.87    0.24    0.89    2.26    0.00    0.00    0.00    0.00    0.00    1.43    0.45    0.00    0.00    0.18    0.84    0.18    0.31    0.76    0.89    1.63    0.00    0.00    0.00    0.00    0.00    0.00    0.44    0.00
PSATAPI    -10.34  -56.98    3.52    2.06    9.51    2.12    3.29    2.17    6.05    3.14    1.70   21.60   17.31    5.91    0.05    0.00    0.00    0.02    0.06    0.04    0.37    0.46    0.91    0.00    0.00    0.00    0.03    0.33    0.58    0.00    0.01    3.83    0.64    0.09    0.01    0.37    0.19    0.15    0.11    0.02    0.01    0.00    0.00    0.00    0.05    0.00    0.00
PSATSALT   -29.32  -50.68    0.00    0.03    0.01    0.23   32.72    6.99    0.00    0.56    8.62    0.02    0.02    0.40    3.19    6.26    0.99    0.46   17.27   16.63    0.00    6.74   25.25    5.04    0.53    0.03    0.00    0.00    0.00    0.00    4.38    0.06    0.15    4.64    8.54    1.77   32.01   22.86    0.00    0.00    1.19    0.06    0.00    0.00   13.18    0.00    0.00
