PSATAGV    -19.89  -50.35    4.67   13.66   10.86    1.48    4.20    4.26    0.43    0.03    0.20    0.24    0.20    8.68   11.70   12.09    0.31    0.53    0.00    4.24    0.55    0.14    0.39    0.08    0.77    0.49    0.00    0.03    3.43    2.14    5.18   11.46    1.00    3.75    0.11    3.68    1.77    0.03    0.00    0.01    0.00    0.00    0.05    1.11    2.70    0.16    0.03
PSATCMG    -21.28  -44.63    1.49   13.94    3.79    1.69    0.60    8.52    1.84    0.76    1.26    0.07    1.54    8.41   11.63    6.41    4.69    0.53    0.25    0.00    2.54    1.18    0.80    0.24    3.16    1.68    0.73    0.16    0.08    4.87    3.69   20.15    2.38    4.84    0.19    0.15    0.06    0.33    0.02    0.02    0.00    0.00    0.36    0.26    1.08    0.24    0.39
PSATCES    -20.25  -48.16    5.12   17.04   16.23    1.03    0.75    5.36    1.35    0.12    0.21    0.29    0.58    6.88    9.89    9.65    2.23    0.64    0.00    1.03    0.95    0.70    0.28    0.00    0.69    1.79    0.10    0.10    1.17    6.91    5.16   16.50    1.99   12.47    0.22    0.59    0.08    0.21    0.00    0.00    0.00    0.00    0.02    0.19    0.00    0.12    0.00
PSATELC    -21.60  -46.95    1.50   27.06    8.06    2.87    0.96    5.77    1.20    0.07    0.12    0.33    1.06    3.42   15.34   28.38    2.09    0.72    0.03    9.58    1.64    0.82    0.31    0.06   12.05    2.29    0.09    0.00    0.15    2.53    1.88   14.59    7.70    5.71    0.37    0.03    0.00    0.34    0.00    0.00    0.00    0.00    0.06    0.28    0.16    0.04    0.02
PSATFUN    -21.14  -45.04    0.64   13.24    4.89    1.20    0.84    3.04    1.69    0.25    0.19    0.03    0.55    8.06   13.22    6.38    6.01    0.89    0.45    0.01    1.19    1.81    0.47    0.06    1.42    0.95    0.13    0.00    0.02    1.16    1.79   20.89    1.67    5.43    0.30    0.05    0.01    0.06    0.02    0.05    0.00    0.00    0.12    0.10    0.38    0.34    0.10
PSATFUR    -20.67  -46.32    0.56   17.94    8.68    1.80    0.80    5.49    1.63    0.32    0.36    0.33    0.70   14.32   12.58   10.22    6.97    1.02    0.15    1.10    1.26    1.92    0.27    0.06    4.15    0.89    0.11    0.01    0.05    0.71    1.67   16.07    2.91    6.95    0.21    0.02    0.05    0.17    0.00    0.02    0.00    0.00    0.08    0.18    0.24    0.25    0.02
PSATMRB    -20.30  -49.18    5.31   21.78   14.06    1.61    1.33    5.34    0.91    0.10    0.23    0.22    0.40    4.92   10.84   13.70    1.18    0.85    0.00    2.84    0.90    0.49    0.21    0.04    2.85    1.01    0.06    0.02    3.76    2.75    5.74   13.41    3.38    6.88    0.23    0.87    0.45    0.13    0.00    0.01    0.00    0.00    0.02    0.59    0.22    0.06    0.00
PSATPRG    -21.59  -45.67    0.75   16.06    5.64    2.24    0.76   13.11    1.40    0.10    0.16    0.34    1.06    4.86   16.48   31.60    4.46    0.47    0.23    1.06    1.98    0.97    0.44    0.26   10.46    1.17    0.13    0.01    0.08    2.41    1.08   11.85    1.88    6.57    0.20    0.07    0.04    0.11    0.00    0.01    0.00    0.00    0.09    0.32    0.23    0.20    0.55
PSATPAS    -21.02  -48.18    1.55   27.08    9.36    2.06    0.86    7.77    0.49    0.09    0.19    0.23    0.67    0.75   12.97   42.93    1.24    0.53    0.00    8.60    1.95    0.24    0.45    1.16   24.58    1.30    0.12    0.00    0.38    3.41    5.96   10.28    6.13    7.10    0.65    0.22    0.02    0.15    0.00    0.00    0.00    0.00    0.12    0.10    0.05    0.06    0.01
PSATPTB    -21.61  -45.49    1.25   10.66    5.30    0.67    0.59    9.21    2.00    0.05    0.50    0.06    1.19    6.74   10.56    9.83    9.62    0.49    0.18    0.11    2.68    1.35    0.24    0.21    5.80    1.23    0.13    0.01    0.02    2.61    0.46   13.68    2.05    6.42    0.26    0.09    0.00    0.22    0.01    0.02    0.00    0.00    0.09    0.29    0.43    0.50    1.14
PSATPTC    -20.00  -48.55    5.88   18.21   11.87    2.34    0.84    5.27    1.55    0.17    0.27    0.14    0.60   23.16   11.03   11.22    2.67    0.86    0.01    0.41    0.87    0.96    0.16    0.00    0.20    1.54    0.08    0.20    1.57    6.56    7.41   17.17    1.39    7.99    0.05    0.27    0.15    0.20    0.00    0.00    0.00    0.00    0.03    0.29    0.05    0.07    0.01
PSATFZA    -26.00  -51.65    4.99    0.29    0.23    1.54   14.54    0.03    0.00    0.02    0.03    0.00    0.00    0.00    0.67    2.33    0.86    0.09   11.88    5.89    0.00    0.00    0.02    5.44    0.20    0.00    0.11    2.35    0.83    2.45    4.01    2.78    1.04    0.56    0.29    1.04    1.53    0.75   28.47    0.47    0.02   17.67   61.90   29.03    6.21    0.13   24.43
PSATJSG    -25.78  -52.00    3.59    0.54    0.39    2.35   16.32    0.00    0.00    0.14    0.25    0.00    0.00    0.00    0.27    0.89    0.14    0.02   15.36    4.60    0.00    0.01    0.05    7.97    0.05    0.00    0.04    2.11    0.40    3.70    6.70    2.34    0.84    1.07    0.21    1.34    1.43    2.92   37.45    0.49    0.31   18.70   72.38   34.09    5.21    0.12   28.52
PSATSCX    -25.53  -53.48    5.14    5.30    0.46    1.93   24.56    0.00    0.00    0.40    0.14    0.00    0.00    0.00    0.83    0.72    0.25    0.09   18.51    3.59    0.00    0.00    0.05    9.61    0.09    0.00    0.00    1.54    1.52    3.20    8.77    3.39    0.74    1.51    0.36    1.64    0.92    2.69   33.19    0.68    2.92   19.64   52.50   53.83    8.06    0.09   38.03
PSATSCL    -25.49  -51.74    9.04    3.31    0.83    2.47   31.57    0.03    0.00    0.02    0.37    0.00    0.00    0.00    1.11    1.84    0.47    0.08    6.58   10.81    0.00    0.01    0.00    6.96    0.43    0.00    0.02    2.76    0.31    1.82    7.28    5.87    1.19    3.34    0.27    0.70    0.79    0.61   30.53    0.31    0.05   17.93   47.88   23.92   10.70    0.29   24.02
PSATUVT    -26.23  -51.08    3.00    0.69    0.12    0.48   11.60    0.39    0.06    0.01    0.17    0.04    0.01    0.00    1.17    2.77    1.77    0.31    4.20    4.89    0.00    0.04    0.01    2.98    1.92    0.00    0.89    3.45    1.91    1.76    1.46    5.67    2.96    1.26    0.32    1.08    2.23    1.10   17.23    1.00    0.00   15.29   32.70   12.76   12.44    0.21    9.50
PSATBSM    -24.19  -53.74    5.22   22.02    5.68    4.32   18.79    0.00    0.00    0.00    0.02    0.00    0.03    0.20    1.37    0.58    0.49    0.61    6.45    4.11    0.00    0.00    0.00    8.15    0.57    0.00    0.00    1.51    0.74    1.08    9.10    3.56    0.83    1.29    0.40    1.31    0.38    3.90   31.59    0.52    1.33   18.38   60.04   66.34   16.74    0.40   17.86
PSATFLE    -22.97  -54.56    4.57   29.63    9.06    2.87    7.79    0.00    0.00    0.00    0.08    0.00    0.00    0.51    1.21    0.76    0.02    0.04   14.54    0.79    0.00    0.00    0.03   18.91    0.38    0.00    0.00    4.02    0.82    1.71    7.39    2.87    3.27    1.41    3.93    5.97    0.85    0.92    9.64    1.09    2.36   20.50   21.90   11.81    0.02    0.14   11.03
PSATITP    -25.42  -54.58    5.70   24.40    7.67    3.86   13.02    0.00    0.00    0.01    0.00    0.00    0.02    0.55    0.97    0.59    0.19    0.26   13.08    0.90    0.00    0.00    0.01   13.50    0.51    0.00    0.01    1.68    1.56    2.18    6.98    2.49    3.12    0.76    0.56    4.63    0.59    0.91   21.48    0.70    5.08   11.10   32.33   27.82    2.60    0.49   15.79
PSATIVM    -22.38  -53.53    8.15   21.12   13.48    6.04    9.07    0.07    0.00    0.00    0.04    0.00    0.02    3.27    0.16    0.31    0.09    0.00   10.85    0.86    0.01    0.00    0.06   12.45    1.72    0.00    0.00    1.99    1.56    1.03   19.04    2.30    3.36    0.95    7.84   19.42    0.43    0.58    3.53    1.66    0.07    2.87    9.62   14.37    0.62    0.06    9.81
PSATPTQ    -23.18  -53.17    2.12   20.31    7.52    6.55   15.28    0.18    0.00    0.01    0.01    0.00    0.01    0.28    0.80    1.70    0.76    0.62    3.97    3.68    0.00    0.00    0.00    5.62    1.60    0.00    0.00    1.77    2.69    0.63    7.80    3.89    1.94    1.51    0.36    0.93    0.24    1.33   36.43    2.08    0.02    6.08   26.74   22.60   23.35    0.35   10.07
PSATCBI    -17.99  -48.54    0.68    4.09    1.17    2.84    5.44    2.44    2.27    1.47    8.11    0.35    0.36    1.75    5.62   18.87   10.71    0.99    2.23    0.01    0.00    0.01    0.00    0.02    0.05    0.01    0.03    0.15    0.21    0.54   10.02   10.47    0.23    2.45    0.13    0.05    0.00    0.00    0.00    0.01    0.00    0.00    0.02    0.06    0.01    0.11    0.06
PSATCBIV   -16.15  -48.67    0.78    3.14    1.57    5.58    7.50    3.22    4.53    2.35    8.96    1.22    0.55    1.00    3.08   13.63   20.81    1.57    2.00    0.01    0.00    0.00    0.00    0.03    0.06    0.00    0.02    0.14    0.12    1.06    6.06    9.92    0.16    0.87    0.19    0.05    0.01    0.00    0.00    0.00    0.00    0.00    0.02    0.30    0.05    0.05    0.03
PSATEMB    -18.45  -47.98    1.85   10.44    1.70    4.47    3.01    0.75    1.61    0.99    1.13    0.05    0.79    2.42    7.20   20.47    3.29    1.19    0.83    0.07    0.16    0.44    0.08    0.00    0.03    0.30    0.47    0.19    0.55    2.81    7.55   10.99    0.81    7.78    0.04    0.06    0.00    0.05    0.00    0.06    0.00    0.00    0.03    0.03    0.02    0.21    0.09
PSATIMBR   -18.42  -49.10    5.07    7.08    3.00    3.66    3.04    2.08    2.03    0.45    2.41    0.19    5.17    6.92   20.51   16.15    1.75    0.67    1.25    0.28    0.62    0.31    0.01    0.01    0.00    0.50    0.37    0.16    0.58    1.13   10.56    7.22    0.61    4.16    0.06    0.02    0.06    0.01    0.00    0.00    0.00    0.00    0.00    0.24    0.04    0.21    0.02
PSATNPTE   -19.13  -47.70    5.48    9.94    5.30    3.92    2.32    2.46    1.82    0.23    0.30    0.03    0.58   15.01   17.10   13.36    2.23    0.92    0.10    0.08    1.01    1.20    0.13    0.00    0.01    1.02    0.46    0.41    2.45    7.27    9.34   16.02    1.50    7.89    0.02    0.01    0.09    0.27    0.00    0.01    0.00    0.00    0.04    0.04    0.03    0.22    0.06
PSATARV    -18.07  -50.16   16.91    5.93    2.38    3.08    5.86    3.34    1.22    0.27    1.97    3.86    4.62   14.63   24.46   12.60    0.88    0.21    2.35    0.69    0.41    0.12    0.00    0.01    0.00    0.27    0.26    0.02    0.85    1.57    4.48    3.93    1.46    0.89    0.11    0.06    0.04    0.00    0.00    0.00    0.00    0.00    0.00    9.72    0.17    0.04    0.00
PSATSFC    -18.05  -47.68    0.10   10.26    1.31    3.01    7.13    1.16    1.48    2.11    3.47    0.13    0.29    0.46    0.77   22.86   21.38    2.42    0.83    0.02    0.00    0.01    0.00    0.01    0.13    0.02    0.12    0.43    0.31    0.74   13.61    9.24    0.36    5.25    0.14    0.04    0.00    0.00    0.01    0.06    0.00    0.00    0.05    0.06    0.02    0.13    0.04
PSATSSM    -19.02  -50.50   11.79    9.72    3.14    2.84    3.70    2.73    1.15    0.17    1.74    0.42    6.58   19.37   21.96   12.46    0.62    0.34    0.74    1.26    0.49    0.28    0.01    0.00    0.01    2.01    0.34    0.14    2.41    0.95    7.13    7.01    0.90    2.16    0.11    0.05    0.12    0.00    0.00    0.00    0.00    0.00    0.00    2.46    0.17    0.16    0.01
PSATCNI    -22.94  -50.52    2.27   24.95    6.00    1.34    2.03    3.08    0.05    0.00    0.05    0.12    0.00    0.00    8.16    1.49    1.06    0.47    0.07    2.71    0.12    0.01    0.01    0.86    5.36    0.06    0.00    0.23    1.27    1.78    6.22    3.86    1.52    2.95    0.23    0.66    0.00    0.04    6.14    0.26    0.00    0.26    0.08    0.16    6.55    0.10    0.02
PSATCPV    -22.65  -51.33    1.06   21.04    2.97    0.70    3.89    1.60    0.03    0.00    0.00    0.01    0.00    0.15    3.72    0.33    0.82    0.60    0.06    2.48    0.01    0.00    0.00    1.50    3.52    0.01    0.00    0.23    1.67    1.63    4.03    7.33    1.99    1.81    0.35    1.14    0.01    0.10   19.81    0.27    0.00    0.82    0.71    2.14    7.26    0.22    0.99
PSATCHT    -23.01  -49.73    0.43   15.39    1.91    0.62    5.27    7.66    0.10    0.01    0.03    0.00    0.02    0.00    5.20    0.92    0.59    0.48    0.00    1.35    0.07    0.01    0.01    0.91    2.15    0.09    0.00    0.19    1.50    0.87    2.32   12.60    0.53    0.71    0.42    0.23    0.05    0.02    9.22    0.25    0.00    0.53    0.04    0.65   13.62    0.21    1.90
PSATJUR    -23.22  -49.23    0.21   11.47    1.51    1.28    7.44   13.09    0.31    0.02    0.12    0.04    0.04    0.04    6.86    5.08    0.64    0.46    0.02    2.16    0.29    0.05    0.10    0.27    9.80    0.49    0.09    0.43    1.52    1.11    2.13    7.92    0.75    2.01    0.66    0.61    0.18    0.03    2.07    0.15    0.00    0.44    0.25    0.13    6.90    0.17    0.59
PSATMAU    -24.06  -50.71    3.49    6.99    0.74    2.04   22.67    2.41    0.04    0.01    0.01    0.00    0.00    0.02    0.63    3.69    0.76    0.65    0.63    4.89    0.00    0.00    0.00    3.13    2.68    0.00    0.01    1.11    1.15    1.04    1.66    6.33    0.62    0.86    0.54    0.42    0.13    0.06   13.49    0.37    0.00    6.52    4.04    7.16   12.32    0.61    3.35
PSATROS    -22.50  -52.87    0.91   21.10    8.08    1.38    6.95    0.19    0.03    0.00    0.00    0.00    0.00    0.14    0.85    0.36    0.33    0.56    1.59    2.82    0.00    0.01    0.00    5.13    3.28    0.00    0.00    0.30    2.24    1.05    3.67    5.58    5.77    1.19    0.22    4.96    0.09    0.17   34.06    1.46    0.00    0.04    5.50    1.23    2.81    0.12    5.23
PSATQMD    -16.21  -47.33    0.90    2.30    1.33    1.95   10.53    3.90    6.32    3.63    3.35    0.42    0.00    0.00    0.02   20.44   22.20    1.43    0.76    0.00    0.00    0.00    0.00    0.12    0.35    0.12    0.29    0.53    0.38    0.47   12.15   11.78    0.15    2.27    0.21    0.05    0.00    0.00    0.05    0.17    0.00    0.00    0.06    0.06    0.00    0.38    0.15
PSATRBX    -18.95  -44.76    0.55    5.26    3.93    2.46    3.82    2.76    3.42    1.03    0.29    0.04    0.06    1.49    5.63   18.89   12.07    2.08    0.66    0.04    0.22    0.89    0.20    0.01    0.10    0.39    0.30    0.19    0.25    0.71    2.93   16.72    1.53    8.04    0.14    0.01    0.02    0.01    0.03    0.03    0.00    0.00    0.06    0.00    0.48    0.27    0.15
PSATSFR    -15.93  -44.86    0.25    3.44    0.87    3.25    8.01    4.81    4.31    3.14    2.83    0.30    0.00    0.00    0.06   20.97   21.15    0.57    0.15    0.00    0.00    0.00    0.00    0.23    0.47    0.11    0.07    0.12    0.09    0.12    6.92    6.25    0.22    3.18    0.10    0.01    0.00    0.00    0.02    0.09    0.00    0.00    0.66    0.00    0.00    0.43    0.15
PSATSRM    -16.37  -45.07    0.49    2.36    1.79    2.81    7.87    2.35    3.64    1.88    0.83    0.06    0.01    0.12    0.21   19.06   19.79    1.83    0.46    0.03    0.01    0.14    0.03    0.19    0.32    0.16    0.29    0.36    0.19    1.37    5.60   11.76    0.69    5.25    0.08    0.02    0.06    0.01    0.13    0.11    0.01    0.01    0.22    0.05    0.22    0.09    0.09
PSATTMR    -18.16  -45.27    0.83    9.04    6.74    2.26    4.17    2.33    3.80    1.13    0.55    0.07    0.14    9.88    8.48   17.88    6.33    1.61    0.28    0.08    0.45    1.06    0.02    0.02    0.06    0.40    0.18    0.15    0.40    3.09    2.73   16.24    2.26    9.27    0.09    0.00    0.01    0.07    0.00    0.04    0.02    0.00    0.05    0.02    0.19    0.22    0.10
PSATBOQ    -11.35  -43.83    9.12    1.34    0.23    0.75    0.39    0.43    0.27    4.17    5.40    2.73    1.35    0.91    0.88    0.63    0.37    0.12    0.01    0.00    0.00    0.00    0.00    0.22    0.09    0.16    0.02    0.05    0.05    0.00    0.08    3.88    0.21    0.12    0.04    0.00    0.03    0.00    0.00    0.00    0.00    0.00    0.69    0.01    0.01    0.36    0.00
PSATBBO    -22.52  -48.55    0.16   16.91    4.77    4.77    2.55   12.90    0.28    0.05    0.18    0.15    0.08    0.25    7.75   32.80    0.71    0.37    0.03    7.49    1.45    0.08    0.32    1.92   25.29    1.29    0.12    0.10    0.37    2.56    2.81    5.04    1.09    9.01    0.50    0.12    0.01    0.14    0.02    0.00    0.00    0.12    0.39    0.10    0.55    0.08    0.13
PSATESZ    -23.46  -46.91    0.60   13.01    2.74    1.80    1.98   21.96    1.40    0.27    0.41    1.39    1.25    1.03    3.35   46.62    3.08    0.15    0.32    2.12    3.46    0.05    0.22    0.09   32.60    3.90    2.44    1.16    2.74    7.10    1.48    5.59    2.12   11.37    0.69    2.40    0.41    0.05    0.04    0.00    0.00    0.99    4.25    0.79    0.00    0.09    0.69
PSATIBT    -21.76  -48.99    0.69   24.72    7.78    1.18    0.64    7.36    0.08    0.05    0.32    0.20    0.03    0.02   13.12   21.25    0.48    0.53    0.04    4.51    0.54    0.05    0.53    2.20    8.48    0.32    0.08    0.06    0.59    0.89   12.52    8.49    1.22    4.45    0.43    0.76    0.00    0.06    0.20    0.21    0.00    0.00    0.13    0.11    2.98    0.03    0.00
PSATNAV    -21.12  -50.20    0.72   26.43   10.91    0.92    1.06    4.47    0.06    0.01    0.26    0.13    0.09    0.06   15.07   16.59    0.50    0.46    0.01    2.45    0.28    0.14    0.44    0.32    3.08    0.21    0.00    0.00    1.11    0.77    7.97    5.18    1.21    4.91    0.21    1.66    0.09    0.09    0.56    0.01    0.00    0.00    0.17    0.21    4.43    0.06    0.20
PSATSME    -13.40  -48.30    9.60    1.99    0.80    1.29    6.99    3.04    3.59    2.57    5.25    6.68    5.24    1.57    3.76   18.16    9.58    0.97    0.31    0.00    0.00    0.00    0.00    0.02    0.12    0.07    0.02    0.03    0.02    0.21    1.77    2.18    0.16    0.60    0.07    0.03    0.00    0.00    0.00    0.00    0.00    0.00    0.02    0.92    0.09    0.02    0.02
PSATBGR    -27.78  -51.20    0.00    0.20    0.14    1.42   17.45    0.00    0.00    0.04    1.29    0.00    0.15    0.10    2.20    1.54    0.43    0.28    2.64    1.24    0.22    0.48    5.82   12.56    0.00    0.01    1.11    2.24    3.27    1.16    2.79    5.92    4.59    0.34    0.16    2.56   18.67    2.99   40.39    0.29    5.66   20.16   24.72   18.74    6.74    0.08   30.04
PSATCNV    -27.60  -51.33    0.00    0.04    0.07    1.08   11.12    0.00    0.01    0.17    1.12    0.00    0.01    0.00    1.28    1.26    1.08    0.24    3.39    1.44    0.03    0.15    0.90    8.97    0.00    0.00    0.41    1.90    2.64    3.46    2.24    5.76    2.57    0.72    0.07    1.42   14.44    3.03   38.68    0.50    0.74   18.39   49.84   29.24    7.05    0.05   27.35
PSATFCH    -27.14  -53.04    0.02    0.17    0.18    2.10   21.57    0.00    0.00    3.20    0.57    0.00    0.01    0.00    0.01    0.27    0.24    0.03    4.88    0.23    0.04    0.00    1.56   18.59    0.00    0.00    0.00    2.59    4.44    6.76    8.70    2.66    1.82    1.85    0.02    3.74    9.86    7.19   30.38    0.67   16.69   16.31   25.47   40.85   11.75    0.02   21.30
PSATITA    -27.27  -52.38    0.02    0.23    0.16    2.25   17.31    0.00    0.00    0.62    2.07    0.00    0.02    0.03    0.17    1.02    0.25    0.03    6.08    1.64    0.03    0.21    0.96   13.81    0.00    0.00    0.10    2.35    1.92    3.60    4.44    3.79    1.12    1.92    0.04    2.87    8.14    3.02   37.82    0.54    5.54   15.68   45.14   34.47    9.36    0.10   25.29
PSATMCD    -27.52  -51.78    0.00    0.19    0.03    1.42   13.08    0.00    0.00    0.35    2.20    0.01    0.05    0.07    0.66    0.92    0.03    0.00    4.15    0.43    0.05    1.11    2.67   15.86    0.00    0.00    0.06    1.68    1.77    1.83    0.23    2.58    0.63    0.41    0.00    7.13   17.64    5.91   36.12    0.43   12.28   16.63   25.54   42.66   12.44    0.09   34.79
PSATMOJ    -27.35  -52.73    0.00    0.34    0.03    2.36   11.47    0.00    0.00    2.53    0.80    0.00    0.03    0.03    0.14    0.61    0.05    0.00   17.64    0.60    0.04    0.19    4.08   18.71    0.00    0.00    0.15    4.06    3.07    2.01    2.37    5.20    0.85    0.69    0.00   10.27   12.53   15.01   40.24    0.63   16.91    3.78   10.03   27.34   12.31    0.55   32.20
PSATQQX    -26.66  -52.54    0.17    0.58    0.32    1.55   18.13    0.00    0.00    0.55    0.57    0.00    0.00    0.00    0.03    1.14    0.15    0.00    7.84    3.14    0.01    0.00    0.37   14.28    0.02    0.00    0.00    1.63    2.81    5.74    9.03    3.39    1.34    2.04    0.24    2.64    1.91    0.76   39.17    0.46    2.99   18.23   53.48   31.28    7.43    0.02   23.62
PSATPSJ    -28.14  -55.05    0.00    0.21    0.11    6.85   11.56    0.00    0.00    3.56    0.12    0.00    0.01    0.03    0.01    0.06    0.02    0.16   13.31    0.81    0.16    0.90   15.16    7.95    0.00    0.00    0.15    1.87    1.17    1.08    3.57    3.54    0.56    0.05    0.01    6.48    2.51   17.66   21.41    0.15   33.41    0.00    0.25   19.26    1.08   17.59   17.27
PSATESP    -18.68  -51.87   10.93    0.98    2.57    6.67    8.29    1.93    2.59    0.08    0.00    0.01    8.22   29.57   15.14    1.28    0.50    0.17    0.21    0.96    0.58    0.18    0.00    0.00    0.18    1.86    2.69    0.40    0.67    0.64    1.68    0.92    1.50    0.61    0.43    3.14    1.13    0.00    0.00    0.00    0.00    0.00    0.06    1.25    0.82    0.12    0.12
PSATSRC    -19.16  -50.76   13.62    3.24    3.48    3.23    6.62    3.74    1.01    0.03    0.00    0.17    7.36   24.31   11.57    0.98    0.39    0.08    0.06    0.22    0.39    0.09    0.00    0.00    0.57    2.94    1.71    0.18    2.26    0.40    3.47    2.22    1.25    0.76    0.32    3.57    0.20    0.01    0.00    0.00    0.00    0.01    0.01    2.68    1.21    0.08    0.09
PSATFRCL   -19.12  -50.64   11.37    4.51    4.54    3.15    7.12    3.30    1.00    0.03    0.01    0.51   13.70   20.62   11.92    2.48    0.71    0.24    0.64    2.05    0.73    0.24    0.00    0.00    0.06    1.23    1.54    0.09    2.22    1.11    4.02    2.78    1.66    1.23    0.24    0.77    0.16    0.01    0.00    0.00    0.00    0.00    0.00    5.50    0.58    0.12    0.08
PSATISOT   -20.40  -51.35    1.95   13.02    7.27    1.02    3.19    4.02    0.16    0.00    0.01    0.13    0.62    6.50    9.99    3.21    0.13    0.06    0.00    5.21    0.25    0.02    0.17    0.18    1.22    0.61    0.04    0.02    3.03    0.46    8.32    4.83    1.10    1.46    0.14    7.50    1.08    0.02    0.07    0.00    0.00    0.00    0.08    0.47    3.28    0.04    0.30
PSATJUP    -20.86  -51.63   11.91    8.76    6.34    3.07    5.25    5.08    0.28    0.00    0.00    0.08    0.33    5.45    6.47    0.59    0.21    0.04    0.00    5.95    0.34    0.11    0.15    0.38    0.87    0.59    0.35    0.77    3.18    0.95    9.33    1.53    0.97    0.50    0.17   17.41    0.90    0.18    0.01    0.00    0.00    0.02    0.11    0.65    1.08    0.09    1.14
PSATSDG    -20.06  -53.18   10.73    4.28    3.20    3.26    2.55    7.98    0.08    0.00    0.00    0.01    0.27    3.03    3.21    0.17    0.07    0.00    0.19    4.59    0.28    0.29    0.20    0.17    3.11    0.76    0.06    1.95    3.14    0.43   12.37    0.64    1.40    0.21    0.05   18.29    0.52    1.10    0.06    0.03    0.00    0.25    0.13    0.20    0.23    0.31    1.48
PSATFZBT   -21.66  -52.87    5.33    9.62    6.80    5.14    5.04    1.77    0.00    0.00    0.00    0.00    0.21    2.44    2.27    0.56    0.08    0.00    7.83    1.95    0.04    0.05    0.14    5.52    5.25    0.04    0.00    0.49    1.44    0.85   23.67    1.44    1.04    0.23    2.07   26.47    0.68    0.27    0.51    0.75    0.01    1.34    1.38    1.52    0.19    0.23    3.91
PSATPPRA   -22.46  -52.91    1.67   16.06    9.22    1.44    6.85    1.48    0.06    0.00    0.01    0.03    0.02    0.47    7.06    0.94    0.42    0.16    0.60    2.85    0.02    0.00    0.02    4.54    2.56    0.01    0.00    0.11    0.55    0.21    9.95    2.61    1.76    1.43    0.13   12.71    0.55    0.01    2.38    0.08    0.00    0.03    0.29    0.36    2.87    0.07    4.03
PSATBTE    -13.69  -50.80   11.19    2.63    1.43    1.09   10.73    2.96    2.79    0.83    0.88    8.95   11.21   22.49    7.30    8.87    0.50    0.24    0.89    0.24    0.11    0.06    0.00    0.01    0.00    0.19    0.37    0.02    0.15    0.69    1.27    0.92    0.27    0.29    0.06    0.17    0.05    0.00    0.00    0.00    0.00    0.00    0.00    2.50    0.48    0.05    0.01
PSATARAG    -8.27  -49.26    8.79    2.40    0.74    1.69    5.89    3.60    2.20    5.60    7.12    5.40    8.36    5.22    6.00    6.27    4.45    1.79    0.70    0.62    0.08    0.02    0.00    0.01    0.03    0.02    0.02    0.03    0.03    0.05    0.16    0.21    0.67    0.50    0.32    0.32    0.63    0.36    0.10    0.01    0.00    0.00    0.00    0.53    0.21    0.04    0.03
PSATLAJ     -9.76  -48.37   10.11    2.66    0.81    5.28    3.97    1.71    1.48    4.64    8.25    4.99    5.64    0.85    1.86    2.79    6.96    2.36    0.15    0.01    0.00    0.00    0.00    0.12    0.18    0.04    0.03    0.03    0.02    0.00    0.27    1.51    0.18    0.36    0.16    0.04    0.04    0.05    0.01    0.00    0.00    0.00    0.24    0.15    0.05    0.12    0.02
PSATPTRL    -9.31  -47.39    9.10    1.65    0.28    0.20    0.39    0.95    1.37    6.47    4.85    4.46    5.12    1.21    1.38    0.44    0.76    0.20    0.24    0.00    0.00    0.00    0.00    0.00    0.00    0.07    0.07    0.00    0.00    0.00    0.08    1.02    3.30    0.67    0.22    0.19    0.19    0.05    0.00    0.00    0.01    0.02    0.08    0.03    0.02    0.00    0.00
PSATLJET    -7.33  -47.48    3.16    1.94    0.74    0.74    0.71    3.68    2.36   11.15    3.48    1.75    0.96    0.61    0.55    0.48    0.45    0.28    0.77    0.03    0.00    0.04    0.26    0.01    0.08    0.67    0.09    0.25    0.14    0.13    1.12    2.35    9.62    3.19    2.67    3.56    1.26    0.33    0.14    0.01    0.00    0.00    0.00    0.01    0.02    0.00    0.01
PSATUCR     -3.83  -49.65    6.71    4.01    2.19    7.59    1.78    2.56    2.71    5.76    4.70    2.10    1.38    0.72    1.06    0.87    0.55    0.37    2.10    0.44    1.19    0.58    2.00    0.58    0.56    1.63    2.99    2.12    1.29    1.17    5.00    8.63    7.39    4.87    2.97    3.55    4.44    2.05    0.63    0.28    0.09    0.07    0.00    0.00    0.17    0.15    0.22
PSATXIVJ   -29.07  -51.67    0.00    0.03    0.00    2.81   17.87    0.00    0.00    0.69    1.92    0.07    0.32    0.40    1.07    0.92    0.27    0.00    6.23    0.92    0.54    0.80   13.77   22.17    0.02    0.02    0.12    3.30    0.66    1.59    1.83    5.28    1.94    0.40    0.26    5.17   13.17    6.21   45.27    0.14   18.74    6.93   21.58   21.74   14.50    1.56   28.23
PSATDFRC   -29.45  -53.28    0.00    0.01    0.05   16.06   27.69    0.00    0.00    2.70    0.19    0.00    0.10    0.42    0.32    0.74    0.09    0.21    8.08    1.36    0.26    5.35   11.51    7.52    0.00    0.00    0.12    3.52    0.34    1.18    3.51    2.34    0.60    0.21    0.18    8.17    7.77   12.70   11.29    0.04   38.88    0.01    0.34   20.75    3.68    5.65    9.34
PSATREAL   -29.02  -53.19    0.00    0.03    0.12    5.17   19.10    0.00    0.00    3.06    0.48    0.01    0.07    0.25    0.15    0.46    0.02    0.08   12.88    1.00    0.20    4.43   15.13   12.71    0.00    0.00    0.08    3.39    1.37    2.05    3.65    4.85    0.97    0.18    0.05   16.50    9.54   11.65   33.89    0.16   22.05    0.01    1.29   21.10    8.21   13.12   19.49
PSATCTAV   -29.01  -51.39    0.00    0.11    0.14   11.31   24.52    0.00    0.00    0.16    1.49    0.03    0.47    0.51    4.96    3.47    0.10    0.42    3.97    2.11    0.52    0.12   11.53   16.94    0.00    0.05    2.28    4.90    3.84    0.76    3.19   15.16    6.32    0.52    0.85    2.00   15.70    4.50   44.56    0.03   14.17   14.86   19.69   17.84    8.81    0.84   22.03
PSATERNT   -28.56  -52.54    0.00    0.10    0.06    2.31   18.54    0.00    0.00    2.40    2.93    0.01    0.05    0.20    0.50    0.60    0.02    0.01   14.40    0.72    0.08    1.75    8.02   16.47    0.00    0.00    0.20    2.29    2.12    2.00    1.43    4.61    1.14    0.41    0.02   12.94   14.82    8.29   44.40    0.15   17.99    4.87    9.40   32.00   15.47    7.13   42.24
PSATSTPL   -27.14  -49.52    0.02    0.05    0.08    0.08   11.98    0.02    0.02    0.01    1.01    0.37    0.00    0.00    0.85    1.83    1.93    0.61    2.17    1.08    0.02    0.21    0.29    7.75    0.00    0.00    0.44    2.14    2.30    3.17    2.22    6.11   11.80    0.17    0.09    0.70    9.31    1.09   39.13    0.64    0.00   27.21   50.92   37.13   11.26    0.15   13.37
PSATCVCH   -25.14  -48.87    1.13    3.22    0.24    0.62   25.10    2.12    0.24    0.09    0.11    0.02    0.17    0.00    0.46    1.94    0.63    0.41    0.00    2.55    0.03    0.08    0.09    0.23   12.45    0.00    0.27    3.20    3.54    0.70    0.34    4.03    0.82    0.12    0.31    1.83    0.61    0.15    5.28    0.82    0.00    9.49    0.76    0.88    5.89    0.18    1.89
PSATAMY    -12.60  -69.12    8.60    6.82    6.60    9.67    9.38   10.31    4.85    8.37   10.40   16.93    4.99    4.68    2.08    0.84    0.86    1.28    2.70    5.03    1.18    1.26    0.85    6.13    4.16    5.02   15.50    3.38    1.38    0.91    0.75    1.94    4.16    4.51    4.82    7.63    4.37    2.07    7.15    4.75    1.93   11.69    2.72    0.93    0.71    0.54    1.85
PSATGJR    -10.73  -65.35   10.34    4.85    2.60    5.90   11.62    3.78    1.19    1.53   12.53    4.13    1.41    1.10    0.15    0.10    0.12    0.29    4.00    1.69    0.21    0.13    0.39    2.66    0.47    2.32    1.19    0.27    0.16    0.09    0.11    0.21    0.47    0.66    1.93    6.28    1.47    0.24    6.07    1.74    4.72    3.82    0.46    1.01    0.01    0.07    0.64
PSATPRNC   -12.43  -64.43   10.15    5.00    1.93    3.71   12.55    5.42    0.97    2.82    5.83    4.71    0.65    0.44    0.09    0.00    0.01    0.44    7.56    1.88    0.23    0.11    0.15    0.33    0.20    0.72    0.45    0.01    0.00    0.00    0.00    0.05    0.36    1.36    2.32    3.06    0.63    1.18    5.56    1.86    2.78    3.73    0.59    0.31    0.00    0.08    0.56
PSATSANT    -8.87  -63.97    7.92    7.45    7.73   10.85   15.63   10.52   11.46    2.60   10.08   16.42    8.71    4.90    1.21    0.30    0.59    3.77    4.98    7.34    0.92    1.25    0.72    0.37    0.31    0.45    0.32    0.63    0.47    0.11    0.41    0.87    2.39    2.58    1.57    3.79    4.49    3.03    1.03    2.51    0.99    7.15    0.00    0.00    0.09    0.41    2.07
PSATDARD   -10.16  -59.46    4.65    3.63    4.55   14.30   16.32    5.90    2.72    6.33    4.46    8.32    7.72   10.85    1.19    0.29    0.49    1.93    7.70    0.81    0.32    0.55    0.03    0.01    0.01    0.00    0.21    0.25    0.05    0.00    0.14    0.18    0.53    2.67    1.54    2.75    1.25    0.90    2.31    0.70    0.57    0.81    0.00    0.00    0.01    0.34    0.11
PSATGUAP   -15.12  -58.96    6.12    2.29    4.57    6.59   13.29    8.21    0.89   10.00    5.77    2.82    0.85    2.33    0.78    0.14    0.00    0.81    5.02    2.44    0.41    0.56    0.03    0.00    1.01    2.17    0.46    0.00    0.00    0.00    0.00    0.21    0.34    0.37    1.07   10.16    0.34    2.01    1.74    0.12    0.34    2.56    0.09    0.00    0.00    0.06    1.40
PSATJIRA    -9.25  -64.65   11.81    5.00    2.71    4.73    9.64    9.91    3.11    2.31   10.03   12.43    2.92    2.10    0.45    0.20    0.17    0.48    6.69    5.31    0.59    0.45    0.45    3.34    1.55    3.22    4.46    0.56    0.42    0.23    0.15    0.53    2.37    2.83    2.98    4.80    3.54    0.70    2.34    6.75    2.60    7.37    0.38    0.25    0.11    0.11    0.96
PSATROND   -11.99  -60.70    4.31    5.37    1.30    5.03   11.34   10.28    2.19    1.86    6.95   10.13    7.50    7.54    0.58    0.05    0.38    0.64    5.48    6.64    0.43    0.21    0.06    0.02    0.18    0.09    0.98    0.40    0.37    0.00    0.03    0.18    0.64    1.16    3.11    2.62    1.62    2.20    0.98    1.31    2.01    4.94    0.00    0.03    0.00    0.15    0.85
PSATSAMU    -8.75  -63.45    3.76    5.02    6.44   11.77   13.57    6.08    5.29    3.86    7.72   20.67    9.17    4.24    1.12    0.11    1.14    2.25    5.55    2.98    0.57    0.90    0.39    0.22    0.16    0.41    0.08    0.84    0.20    0.01    0.16    0.35    2.28    3.74    1.81    2.17    4.15    2.45    1.30    2.00    1.50    6.09    0.01    0.00    0.00    0.51    2.75
PSATBALB    -1.92  -59.47    4.61    1.72   20.29   15.17   28.15   11.96    6.32   19.67    8.70    3.73   20.56   11.60   27.93   30.01    7.82   11.22    3.81    4.09    8.34   11.02    2.08    8.73    4.34    1.69    7.38    6.41    3.73   10.38   12.16   14.10    9.61    8.02    3.60    3.86    5.54    2.69    2.29    1.54    4.58    6.16    8.46    3.37    3.33    4.72    9.30
PSATCUNA    -2.82  -54.30    3.14    2.49    6.79    8.59   14.17    2.23    5.45   14.92    6.13    7.71   15.39    4.61   12.35    1.95    0.90    0.92    0.46    2.18    1.38    1.82    2.33    9.95    3.38    4.15    2.62    4.77    2.81    7.24    2.25    5.16    6.60    4.46    2.43    5.18    7.28    0.81    1.17    0.61    0.58    1.85    0.17    0.29    2.11    4.14    3.93
PSATJARI    -0.65  -52.52    6.07    2.53   14.58   21.07    7.27    4.82    2.99    5.48    9.77   11.10   15.47    7.65   22.48    6.34    3.38    1.44    3.83    2.74    6.12    3.58    6.18    9.07    9.32    6.07    9.28    6.04    5.46    5.30    4.03    2.60   10.58    2.71    6.10    2.67    5.33    4.10    3.18    2.37    2.07    6.50    1.57    3.04    4.29    4.79    4.94
PSATFGOM     0.86  -51.20    6.46    3.00   25.07   18.47    6.41    6.59    2.76    7.39   14.31   13.51   13.17    3.82   21.91    7.98    2.25    2.50   10.89    5.61    9.05    4.55   12.42    9.27   13.96   11.95   12.25    9.42    5.54    8.25    9.65    6.71   12.15    5.11    5.62    3.27    6.38    4.80    6.26    3.45    4.61   12.62    3.01    4.95    4.82    5.76    4.43
PSATUBE     -6.75  -43.57    2.73    1.14    0.51    0.45    0.26    0.67    3.81    4.62    5.22    0.94    0.55    0.56    0.46    0.70    0.13    0.34    0.67    0.00    0.00    0.00    0.00    0.00    0.02    0.43    0.10    0.01    0.00    0.07    0.26    1.25    7.92    2.29    1.79    1.75    1.29    0.17    0.08    0.02    0.00    0.00    0.02    0.00    0.00    0.00    0.00
PSATBSOR    -6.74  -52.00    8.64    2.11    1.08    3.84    5.76    3.63    1.73    7.64    5.17    3.74    4.72    2.27    2.93    2.56    5.43    1.65    0.83    1.17    0.33    0.16    0.03    0.02    0.02    0.07    0.01    0.02    0.05    0.15    0.28    0.46    0.61    0.98    0.59    0.57    0.76    0.42    0.21    0.03    0.01    0.00    0.00    0.26    0.29    0.18    0.03
PSATBESP    -6.75  -51.77   11.84    2.14    1.24    7.73    3.93    2.58    1.49    9.42    4.92    5.21    1.56    0.69    1.24    2.20    3.46    0.64    0.57    0.67    1.28    0.71    0.13    0.04    0.05    0.39    0.08    0.19    0.96    0.73    2.64    3.23    5.15    2.14    1.95    2.08    4.81    1.73    0.65    0.25    0.01    0.00    0.00    0.00    0.16    0.38    0.06
PSATPIME    -3.41  -51.91    6.07    4.80    4.08    8.24    6.51    2.25    3.18    9.70    3.93    4.90    3.40    1.29    2.08    1.60    1.92    1.04    1.26    1.88    2.94    0.95    1.14    2.30    0.66    1.94    2.12    1.21    2.04    4.55    2.89    3.20    5.51    2.19    2.18    2.70    2.94    1.48    0.65    0.52    0.30    0.27    0.10    0.06    0.39    0.96    0.60
PSATIRAP   -16.74  -42.57    0.46    0.27    0.88    5.80    9.98    1.79    8.13    2.33    0.84    0.08    0.01    0.04    0.12    0.58   16.34    1.61    0.08    0.00    0.00    0.08    0.67    0.44    1.16    0.49    0.85    1.15    0.09    0.59    2.84   11.84    1.00    2.92    0.14    0.29    0.26    0.08    1.20    0.31    0.03    0.19    0.92    0.48    1.27    0.18    0.14
PSATITBI   -15.97  -39.59    0.95    0.41    0.35    6.80    3.42    2.86   15.45    3.88    1.44    0.11    0.05    0.25    0.19    0.11    5.39    0.31    0.16    0.15    0.03    0.42    2.95    2.17    0.87    1.25    1.93    1.54    0.30    0.65    0.96    3.98    1.46    0.82    0.30    0.68    0.28    1.16    2.49    0.27    0.18    1.82    1.98    1.12    1.92    0.54    1.33
PSATCOLI   -10.98  -55.77    4.58    3.67    1.98   12.41    3.26    2.94    2.48    4.30    5.59    4.50    5.57    6.15    2.30    0.98    2.38    1.56    2.03    4.81    0.51    0.06    0.00    0.01    0.00    0.00    0.06    0.07    0.00    0.00    0.13    0.01    0.12    0.76    0.41    0.07    0.11    0.13    0.06    0.00    0.05    0.00    0.00    0.01    0.16    0.04    0.01
PSATSAEL    -9.19  -57.04    5.70    1.54    3.09   14.29    1.52    4.83    2.03    5.99    7.54    4.71    2.92    1.81    3.14    3.38    3.49    0.99    1.15    1.84    0.53    0.14    0.01    0.00    0.01    0.00    0.00    0.00    0.01    0.01    0.04    0.11    0.45    3.98    1.28    0.91    0.74    1.78    0.16    0.04    0.05    0.03    0.02    0.02    0.20    0.19    0.08
PSATITQ    -17.09  -54.83    9.90    6.07    1.48    1.72    8.71    4.45    1.39    1.61    0.20    0.12    3.93   20.94    6.09    0.69    0.54    0.13    2.35    0.80    0.69    0.39    0.03    0.09    0.70    0.47    0.89    0.49    0.48    0.44    0.72    0.20    0.34    0.66    0.19    0.76    0.39    0.00    0.09    0.00    0.00    0.08    0.21    0.03    0.50    0.05    0.12
PSATJAU    -15.24  -58.73    8.94    2.37    3.23    6.57   14.45    7.65    0.54    7.57    3.64    2.11    1.02    2.56    0.68    0.12    0.00    0.50    5.97    2.98    0.37    0.37    0.02    0.02    0.95    1.37    0.31    0.00    0.00    0.00    0.00    0.11    0.23    0.23    0.65   10.60    0.22    1.75    2.07    0.12    0.31    1.85    0.23    0.02    0.00    0.12    0.65
PSATMAN    -14.87  -55.78    2.63    6.03    0.96    4.63    5.58    4.12    2.09    1.94    1.75    0.74    3.96    3.38    1.37    0.81    0.03    0.39    1.68    9.01    0.48    0.09    0.00    0.01    0.00    0.01    0.16    0.26    0.07    0.14    0.18    0.00    0.02    0.12    0.18    0.85    0.11    0.00    0.03    0.00    0.00    0.00    0.00    0.00    0.23    0.04    0.00
PSATPTP    -17.61  -54.83   11.19    6.88    1.78    2.14    9.87    6.03    2.02    1.99    0.19    0.08    3.33   15.83    3.15    0.08    0.28    0.02    6.60    1.63    0.39    0.30    0.08    0.24    1.69    1.41    0.91    0.70    0.76    0.36    0.42    0.28    0.35    0.30    0.51    4.50    1.32    0.01    0.00    0.01    0.00    0.34    0.10    0.07    0.16    0.03    0.51
PSATSTCL   -17.90  -40.20    1.61    0.50    0.08   10.54   13.17    8.50   14.03    4.67    2.09    0.34    0.08    0.38    1.06    0.64    5.82    0.12    0.06    0.02    0.00    2.00    5.97    4.99    0.50    0.21    4.46    0.59    0.66    1.51    2.25    5.98    1.30    0.23    0.64    1.23    0.72    3.26    5.53    0.33    0.27    2.08    3.61    3.75    2.88    1.15    1.92
PSATPDC    -12.58  -39.00    8.36    2.76    0.50    0.20    0.06    0.01    0.16    5.16    6.43    0.84    3.20    4.05    2.43    1.81    0.34    0.78    3.36    1.86    2.08    3.05    4.67    2.86    1.69    0.42    0.51    1.33    1.83    0.76    0.78    1.67    1.13    0.33    0.30    1.53    1.72    0.35    2.05    1.63    2.68    3.33    3.99    2.20    4.84    1.77    2.67
PSATROSA   -20.92  -41.72    2.04    1.17    6.03    3.36    3.01    8.42    3.68    1.81    0.64    0.00    0.06    1.79    2.38    8.68   17.14    6.50    1.24    0.21    0.06    2.95    2.53    0.86    0.26    3.98    2.24    0.07    0.08    0.77    6.71   13.34    4.80    2.60    0.09    0.40    0.30    0.05    0.62    0.11    0.00    0.00    0.66    0.31    0.71    0.00    0.31
PSATCAN    -20.21  -42.85    1.54    4.36    2.90    2.63    1.40    2.37    3.36    0.35    0.18    0.05    0.05    1.63    3.98   14.71   10.48    3.45    0.74    0.15    0.64    2.39    0.92    0.28    0.16    0.79    0.96    0.01    0.12    0.48    1.20   16.86    3.86    7.05    0.04    0.09    0.22    0.13    0.58    0.23    0.03    0.02    1.12    0.42    1.26    0.01    0.15
PSATSAC    -19.64  -42.85    1.04    1.43    2.03    6.34    1.66    1.25   12.59    2.30    2.06    0.38    0.15    0.54    0.48   20.49   25.73    6.76    0.81    0.06    0.01    0.94    0.46    0.27    0.07    0.27    2.35    0.12    0.11    0.13    7.03   17.53    2.87    3.71    0.02    0.02    0.19    0.21    1.32    0.26    0.13    0.06    1.31    1.34    1.72    0.19    0.10
PSATPES    -19.12  -42.66    1.45    0.80    1.62   12.19    3.29    2.02   25.17    3.36    2.22    0.43    0.11    0.15    0.74    7.21   42.71   14.27    0.50    0.02    0.00    0.42    1.39    1.05    0.18    0.05    3.17    1.75    0.52    1.02    9.32    8.18    2.51    3.06    0.01    0.17    0.92    0.49    1.54    0.46    0.27    0.21    1.77    2.58    4.44    0.37    0.18
PSATMAS    -19.50  -40.92    1.08    0.45    1.96   11.00    6.26    3.06   12.27    2.84    1.31    0.51    0.25    0.41    0.90    4.15   20.25    4.46    0.80    0.18    0.04    0.38    1.30    1.10    0.92    0.26    6.23    1.02    0.44    0.71    5.21    4.83    1.53    1.51    0.06    0.36    0.27    0.32    1.58    0.32    0.16    0.34    1.25    1.89    2.13    0.30    0.38
PSATSBR    -23.37  -45.87    0.59   18.94    7.62    1.79    0.84   19.53    2.53    1.02    0.54    2.27    2.01    2.27    5.91   37.91    3.75    0.29    0.25    2.51    4.41    0.53    0.13    0.05   20.85    3.95    0.62    1.79    1.63    8.11    4.97    8.63    1.34   11.77    0.60    2.05    0.95    0.10    0.05    0.02    0.00    0.05    1.78    0.47    0.01    0.03    0.70
PSATJAG    -23.20  -46.03    0.17   19.34    8.63    6.70    1.55   15.07    0.95    0.42    0.69    0.92    0.24    1.33    2.66   48.42    1.11    0.38    0.06    0.67    3.27    0.38    0.14    0.03   11.75    2.62    0.37    0.67    0.73    4.76    1.83   10.22    1.53   18.89    0.55    0.31    0.09    0.21    0.25    0.12    0.00    0.06    1.13    0.12    0.00    0.00    0.06
PSATFUNI   -22.53  -44.57    0.36   18.26    8.32    4.44    0.88   17.07    1.26    0.62    0.79    1.65    1.46    2.90   11.99   34.50    3.83    0.26    0.08    0.39    2.91    0.50    0.30    0.06    6.61    2.72    0.56    0.50    0.57    7.62    3.44   11.44    1.21   13.47    0.36    0.29    0.18    0.17    0.10    0.03    0.00    0.02    0.47    0.24    0.05    0.07    1.24
PSATSACE   -22.48  -43.84    1.20    7.08    9.15    1.45    0.14   13.58    2.42    1.77    1.83    2.29    4.71    4.81   10.39    9.88    3.97    0.24    0.05    0.00    4.14    1.85    0.56    0.07    0.84    4.71    1.30    1.01    0.60   10.85    5.08   14.60    1.48    6.38    0.81    0.63    0.53    0.05    0.00    0.00    0.00    0.00    0.29    0.46    0.44    0.05    0.85
PSATPIC    -21.91  -43.54    1.84   10.18    7.75    1.66    0.21    8.32    1.70    0.76    1.27    0.12    3.87    7.89   10.10    5.05    2.88    0.23    0.14    0.00    3.34    1.24    0.78    0.27    1.16    2.17    0.98    0.67    0.27    5.58    4.00   14.37    2.17    2.50    0.82    0.46    0.37    0.15    0.00    0.03    0.00    0.00    0.37    0.21    1.34    0.06    0.18
PSATSOGI   -21.94  -43.36    1.12   14.88    6.35    1.49    0.49    6.13    1.35    1.72    0.36    0.06    3.86    8.20   10.25    6.80    2.04    0.41    0.41    0.00    4.60    2.04    0.79    0.42    0.79    1.56    0.63    0.41    0.31    2.64    5.63   17.14    3.46    4.09    0.47    0.50    0.27    0.08    0.14    0.02    0.00    0.00    0.64    0.29    1.83    0.00    0.34
PSATIPSI   -21.84  -42.58    0.74    8.46    9.69    0.88    0.29    7.00    1.24    0.83    0.96    0.15    3.99    5.39    8.52    8.26    3.22    0.20    0.34    0.01    4.89    1.54    0.76    0.22    0.89    2.21    0.46    1.21    0.49    7.11    4.93   14.01    5.10   12.22    0.78    0.56    0.42    0.10    0.22    0.10    0.01    0.00    0.26    0.18    0.73    0.04    0.23
PSATTCLJ   -22.69  -43.83    0.94   11.32    8.77    0.23    0.30   12.57    3.36    1.37    0.31    2.01    2.62    3.30   10.94   19.07    6.12    0.26    0.02    0.00    3.14    0.49    0.15    0.03    2.50    5.86    1.01    3.05    1.43   10.16   11.93    9.43    1.19   11.93    0.95    1.89    0.76    0.00    0.00    0.00    0.00    0.00    0.70    1.01    0.03    0.03    0.00
PSATBIGU   -25.51  -53.67    5.71    6.48    0.53    1.86   25.51    0.00    0.00    0.33    0.11    0.00    0.00    0.01    0.76    0.65    0.25    0.12   19.63    2.97    0.00    0.00    0.05    9.79    0.07    0.00    0.00    1.45    1.40    3.34    8.47    3.40    1.20    1.38    0.41    2.80    1.03    3.23   34.21    0.70    4.92   19.54   50.29   49.78    6.47    0.07   39.25
PSATBRAU   -21.45  -42.41    1.09    8.97    7.29    1.03    0.74    6.56    3.11    1.43    0.26    0.06    0.99    4.11    7.53   12.49    3.03    1.14    0.47    0.03    7.89    3.75    0.94    0.51    0.69    2.01    0.51    0.23    0.21    3.78    2.51   23.18    4.02    9.77    0.02    0.17    0.56    0.24    0.38    0.09    0.02    0.00    1.13    1.01    1.53    0.07    0.26
PSATSUIC   -20.08  -40.58    1.38    0.57    2.27    6.21    4.59    2.84    2.34    3.35    0.31    0.02    0.08    0.08    1.50    3.49    7.49    2.03    1.53    0.06    0.05    0.23    1.72    1.94    0.34    1.34    3.63    0.00    0.03    0.18    4.82   13.12    4.00    0.09    0.12    0.00    0.03    0.89    1.13    0.15    0.03    0.06    1.74    1.34    1.98    0.00    0.43
PSATJRI     -9.30  -64.70   11.70    5.69    3.18    4.62    9.38    7.46    3.52    2.50    9.63   12.57    1.48    0.72    0.20    0.02    0.02    0.42    8.03    5.71    0.43    0.33    0.51    2.62    0.97    0.74    1.21    0.21    0.09    0.01    0.02    0.35    2.57    3.61    3.23    4.23    3.20    0.71    2.28    7.73    1.93    5.34    0.03    0.00    0.00    0.05    0.66
PSATBENI   -14.59  -67.53   10.90    2.78    1.99    5.59   10.97   16.12    1.99    2.12   11.24   11.23    7.11    5.87    1.16    0.70    0.58    0.68    2.30    4.00    1.02    0.87    0.28    5.61    3.22   10.08   13.50    1.55    1.33    0.84    0.52    1.06    1.25    0.76    2.65    7.11    4.47    0.76    3.05    3.82    4.42   13.24    1.34    0.93    0.40    0.28    1.78
PSATEPB    -12.42  -64.42    9.61    4.75    1.85    3.77   12.02    4.10    0.76    2.59    8.01    3.89    0.64    0.50    0.07    0.01    0.06    0.41    6.11    1.30    0.23    0.11    0.18    0.61    0.16    0.87    0.36    0.05    0.00    0.00    0.03    0.07    0.32    1.00    2.47    3.56    0.52    0.89    5.41    1.28    2.62    3.23    0.67    1.19    0.00    0.05    0.45
PSATEGM    -10.79  -64.35   11.22    5.14    2.99    6.69   12.00    4.79    1.50    1.37   12.26    4.98    1.63    1.21    0.20    0.13    0.10    0.27    4.53    2.35    0.21    0.15    0.43    3.14    0.60    2.57    1.47    0.30    0.21    0.11    0.10    0.25    0.55    0.82    1.65    6.89    1.92    0.26    6.30    2.46    5.63    4.43    0.32    0.17    0.01    0.09    0.80
PSATSTOA    -8.79  -63.95    8.05    6.92    7.83   10.84   16.03    9.97   11.59    2.66   10.41   15.83    9.16    5.24    1.24    0.29    0.64    3.88    4.76    7.40    0.90    1.09    0.72    0.35    0.27    0.44    0.33    0.55    0.43    0.10    0.40    0.76    2.37    2.73    1.59    3.99    4.75    3.22    1.01    2.59    0.94    6.98    0.00    0.00    0.10    0.41    2.17
PSATENC     -9.90  -66.62   15.95    7.79    1.85    3.64    6.84   12.40    5.88    1.34    8.18   17.68    0.99    1.16    0.15    0.00    0.00    0.61    8.67    8.40    0.64    0.31    0.73    1.64    1.24    0.72    1.00    0.33    0.14    0.00    0.00    0.35    5.63    4.61    2.31    1.94    3.53    0.60    1.94    8.72    1.13    3.67    0.01    0.00    0.00    0.04    0.85
PSATAMY1   -11.71  -70.63    7.85    3.98    5.10    5.33    8.66    8.87    4.26    7.32   10.54   19.98    0.95    1.03    0.45    0.00    0.00    0.00    0.42    7.37    0.49    0.47    0.74    6.25    4.30    1.65    4.53    0.40    0.00    0.01    0.02    1.16    3.18    4.99    3.54    7.57    5.17    1.55    8.62    6.23    0.36    4.90    0.74    0.00    0.00    0.02    0.46
PSATAMY2   -12.37  -71.17    6.78    6.57    7.01    7.37    7.28   12.09    5.48   10.65   12.02   17.94    3.57    4.06    1.86    0.50    0.56    1.13    3.08    5.49    1.26    2.07    1.37    6.50    5.61    5.98   16.57    3.77    1.39    0.92    0.96    1.69    4.17    4.91    6.15    8.02    3.91    2.65    8.80    5.27    2.08   18.03    2.39    0.93    0.56    0.73    2.83
PSATAMY3   -13.75  -70.18   12.44   11.37   10.01   19.05   14.32    9.22    5.51    7.72    6.51   15.20   10.62    8.97    4.32    2.20    2.38    3.21    5.02    2.72    1.78    1.31    0.40    4.07    2.36    6.43   24.69    5.54    2.63    1.81    1.46    3.42    5.99    4.64    4.47    5.91    3.68    2.50    5.05    2.94    2.84    9.83    5.25    1.66    1.74    1.06    1.93
PSATAMY4   -13.45  -69.47    7.60    4.87    2.63    7.83    7.10   10.27    3.40    5.79   13.70   13.68    6.54    5.81    1.87    0.91    0.64    0.77    2.03    4.16    1.32    0.59    0.62    8.80    3.36    6.47   17.55    4.30    1.77    1.02    0.37    1.63    3.01    2.37    3.80    9.59    5.29    0.92    4.00    4.03    2.93   11.24    2.99    1.39    0.65    0.14    1.81
PSATJRN    -13.37  -59.01    8.70    3.74    3.10    6.87   12.87   11.55    2.73    9.49    3.09    3.23    1.05    1.83    0.48    0.11    0.14    0.45    5.07    2.25    0.35    0.37    0.04    0.00    0.53    1.88    0.73    0.15    0.00    0.00    0.03    0.12    0.43    1.37    2.38    3.88    0.75    0.56    1.41    0.23    0.61    2.82    0.41    0.01    0.03    0.21    1.07
PSATAPI    -10.34  -56.98    5.86    1.73    4.79   21.08    1.84    1.53    2.60    7.05    6.49    4.17    4.16    0.89    1.49    0.85    3.44    1.38    0.61    0.52    0.87    0.25    0.00    0.00    0.07    0.02    0.02    0.02    0.01    0.05    0.04    0.02    0.35    3.95    0.40    0.74    0.24    1.09    0.38    0.01    0.04    0.01    0.04    0.00    0.01    0.08    0.03
PSATSALT   -29.32  -50.68    0.00    0.19    0.25   14.61   30.45    0.00    0.02    0.00    1.15    0.05    0.89    1.16    9.14    5.71    0.17    0.81    2.61    2.64    0.43    0.00   10.36   11.15    0.00    0.21    4.30    4.91    4.91    0.85    2.35   26.58    7.72    0.82    1.92    1.80   14.25    6.99   34.00    0.03   18.62    9.83   21.45   13.33    8.00    1.19   16.17
