PSATAGV    -19.89  -50.35    0.58    0.79   11.06   21.46    2.27    0.36    0.08    0.07    0.22    1.50    6.49    4.84    3.23    0.97    0.03    0.04    1.10    2.26    3.40    5.23   24.82   15.73   21.16   13.80   22.71   29.02    9.01    2.61    6.32    6.60   12.95   10.42    5.85   13.85   28.93   48.80   58.17   29.07   25.16    5.66    4.05    7.15    8.23    0.68    3.47
PSATCMG    -21.28  -44.63    0.33    0.18    0.74   21.97    1.52    0.72    0.07    0.05    0.31    0.60    4.61    4.16    0.45    0.22   10.11   12.08    3.70    0.65   11.66    5.99   30.92    3.85    5.75    9.13    7.87   17.97    2.25    9.33   10.06   18.93    8.58    7.72    1.84    2.58   20.07   40.68   40.47   14.44   13.38    8.91   12.83   16.81    5.79    0.00    0.07
PSATCES    -20.25  -48.16    1.06    1.62    4.92   15.53    3.52    0.46    0.00    0.00    0.10    0.27    5.11    4.18    5.70    0.72    0.02    0.06    1.03    0.48    1.99    3.30   24.40   22.00   21.42   15.38   14.18   18.58    6.33    2.28    3.22    8.23    4.78    5.86    3.75    8.25   39.24   69.21   40.94   48.68   20.38    8.19    4.23    4.59   11.28    0.00   14.63
PSATELC    -21.60  -46.95    0.27    0.55   10.53   10.39    1.71    0.18    0.00    0.00    0.11    0.42   10.45    2.19   11.54    3.50    1.58    0.11    1.83    1.58    6.42    2.16   16.25    5.57    5.55   21.17   17.19   28.34    5.02    2.26    3.32   13.44    4.94   12.12    2.53    2.75   36.47   71.75   48.61   61.44   10.90   10.61    7.84    3.09    5.16    0.19   10.20
PSATFUN    -21.14  -45.04    0.31    0.20    1.04   22.01    1.01    0.17    0.04    0.01    0.47    0.80    6.99    3.66    0.56    0.05    1.12    5.07    1.22    0.26    7.22    5.28   22.81    9.66   11.25   12.87    6.16   19.79    5.38    4.66    6.38   13.93   11.24    6.20    1.86    2.03   17.90   25.96   34.05   27.92   10.95    7.32   14.79   11.25    2.22    0.00    0.01
PSATFUR    -20.67  -46.32    0.26    0.70    8.24   18.48    2.27    0.16    0.00    0.00    0.60    0.54    4.27    4.93    2.99    0.46    0.11    1.84    0.45    0.72    3.60    4.80   18.91   13.44   11.29   16.94    8.65   23.71    9.27    3.53    5.52   10.67   12.34    7.30    1.29    3.57   25.67   38.71   42.04   31.89   14.70   16.50   10.64    7.99    6.85    0.13    1.57
PSATMRB    -20.30  -49.18    0.56    0.80    5.95   16.19    1.42    0.24    0.01    0.00    0.13    0.63    5.63    4.38    4.73    3.74    0.78    0.04    1.20    1.50    3.31    2.85   26.46   14.95   20.44   17.72   22.59   26.53    6.89    2.51    3.81    8.99    7.40    7.35    4.28    8.88   38.31   59.68   68.48   45.05   24.03    8.83    3.38    3.50    9.17    0.01   11.53
PSATPRG    -21.59  -45.67    0.05    0.14    8.46   13.13    0.41    0.19    0.00    0.00    0.49    0.85    7.74    3.13    4.92    9.95    3.90    0.52    7.22    8.21   17.00    8.45   12.51    6.35    3.97   15.23   19.12   35.15    4.85    1.64    5.83    9.59    7.58   11.76    1.13    0.83   25.82   42.22   28.42   18.19   12.00   12.81    6.18    7.99    6.61    0.31    3.48
PSATPAS    -21.02  -48.18    0.24    0.35   13.63   12.70    0.12    0.04    0.00    0.00    0.00    0.91   11.41    9.07    6.60   11.83    9.07    0.10    2.37    9.68    6.32    3.73   10.24    8.49   12.81   15.63   34.61   32.20    7.31    2.86    2.89   10.14    6.29    9.38    2.41    0.42   11.80   32.34   65.86   41.55   11.28    6.67    2.82    3.31    4.46    0.26    9.63
PSATPTB    -21.61  -45.49    0.20    0.24    2.16   19.86    0.70    0.30    0.01    0.01    0.66    1.64    9.70    6.59    3.42    2.26    2.45    5.46    9.50    1.80    9.18    3.68   13.32    5.45    6.65   13.79   13.39   15.25    6.01    3.07    9.46   11.60   10.09    8.92    1.98    1.13   28.18   53.72   41.90   20.07   10.65   10.73   10.90    9.48    8.73    0.07    0.31
PSATPTC    -20.00  -48.55    1.39    2.15    2.85   13.85    5.36    0.64    0.03    0.01    0.22    1.18    2.38   10.16    5.99    0.08    0.00    0.08    0.33    0.15    0.91    1.76   25.70   19.31   15.83   11.37    4.75   19.17   14.41    4.69    3.66    7.88    9.42    4.63    4.65   17.01   33.34   45.40   34.20   16.93   14.53   13.17    6.03    9.05   10.31    0.10    8.69
PSATFZA    -26.00  -51.65    7.03    4.59    6.23    7.99    1.15    0.48    0.16    0.00    0.00    2.64   24.84   43.26    8.14   23.51    8.32   27.12    6.58    3.12    0.35    0.60    0.98    7.39   17.15   12.47    1.18    0.26    0.89    0.06    0.56   19.07   21.75   70.27    3.17   11.14    1.20    0.72    2.42    2.25    0.72    0.14    0.09    0.53    0.97    2.21    8.93
PSATJSG    -25.78  -52.00    1.32    4.95   10.54    6.42    0.82    0.08    0.03    0.00    0.00    5.04   32.16   37.45   17.97   27.85   17.48   24.11    1.38    1.20    0.19    1.42    0.97   12.43   12.72   12.30    0.68    0.26    2.50    0.28    0.96   16.31   12.86   64.39    1.74    6.92    0.90    0.75    1.22    0.54    0.49    0.20    0.24    0.52    0.97    4.02   11.45
PSATSCX    -25.53  -53.48    0.05    7.64    8.30    9.99    0.84    0.03    0.00    0.00    0.24    9.43   52.12   32.72   24.70   39.97   31.26   25.47    3.57    5.75    0.96    2.90    1.20   10.64   13.14   14.02    1.44    1.51    1.52    0.57    1.44   15.07   15.35   27.00    0.60    4.10    0.58    0.34    0.79    0.23    0.39    0.47    0.36    0.57    0.84    4.94   14.63
PSATSCL    -25.49  -51.74    2.32    1.82    4.73    3.50    0.97    0.03    0.01    0.00    0.00    8.15   36.22   94.47   14.64   26.08   15.02   13.38    6.55    2.51    0.39    4.13    0.57   12.86   18.82   13.59    2.72    2.62    2.20    0.84    2.92   16.00   40.94  113.62    2.29   12.99    1.30    0.35    0.85    0.61    0.18    0.55    0.18    1.01    1.94    3.68   12.68
PSATUVT    -26.23  -51.08    2.67    6.84   12.25    4.94    3.03    2.42    0.30    0.08    0.00    2.62   32.21   52.42   18.10   20.80    9.02   37.79   14.49   20.88    1.53    1.90    2.78    3.40   12.04   11.75    3.83    0.12    0.64    0.25    2.71   12.38   29.33   65.34    1.50    1.06    0.31    1.83    4.52    7.73    1.47    0.56    0.05    0.21    0.52    1.57   15.90
PSATBSM    -24.19  -53.74    0.03    4.26    2.56   17.16    0.99    0.02    0.00    0.00    0.16   22.15   69.33   31.40   21.25   40.22   31.59   13.67    9.30   12.77    3.11    6.44    7.72    8.62   15.15   31.91    5.51    9.52    2.15    0.95    5.86   22.11   98.02   46.38    1.36    3.42    0.69    0.16    0.32    0.09    0.09    0.44    0.29    3.50    1.90    7.30   18.93
PSATFLE    -22.97  -54.56    0.09    9.53    4.04    6.07    2.07    0.00    0.00    0.00    0.46   44.54   38.02    2.29    1.03   27.51   49.85   21.92   11.82   19.37   10.88   11.95   14.68   16.19   23.37   26.99    1.71    2.72    0.16    0.04    4.92   53.99  129.39    0.26    3.54    4.30    2.26    0.89    0.61    0.17    0.15    0.69    1.48    2.01    8.25    3.66   18.17
PSATITP    -25.42  -54.58    0.02   17.79    5.28    8.19    0.54    0.00    0.00    0.00    0.85   37.64   50.91   12.38    7.59   37.14   48.62   34.63   14.37   17.33    7.53   10.72   10.11    8.23   20.88   29.24    3.32    1.73    0.70    0.28    2.62   25.56   91.49    2.87    2.48    2.91    1.17    0.80    0.57    0.22    0.10    0.29    0.66    2.13    2.55    2.96   15.72
PSATIVM    -22.38  -53.53    0.43    6.33    1.86   17.97    2.58    0.01    0.00    0.00    0.39   24.31   21.05    1.14    1.01    5.03   21.06   20.19   15.17   19.51   19.26   10.25   12.75   13.00   21.16   17.32    3.84    0.95    0.08    0.50    3.08   47.92   50.01    0.50    4.38    7.43    3.30    2.02    0.88    0.32    0.20    2.62    4.21    3.11    7.52    3.76    8.51
PSATPTQ    -23.18  -53.17    0.24    3.40    3.96   15.02    0.76    0.01    0.00    0.00    0.44   14.77   50.99   32.02   14.34   29.74   17.90   24.67   22.02   18.49    7.29    7.15    6.04    4.56   13.70   30.35   16.82    7.04    1.83    0.67    4.75   20.87   64.60   41.60    3.69    5.23    0.47    0.44    0.93    0.38    0.11    0.50    0.48    2.36    2.53    9.78   25.72
PSATCBI    -17.99  -48.54    2.31    5.84    3.43    9.31   24.06   15.34    4.08    3.57    2.01    2.47    3.57    6.44    0.54    0.21    0.05    0.00    0.04    0.00    0.32    7.80    9.27   14.82    8.80   11.20   11.49    4.41    3.57   11.69    7.70   11.68   13.73    4.82   10.05   12.88    9.41    7.81   11.49   17.41    4.53    7.29    6.72    9.56    6.86    0.37    0.02
PSATCBIV   -16.15  -48.67    4.31    7.85    4.68   14.92   30.47   25.01    7.81    5.13    3.31    2.72    2.86    5.80    0.36    0.26    0.15    0.00    0.04    0.00    0.41    8.57    3.54   11.18    4.74   10.41   11.17    3.03    1.06   12.09    4.54   13.36   10.48    6.07    5.34   10.60    4.55    3.46    5.99   16.85    4.68   10.56    6.85    9.93   10.66    0.30    0.02
PSATEMB    -18.45  -47.98    2.77    2.55    1.20   12.96    6.88    2.47    0.63    0.72    1.24    5.58    4.19    3.61    0.24    0.00    0.00    0.12    0.09    0.00    0.12    0.13   19.24   18.35    9.57   10.12   18.39    4.46    0.99   12.21    5.66   13.22   12.08    3.67    7.93   22.38   15.35    8.47    9.37    8.69    6.20    6.34    7.70   10.00    5.06    0.05    0.21
PSATIMBR   -18.42  -49.10    1.11    3.08    1.91   11.31    9.94    4.04    0.87    1.23    0.81    5.04    2.62    7.06    1.78    0.15    0.00    0.01    0.10    0.00    0.03    3.78   16.28   19.78   15.38   15.47    6.86    7.56    3.46    8.17    8.71    7.95    6.58    4.31   14.38   20.79   18.08   13.75   16.96   15.96    5.86    6.44    7.58    9.88    6.74    0.10    0.50
PSATNPTE   -19.13  -47.70    3.26    1.61    1.50   15.68    4.19    1.72    0.05    0.27    0.74    4.78    3.50    5.12    0.68    0.01    0.00    0.15    0.33    0.00    0.35    1.14   16.22   12.22    7.98   10.46    7.25    4.79    6.55    9.53    6.49   13.73    8.67    1.64    5.22   22.28   25.16   26.58   19.61    7.33    7.03   10.58    7.90   13.77    8.65    0.13    1.39
PSATARV    -18.07  -50.16    2.17    2.69    1.88   17.80   15.55   13.92    2.34    2.00    4.67    3.15    6.31    3.45    1.92    0.99    0.43    0.36    0.30    0.12    0.13   15.86    5.77    8.80    6.28    3.61    3.48    5.77    3.08    6.42   14.90    6.75    4.20    2.98   15.15   20.24   24.53   21.57   14.57   11.31    4.09    8.87    6.43    5.58    4.87    0.87    0.63
PSATSFC    -18.05  -47.68    0.96    4.19    1.46   10.39   21.29   14.11    3.37    1.30    1.62    1.55    4.04    5.49    0.10    0.01    0.01    0.01    0.01    0.00    0.08    1.69   15.57   17.13    9.99   13.64   17.94    2.58    5.11   11.59    3.38   20.28   12.80    8.06   14.14   14.56    7.94    3.99    7.84    8.71    6.89    4.38    7.45    5.79    2.04    0.37    0.05
PSATSSM    -19.02  -50.50    0.81    2.72    2.22   17.36   10.48    4.37    0.99    0.95    1.19    2.81    3.55    3.92    1.49    0.58    0.06    0.03    0.28    0.05    0.15   10.25   13.60   13.21   12.66    7.17    7.06   10.72    8.79    8.15   12.48    8.73    4.68    3.67   20.45   28.73   26.23   28.47   23.54   13.71    9.05    6.67    6.36   10.96    6.21    0.05    0.50
PSATCNI    -22.94  -50.52    0.01    0.04    4.90    3.20    0.08    0.00    0.00    0.00    0.04   12.73   26.40   12.78    6.44   17.13    4.08    2.24    7.00   20.60   22.02    3.39    3.14   18.46    7.85   38.96   36.97    3.98    1.14    0.36    2.27   11.39   17.65   15.37    0.24    0.06    1.04    0.33    3.85    1.78    2.87    0.93    0.69    3.46    3.66    9.32   12.19
PSATCPV    -22.65  -51.33    0.01    0.51   15.43   10.47    0.39    0.01    0.00    0.00    0.00   11.56   30.87   17.91    4.94   17.04   11.46   12.53   17.74   25.15   17.47    3.97    4.33   12.16   11.97   38.38   36.06    3.48    1.46    0.81    4.17    8.50   28.00   29.93    0.67    1.93    0.73    0.37    1.27    0.55    0.68    0.35    0.70    4.65    2.95    9.69   16.91
PSATCHT    -23.01  -49.73    0.00    0.07    5.55    0.59    0.19    0.08    0.03    0.00    0.00    3.92   38.01   10.33    6.10   10.86    3.76    2.96    6.54   17.90   10.06    1.95    1.41   15.49    3.99   37.09   33.97    5.91    1.59    1.24    3.08    9.69   21.56   55.65    0.09    1.13    0.10    0.26    0.70    0.68    0.58    0.32    0.34    0.99    2.51   13.88   10.31
PSATJUR    -23.22  -49.23    0.00    0.01   11.67    1.97    1.05    0.25    0.08    0.00    0.00    8.95   31.40    6.68   11.67   14.73    3.29    1.61    6.34   18.03   13.35    4.10    2.05   15.28    7.17   32.69   50.92    3.24    1.27    1.45    1.35    7.98   15.25   38.04    0.79    0.16    0.34    0.91    2.57    2.36    1.78    0.52    0.07    1.43    2.92    7.42   14.45
PSATMAU    -24.06  -50.71    0.23    0.55   13.28    0.96    0.33    0.11    0.02    0.00    0.00    1.69   26.59   21.57   11.80   10.89    7.33   12.41   23.36   24.95    4.70    3.29    8.20    5.68    8.10   21.71   11.51    3.20    2.11    0.99    3.98   10.12   32.65  105.22    0.98    3.91    0.48    0.36    1.86    2.48    0.70    0.74    0.32    0.38    1.05    7.58   12.70
PSATROS    -22.50  -52.87    0.00    5.25    9.31   26.83    0.37    0.00    0.00    0.00    0.02   16.69   41.16   18.00    4.00   12.24   20.88   22.80   26.62   33.80    9.17    7.41    4.23    4.24    7.51   34.67   28.09    2.31    0.48    0.45    4.98   14.80   38.89    5.90    3.93    0.68    0.19    1.32    0.44    0.17    0.08    0.22    0.65    6.66    4.12    9.67   15.04
PSATQMD    -16.21  -47.33    2.67    4.50    3.33    9.86  111.11   23.44   10.91    3.26    5.55    0.80    3.40    3.41    0.00    0.02    0.00    0.01    0.00    0.00    0.74    0.78    2.39    5.29    6.48    5.00   13.89    8.73    0.86   17.87    7.04   10.89    9.31    8.42    8.88    7.23    2.98    3.08    3.37    2.38    9.26    5.94    5.36    3.57    2.46    0.56    0.12
PSATRBX    -18.95  -44.76    0.54    0.28    3.97   14.70    0.40    0.37    0.18    0.03    0.30    1.69    4.02    0.22    0.00    0.00    0.09    0.43    0.07    0.01    2.80    7.17   20.76   13.94   14.45    6.52    2.32   18.32    6.58   11.63    4.85    9.69    6.92    5.73    8.85   11.12   14.19    4.48   14.16   10.05    3.66    8.58   12.31   10.52    0.14    0.01    0.01
PSATSFR    -15.93  -44.86    3.58    4.15    0.91   14.00   44.94   25.31    7.82    2.60    4.02    2.07    7.50    1.17    0.00    0.03    0.00    0.00    0.00    0.00    0.15    0.09    1.55   16.06   14.96    6.41    6.42    3.35    3.10    6.93    3.82   15.53    7.13    7.70    8.86    7.68    7.49    7.15    1.95    0.80    7.18    5.32    7.51    3.10    0.02    0.11    0.05
PSATSRM    -16.37  -45.07    1.50    1.60    1.47   11.66   12.01    9.00    1.41    1.12    1.37    1.87    3.29    0.70    0.01    0.01    0.00    0.08    0.00    0.00    0.31    1.00   10.59   12.77   16.50    4.82    8.68    6.04    5.60   10.15    4.11   13.49   13.82    5.41   12.67   15.33   10.68    6.06    2.66    3.70    3.43    3.25    7.56    4.91    0.47    0.05    0.02
PSATTMR    -18.16  -45.27    0.93    1.22    5.00   15.94    1.51    0.54    0.01    0.18    0.77    2.76    6.19    1.94    0.16    0.01    0.01    0.49    0.08    0.04    0.62    4.30   25.26   14.01   13.28   10.81    6.60   17.63    8.39   12.65    5.82   14.75   10.06    5.26    7.69   12.59   16.94   14.26   19.82    9.68    5.23   13.10    8.79    9.46    5.56    0.11    0.23
PSATBOQ    -11.35  -43.83    1.88    0.35    0.32    4.33    4.50   15.21    4.05   18.52   11.14    9.62    0.16    0.02    0.00    0.24    0.10    0.04    0.01    0.68    0.91    1.04    2.66    3.14    1.44    1.10    0.06    0.21    0.95    3.12    7.05   10.15    2.28    9.50   10.88    6.85    7.02    4.09    4.48    1.56    4.79    3.78    4.05    0.88    0.11    0.34    0.05
PSATBBO    -22.52  -48.55    0.01    0.01   19.97    2.45    0.28    0.16    0.01    0.00    0.01    6.19   22.57    5.49    8.02   12.33    9.12    0.86    6.50   17.45   18.08    6.41    8.70   12.07   10.30   27.66   59.71    8.64    2.31    0.94    1.44    6.03   12.70   19.26    2.58    0.07    2.07    4.08    6.39    2.08    3.16    1.66    0.39    4.94    3.73    2.08   10.71
PSATESZ    -23.46  -46.91    0.02    0.00   17.18    8.96    6.84    3.61    0.45    0.03    0.04    0.06   15.06    7.92    2.68    9.30    7.13    2.38   10.79   19.36   11.70   13.59   16.58   11.59   11.17   21.92   96.33   10.43    0.94    0.72    3.34    4.55    9.57   14.24    9.48    1.82    3.62    7.18    5.23    3.63    4.03    1.91    0.05    4.52    4.26    0.16   10.57
PSATIBT    -21.76  -48.99    0.12    0.06    8.80    7.62    0.03    0.00    0.00    0.00    0.06    5.42   24.14    6.91   10.43    7.96    7.10    0.13    1.50   13.25    6.16    3.90    8.72   16.54   11.66   24.62   46.85    5.67    2.20    1.73    2.03    9.55    8.88   13.51    1.29    0.02    1.29    3.09   43.56    5.81    3.41    2.95    1.30    4.30    5.58    2.68    6.73
PSATNAV    -21.12  -50.20    0.27    0.36   12.98   16.75    0.08    0.01    0.00    0.01    0.11    4.49   16.05    8.11   12.06    4.60    3.44    0.02    3.87   18.32    6.98    0.88    8.13   14.50   16.36   26.11   34.62    6.53    4.48    2.13    4.42   13.63   16.13    4.67    1.37    0.86    3.73    8.95   99.09   26.62   25.03    3.33    1.75    6.19    7.40    1.55    4.76
PSATSME    -13.40  -48.30    1.93    9.64    2.55    4.32   40.47   31.05   11.58    9.11    7.58    4.80    5.00    8.24    0.95    1.27    0.34    0.16    0.02    0.01    0.72    7.10   10.85    6.71    7.77    8.53   10.37    3.19    1.32    9.12    6.20   13.11   11.22    9.58   13.27   10.41    5.12    6.26    6.22   14.30    3.94    5.58    5.71    6.21    4.09    0.13    0.02
PSATBGR    -27.78  -51.20    5.86   21.34   11.58    1.93    1.22    0.83    0.08    0.00    0.00    5.88    4.19   32.68   15.21    3.38   19.88   19.25    1.98    2.94    1.11    0.72    0.87    0.73   14.93   13.66    1.03    0.30    0.01    0.00    0.01   14.39    5.57    4.02    0.40    0.27    0.88    3.67    2.22    2.19    0.53    0.15    0.09    0.02    0.58   18.18   23.59
PSATCNV    -27.60  -51.33    2.56   14.46   11.96    1.46    1.27    0.85    0.33    0.09    0.00    5.01   14.18   18.14   19.14    8.06   29.50   39.64    0.94    2.04    0.91    0.93    1.18    1.42    7.96   16.68    0.66    0.13    0.15    0.01    0.01   13.11    7.05    8.65    0.20    0.27    0.62    2.78    1.80    2.26    0.42    0.29    0.06    0.13    0.14    4.04   21.90
PSATFCH    -27.14  -53.04    0.05    7.97   21.26    2.81    1.08    0.00    0.00    0.00    4.03    6.89    8.29   24.81   43.92    2.53   83.24    4.85    1.01    0.87    0.08    0.11    0.07    0.76   26.54   12.47    0.50    0.13    0.27    0.00    0.00   16.95    2.03    0.70    0.43    0.20    0.03    0.11    0.24    0.11    0.08    0.11    0.18    0.05    0.32    4.30   19.73
PSATITA    -27.27  -52.38    0.75   14.82   16.34    1.42    0.34    0.37    0.03    0.01    0.05    3.90    8.77   13.87   40.49   14.56   33.13   27.57    1.11    1.00    0.24    0.32    0.19    1.28   11.23   13.92    1.05    0.25    0.47    0.00    0.02   18.22    6.60    9.26    0.50    0.73    0.51    0.69    1.11    0.92    0.25    0.14    0.05    0.44    1.71    4.50   19.08
PSATMCD    -27.52  -51.78    0.17   31.68    7.77    0.24    0.01    0.00    0.00    0.00    0.00    3.70    5.15   31.10   37.90    1.41   31.21   20.91    1.04    1.36    0.17    0.08    0.01    0.46   13.54   12.32    0.49    0.47    0.02    0.00    0.00   13.18    2.78    2.56    0.00    0.14    0.02    0.27    0.40    0.27    0.15    0.09    0.02    0.49    0.40    7.90   30.52
PSATMOJ    -27.35  -52.73    0.62   11.39   13.93    1.60    0.19    0.00    0.00    0.00    1.78    5.20    6.73   24.04   21.47    1.03   58.80    1.20    0.58    0.81    0.00    0.02    0.01    1.20   18.43   13.40    0.53    0.24    0.06    0.00    0.00   15.47    2.46    0.23    0.08    0.11    0.08    0.09    0.27    0.06    0.12    0.18    0.20    0.06    1.16   14.37   30.21
PSATQQX    -26.66  -52.54    0.20   10.40   21.06    4.44    0.60    0.03    0.00    0.00    0.54    4.33   20.00   15.34   37.48   29.59   20.20   32.86    1.14    2.63    0.78    0.61    0.72    4.71   13.60   16.84    1.03    0.25    1.61    0.06    0.08   20.11    9.16    8.99    0.69    3.62    0.78    0.53    1.71    0.52    0.50    0.21    0.27    0.79    2.27    3.31   12.42
PSATPSJ    -28.14  -55.05    0.64    6.39    0.31    0.35    0.01    0.00    0.00    0.00    7.64    1.76    6.69    9.58    8.96    0.15    7.82    0.00    0.05    0.29    0.02    0.04    0.00    1.61   25.81    3.87    1.82    0.11    0.00    0.00    0.27    1.30    0.30    0.00    0.00    0.00    0.02    0.11    0.27    0.01    0.22    0.12    0.16    1.24   12.31   29.67    2.03
PSATESP    -18.68  -51.87    2.67    0.91    1.94   21.02   16.32    3.43    0.11    0.47    2.75    2.66    3.07    3.85    4.27    5.00    1.02    2.15    0.81    9.54    0.70    8.13    9.16    2.82    7.35   15.35   46.20    7.00    6.45   12.48   15.96   13.72    7.48   14.22    2.87   23.32   22.83   30.98   18.80   19.81   12.21    8.12    8.54   21.36   12.63    0.52    3.75
PSATSRC    -19.16  -50.76    0.87    1.93    4.77   24.20   11.50    1.74    0.17    0.33    1.57    3.17    6.04    4.23    1.52    1.19    0.81    0.41    1.27    2.63    0.27    9.54   12.44   12.78   13.51   12.58   36.24   14.42   19.50   13.37    9.38    9.18    3.39    8.22   10.50   19.43   31.43   34.68   25.01   19.64   14.37   12.39   10.50   15.52   15.74    0.54    4.40
PSATFRCL   -19.12  -50.64    1.92    2.38    3.39   26.25   16.38    4.65    1.16    0.56    3.13    3.27    3.76    3.50    1.94    0.76    1.14    0.38    1.38    0.37    0.21   16.95    8.76   11.90   11.08    6.59   12.88   18.62   15.42    7.07   13.56   13.53    3.50    3.62   15.19   14.22   42.08   29.49   20.01   12.21   11.11   10.83    8.92   11.71   13.81    0.51    0.72
PSATISOT   -20.40  -51.35    0.54    0.72    7.02   30.13    3.06    0.19    0.07    0.22    0.22    5.51   10.15    6.57    3.83    1.34    6.68    0.72    2.83   10.74    4.28   11.42   15.75   19.29   16.85   27.33   31.50   11.60    8.37    4.54    4.87   10.03   14.12   11.87   13.43   11.45   23.76   25.64   26.34   30.42   13.49    7.53    7.98   10.94   18.52    4.13    1.07
PSATJUP    -20.86  -51.63    0.80    1.21    3.32   26.69    3.65    0.17    0.11    0.06    0.32    4.21    4.41    4.07    4.04    6.07    6.27   15.03    6.79   21.12    8.69   14.41   12.95   12.37   22.36   35.73   28.46    2.54    5.78    5.38    3.99    9.76    6.42   24.53   14.01   11.38   10.72   20.11   31.88   12.28    6.87    8.40   11.01   14.45   11.60    8.12    6.79
PSATSDG    -20.06  -53.18    1.49    4.18    1.91   16.66    3.75    0.09    0.01    0.02    0.53    4.44    5.20    0.90    1.82    4.36    2.45    8.03   22.47   14.83   17.06   19.61    4.55    6.49   15.38   22.77   11.02    2.10    4.02    3.68    4.76   19.32    4.34   27.43    5.34   10.14    5.66   10.76   12.34    6.53    3.60    6.53    8.15   10.11    9.94    2.81    3.59
PSATFZBT   -21.66  -52.87    2.07    2.56    0.97   20.38    1.39    0.04    0.00    0.00    0.51   13.53   12.82    1.61    2.32    2.59    8.56   16.92   18.84   15.95   26.69   15.19    5.68    6.20   18.45   12.84   13.55    1.07    1.13    1.86    3.02   20.33   20.27    2.99    4.47    8.69    4.30    3.46    2.55    0.70    0.47    5.32    3.65    8.18    5.54    4.58    3.93
PSATPPRA   -22.46  -52.91    0.26    1.97    6.66   19.03    0.09    0.00    0.00    0.00    0.15   12.71   18.10    7.17    6.38    7.16   19.28   17.02   14.57   22.89   13.73   10.98    9.02   10.85   11.95   32.79   20.28    2.44    1.52    1.61    5.22   13.20   23.46    3.53    3.29    1.42    1.00    2.20    3.88    3.16    2.69    1.79    2.38    9.92    6.56   10.33    4.95
PSATBTE    -13.69  -50.80    1.62    1.84    0.90    9.92   25.48   23.97    8.30    4.25    8.03    6.27    5.98    5.44    2.52    1.74    0.80    0.75    0.44    0.97    0.21    7.30    8.23   11.50   10.42    9.51   11.24    9.47    4.38    3.28   10.07   10.01   11.01    9.45   18.19   16.93   20.66   18.57   12.19   11.05    6.12    4.50    4.26    2.49    5.00    0.03    0.77
PSATARAG    -8.27  -49.26    2.27    4.85    3.53   11.29   20.42   11.07    8.33    8.88   12.21   10.03    8.96   10.21    2.06    2.35    1.98    0.51    0.34    0.57    3.56   13.22   12.24   11.17    9.33    7.20    7.77    4.05    2.89    7.65    9.28    8.01    4.82   12.74   19.45   14.43    8.57   10.09    7.27    5.19    6.10    4.98    4.65    3.57    3.14    0.86    2.55
PSATLAJ     -9.76  -48.37    3.05    5.01    4.27    6.96   18.49   11.15   11.18   11.31   15.27    7.72    8.28    6.33    0.47    1.09    0.92    0.11    0.16    0.47    1.13    8.93    9.37   16.43   10.45   10.71    3.34    2.07    2.19   11.48    8.22    8.62    5.02   11.42   18.19    7.84    5.79    8.34    6.87    3.98   12.46    7.24    4.80    4.43    0.89    0.71    0.44
PSATPTRL    -9.31  -47.39    1.51    0.40    2.70   12.05   20.42    7.31    1.18    6.94   16.62   16.21    4.09    3.62    0.10    0.77    0.53    0.28    0.80    1.13    2.08   11.47   16.49   17.00    6.54    8.09    1.85    1.29    3.89   15.20   10.13    9.80    4.44    5.99   12.92    7.37    5.89   10.93    6.31    5.16   10.20    7.67    5.74    3.77    0.38    1.39    1.41
PSATLJET    -7.33  -47.48    0.26    0.77    1.30   10.41    6.38    3.02    3.83    8.70   10.21    9.23    9.14    9.55    1.87    4.54    3.18    1.14    3.40    3.94    4.62   14.28   21.83   18.86    8.79    9.12    8.01    1.33    6.14    9.29    3.65    7.92    4.40   10.11   11.84    3.92    4.33    7.22    5.72    3.93    6.57    3.24    6.22    6.09    1.29    4.00    7.49
PSATUCR     -3.83  -49.65    1.24    0.61    0.47    2.09    1.28    0.52    1.62    7.15    5.79    3.22    8.99    6.68    3.85    6.00    3.64    1.03    2.36    4.90    5.66   14.75   12.38   12.98    7.20    6.56    3.57    4.47    6.15    9.70    3.91    3.78    5.77    7.08    9.23    3.96    3.84    5.55    7.27    5.76    2.70    4.19    9.93   11.22    1.56    6.68    6.50
PSATXIVJ   -29.07  -51.67    6.98   40.28    6.17    1.05    0.00    0.00    0.00    0.00    0.01    2.37    2.71   41.94   10.63    0.16   15.57    6.53    1.60    1.10    0.02    0.02    0.01    0.04   14.79   15.06    1.54    0.24    0.00    0.00    0.00   13.82    0.89    0.61    0.00    0.00    0.15    0.92    0.69    0.21    0.06    0.05    0.02    0.43    1.85   32.58    8.33
PSATDFRC   -29.45  -53.28    5.64   16.45    1.14    1.05    0.03    0.00    0.00    0.00    2.78    7.96    0.05   42.37    8.24    0.01    1.06    0.01    0.00    0.18    0.11    0.05    0.01    0.61   32.99   19.77    3.44    0.11    0.00    0.00    0.09    3.88    0.22    0.05    0.02    0.00    0.14    0.51    0.29    0.03    0.30    0.25    0.19    0.16   14.64   23.71    0.01
PSATREAL   -29.02  -53.19    3.32   29.04    3.04    0.40    0.03    0.00    0.00    0.00    1.50    4.10    5.83   38.37    8.03    0.04   13.31    0.39    0.13    0.25    0.01    0.02    0.00    0.68   26.27   13.96    1.84    0.19    0.00    0.01    0.05    2.15    0.45    0.04    0.00    0.00    0.07    0.31    0.32    0.04    0.28    0.19    0.17    0.07    9.22   32.26    5.43
PSATCTAV   -29.01  -51.39   14.38   32.49   15.64    3.08    1.01    0.52    0.01    0.00    0.00    7.49    0.49   67.33   11.58    0.82    9.98    4.32    2.52    3.13    1.64    0.75    1.03    0.92   17.95   16.53    3.45    0.57    0.00    0.00    0.09   27.26    4.96    4.07    1.28    0.57    1.56    4.07    3.03    2.72    0.48    0.18    0.12    0.04    2.73   39.40    2.70
PSATERNT   -28.56  -52.54    0.98   24.87   10.23    0.91    0.00    0.00    0.00    0.00    0.31    3.33    7.51   25.10   10.30    0.62   25.04    4.01    1.15    0.79    0.03    0.05    0.00    0.20   14.33   14.32    0.73    0.34    0.00    0.00    0.00    9.40    0.72    0.41    0.00    0.02    0.05    0.09    0.43    0.11    0.23    0.18    0.11    0.05    2.20   24.57   22.58
PSATSTPL   -27.14  -49.52   10.02   11.87   10.72    2.18    3.70    1.75    1.19    0.43    0.00    2.41   22.95   18.78   15.26    8.75   27.14   43.22    0.93    0.82    1.71    1.35    2.54    2.68   10.83   16.36    0.07    0.09    0.09    0.00    0.08   11.47    9.23   23.37    0.11    0.07    0.30    3.54    4.75    4.12    0.98    0.74    0.16    0.28    0.12    5.76   27.13
PSATCVCH   -25.14  -48.87    0.10    0.91   32.07    3.49    5.30    2.46    0.43    0.08    0.00    4.91   31.27   14.66   17.51   18.02    7.44    4.99    5.51   19.27    1.27    2.17    3.33    1.24    2.20   15.27   17.79    0.21    1.50    1.30   10.76   14.56   24.51   92.22    0.92    0.31    0.34    2.84    5.95    8.33    1.40    1.46    0.03    0.34    1.22    3.30   10.35
PSATAMY    -12.60  -69.12   20.82   12.41   13.85   11.91    5.98    9.17   13.40    7.76    6.80   29.91   50.48   18.64    5.65   14.11   16.50   18.89   12.99   15.31   12.03   11.58    7.82   19.29   18.86   34.94    9.63    2.52    3.37    5.51    8.48   16.78   23.09   10.57    9.22   19.71    8.87    8.68    3.76    3.95   10.12    5.13    5.53   10.23    9.03   11.08    7.86
PSATGJR    -10.73  -65.35   16.98    8.51    4.55    9.52    2.51    2.36   11.26    3.02    2.64   14.19    8.81    3.36    2.67   14.26    8.60   15.27   17.91   17.03    6.52   10.86    3.92   13.00   21.27    7.30    1.67    0.78    1.47   12.17   15.82   28.53   29.92    8.54   19.80   14.85    8.27    6.23    5.44    5.03    3.58    2.91    2.54    5.28    5.59    8.58    8.55
PSATPRNC   -12.43  -64.43    9.16    2.91   10.30    8.97    6.40    4.32    7.12    4.35    1.93    7.57    8.22    1.78    2.40    3.69    9.24   11.62   13.26   10.35    5.23    4.37    3.18    3.88   17.99    3.48    3.65    0.91    1.40    7.13    8.14    6.25   11.24   14.01   15.80   15.50   11.01   13.83   10.82    5.60    4.39    4.50    1.57    2.93    4.20    7.51    4.88
PSATSANT    -8.87  -63.97    5.51    4.32    3.93    8.51    9.15    3.19    7.12    1.47    5.15   12.12    8.69    2.42    3.72    1.86    3.08   17.92   11.04   20.16    5.80    7.88    1.98   15.25    3.42   18.89    9.56    0.63    0.31    0.68    3.86    5.71    6.21    4.73    6.76   17.84   10.66   15.15    6.02    8.23   16.51    6.72    4.73    4.20    5.97    8.98   12.16
PSATDARD   -10.16  -59.46    7.07    6.29    3.06    6.39   10.99    6.03    6.86    2.37    7.09    4.65    5.75    3.24    7.35    0.71    4.98    3.99    5.94    4.49   10.84    1.46    1.92    4.86   28.57   23.53    7.26    2.98    0.60   12.27    1.77    6.83    2.14   11.43    8.22   11.40    9.44   13.98    7.29    5.10   12.03    2.94    6.07    3.03    5.51    6.40    6.94
PSATGUAP   -15.12  -58.96    9.63    3.55   12.11   14.27    9.87    4.30    7.64    7.11    1.98    1.44    6.39   13.34    1.08    1.04   11.98    9.55    4.10    5.42    3.81    4.56    6.73    3.45   10.59   10.79   18.08    8.22    3.07   11.44   15.46    8.18    3.63    4.91   12.57    4.82    5.98   20.02    7.11   14.25    4.79    3.05    5.07    5.25    4.43    6.65    8.94
PSATJIRA    -9.25  -64.65   13.81   10.50    7.97   12.48    9.54    4.10    9.70    4.28    3.57   12.22   11.79    4.89    3.94   10.04   10.70   11.57   12.72   17.38    7.04    9.93    5.23    6.92   18.90   21.05    6.46    1.01    1.01    1.91    5.54    8.43   11.52    4.52    6.56   14.41   10.29    9.59    5.01    4.56    5.26    3.68    2.97    6.21    7.94    6.45    7.29
PSATROND   -11.99  -60.70    3.32    2.74   12.04    7.74   10.19    4.32    4.38    2.05    5.84    1.14    6.55    1.65    5.67    0.71    2.24    1.56    9.20   10.10    1.82    5.33    5.11    4.09    7.06   15.29   14.45    7.46    0.76    3.52    0.46    2.43    0.89    2.56    1.71   13.67    8.39   13.95   10.04    5.52    5.16    3.63    8.54    0.73    6.01    9.83    7.42
PSATSAMU    -8.75  -63.45    0.94   11.06   10.63   12.56    8.29    4.37    6.26    4.59    1.97    7.30    7.10    3.87    5.81    3.99    3.25   10.81    8.63    9.08    3.83    1.56    3.25   10.64    2.52   14.77    8.07    2.09    0.80    2.35    4.52    7.87    3.48    3.32   11.00   10.11    7.61   21.83    3.64    6.72    9.95    3.98    2.16    5.20    5.00    5.15   14.41
PSATBALB    -1.92  -59.47    2.45    2.63    2.01    3.01    6.52   17.33   12.06    5.84    7.01    1.34    1.75    0.69    3.92    9.75    4.54   20.45   19.54    9.70    9.08   11.00    8.60    7.48   16.04   20.63    3.18    9.98    7.89   10.42    1.61    5.13    3.56    5.00    6.18   10.92   19.08   11.40   14.93   17.05    4.24   15.19   11.17   12.06    6.05    7.67    3.88
PSATCUNA    -2.82  -54.30    2.11    0.48    0.03    0.01    0.50    0.78    6.66    2.07    6.78    5.98    7.00    2.08    1.68    2.73    0.99    0.70    1.17    0.81    2.32    6.87    5.57    2.88    0.92    4.61    2.25    7.88    3.29    5.05    1.16    0.20    0.53    3.84    1.27    0.99   17.07    4.90    7.46    3.30    1.61    0.68    9.23    5.32    3.93    1.85   30.45
PSATJARI    -0.65  -52.52    4.62    0.25    0.07    0.96    5.25    2.36    2.36    2.28    1.06    0.93    1.91    3.06    1.23    1.02    1.47    1.35    2.47    2.03   11.26    2.67    2.22    1.44    3.31    5.03    0.77    3.23    4.89    2.37    1.40    1.38    1.63    1.45    3.27    5.26   11.74    1.03    2.74    1.38    0.97    3.87    6.44    2.67    2.43    0.88    3.04
PSATFGOM     0.86  -51.20    6.12    0.23    0.73    1.93    6.28    2.20    3.64    2.11    1.97    2.42    3.45    4.90    2.75    3.01    3.37    3.66    3.51    5.59   17.53    5.61    2.27    5.33    9.96    8.08    3.29   12.93    4.38    6.52    3.02    3.92    3.61    3.27    4.18    7.16   11.17    2.04    3.15    1.61    1.64    6.61    4.63    8.76    2.49    2.15    4.33
PSATUBE     -6.75  -43.57    0.30    0.87    1.35    7.99    3.11    1.87    3.96    8.20    7.24    4.45    1.87    1.85    0.51    1.11    1.68    2.11    1.58    2.72    2.32    4.18   15.51    4.75    3.84    1.29    0.70    1.36    4.00    6.47    7.20   10.14    5.37   14.21    7.99    3.94    8.43    4.69    6.69    4.12    6.60    3.08    4.57    3.15    1.59    4.65    4.64
PSATBSOR    -6.74  -52.00    5.86    5.85    3.86   11.23   23.57    4.31    7.06    5.94    9.59   14.70    9.03    7.48    3.64    3.45    1.24    0.41    0.26    0.77    3.20   11.27    7.31    9.46   11.20   10.23    7.36    4.08    1.70    5.60    9.84    7.54    7.18   14.68   24.29   15.05    9.45   10.30    7.64    4.92    5.58    5.33    5.53    5.25    4.28    2.81    5.66
PSATBESP    -6.75  -51.77    9.27    2.35    3.98   16.09   11.20    3.94    1.45    7.58   11.18    8.11   11.63    8.15    1.50    4.05    3.04    0.94    0.49    1.66    5.17   13.24   11.60    9.76    9.44   12.26    3.98    3.19    2.85   10.26    5.14    2.88    6.59    8.22   19.50   12.84    6.71    4.41    3.77    1.76    7.20    5.63    8.93   13.00    1.24    2.04    2.89
PSATPIME    -3.41  -51.91    4.54    2.65    5.03   10.60    8.52    0.85    4.11    6.62    9.63   13.26    8.47    4.97    7.57    7.00    3.46    1.66    1.45    1.72    4.80   15.71    8.50    9.85    6.55    6.83    6.04    5.59    4.05    5.88    4.06    2.38    3.25    5.35   12.07    8.00    6.37    5.54    3.64    4.25    4.36    7.48    6.60    6.35    4.40    8.43   12.88
PSATIRAP   -16.74  -42.57    2.18    0.77    0.50   21.07   25.17   22.61    3.77    1.19    0.79    4.87    1.51    0.04    0.00    0.01    0.00    0.08    0.37    0.07    0.03    0.54    1.52    1.79   14.24    1.29    0.59    0.83    1.18    5.42    6.88   14.80   10.19    6.21    9.09    7.89    9.58    7.47    0.18    0.72    0.99    1.75    3.74    0.76    0.37    0.04    0.02
PSATITBI   -15.97  -39.59    2.13    0.51    0.16   23.51   41.42   30.86   10.12    1.60    1.48    3.85    0.27    0.09    0.09    0.04    0.13    0.45    0.77    0.55    0.18    0.63    0.83    4.20    5.16    0.50    0.19    0.14    0.29    4.14    6.34    6.49    6.07    2.51    2.45    6.62    7.12    3.08    0.59    0.24    0.15    1.21    1.56    0.04    3.19    0.33    1.19
PSATCOLI   -10.98  -55.77    7.17    3.36    1.57   14.74   26.95    4.42    6.42    5.53    5.62   10.97   11.93    4.22    2.19    5.44    1.06    0.49    0.94    2.01    1.82    6.02    6.77   21.97   22.89   12.93   10.79    3.01    7.29    2.24    8.35   11.03    6.85   15.24   15.95   11.36   15.58   27.53   10.83    7.97    7.48    4.62    4.09    2.76    2.72    8.66    7.82
PSATSAEL    -9.19  -57.04   11.68    6.96    2.61   16.34   18.99    0.82    7.49    3.99    7.23    9.70   10.86    3.49    7.66    8.90    1.37    0.74    0.76    4.01    3.77   11.07   14.63   20.27   25.70    9.12    5.07    3.40    2.57    6.54    6.54    8.49    9.64    9.97   31.53   18.34    7.44   12.10    7.45    6.52    9.75   12.20    9.88    7.66    4.33    3.47   13.24
PSATITQ    -17.09  -54.83    5.17    1.87    2.11   12.51   14.66   24.21    5.84    2.71    2.21    3.40    5.39    5.42    3.63    5.21    1.03    2.40    4.27    4.47    1.26    4.63    3.00    3.81   13.42   38.67   36.06    3.46    5.58    8.24   13.01    1.01    9.90   16.33   20.00   19.65   25.81   21.60    9.88   14.44   17.47    6.88    3.74    1.33    4.59    0.00    7.31
PSATJAU    -15.24  -58.73    7.56    3.58    9.85   14.37    9.76    5.93    8.43    5.57    1.96    2.62    8.41   12.23    1.20    2.82   13.20    9.25    6.38    7.70    3.90    4.79    7.41    3.72    9.74   10.17   18.75    8.71    5.33    8.93   16.95    7.97    3.66    5.65    9.90    6.62    6.92   22.82    9.17   13.81    3.19    4.95    6.70    5.38    4.53    7.40    8.67
PSATMAN    -14.87  -55.78    5.28    1.14    1.02    7.23   15.42    8.28    8.48    6.43    3.04    5.83    7.77    3.25    3.15    8.35    4.07    0.87    4.34    0.13    6.09    3.31    2.93   17.14   23.46   21.52   15.88    5.22   11.88    0.32    7.28    7.04    5.66   17.64   17.85   10.68   15.30   26.72   10.79    5.40   13.78    3.47    3.35    1.09    4.27    0.11    5.63
PSATPTP    -17.61  -54.83    4.54    1.14    2.93    8.41    8.93    7.12    2.17    1.58    1.27    3.12    4.60    3.68    0.90    4.64    0.72    1.72    2.76   10.37    3.49    2.75    2.22    2.39   14.12   33.82   26.41    4.66    4.67    8.04    9.27    0.95   10.88   24.89   23.34   16.11   26.98   12.71    9.22   18.42   15.19    8.98    4.92    3.15    6.44    0.01   12.49
PSATSTCL   -17.90  -40.20    0.49    0.05    0.05   40.06   34.76   12.78    2.44    0.57    0.39    2.22    0.06    0.01    0.00    0.00    0.07    0.22    0.59    0.91    0.28    0.24    0.58    3.97    6.84    0.08    0.03    0.09    0.09    0.92   10.35    4.47    1.89    0.40    1.46   15.36   16.02    1.77    1.01    0.50    0.12    1.94    1.44    0.01    5.77    2.39    3.84
PSATPDC    -12.58  -39.00    0.72    0.08    0.13    0.26   22.02    6.68   15.72   12.38    6.85    0.64    0.30    0.85    0.36    0.34    0.28    0.50    0.71    0.37    0.20    0.16    0.28    0.68    0.95    0.16    0.02    0.03    0.11    0.09    0.08    0.22    0.39    0.14    0.05    0.18    0.53    0.66    0.28    0.31    0.16    0.06    0.06    0.35    2.36    0.62    0.50
PSATROSA   -20.92  -41.72    2.18    4.24    0.25   51.66   13.01    5.41    1.04    0.10    0.11    0.26    2.05    1.60    0.00    0.00    0.06    0.17    0.00    0.00    1.95    9.98    5.00    0.03    9.75    2.84    0.56    0.19    3.55    8.68   19.31    5.88    8.71    7.37    2.34   28.50   24.27    9.75   15.14    6.74    4.36   11.97   15.43    9.43    0.79    0.48    0.32
PSATCAN    -20.21  -42.85    0.80    0.66    0.25   22.22    4.62    2.85    0.51    0.12    0.11    0.54    5.21    4.96    0.00    0.01    0.05    0.32    0.01    0.01    5.35    3.68    9.25    6.42   10.32    5.45    3.27   29.87   14.44   13.76    7.39    8.51   13.48    7.12    2.01    9.07    9.92    7.39   17.19   14.33    7.60   12.18   15.58   11.38    0.57    0.07    0.04
PSATSAC    -19.64  -42.85    1.30    0.34    0.58   11.89    0.96    0.41    0.01    0.61    0.11    1.37    4.89    0.36    0.00    0.00    0.03    0.05    0.06    0.02    1.89    4.35   12.13   25.87   14.28    4.19    5.87   10.77    7.23    8.72   10.17   13.49   15.94   12.86    4.50   26.12   13.59   15.91    7.20    8.36    6.33   13.65   12.51    4.99    0.97    0.17    0.20
PSATPES    -19.12  -42.66    1.29    0.41    0.20    6.97    2.13    3.18    0.38    0.48    0.18    3.11    2.41    0.45    0.00    0.00    0.06    0.09    0.07    0.04    0.20    0.57    7.45   19.88   16.38    2.51   10.39    0.16    5.07    9.96   11.11   13.58   19.88    7.11    9.11   26.21   21.29   12.89    1.06    3.88    2.57    7.33    7.15    4.92    1.96    0.13    0.18
PSATMAS    -19.50  -40.92    1.36    0.33    0.07   23.63    4.10    4.67    0.39    0.28    0.13    1.60    1.10    0.64    0.01    0.00    0.13    0.15    0.22    0.13    0.49    0.97    1.00    7.25   10.99    1.35    2.92    0.29    0.58    7.21   12.88   11.58   12.11    6.61    4.95   25.88   18.63    8.58    2.70    3.24    1.83    8.82   10.21    1.73    2.68    0.84    0.78
PSATSBR    -23.37  -45.87    0.09    0.04   24.51   18.06   11.22    6.16    0.41    0.03    0.04    0.14   15.14    3.68    2.97   12.66   17.20    5.92   15.44   17.77   19.78   11.87   17.07    8.96    2.50   12.54   25.91   31.15    3.44    1.27    4.41    7.61   13.41   12.38    5.97    1.99   11.60   26.44   12.83    4.84    3.33    3.91    0.11    8.19    8.91    0.05    7.97
PSATJAG    -23.20  -46.03    0.00    0.01   19.43    6.46    3.40    2.08    0.14    0.00    0.00    0.01   14.48    3.42    2.36    9.59   13.36    1.80   16.04   19.04   20.31    7.84   22.72   10.16    8.96   14.66   43.72   28.14    2.12    0.17    5.75    4.61   11.23   15.44    9.28    0.55    3.88   11.69    5.68    1.83    1.56    1.46    0.09   10.89    5.00    1.59    8.03
PSATFUNI   -22.53  -44.57    0.05    0.04    9.39   14.30    3.70    2.29    0.08    0.02    0.13    0.26   10.95    2.11    3.31   15.29   13.43    2.96   17.37   13.47   25.02   12.84   16.93    7.19    4.21    9.44   21.74   38.13    3.45    1.50    5.63   10.61   10.09   11.25    4.36    0.86   13.20   30.01   13.47    6.61    7.10    3.27    1.45   14.31    7.25    0.45    4.96
PSATSACE   -22.48  -43.84    0.55    0.17    0.60   28.70   10.74    5.86    0.81    0.12    0.05    0.04    9.78    2.74    0.71   10.93   24.78   21.02   13.38    2.37   18.91   16.22   17.36    6.83    4.20    4.76    8.94   12.21    3.75   13.15   12.62   14.61   12.18    8.38    1.39    3.14   14.25   43.24   31.36    5.39   14.36    5.25    1.16   12.54   11.05    0.00    0.09
PSATPIC    -21.91  -43.54    0.19    0.14    0.39   23.97    4.94    2.20    0.43    0.21    0.05    0.11    6.23    3.11    0.40    0.31   21.21   15.30    2.17    0.32   15.03    9.75   28.88    1.01    5.37    6.58    7.08   18.48    3.43    9.84   11.29   18.10    6.44    5.19    0.85    2.59   16.85   44.56   47.82    5.31   15.44    7.29    6.84   13.64    5.34    0.00    0.06
PSATSOGI   -21.94  -43.36    0.60    0.62    0.24   25.41    2.91    1.07    0.29    0.12    0.12    0.37   13.30   10.65    0.01    0.08    6.17    4.43    0.08    0.13   19.45    8.16   26.57    0.96    6.15    7.13    4.93   33.51    4.20   10.35    8.96   15.09   16.31    6.45    1.50    2.62   16.53   33.65   43.18   11.15   14.40    6.45    9.72   11.15    0.67    0.05    0.00
PSATIPSI   -21.84  -42.58    0.72    2.18    0.56   23.19    5.21    2.76    0.67    0.16    0.11    0.41    9.20    8.42    0.08    0.23   11.68    7.00    0.47    0.13   11.61   11.99   17.43    0.32    3.23    8.60    6.39   29.81    4.94    8.90    8.22   10.10   11.64    9.44    6.34    2.07   11.81   36.68   41.38   11.36   11.18    6.13    5.51   13.18    1.71    0.10    0.02
PSATTCLJ   -22.69  -43.83    0.43    0.19    1.46   23.03   18.64    3.78    2.77    0.02    0.00    0.00    5.07    3.59    0.12   11.32    8.71    7.02    3.75    3.20   14.13   10.65   14.80    0.46    0.38    4.09    6.56    9.25   12.19    2.70    3.74    7.75   26.73    9.67    1.98    1.04   12.05   41.56   20.72    2.93    5.52    2.56    0.12    4.79    6.74    0.00    0.00
PSATBIGU   -25.51  -53.67    0.04   10.19    8.54    8.34    0.69    0.04    0.00    0.00    0.61   11.31   51.33   31.35   25.25   38.45   41.36   22.73    3.66    6.44    1.05    3.18    1.09    9.58   14.05   14.38    1.49    1.31    1.40    0.59    1.19   15.03   14.13   21.74    0.59    4.12    0.63    0.32    0.81    0.22    0.36    0.47    0.38    0.74    0.78    4.20   14.32
PSATBRAU   -21.45  -42.41    1.52    5.25    0.20   27.59    7.76    5.29    3.06    0.08    0.13    0.43   10.81    7.01    0.00    0.00    0.31    0.66    0.06    0.01    6.41    4.62   22.97    0.60    8.89    5.93    2.06   33.13    7.05   13.89    6.27    7.53   12.09    9.94    1.41    1.63   11.64   15.59   28.43   18.71    7.04   14.14   14.18   12.56    0.77    0.37    0.08
PSATSUIC   -20.08  -40.58    4.18    1.13    0.17   74.99    2.63    1.27    0.06    0.02    0.21    2.64    1.62    0.57    0.07    0.01    0.36    0.38    0.69    0.72    1.40    2.56    0.11    0.66    7.52    4.76    1.13    0.11    0.14   14.60   16.92   10.71    2.96    2.90    3.02   33.84   11.72    6.41    3.33    1.83    0.43   14.40   18.22    6.65    3.97    2.84    0.79
PSATJRI     -9.30  -64.70   16.19    8.77    6.17   11.56    9.45    3.43    9.30    4.02    1.93   12.43   12.68    4.11    4.21   10.38    9.29   10.76   11.15   18.07    7.51    9.41    5.55    8.93   15.41   23.25    6.31    0.58    0.87    0.74    5.88    8.59    8.52    4.18    3.18   15.17   11.17   11.19    5.65    5.02    5.19    3.88    2.71    3.97    6.74    5.71    7.02
PSATBENI   -14.59  -67.53    9.14   12.60   12.30   14.97   10.33    6.23   11.49    5.07    8.52   14.96    9.64    7.74    3.31   10.40   15.01   13.68   17.82   15.99    6.17   12.25    4.59    3.85   29.51   13.74    5.31    2.23    1.88    5.56    5.79    9.36   19.98    5.52   16.61   13.04    7.79    5.34    3.35    3.23    6.23    3.35    3.63   13.00   11.12    8.72    8.01
PSATEPB    -12.42  -64.42   12.35    4.25    7.81    9.22    4.58    3.05    7.73    3.71    1.86    7.89    8.23    1.68    1.94    5.15    7.49   13.90   13.67   14.06    5.56    6.48    2.76    5.98   17.67    2.42    2.61    0.67    1.02    8.64    8.72   13.60   13.97   12.61   16.60   14.53    8.78   11.13    8.37    5.32    3.52    3.56    1.37    3.24    3.59    7.45    6.81
PSATEGM    -10.79  -64.35   16.02    8.88    5.50    9.43    3.38    3.17   12.07    3.31    2.90   16.22    9.01    4.13    3.31   16.26   10.41   13.59   18.64   15.24    6.73   10.58    4.74   13.99   22.72   10.44    2.29    1.04    1.88   12.37   17.89   27.44   32.90    8.11   20.15   15.80   10.05    6.91    6.50    5.18    4.31    3.45    3.14    5.80    6.85    8.73    7.72
PSATSTOA    -8.79  -63.95    5.63    4.57    4.05    8.54    9.11    3.11    7.25    1.44    4.89   11.76    8.67    2.27    3.99    1.84    3.03   18.50   10.81   20.69    6.06    7.30    1.97   15.21    2.92   18.88    9.49    0.67    0.35    0.69    3.76    5.58    5.95    4.70    5.67   17.54   10.26   14.77    6.25    8.23   16.40    6.77    4.76    3.96    6.29    9.15   11.28
PSATENC     -9.90  -66.62    6.74   20.03    9.06   10.16    6.40    2.19    4.57    4.15    1.03    4.02   14.58    1.95    3.36    3.45    6.06   11.59    7.82   12.71    5.60    8.00    5.65    1.04   12.20   26.45   14.82    0.46    0.18    0.15    1.04    3.95    6.78    4.33    1.92   11.10    9.47    8.31    4.09    6.18    4.19    4.57    3.69    1.89    7.06    5.26    9.06
PSATAMY1   -11.71  -70.63   27.00   15.22   21.55   10.83    6.26    6.35   13.63    7.27    1.12   17.95   28.62   14.27    1.34    5.66   12.47   12.37   13.30   12.66    6.97    6.20    3.10   17.08   15.14   25.92    5.17    1.50    0.98    1.34    5.74   10.21    6.69    4.05    5.36   10.30    5.20    7.00    3.16    5.06   12.11    5.69    2.74    5.04    8.38    8.39    6.01
PSATAMY2   -12.37  -71.17   19.62   14.57   13.92   14.82    4.81    9.43   14.70    8.21    6.28   26.03   54.82   25.31    6.01   15.42   19.58   23.83   16.46   19.68   10.23   11.72    6.62   17.15   18.52   51.33   10.06    2.51    3.80    5.68    9.60   10.93    8.72    8.37    9.66   15.88   13.86    7.58    2.00    3.30   11.58    5.69    6.38    9.95    9.37   13.99    9.13
PSATAMY3   -13.75  -70.18   17.19   12.04   10.29    6.55    5.02   14.39   11.78    8.22   12.50   34.33   68.30   19.89    9.67   20.05   20.75   19.32   10.12   10.19   19.52   16.96   15.49   26.93   24.31   30.39   15.50    4.58    5.30   10.19   10.24   29.96   53.89   19.97   15.14   33.85    7.07   14.74    7.07    4.17    8.19    4.43    7.01   16.86   11.72   12.93    8.15
PSATAMY4   -13.45  -69.47   19.52    3.82    6.97   15.41   10.26    4.64   12.76    6.76    8.32   47.57   48.40    8.40    5.74   12.77    8.83   17.71    8.50   15.97   11.83   11.48    4.45    9.82   14.23   16.50    7.26    1.10    1.65    3.36    6.71   18.05   37.04   12.38    4.79   19.41    4.95    4.78    3.76    3.57    6.27    3.67    5.71    8.41    5.00    5.47    7.36
PSATJRN    -13.37  -59.01    9.27    1.82   12.09   17.11   14.45   11.84    3.41    4.38    5.19    7.88    6.76    6.96    3.09    0.75    6.20    3.77    4.66    5.36    2.37    1.19    6.49    3.27    6.93   15.66   16.95    3.02    3.22   17.62   10.56    5.58    7.32    9.83   12.33    5.89   10.70   24.61    9.19    8.59    8.62    5.66    3.14    4.43    4.91    4.82    8.94
