PSATAGV    -19.89  -50.35    2.40    1.90   11.10    8.11    5.92    0.05    0.00    0.20    1.48    2.46    4.15    8.91   16.74    7.71    5.86   14.04   18.18    9.38    3.52    4.86   10.87    5.89    4.51    6.11    1.68    1.29    2.43    3.66    6.92   49.39   30.08    6.58    2.79    0.96    0.48    1.22   14.29   13.99   13.05   22.03   12.75    2.03    0.00    0.00    1.55
PSATCMG    -21.28  -44.63    1.46    0.13    1.46   12.96    0.69    0.09    0.01    0.00    0.00    0.00    0.03    0.15    8.11    9.63    1.83    4.02    8.62   32.91   11.67    1.73   14.78   13.36    7.13    0.86    1.34    4.24    5.96    2.01    1.16   13.60   27.68   13.56    1.74    1.33    2.22   14.60   17.60   10.34   14.50   18.92    2.11    0.74    0.11    0.10    0.48
PSATCES    -20.25  -48.16    2.46    1.81    6.44    6.80    2.05    0.05    0.00    0.00    0.08    3.53    4.90    9.48   16.35   12.93    2.99   18.72   24.97   22.03    3.11    0.85    8.13    8.30    4.71    2.43    1.95    1.24    2.68    1.33    6.47   32.45   24.96    5.78    3.43    1.30    0.44    1.48   24.06   20.39   22.05   37.78    6.76    0.24    0.00    0.01    2.14
PSATELC    -21.60  -46.95    0.41    0.33    5.66   11.05    0.56    0.19    0.00    0.00    0.00    0.97    2.68    2.70   17.03    4.89    3.15    6.90   23.75   24.14    3.09    1.19    7.68    6.07    2.71    0.18    1.12    0.73    2.16    1.36    3.20   22.03   31.05   10.60    2.69    1.30    0.69    2.38   20.58   11.14   26.01   42.06   10.83    0.27    0.01    0.12    2.15
PSATFUN    -21.14  -45.04    1.50    0.25    3.78   11.26    0.29    0.04    0.00    0.00    0.00    0.00    0.01    0.02    3.37   13.75    3.89    4.99   12.09   27.78    7.01    1.88   10.29    9.31    2.14    0.70    1.53    2.95    5.10    1.62    0.73   14.26   36.98   17.77    7.39    1.12    1.89   18.91   17.97   12.62   18.62   13.59    1.04    0.57    0.09    0.35    1.34
PSATFUR    -20.67  -46.32    0.78    0.43    5.95   10.06    0.50    0.04    0.00    0.00    0.01    0.30    0.45    0.46    8.61   11.09    4.23    6.98   15.31   24.58    4.28    1.47    8.09    7.38    2.18    0.96    2.27    1.72    3.57    1.40    1.94   21.78   36.68   20.85    4.69    1.19    1.25   19.49   32.22    8.98   19.41   28.69    4.60    0.40    0.02    0.22    1.68
PSATMRB    -20.30  -49.18    1.88    1.98   12.15    6.07    2.85    0.04    0.00    0.02    0.35    2.46    5.99   11.51   18.26   10.35    4.39   13.90   24.69   20.91    2.40    1.25    7.71    7.53    5.05    4.92    2.12    1.47    2.38    1.69    5.05   43.74   33.92    3.75    1.74    1.08    0.56    1.38   18.71   19.45   18.24   31.56    9.87    0.16    0.00    0.01    2.36
PSATPRG    -21.59  -45.67    0.33    0.21    5.08    8.71    0.13    0.03    0.00    0.00    0.00    0.20    0.93    2.69   12.17    4.68    3.01    4.92   14.23   20.50    4.61    1.03    4.75    7.72    2.03    1.35    0.16    1.64    1.26    1.35    0.57   22.63   41.57   12.68    1.50    0.63    0.80   19.43   34.46    9.84   21.83   30.20    7.72    0.32    0.03    0.23    0.58
PSATPAS    -21.02  -48.18    0.27    0.22   15.36    2.75    0.12    0.02    0.00    0.00    0.01    1.61   12.93   10.38   12.90    6.21    4.67    8.01   21.46   19.06    2.94    1.02    6.13    5.07    3.03    1.01    0.53    0.56    1.01    1.07    1.36   31.90   32.84    3.02    0.98    0.38    0.34    2.84   17.95   17.32   17.27   32.46   16.83    0.58    0.03    0.02    1.77
PSATPTB    -21.61  -45.49    0.76    0.40    2.89    8.24    0.12    0.04    0.00    0.00    0.00    0.02    0.04    0.16    7.87    8.07    2.35    4.67   11.97   25.80    2.40    1.29    7.98    9.71    2.41    0.32    0.33    1.65    2.92    1.28    0.65   27.95   40.71    9.86    1.57    1.17    1.07   17.62   30.05   12.88   16.96   20.38    6.58    0.47    0.03    0.31    0.98
PSATPTC    -20.00  -48.55    4.03    2.93    5.25    9.22    2.60    0.10    0.00    0.10    0.22    2.70    3.23    3.84   15.12   17.11    3.31   17.27   17.33   22.63    3.18    1.67    8.76    7.00    6.27    3.23    3.24    2.48    5.09    2.28    7.02   29.86   22.71    5.78    8.44    2.09    0.69    5.83   32.91   15.87   17.87   25.16    7.62    0.14    0.00    0.05    3.50
PSATFZA    -26.00  -51.65    3.72   27.15    8.43    9.03    0.36    0.02    0.00    0.00    0.01    5.64    7.76    7.96   12.52    0.41    0.79    2.75    4.79    2.75    0.87    3.38   10.67    2.62    1.01    0.34    0.47    8.09    2.18    0.41   15.52   21.77    0.24    0.23    2.89    7.30   17.75    0.17    0.08    0.04    0.10    0.34   10.97    7.03   13.67    0.05    0.15
PSATJSG    -25.78  -52.00    0.75   15.55    9.54    8.55    0.05    0.01    0.00    0.00    0.08   11.91    8.23   10.43   10.80    0.45    1.97    4.44    3.71    2.03    1.64    3.27   12.37    1.90    0.49    0.44    0.59    3.79    1.21    0.10   21.06   22.59    0.17    0.35    1.58    3.51   14.24    0.12    0.01    0.01    0.02    0.35    6.15    4.20    9.95    0.19    0.27
PSATSCX    -25.53  -53.48    0.34    4.63   14.81   10.10    0.48    0.00    0.00    0.00    0.21   10.94   13.68   14.15   12.77    0.83    0.68    3.77    2.17    1.14    1.31    6.18    8.74    1.06    0.32    0.37    0.28    2.09    0.59    0.04   28.33   18.65    0.13    0.44    0.90    2.97    5.46    0.19    0.09    0.06    0.02    0.80    2.03    4.56    5.19    0.30    0.75
PSATSCL    -25.49  -51.74    2.46   10.57    9.76    4.12    0.21    0.00    0.00    0.00    0.11    8.83   10.38    9.48   10.83    0.21    1.65    4.22    5.67    1.66    1.66    4.94   15.21    1.17    0.46    0.95    0.47    4.59    0.92    0.11   15.00   21.88    0.82    0.44    1.95    3.52   13.67    0.08    0.99    0.00    0.17    1.01    4.26    6.64    9.19    0.11    0.55
PSATUVT    -26.23  -51.08    4.76   19.55   15.29    5.04    1.04    0.34    0.00    0.00    0.00    9.61    7.33    8.54   17.68    1.03    0.64    0.72    2.08    2.73    0.15    1.00   12.60    6.07    3.78    0.55    0.13    5.67    4.69    2.18    7.85   15.33    1.92    0.09    0.63    3.22   14.09    0.87    0.53    0.15    0.79    1.46    4.17   10.50   15.93    0.08    0.06
PSATBSM    -24.19  -53.74    0.12    2.13   15.76   10.49    0.84    0.00    0.00    0.00    1.84    8.70    5.68   12.88   10.96    0.52    0.38    2.19    0.94    1.30    0.81    7.58    8.02    0.63    0.26    0.27    0.02    1.23    0.11    0.05   20.85   19.73    0.47    0.57    0.39    0.85    1.52    0.00    1.27    0.02    0.02    1.56    2.78    8.16    1.71    0.19    0.96
PSATFLE    -22.97  -54.56    0.34   12.42    4.47    6.59    3.33    0.01    0.00    0.00    1.10    2.79    1.06    7.26   13.81    0.91    0.01    0.43    0.75    0.93    6.84   19.27    5.47    1.01    0.00    0.00    0.03    0.13    0.29    0.42   14.86   11.65    0.50    1.03    0.85    0.81    0.44    0.01    1.03    0.00    0.10    3.78    0.28   14.66    0.31    5.20    4.10
PSATITP    -25.42  -54.58    0.15    6.21    8.27   16.83    2.64    0.00    0.00    0.00    1.36    8.43    3.06   14.75   11.31    0.61    0.19    1.05    0.86    0.89    4.37   16.67    5.19    0.84    0.01    0.00    0.00    0.54    0.11    0.09   22.06   14.09    0.38    1.08    0.78    0.76    1.00    0.01    0.40    0.01    0.36    1.33    1.30    9.39    0.10    1.17    0.82
PSATIVM    -22.38  -53.53    0.44   16.06    8.38   21.15    1.54    0.01    0.00    0.03    1.31    2.45    1.34    5.59   14.11    2.05    0.20    0.87    0.71    1.32   11.52   10.26    6.53    0.58    0.04    0.07    0.18    0.20    0.50    7.19   13.32   11.16    1.27    1.28    0.95    0.19    5.49    0.03    0.10    0.01    1.81    2.79    0.51    9.15    0.13    4.41    3.53
PSATPTQ    -23.18  -53.17    0.66    1.79   13.64    6.64    1.34    0.00    0.00    0.00    1.21   11.11    5.00   13.99    9.82    0.55    0.75    2.61    0.96    1.33    0.61    3.62    7.22    0.91    0.44    0.24    0.06    0.49    0.31    0.09   20.66   16.86    1.47    0.65    0.22    2.03    5.18    0.19    1.50    0.04    0.22    1.28    3.27    8.82    1.31    0.08    0.76
PSATCBI    -17.99  -48.54    1.45    3.58    5.74    6.85   24.41    4.74    0.62    2.41    3.62    7.18    0.70    0.15    2.48   14.89   15.63   11.09   20.23   19.31    5.29    9.17   11.46    9.25    5.85    5.23    6.82   10.46   17.18   17.98   18.32    9.62   13.05   18.52   19.27    6.36    4.07   11.41   26.75   12.59   12.66   15.24    1.74    0.06    0.01    0.16    3.69
PSATCBIV   -16.15  -48.67    1.00    6.24    7.81    2.07   32.00   10.36    1.05    4.85    6.26    6.27    0.58    0.07    0.71   18.28   10.96   15.24   22.62   12.95    3.67    7.74    7.17    5.11    6.69    4.01    8.00   19.37   17.81   29.72    8.88    5.39    8.48   10.80   16.28    7.30    3.26   11.15   15.87   10.91    9.26   15.78    3.29    0.12    0.00    0.10    3.07
PSATEMB    -18.45  -47.98    3.55    3.61    4.42   11.69    3.18    0.34    0.02    0.15    0.96    1.85    1.28    0.08    1.84    3.36   13.03   12.73   14.70   28.09    6.90    6.71   15.41    9.83    3.73    2.58    7.36    4.72   10.60    6.71    8.55   23.88   29.10   28.33   33.18    9.01    2.23   13.96   30.26   12.27    4.82   20.39    2.43    0.07    0.02    0.40    1.97
PSATIMBR   -18.42  -49.10    4.18    2.27    3.50    9.30   10.02    2.23    0.11    0.64    1.75    5.20    1.39    0.79    7.51    9.54   12.06   10.12   20.82   16.10    7.15   11.30   13.97    8.55    5.95    4.73    3.24    5.40   10.78    7.76   16.01   23.76   30.71   35.75   16.13    6.37    2.38   12.76   27.79   11.23   15.63   19.16    1.30    0.01    0.00    0.01    4.12
PSATNPTE   -19.13  -47.70    3.07    2.89    4.44    8.49    0.84    0.21    0.01    0.28    0.42    3.15    1.63    0.41   12.27    8.67    4.54   13.50   14.80   22.55    7.32    3.48   10.80    8.61    5.06    2.81    5.11    4.13    7.09    5.66    9.44   24.64   18.42   15.32   12.95    5.96    2.08   12.85   26.54   12.71    4.71   15.05    4.13    0.11    0.02    0.77    3.05
PSATARV    -18.07  -50.16    4.93    4.16   13.03   10.34   17.72    6.30    1.27    3.65    3.19    4.18    2.65    2.09   10.33    7.94   10.95   10.18   15.47   13.44    5.12    9.41   16.04    5.61    6.21    6.78    7.08   12.38    8.97   21.96   16.13    8.95   14.00   31.97   11.12    4.13    1.57    6.92   14.00   13.84    9.25   11.95    6.72    4.20    0.19    0.01    1.97
PSATSFC    -18.05  -47.68    1.08    1.41    6.62    9.22   17.37    2.45    0.25    1.17    1.96    4.65    0.67    0.11    0.68   15.24   15.89   11.99   13.24   25.60    9.91    7.25   13.99    9.81    4.62    4.91   13.81    8.29   22.61   14.05   21.20   14.00   18.31   17.60   29.17    6.27    3.51   13.31   34.89   14.01    8.05   24.86    1.29    0.05    0.02    0.19    2.27
PSATSSM    -19.02  -50.50    2.49    2.15    4.77   11.53   11.64    2.25    0.25    1.35    1.98    3.83    3.35    2.83   11.44    6.77    9.50   13.37   13.72   11.97    5.36   10.47   15.13    6.72    5.77    5.95    3.09    7.89    8.16   11.08   16.24   17.98   32.68   28.72    9.02    4.23    1.40    4.51   19.23   12.68    9.14   12.83    8.59    0.26    0.01    0.00    2.76
PSATCNI    -22.94  -50.52    0.10    0.18   11.76    1.99    0.00    0.00    0.00    0.00    0.14   10.01    7.04   13.39   15.58    0.05    0.31    3.23    3.49    5.36    0.31    0.02    3.04    2.77    2.91    0.08    0.06    0.30    0.78    0.23    3.46   24.27    5.65    0.79    0.01    0.00    0.00    0.97    2.67   20.88   14.90    8.49   13.49    8.14    0.28    0.00    0.50
PSATCPV    -22.65  -51.33    0.11    0.38   10.34    1.52    0.06    0.00    0.00    0.00    0.81   10.53    3.89   12.97   13.50    0.14    0.24    2.76    1.19    2.27    0.44    0.24    6.52    2.01    0.93    0.24    0.09    0.04    0.46    0.21    8.55   18.73    3.46    0.89    0.01    0.11    2.79    0.55    0.30    3.63    8.63    4.74    6.00    7.03    0.45    0.03    0.33
PSATCHT    -23.01  -49.73    0.14    0.15    7.57    0.97    0.09    0.03    0.00    0.00    0.06    9.29    5.63    9.25   15.90    0.08    0.08    2.00    3.55    5.63    0.69    0.53    4.20    2.56    2.39    0.49    0.13    0.05    0.87    0.70    6.05   15.67    2.95    0.24    0.01    0.05    0.81    0.87    0.23    4.79   14.01    6.02    6.89    9.99    1.37    0.07    0.50
PSATJUR    -23.22  -49.23    0.06    0.25    6.11    1.55    0.64    0.17    0.00    0.00    0.00    6.08    8.57   11.87   11.89    0.47    0.25    2.66    6.35    6.49    0.26    0.09    0.91    2.93    3.50    0.88    0.28    0.57    2.46    1.34    1.60   26.74   10.74    0.20    0.07    0.15    0.02    2.14    1.94   24.09   16.16    7.98    8.81   16.65    2.98    0.05    0.21
PSATMAU    -24.06  -50.71    1.03    3.80    9.87    2.98    0.15    0.02    0.00    0.00    0.07    8.31    8.91    8.61   16.24    0.29    0.80    1.17    1.15    2.19    1.09    1.67   15.98    2.66    1.58    0.45    0.14    0.30    0.80    0.73   10.78   24.85    1.80    0.52    0.20    1.46   12.70    0.80    0.95    0.00    0.25    0.90    3.00    9.79    4.63    0.06    0.43
PSATROS    -22.50  -52.87    0.08    1.33    8.74    5.89    0.18    0.00    0.00    0.00    2.17    5.89    1.64   16.13    8.76    0.05    0.40    2.33    0.68    0.85    0.12    0.81   13.92    0.70    0.23    0.05    0.02    0.10    0.13    0.05   15.25   16.10    2.52    0.86    0.02    0.02    0.30    0.08    0.20    0.27    6.32    4.34    2.44    7.80    0.08    0.01    0.15
PSATQMD    -16.21  -47.33    1.70    1.36    7.71    3.76   27.00    2.15    1.44    5.11    2.58    2.16    0.55    1.44    0.75   12.54    8.59   13.81   15.99   20.23   11.96    9.34    7.73    6.61    8.50    6.64   21.06   17.84   19.20   17.82    9.67    6.81    9.75   12.65    5.25   12.36    5.91   19.35   23.68    9.58    8.53   17.21    0.95    0.09    0.23    1.57    3.27
PSATRBX    -18.95  -44.76    1.07    0.63    8.12   12.64    0.28    0.04    0.00    0.00    0.00    0.00    0.00    0.15    2.58   10.68   10.74    6.33    7.88    7.66   14.62    5.04    9.58   12.27    4.90    4.68    3.08    3.18    7.22    8.98    4.58    6.66   30.67   32.06   16.92    5.28    5.16   17.26   17.66    9.26    4.99    2.10    0.36    0.17    0.07    0.84    1.69
PSATSFR    -15.93  -44.86    9.19    1.83    4.65   10.04   26.14    1.37    2.72    3.15    1.11    0.45    0.19    2.24    6.01   21.34   14.51   14.58   12.80   20.08   20.11   15.50   13.97   12.34    9.88    9.61   15.67   15.40   23.23   10.82   18.00    9.99   22.95   28.32   14.96   31.87   13.24   10.33   22.38   16.69    7.31    9.49    0.54    0.17    0.12    1.42    1.46
PSATSRM    -16.37  -45.07    2.94    1.42    7.48   12.34   11.17    0.61    0.06    0.14    0.24    0.21    0.11    1.14    4.96   15.06   11.64   13.23    5.06   20.12   13.16    8.24   15.53   14.26   10.70    8.06    9.74    9.78   15.76   14.45    9.38    6.03   25.75   23.65   37.13   18.23    9.65   11.72   14.03    8.06    4.33    4.32    0.59    0.13    0.08    1.91    1.07
PSATTMR    -18.16  -45.27    1.78    1.01    6.27   14.96    0.30    0.04    0.00    0.02    0.17    0.31    0.05    0.07    3.01    8.33    9.54   13.72    5.13   16.18    7.24    5.13   11.20    9.77    4.74    5.93    5.19    5.91   10.09    9.41    7.71   11.06   25.80   20.91   20.23    6.11    4.38   20.04   27.25   15.21    7.00    7.90    2.08    0.44    0.07    3.36    0.79
PSATBOQ    -11.35  -43.83    1.32    0.26    0.37    0.95   13.94   31.45   33.41    3.03    1.55    2.10    1.16    0.77    3.80    8.71    5.45    8.15   16.23   10.06    9.74    6.30    7.24    2.28    2.36   10.10    9.21   16.57   17.81   11.27    7.18    4.68   11.95   24.03    6.16   17.05   21.24   26.84   35.14    6.06    4.11    3.38    0.79    0.38    0.02    1.22    9.49
PSATBBO    -22.52  -48.55    0.14    0.05    6.40    1.12    0.18    0.04    0.00    0.00    0.00    3.15   11.24   14.11   12.02    1.17    0.55    3.58   10.80   15.26    1.52    0.24    0.34    4.83    1.82    1.31    0.53    0.81    1.79    1.09    0.49   28.94   20.88    1.28    0.18    0.05    0.13    3.79   12.86   17.09   19.17   11.92   19.90    5.85    0.16    0.02    1.00
PSATESZ    -23.46  -46.91    0.07    0.07   12.15    8.53    4.34    0.42    0.00    0.00    0.00    1.11    7.08    4.39   24.91    6.63    1.27    0.91    4.75   21.19    1.29    0.13    0.11    3.42    3.14    2.92    2.70    4.44    7.42    2.34    1.97   23.69   39.17    2.39    0.78    0.66    0.73    7.08   12.42   12.99   26.88   12.44   10.88    6.62    0.87    0.09    0.77
PSATIBT    -21.76  -48.99    0.10    0.19   11.44    1.57    0.08    0.00    0.00    0.00    0.07    3.55    7.33   12.73   15.43    2.24    1.34    4.79    9.56    9.21    1.26    0.36    1.36    3.93    3.06    0.25    0.08    0.31    0.79    0.40    1.05   35.68   12.63    0.68    0.23    0.01    0.10    2.17   13.59   17.86   22.39    9.54   18.88    2.60    0.11    0.00    1.77
PSATNAV    -21.12  -50.20    0.52    0.61   19.17    3.93    0.28    0.01    0.00    0.03    0.92    2.41    6.38   10.31   13.26    5.99    2.49    9.04    7.07    5.80    1.12    0.55    6.64    5.08    2.21    2.46    0.37    0.23    1.56    0.76    3.19   57.31   12.23    1.66    0.60    0.09    0.17    1.09   16.18   19.56   18.68   14.39   12.74   10.57    0.03    0.00    0.82
PSATSME    -13.40  -48.30    2.88    9.46   11.41    1.58   15.31   21.57    8.03    8.26    6.47    5.69    1.97    0.80    2.49   15.14   16.26   10.34   22.70   22.89    9.28    9.95   14.77    9.20    7.37    3.28    6.99   19.92   12.61   34.63   17.64    8.07   18.73   25.59   20.22   12.19    7.97   11.51   13.98   12.44   12.74   19.00    3.58    1.68    0.01    0.03    2.52
PSATBGR    -27.78  -51.20    9.38   27.55   15.01    0.85    0.54    0.14    0.00    0.00    0.10   18.56   11.83   11.84    1.39    0.49    2.67    0.31    8.11    1.21    0.16    0.39    6.57    6.31    2.13    0.06    0.73   10.74    3.84    0.50   14.48   26.76    0.02    0.10    1.53    2.15   24.38    4.13    0.24    0.18    0.55    3.78    9.68    6.40   10.55    9.35    0.14
PSATCNV    -27.60  -51.33    7.02   31.96   13.61    1.07    0.39    0.20    0.00    0.00    0.00   15.50    8.04   12.40   11.46    0.88    1.90    1.14    5.06    1.40    0.04    0.80   12.26    6.30    3.22    0.30    0.38   10.51    2.80    0.94   10.42   16.25    0.03    0.10    1.89    3.56   25.02    2.33    0.43    0.29    0.57    3.95    6.92    6.29   14.43    5.11    0.09
PSATFCH    -27.14  -53.04    0.22   29.10   17.12    6.51    0.35    0.00    0.00    0.00    2.90   18.93   25.28   16.91   13.50    0.27    4.15    3.20    2.45    0.49    0.71   12.34    6.58    0.83    0.02    0.00    0.37    4.41    1.25    0.03   29.68    8.00    0.00    0.00    0.92    1.91    2.40    1.04    0.09    0.23    0.05    0.06    0.46    0.78    5.08    2.87    5.62
PSATITA    -27.27  -52.38    0.95   38.13   11.01    5.00    0.12    0.02    0.00    0.00    0.42   17.30   17.12   16.85   10.99    0.40    4.52    1.63    2.90    1.23    0.13    5.00    7.40    2.82    0.40    0.03    0.27    9.12    1.71    0.25   22.33   16.94    0.02    0.08    1.23    2.16   14.37    1.25    0.16    0.17    0.24    0.37    5.86    2.82   13.27    1.29    1.20
PSATMCD    -27.52  -51.78    0.91   38.80   10.92    0.79    0.01    0.00    0.00    0.00    0.26   14.37   20.17   18.55    5.65    0.03    6.70    1.15    5.12    0.97    0.00    1.67    4.04    1.13    0.24    0.00    0.03    5.83    2.04    0.24   27.47   18.63    0.00    0.00    1.24    1.83    9.12    1.43    0.12    0.38    0.06    0.24    1.21    0.99    7.64    2.08    1.46
PSATMOJ    -27.35  -52.73    1.16   33.99    5.58    2.20    0.00    0.00    0.00    0.00    4.71   20.78   24.04   22.40    8.87    0.43   19.87    4.71    1.91    0.58    0.56    5.60    6.25    0.98    0.01    0.00    0.00    3.62    0.63    0.06   34.61   14.59    0.00    0.00    0.82    0.89    1.04    0.95    0.56    0.31    0.08    0.08    0.50    0.44    7.00    6.21   12.48
PSATQQX    -26.66  -52.54    0.75   23.27   17.83   11.05    0.61    0.00    0.00    0.00    0.15   16.93    8.26   12.60   13.11    1.61    1.36    3.88    3.36    1.75    1.01    9.65    9.57    3.19    0.43    0.21    0.70    5.89    1.98    0.12   25.83   18.66    0.02    0.46    1.31    3.86   12.88    0.75    0.03    0.02    0.09    0.24    9.02    6.70    9.69    0.23    0.34
PSATPSJ    -28.14  -55.05    1.98   10.82    0.10    0.01    0.01    0.00    0.00    0.00   13.90   18.78   26.87   12.23    0.24   14.49   56.74    6.25    1.34    1.06    0.71    0.50    0.48    0.54    0.00    0.00    0.02    0.21    0.40    2.44   51.79    2.69    0.00    0.00    0.22    0.05    2.88    1.91    0.26    0.18    0.08    0.00    0.00    0.09    1.51   17.33   76.01
PSATESP    -18.68  -51.87    7.90    2.58    9.71    7.86   10.51    1.26    1.89    2.61    3.34    2.85    0.66    6.01   11.93    6.84    9.43    8.56    8.18    2.00    6.35    9.58   17.67    3.74    4.36    3.72    5.46    0.73    2.47    8.18   21.36   12.85   11.63   22.19    1.50    1.16    0.03    0.18    5.22   14.53    7.14   12.63   12.97    9.95    0.46    0.58    1.16
PSATSRC    -19.16  -50.76    2.59    1.75    9.75   21.25    9.68    1.53    1.45    2.58    2.48    2.77    1.85    5.68   16.21    3.53    8.56   10.59    7.97    4.12    7.40   10.21   13.37    3.33    5.73    6.15    3.32    1.23    3.47   15.00   15.50   12.08   15.64   28.65    2.11    1.17    0.17    0.18   12.50   12.63    9.12   12.55    8.35    7.12    0.51    0.10    0.61
PSATFRCL   -19.12  -50.64    3.14    3.12    9.41   15.30   10.66    2.37    1.55    2.60    2.25    2.42    2.17    4.35   10.56    6.48    9.09   14.27   15.28    4.83    6.03    6.39   14.58    4.14    5.66    6.82    6.63    2.05    3.56   19.19   15.27    9.15   14.33   19.29    3.66    2.04    0.45    0.63   12.27   10.01    5.19   10.59    7.81    7.63    0.48    0.08    0.85
PSATISOT   -20.40  -51.35    1.33    1.11   16.48   12.11    2.93    0.18    0.06    0.65    1.56    1.98    3.33   11.09   13.94    5.80    3.73   11.32    8.56    3.23    4.29    8.51    8.66    4.16    2.12    5.35    0.98    0.89    2.38    4.09   13.43   34.08   17.19   11.97    1.54    0.51    0.13    0.94   11.33   12.40   12.06   17.07   10.97    4.17    0.14    0.00    0.90
PSATJUP    -20.86  -51.63    0.94    3.17    9.29   19.33    4.35    0.31    0.08    1.35    1.61    2.11    3.02   12.17   13.74    5.72    5.21   10.83    8.80    2.64    7.39    9.33   10.40    3.85    3.16    2.45    1.95    0.49    2.17    4.17   13.59   28.53   14.17   10.22    1.12    0.50    0.01    0.44    3.81   18.50   16.11   13.49   12.96    2.21    0.29    0.31    3.05
PSATSDG    -20.06  -53.18    0.82   10.72    3.97   12.29    3.49    0.03    0.01    1.30    1.26    1.12    1.45   10.30   11.81    4.49    5.84    6.11    4.47    2.13    6.99    8.06   10.63    3.40    4.83    2.35    2.17    0.33    1.98    7.95   18.09   36.81   16.54    6.37    1.37    0.35    0.01    1.57    1.02   18.66   11.95   14.80   21.94    3.45    0.66    6.11    3.50
PSATFZBT   -21.66  -52.87    0.52   14.26    3.90   11.72    0.67    0.00    0.00    0.31    0.80    1.44    0.90    5.99   13.57    3.54    1.52    2.10    2.14    1.54    8.77   12.02    8.94    1.10    1.06    0.78    0.61    0.17    0.43    3.18   17.67   15.76   10.56    3.65    1.13    0.09    0.12    0.14    0.08    2.16    7.61    5.91    6.14    5.53    0.68    3.19    0.71
PSATPPRA   -22.46  -52.91    0.44    1.79   12.69   11.30    0.06    0.04    0.00    0.20    1.32    3.06    1.79   15.54   11.22    1.49    1.21    3.78    2.24    1.52    1.49    2.99    8.51    1.77    0.68    0.42    0.09    0.13    1.05    1.68   11.37   23.42    5.58    2.03    0.45    0.02    0.05    0.33    2.78   12.49   12.34    6.80    9.86    4.91    0.17    0.01    0.61
PSATBTE    -13.69  -50.80    1.20    4.47   10.45    8.73   16.40   11.59    5.44    5.62    3.98    7.54    2.04    1.44    3.22   14.05   18.61   13.82   14.26   13.41    7.64   13.13   15.83   10.25    7.90    4.62    6.56   15.27    9.85   29.73   17.14   19.74   24.05   30.37   11.76    6.02    4.74    7.09   14.35   12.56    7.69   16.94   14.00   13.72    1.76    0.80    3.08
PSATARAG    -8.27  -49.26    1.57   10.44    8.36    2.76   10.57   26.29   22.27    9.33    4.54   11.50    2.60    1.21    3.17   15.60   13.19   12.16   19.89   15.69    9.38   13.28   14.83   10.74   12.15    6.58    8.23   16.79    9.06   21.00   11.89    9.93   19.63   17.30   18.51   13.86   16.86   16.38   26.23   18.61   16.91   18.69   19.10   11.14    4.87    7.24    8.63
PSATLAJ     -9.76  -48.37    3.48    4.41    9.10    3.08    9.43   24.14   15.38    9.59    3.60    5.19    1.84    1.80    7.92   14.61   13.87   10.11   21.96   20.91   10.87   11.00   15.30    6.84    7.20    2.92   11.09   16.63    8.50   24.57   15.65   14.16   22.41   24.03   10.06   23.38   23.93   23.39   31.66   10.68   19.93   19.77    4.19    1.24    0.13    0.91   11.75
PSATPTRL    -9.31  -47.39    0.79    0.98    2.08    1.40   12.59   17.59   18.02    6.86    0.62    2.29    1.33    0.37    2.43   12.44    4.55    8.36   27.59   18.23    8.72   10.64   11.75    1.91    1.53    6.19   20.01    8.53   13.90   15.25   19.39   13.43   18.11   32.77    6.10   28.35   21.28   29.31   50.95    3.04   10.31   21.08    3.33    0.42    0.05    3.92   14.22
PSATLJET    -7.33  -47.48    1.32    1.29    2.67    1.92    8.57   28.48    6.26   10.66    2.64    3.12    1.50    1.74    1.60    9.64    5.89   16.64   26.98   21.04    2.78   12.80    5.73    9.08    3.51    1.53   18.16    6.71    8.67    8.81   12.52    4.34   17.88   10.93   11.93   18.26   20.07   21.28   22.31    5.14   15.90   20.85   10.12    4.80    3.45   21.54   11.70
PSATUCR     -3.83  -49.65    2.05    0.66    3.01    2.01    6.18   24.38    3.20   12.03    7.71    5.11    2.41    3.04    4.28    5.68   10.36   10.85   19.64   13.99    1.73    8.88    2.45   10.19    5.28    3.47    9.04    7.26    6.68    5.05    8.19    6.23   12.86   24.34    5.08   21.74   18.33   26.52   22.78    8.17   23.50   24.90   17.81   17.14    7.32   15.26   10.21
PSATXIVJ   -29.07  -51.67    8.11   47.01    5.99    0.21    0.02    0.00    0.00    0.00    0.76   17.38   27.50   11.62    0.17    0.31    8.17    0.24    6.08    0.79    0.00    0.53    3.36    3.47    0.38    0.00    0.23    3.39    1.75    0.15   25.56   25.63    0.06    0.00    1.25    1.92    8.56    2.47    0.17    0.20    0.05    0.43    1.33    0.99    6.53    8.26    2.81
PSATDFRC   -29.45  -53.28   11.13   13.67    0.11    0.02    0.01    0.00    0.00    0.00    5.83   16.82   33.21    3.76    0.02   11.92   38.31    5.59    2.15    0.75    0.14    0.22    0.22    0.80    0.00    0.00    0.95    0.89    0.75    2.17   45.93    4.39    0.17    0.00    0.46    0.11    2.22    3.32    0.80    0.69    0.24    0.01    0.14    0.11    0.11   24.28   49.96
PSATREAL   -29.02  -53.19    7.66   21.16    0.81    0.10    0.00    0.00    0.00    0.00    4.32   19.36   25.14   11.83    1.28    7.75   39.67    8.83    2.10    0.81    0.20    0.60    0.95    0.66    0.01    0.00    0.09    0.74    0.55    0.94   35.20    4.79    0.04    0.00    0.68    0.17    1.93    3.09    0.15    0.04    0.03    0.04    0.05    0.24    1.28   16.06   36.99
PSATCTAV   -29.01  -51.39   14.34   35.84    9.91    1.07    0.36    0.08    0.00    0.00    0.20   21.56   21.23    9.59    0.63    0.43    3.78    0.68    7.34    2.17    1.09    0.44    3.57    7.46    1.26    0.04    1.96    9.01    2.89    0.74   15.35   32.65    0.22    0.22    0.68    2.75   26.20    2.95    0.23    0.14    0.38    4.54    3.39    7.64    6.09    5.60    0.40
PSATERNT   -28.56  -52.54    1.58   32.11    3.63    0.60    0.00    0.00    0.00    0.00    2.59   19.49   27.09   15.63    3.55    1.52   21.35    1.34    2.29    0.60    0.11    0.97    3.09    1.58    0.16    0.00    0.00    3.40    0.93    0.24   31.78   13.90    0.00    0.00    0.99    0.55    1.83    1.95    0.21    0.17    0.08    0.14    0.31    0.47    2.11    8.42   10.45
PSATSTPL   -27.14  -49.52   16.61   18.54   10.33    0.97    1.68    0.45    0.02    0.00    0.00   12.21    4.49   11.90   16.06    2.20    1.52    0.99    3.72    3.10    0.08    0.48   13.62   10.42    5.04    0.96    0.47    8.61    3.14    1.96    6.98   14.40    0.76    0.16    1.11    2.04   16.91    0.85    1.80    0.84    1.12   11.66    3.84    9.65   24.24    0.94    0.01
PSATCVCH   -25.14  -48.87    0.11    2.62   19.48    5.14    1.69    0.47    0.01    0.00    0.01    7.76    4.33    4.32   11.93    1.28    1.42    0.41    2.50    3.83    0.20    0.58   20.66    6.84   11.09    1.34    0.12    1.43    5.43    3.20    4.21   43.79    2.08    0.09    0.12    0.09    4.24    1.74    1.62    0.09    7.63    5.65    2.53    7.14   11.26    0.18    0.12
PSATAMY    -12.60  -69.12   16.52   13.96   10.41   12.07    8.20    9.72    7.33    6.13    9.85    8.13   18.74    7.11    4.88    3.58   10.31    4.49   16.39    3.95   10.93    6.82   11.58    8.56    7.97    4.94    2.53    7.14    8.01    7.87    8.63   21.98   12.37   12.76   12.40   14.68   13.39    5.30    5.22    7.83   11.48   23.79   32.52   11.21    7.40   12.70   14.51
PSATGJR    -10.73  -65.35   13.18   10.53    3.85    7.62    3.33    2.47    1.96    1.51    2.66   10.53    3.37    3.80    6.54    2.94   10.23    6.23   10.62    6.15    6.92   17.24   10.06    7.49    4.63    1.58    5.10   15.43    5.03    5.33   16.42   12.01   10.11   19.76   12.61   26.22   11.11    2.66    1.48    2.63    9.36   17.97    9.46   21.67   13.50   14.94   19.57
PSATPRNC   -12.43  -64.43    6.08   12.19    6.84    9.97   10.36   11.13    3.68    1.61    2.61   13.23    9.00    2.07   10.08    8.54    5.84   11.25   14.82    8.39    4.46    9.72    6.39    5.98    2.83    2.17    4.37   17.14    8.40    8.70    8.96   14.15    9.15   16.05   18.22   20.84   13.56    2.82    9.03    4.75   12.60   28.66   26.13   40.46   38.53   24.00    7.48
PSATSANT    -8.87  -63.97    4.22   16.38   18.08    4.28    9.76    4.06    7.10    3.40    9.61   12.59    9.32    2.63   13.40    1.31    3.18    8.66   11.63    4.16    8.35   10.76    4.79    3.37   11.14    1.99    6.67   10.66    8.48    8.53    6.64   13.84    6.42    8.43    8.67   20.43   17.35   23.01    6.06   22.94   16.26   17.36    8.29   16.90   18.19    7.69    2.81
PSATDARD   -10.16  -59.46    0.44   16.58   11.27    1.52   17.08   12.35    7.54    8.22   19.11    9.16    3.28    2.42    3.78    3.66    9.33    6.81   11.21   27.11    8.92    1.42    6.40    6.47    3.52   12.24    6.40   14.91   10.52    7.91   15.95    9.64    7.28   16.49   13.81   20.17   13.31   21.02   16.86   20.66   10.97   30.06   13.74   10.22   16.19   11.14    7.77
PSATGUAP   -15.12  -58.96    5.71   15.12    7.80   21.92    6.32    7.58    4.25    0.91    0.70   11.25    7.08    4.53    4.23    3.22    8.13   16.63    7.81    2.96    1.31    6.20   10.53    3.27    5.11    1.43   17.09   12.88    3.20    5.71   13.64    4.43    4.12    7.48   16.24    7.87    6.32    3.30    6.01    4.97    6.96   19.35   26.09    6.01   17.58   12.63    5.83
PSATJIRA    -9.25  -64.65   15.46   15.32    9.23   11.84   11.76    8.21    5.12    2.32    3.43   11.29   13.33    4.85    5.17    2.39   10.07    6.28   12.60    3.71    7.27    8.92    6.87    6.87    5.17    1.77    1.63    9.27    8.51    6.49    6.28   13.22   10.18   12.80   11.49   19.23   15.08    1.52    5.65   15.28    8.47   18.77   10.32   10.44    9.29    6.37   13.73
PSATROND   -11.99  -60.70    0.31   15.40    2.08    6.26   10.66   15.43   17.17    3.83   11.00    1.22    6.96    8.38    1.74   20.65    3.89    3.31   18.07    8.06    5.33    4.94   14.22    7.13    5.11   14.37    4.52   17.18   21.55   18.19   26.15   12.21   15.66    9.43   12.88   24.54   24.51   36.96   14.34   16.63    8.51   15.90   20.63   37.93   22.71   14.22    8.91
PSATSAMU    -8.75  -63.45    1.53    7.53   10.92    2.59   11.97   11.98    5.64    5.13    8.93   20.32   14.93    1.94    9.84    3.72    3.59    8.80   14.24    4.30    8.90    6.55    8.03    6.28   11.14    0.95   12.14    9.63   10.83    9.83    9.80   10.20    4.04   16.37   12.67   33.21    8.77   41.53   14.88   18.37   15.79   14.57    7.00   17.34    8.58    6.21    6.24
PSATBALB    -1.92  -59.47    7.35    8.45    7.42    2.13   10.92    9.30    1.96   12.03    1.73    3.31    2.47    5.27    4.34    3.97    4.47    6.52    9.93    1.56    1.93    4.59   14.58   12.46    1.96   10.57   16.08    9.84   17.97    0.98    0.85    0.87    1.69    0.07    4.51    3.27   16.77    9.72    0.74    0.48    4.52    7.26    6.19    5.01    6.88    9.07    3.35
PSATCUNA    -2.82  -54.30    1.03    3.87    5.14   12.98    8.23    9.10    5.44    0.21    2.41    3.88    0.60    2.68    4.10    3.90    7.84    7.29    5.57    9.86    2.21   12.70    6.74   10.65    5.06    5.25    4.16   11.34    3.29    1.22    1.20    1.91    3.42    3.30    1.05   10.62   17.64   16.20    1.74    8.20   14.40   13.37   12.75   11.25   14.83    5.38    2.63
PSATJARI    -0.65  -52.52    1.09    1.89    0.45    1.82    6.99    7.03    6.78    0.32    0.18    0.03    1.65    2.34   15.48    4.96    9.08   10.44    7.76    5.07    2.55    2.80    5.55    4.17   11.79    5.84    3.87    1.21    0.21    1.74    1.46    1.59    0.36    2.29    3.19    5.88    5.96    0.80    0.65    2.33    4.70    6.25    7.38    5.89   11.57    3.63    1.99
PSATFGOM     0.86  -51.20    3.66    0.62    0.91    1.29    8.09    6.89   12.89    0.28    0.16    0.17    4.89    4.24    3.20    6.10    8.59    9.22    9.20    4.55    4.26    8.34    4.92   12.32   14.50    8.46    3.65    2.28    0.19    4.29    2.94    0.62    1.29    2.23    4.70    2.31    5.79    1.38    2.38    3.68    3.64    4.64   10.03    9.61   10.43    6.76    6.51
PSATUBE     -6.75  -43.57    0.13    0.24    0.82    1.46   10.86   22.00   21.52    4.98    0.42    1.82    0.78    3.60    2.18    8.37    9.39   16.57   20.69   16.30    3.93    5.56    2.89    2.04    3.18    2.84   15.60    6.57   10.30    7.16    7.43    3.09    5.31   17.98    7.10   17.55   16.87   39.61   26.49    4.48   11.29   14.42    3.41    0.18    1.37    8.10   13.10
PSATBSOR    -6.74  -52.00    0.83   10.77    9.76    1.01    8.84   17.32   16.36   12.41    8.16   12.78    1.69    0.82    2.12   11.48   12.88   18.47   20.33    5.61    3.35   12.31    9.36    9.89    6.66    5.86    6.65   16.86   14.01    9.97    9.20    7.49   19.74   14.32   16.41   13.64   17.06   15.11   21.48   19.98   19.34   28.26   23.17    9.32   10.57   11.89    9.32
PSATBESP    -6.75  -51.77    1.57    0.94    6.11    2.23    4.68   29.03    8.09    8.11    2.94    9.47    2.15    2.56    1.85    3.54    6.62    7.09   17.80    3.42    2.13   13.61    4.75   10.08   12.63    3.97   11.84   12.32    5.39    9.21    9.49    9.01    9.36   16.76    3.51   11.63   18.69   15.31   31.80   18.25   15.69   17.73   14.59    9.70    4.60   19.28   11.95
PSATPIME    -3.41  -51.91    2.43    6.53    5.82    9.52    4.47   17.85    6.33    5.77    6.72   12.78    1.45    1.54    4.11    5.86    7.21    9.06   13.25    7.03    1.88    7.63    6.49   10.06    7.15    4.90    6.22   11.33    7.94    5.62    4.09    4.44    7.86   14.25    3.31   13.80   22.15   14.04   18.93   19.99   20.37   20.22   17.20   13.28   11.16    9.25    9.57
PSATIRAP   -16.74  -42.57    4.02    1.00    4.88   15.44   12.33    2.59    0.13    0.38    0.07    0.01    0.27    2.28    3.91   21.83    3.79    1.03    1.23    2.97   12.64    6.81   11.00    6.89   16.23    8.07    6.52   13.00   13.39   10.20    4.90    6.12   21.16   20.79   23.17   16.63   21.17   15.27   13.08    0.34    0.46    0.18    0.41    0.17    0.42    2.02    1.01
PSATITBI   -15.97  -39.59    1.41    0.76    1.84   17.90    8.54    3.73    0.40    0.69    0.04    0.48    1.54    1.97    1.32    6.90    0.99    0.55    0.61    1.46   10.56    9.48   15.30   12.61   17.25   18.91   23.72   13.97    8.28    7.86    5.83    4.36   12.69   18.07   24.80   31.66   17.00   13.30    3.60    0.62    0.54    0.56    0.59    0.33    2.18    1.51    1.98
PSATCOLI   -10.98  -55.77    2.09    8.12    7.91    1.40   10.86   16.43   12.23    9.32    9.40   19.58    0.79    0.88    2.28   16.89   11.36   21.00   11.35   11.08    2.39    6.31   11.10   11.19    7.45    4.67    5.26   19.87   11.46    6.31    9.86    9.03   19.63   15.65   17.50   13.19   15.71   15.97   19.42   20.62    6.66   33.52   27.21   22.25   25.87   20.97    7.68
PSATSAEL    -9.19  -57.04    4.81   11.76   13.13    0.66    9.32    8.28    5.66   18.69    7.55   13.68    1.67    0.53    0.40   10.21    8.14   18.35   12.66    7.77    2.96    9.99   11.39    5.92    4.74    4.87    9.52   16.16   11.97    9.17    7.25    2.06   38.59   15.69   15.51   16.65   17.22   12.18   19.74   32.37   20.27   32.38   14.55   13.56   10.28   11.44    8.45
PSATITQ    -17.09  -54.83    8.46    5.05    3.36    5.62   10.77    3.03    1.20    1.95    2.20    7.15    0.52    3.82    4.78   10.31    5.65   15.84    8.08    2.54   10.44    6.89   11.67    2.43    5.44    4.51    8.63    5.33    2.30   25.62   12.90   12.29    9.36   13.34    1.29    2.39    0.09    0.14    6.63    8.91    3.78    9.47   15.04   10.65    4.93    1.66    3.82
PSATJAU    -15.24  -58.73    6.56   14.73    6.25   20.37    5.79    8.38    3.78    0.92    0.61   13.04    8.19    5.89    8.27    3.57    5.19   19.72    9.56    3.68    1.39    6.16   15.68    3.05    6.51    1.46   11.85   13.70    3.39    5.65   12.71    5.15    3.96    8.95   20.18   10.24    5.94    2.16    4.82    4.04    4.33   16.20   23.73    6.07   15.32   11.41    5.25
PSATMAN    -14.87  -55.78    1.29    7.33    4.96    4.65    7.13   10.73    4.14    5.85    3.41   10.63    1.31    0.79    7.53   11.87   11.40   12.14   14.83   12.42    2.62    5.22    7.47    6.70    2.84    6.16    3.34    8.46    8.51   10.03   12.46   14.91   10.51    8.56    3.44    5.73    2.09    1.75   27.04   15.69    7.10   18.80   25.65   36.08   31.94   12.93   11.01
PSATPTP    -17.61  -54.83    8.24    3.80    2.30    6.59    9.98    0.49    0.22    1.70    1.78    3.07    0.58    2.46    2.66   10.89    7.69   11.73   10.54    4.75    9.60   10.90   11.58    2.25    5.73    3.18    6.43    2.69    2.12   25.05   16.08    8.00    8.88    9.59    1.71    1.31    0.00    0.10   10.11   15.82    4.67   11.02   22.54   12.50    2.24    0.56    1.76
PSATSTCL   -17.90  -40.20    0.51    0.32    0.21   35.49    8.66    2.44    0.86    0.61    0.01    0.28    1.28    1.37    0.82    4.63    0.60    0.22    0.53    0.61   17.06   15.90   23.23    8.70   16.59   35.57   24.53   17.54    5.97   14.41    6.86    3.98   10.97   22.18   52.38   43.41   19.21    6.97    2.55    0.82    0.41    1.12    0.51    0.52    2.40    1.06    1.95
PSATPDC    -12.58  -39.00    0.75    0.37    0.29    0.22   23.67    7.81    7.48    0.35    0.44    2.53    2.08    0.98    0.90    1.05    2.29    1.76    0.87    1.21   19.65   13.42   10.86    1.16    2.77    4.36    1.77    0.36    0.65    1.51    3.92    1.55    0.76    2.39    3.42   12.10   21.77   20.20    2.29    1.43    1.02    0.87    1.71    1.26    1.47    2.86    3.46
PSATROSA   -20.92  -41.72    1.45    1.17    0.69   40.52    2.85    0.16    0.04    0.25    0.06    0.00    0.06    0.99    3.90   28.57   18.14    3.22    3.93   13.45   17.99   13.08    7.57   14.73   22.80    5.23    7.52    9.35   18.79    5.66    2.77    2.48   19.24   20.36   61.14    7.75   16.01    1.94    0.90    0.68    1.11    0.66    0.55    0.14    0.21    0.30    1.46
PSATCAN    -20.21  -42.85    2.55    1.07    0.73   20.79    1.36    0.04    0.13    0.11    0.00    0.00    0.04    0.13    2.14   18.63   19.72    4.62    5.90   15.64   10.76    9.39   11.02   18.55   11.29    5.22    3.97    4.91    9.10   12.40    1.83    6.20   22.54   27.23   17.71    5.16    8.14   15.26    6.41    1.73    0.79    1.32    0.88    0.29    0.46    0.21    1.19
PSATSAC    -19.64  -42.85    1.47    2.00    1.44   23.08    1.26    0.00    0.12    0.17    0.01    0.00    0.01    0.22    3.81   13.69    7.40    5.19    6.11   14.07   10.49    7.99   10.28   13.62    9.26    8.02    7.21    6.64   12.10   13.87    6.66    9.30   33.61   21.15   34.67    8.74    9.77   18.43    8.32    1.88    0.85    1.12    2.07    0.42    0.65    0.49    1.57
PSATPES    -19.12  -42.66    0.89    1.00    1.27   16.75    3.13    0.64    0.14    0.54    0.05    0.00    0.11    0.62    5.49   14.63    5.07    2.03    2.48   12.85   16.05    5.02   10.66   10.73    5.95   10.74   10.88    5.49   14.98   15.81   13.38   11.27   33.19   34.86   48.09   11.84   13.45   11.97    6.05    0.58    0.64    0.65    2.34    0.68    1.76    0.38    2.10
PSATMAS    -19.50  -40.92    2.05    0.88    0.60   28.73    2.36    0.18    0.14    0.27    0.11    0.06    0.57    2.21    4.48   13.02    3.74    0.55    1.53    5.08   15.40    7.67   12.86   16.75   18.99   14.39   12.33    6.64   18.65   19.50    9.70    5.90   25.48   35.75   45.92   15.79   18.49    9.61    4.02    1.60    1.41    1.12    1.22    0.52    1.51    1.11    2.59
PSATSBR    -23.37  -45.87    0.62    0.17   10.92   12.68    5.35    0.74    0.01    0.00    0.00    0.02    0.52    6.68   25.79   15.56    1.27    0.21    7.11   21.39    3.21    0.48    1.38    4.71    6.20    3.65    3.30    4.19    6.77    2.46    1.18   13.50   34.50    8.90    1.23    0.95    1.33   15.95   26.60   12.74   31.52   19.68   10.06    1.24    0.72    0.05    0.98
PSATJAG    -23.20  -46.03    0.16    0.10   14.42    3.85    1.41    0.76    0.00    0.00    0.00    0.13    2.20    4.97   25.18    5.77    0.60    0.11    8.58   19.01    1.77    0.06    1.53    7.31    3.11    4.12    4.18    2.20    8.33    1.86    0.58   21.18   27.31    2.93    0.73    0.52    0.70    2.35   18.74   11.20   33.36   20.94   12.88    0.82    0.15    0.06    0.34
PSATFUNI   -22.53  -44.57    0.31    0.08    6.03    8.00    1.39    0.49    0.00    0.00    0.00    0.08    0.89    4.29   20.46    9.61    0.63    2.49    9.29   20.02    5.26    0.88    2.84    8.63    5.80    3.86    2.48    2.88    4.07    2.19    0.56   17.82   39.17   11.17    1.22    0.66    0.85   14.21   32.39    8.02   26.25   23.93    6.68    0.37    0.16    0.06    0.71
PSATSACE   -22.48  -43.84    0.78    0.11    5.75   11.30    4.48    0.71    0.00    0.00    0.00    0.00    0.00    0.69   20.00   12.95    1.77    0.79    8.58   20.90    4.67    1.75    5.65   16.68   14.41    4.68    5.63    4.65    7.03    4.58    0.47    9.11   27.53   28.72    1.79    1.51    2.03   21.35   29.89    6.36   22.08   32.70    3.36    1.45    0.02    0.00    0.24
PSATPIC    -21.91  -43.54    0.61    0.11    1.82   12.22    1.72    0.18    0.01    0.00    0.00    0.00    0.02    0.34   11.63    8.29    1.07    2.98    6.21   26.40   16.40    1.86   17.11   18.28   13.44    2.72    3.85    4.39    5.00    1.83    1.28    8.03   20.57   18.80    0.95    0.92    1.77   18.86   24.14    8.45   17.43   23.99    2.59    0.58    0.06    0.03    0.09
PSATSOGI   -21.94  -43.36    3.02    0.47    1.16    9.10    1.44    0.31    0.03    0.02    0.01    0.00    0.00    0.18    7.65   13.53    3.73    5.61    5.49   25.96   12.22    3.94   27.71   15.01   10.73    3.02   10.86    5.78    6.77    3.11    1.37    6.55   18.46   22.29    1.28    0.66    2.24   23.91   17.90    5.45   19.47   13.78    0.76    0.32    0.24    0.08    0.27
PSATIPSI   -21.84  -42.58    2.03    0.59    2.17    9.08    1.72    0.12    0.02    0.07    0.04    0.00    0.00    0.13   12.67   15.06    2.50    2.99    3.92   26.13   11.88    2.40    9.00    9.36    6.12    3.89    7.38    5.91    7.09    2.20    1.32    4.10   19.79   25.95    1.37    1.29    2.17   14.09   13.84    2.06   16.55   15.52    1.45    0.34    0.29    0.15    0.12
PSATTCLJ   -22.69  -43.83    1.29    0.33    7.23   15.84    3.05    1.67    0.00    0.00    0.00    0.01    0.00    0.15   12.37   25.47    2.35    0.06    2.73   19.13    2.66    0.29    0.38    3.54    2.14    2.14    1.71    4.06    5.98    5.71    0.58    6.35   41.02   40.01    0.49    0.27    0.70   40.28   32.93   10.25   38.67   33.29    0.79    0.95    0.00    0.00    0.34
PSATBIGU   -25.51  -53.67    0.28    4.63   15.91   10.81    0.51    0.00    0.00    0.00    0.34   10.67   14.88   15.12   12.09    0.74    0.73    3.88    2.11    1.17    1.19    8.20    7.83    1.04    0.30    0.31    0.22    1.85    0.50    0.04   30.13   16.70    0.11    0.49    1.00    2.96    4.39    0.17    0.07    0.05    0.01    0.71    1.88    4.99    4.64    0.29    1.77
PSATBRAU   -21.45  -42.41    4.39    1.32    0.25   15.92    4.20    0.15    0.04    0.16    0.17    0.00    0.01    0.02    3.42   24.52   10.58    3.47    4.38   22.22   16.47   13.26   20.74   17.05   14.27    6.33    5.74    3.16    7.83    4.07    2.22    4.38   19.26   36.93    9.32    3.43    3.91   14.23    4.18    0.52    1.00    1.84    0.54    0.12    0.64    0.29    0.78
PSATSUIC   -20.08  -40.58    5.31    0.64    0.06   33.43    0.94    0.19    0.06    0.37    0.56    0.02    2.33    2.67    4.41   19.41   10.94    2.67    6.90    2.46   17.53   17.14   12.51   14.94   33.83   15.59   10.50    9.58   33.81   21.45    7.78    3.69   12.27   24.08   77.39   18.98   21.06    5.86    4.67    3.88    2.26    1.95    0.76    1.28    1.77    2.96    4.46
PSATJRI     -9.30  -64.70   17.84   15.02    9.25    9.80   12.92    8.98    5.30    2.56    3.86   10.93   15.32    3.81    4.75    1.55   11.50    5.93   13.63    2.71    6.22    5.37    5.21    5.81    4.63    1.27    1.52    9.39    8.72    7.31    6.31   14.56   11.85   13.46   10.34   11.49   14.46    0.98    5.36   18.21    9.78   24.44   12.18   10.84    9.48    5.71   15.07
PSATBENI   -14.59  -67.53    8.68   13.44    9.91   16.17    7.33    5.84    3.83    2.09    3.45   12.47    7.49    7.45    7.32    5.04    6.88    5.86   12.27    6.14   10.10   18.26   11.66    9.40    7.05    3.16    2.28   10.03    8.19    3.82    6.88   11.27    5.45   11.76   14.55   42.00   16.67    3.58    7.09    7.01    6.15    6.36    4.13    8.57    7.89    7.96   11.52
PSATEPB    -12.42  -64.42    8.14   11.92    5.41    7.82    7.36    7.86    2.79    1.25    2.06   11.74    6.37    2.26    8.19    6.36    6.20   10.54   12.18    6.47    4.05   10.04    7.86    6.28    2.57    1.94    6.55   14.15    6.12    6.84   12.45   11.80    8.89   17.77   17.25   19.86   10.08    2.00    6.31    3.52   10.80   25.34   21.59   35.13   31.88   20.14    7.09
PSATEGM    -10.79  -64.35   13.44   10.30    4.57    9.58    4.38    3.29    2.47    1.93    3.33   11.38    4.62    4.06    7.54    3.41   11.53    5.25   12.33    7.57    8.08   19.63    9.62    7.59    5.60    1.62    2.58   18.30    6.59    6.31   14.78   14.03   10.92   18.78   11.68   29.30   14.61    3.55    1.94    3.46   10.25   18.13    8.72   20.93   12.09   16.10   24.45
PSATSTOA    -8.79  -63.95    3.85   16.63   18.50    4.28    9.78    4.12    7.33    3.73    8.78   12.83    8.70    2.21   13.76    1.34    3.12    9.24   10.73    4.39    8.29   11.70    4.70    3.52   11.34    1.94    6.40   10.87    8.74    8.60    6.87   13.87    6.36    7.13    7.42   21.14   18.94   23.82    6.22   22.85   16.48   16.90    8.75   16.28   18.59    6.89    2.61
PSATENC     -9.90  -66.62   15.28   26.77    5.97   11.82   19.74    9.18    8.93    1.58    0.96    7.87   18.15    6.31    3.59    0.66    5.48   12.99    2.56    2.92    8.74    5.19    2.50    6.48    5.29    1.76    1.07    3.01    6.52    7.86    5.15    7.94   13.26   11.60   13.20    2.32    9.51    0.56    4.45   20.46    7.70   13.00   20.05   15.19   14.56    8.04    6.13
PSATAMY1   -11.71  -70.63   15.93   19.82   13.92   13.89    8.65    8.86    6.50    3.97    9.56    6.61   18.31   12.09    2.47    1.81   14.44    2.55   12.20    1.40    9.42    3.05    3.59    5.77    2.77    2.68    1.81    6.72    7.68    6.57    8.16   17.72   11.59   12.30    7.38    6.06    8.39    2.87    2.75    5.84    6.29   18.47   30.65    9.02    2.58    9.05   10.16
PSATAMY2   -12.37  -71.17   15.84   14.97   12.82   13.71    6.87   10.93    9.55    6.50   11.68   10.92   22.29    8.00    4.72    4.45   10.57    6.23   18.73    5.87   10.35    9.16   12.56    9.40    9.57    6.39    3.42    6.83    7.27    5.87    8.61   25.18   13.24   11.02    9.73   10.27   13.29    5.71    3.37    7.80    9.02   21.77   28.30   11.32    9.05   18.58   17.44
PSATAMY3   -13.75  -70.18   19.62    9.41    6.27    7.21    5.15    9.04    6.75    4.89   10.77    4.60   13.95    4.65    4.89    4.18    7.74    4.90   18.83    4.49   14.98    7.54   18.90   11.46   11.22    5.99    2.33    4.60    8.62   12.30   10.78   22.79   13.19   11.27   24.50   22.47   14.84    8.12   10.06    8.62   17.09   31.36   34.88   17.22   10.57   12.02   14.28
PSATAMY4   -13.45  -69.47   12.98    8.85    5.71   13.47   15.77    8.80    4.14   10.08    3.86    9.57   17.22    1.28    8.08    2.41    6.10    2.05   10.89    2.60    7.89    6.26   10.91    6.30    6.63    3.46    2.03   11.03    9.34    7.86    2.93   18.90    9.55   18.89    6.38   23.44   18.69    4.12    4.79    7.51   12.88   19.45   43.48    4.87    4.37    6.37   13.80
PSATJRN    -13.37  -59.01    1.37   14.81    8.08    8.39    6.33    7.97    6.77    1.72    2.02   10.91    4.42    1.69    4.41    3.17   10.19   16.29   12.52   13.75    2.27    1.39    4.91    5.46    5.61    1.60    3.75   11.67    5.40   10.07   13.21    5.31    6.65   10.18   15.88    8.85    7.81    2.87   12.28   20.97   11.63   18.66   24.75   44.88   26.89   23.28   11.11
