PSATAGV    -19.89  -50.35   21.02   11.17    4.72    1.76    0.00    0.02    0.87    1.46    1.52    0.19    0.12    0.06    1.89    1.81    3.40    9.62    6.44   11.62   12.69   27.91   15.74    5.85    3.69    2.35    3.44    8.20   13.23   16.60    9.64   17.14    7.24    3.66    3.01   15.40   10.58    5.82    0.23    0.27    0.54    5.42   12.28   17.20   18.66   30.87   32.92
PSATCMG    -21.28  -44.63   20.16   15.53    5.01    0.33    0.00    0.02    0.60    8.59    9.08    7.97   10.64   11.65   10.90    7.79   23.23    3.63    2.20    0.31    0.91   12.95   17.53   16.17   17.57    5.87    3.42    9.90    3.84   20.15   41.15   25.25    5.00    6.57    8.39   26.70   13.02   17.42   19.28    1.31    5.43    4.97   20.77   28.91   21.09   24.39   16.91
PSATCES    -20.25  -48.16    4.19    6.81    4.05    0.65    0.00    0.06    0.36    2.85   11.02    1.59    7.13    2.69   11.01    7.30    3.48    1.14    0.85    6.50    9.99   17.80   18.64    5.38    3.44    2.71    5.69    1.19   18.46   21.42   17.25   48.55    7.86    2.71   20.43   14.45   12.14    3.37    1.82    2.55    3.33    6.74   11.30   25.31   13.08   65.69   33.12
PSATELC    -21.60  -46.95    7.18   12.94    2.92    0.72    0.00    0.01    0.18    5.65   10.18    4.77   20.55   22.52   13.19   10.01    7.25    0.45    0.46    0.75   14.09   21.32   14.13    3.37    7.69    2.77    1.93    0.90    9.16   34.80   14.05   53.29    4.09    4.78    7.17   22.03   25.46    9.55    1.20   12.02   11.85   13.02   10.77   20.45   10.82   40.46   58.10
PSATFUN    -21.14  -45.04   11.61   18.25    3.27    0.17    0.00    0.00    0.15   11.05    9.47   11.40   14.88    9.52    6.85    6.18   19.25    0.96    0.66    0.11    1.57   11.01   20.09   17.83   15.55    4.50    4.84    7.87    1.92   23.74   46.06   18.46    3.00    3.05   10.28   32.20    5.60   17.65    7.26    4.17    1.76    2.61   13.06   31.22   19.09   27.76   17.72
PSATFUR    -20.67  -46.32    7.55   16.19    1.58    0.34    0.00    0.01    0.35    9.54   10.02    5.04   14.16   11.68    9.16    7.48   12.41    1.03    1.76    0.39    9.55   19.55   15.98   12.09    6.49    3.84    4.87    2.78    4.08   27.46   34.00   26.75    3.90    5.55    6.95   22.20    7.73   17.75   17.31   13.67    8.65    5.11   18.02   27.15   20.71   30.17   32.52
PSATMRB    -20.30  -49.18    8.31    6.17    5.99    0.99    0.00    0.09    0.28    1.83    6.32    1.28    4.81    3.92    8.27    6.58    2.63    5.31    2.87    8.48   12.32   28.81   14.08    4.69    3.10    2.75    2.82    3.27   15.17   18.15   14.42   48.99    7.43    2.92    7.62   14.23   17.37    4.35    0.67    2.20    3.79    8.23   13.80   25.59   13.99   51.40   50.37
PSATPRG    -21.59  -45.67   16.40    9.96    1.41    0.43    0.03    0.03    0.49   14.80    8.98    6.45   12.50   16.24   10.18    6.30    3.74    0.67    0.85    0.26    4.16   21.44   13.86    6.88    3.59    2.40    4.23    0.76    5.71   25.70   26.73   32.78    3.55    5.86    4.72   22.05   20.46   40.78    2.70   20.79    7.74    7.16   11.57   25.35   12.78   20.98   40.99
PSATPAS    -21.02  -48.18    9.59    2.86    4.05    1.36    0.01    0.14    0.42    6.72    8.25    5.40    9.02    6.29   11.88   10.40    2.46    0.40    1.80    2.62   10.14   13.25   13.91    2.34    1.29    1.28    1.24    1.50   11.80   20.83    8.11   40.68    2.11    5.95    4.54   17.26   32.72   20.05    0.58    7.49    3.55   10.59   13.70   22.92   10.78   41.94   82.92
PSATPTB    -21.61  -45.49   15.37   11.19    0.50    0.73    0.00    0.03    0.19   12.76   12.40    7.99   12.48   17.45    5.19    2.67   10.30    0.95    0.60    0.17    2.31   19.48   11.48   11.36   11.17    3.57    4.12    3.84    5.93   24.76   40.85   29.74    4.08    4.72    3.33   24.39   17.71   19.40    4.14    9.69    9.24    2.47   11.86   22.35   16.24   18.26   29.33
PSATPTC    -20.00  -48.55   10.17    7.37    9.68    0.51    0.00    0.01    0.26    2.48    6.29    0.12    4.35    5.41   11.40    4.19    7.40    3.17    1.63    4.77   14.17   25.23   13.70    9.29    5.95    2.33    5.45    2.11   16.47   30.52   32.65   31.06   14.43    8.09   10.40   26.21    4.35    2.44    7.13    2.54    6.05    5.74   11.64   20.95   17.57   45.92   23.65
PSATFZA    -26.00  -51.65   28.49   18.59    1.30    6.33   27.88   71.79    4.99   15.92   11.12   12.42   18.02   28.78   68.12    1.74    0.28    0.02    0.30    8.83   23.54   15.03    0.93    0.19    0.02    0.00    3.28    5.16    3.16    0.68    0.11    0.14    0.98    0.40    0.11    2.14    4.45    6.03   23.58   16.43   19.88   42.10    0.82    1.53    3.61   30.41    1.69
PSATJSG    -25.78  -52.00   15.94   22.80    1.37    3.35   41.18   64.05    6.23   11.22    8.89   14.51   22.52   42.53   49.22    1.72    0.52    0.01    0.11    4.23   16.52   12.53    1.29    0.09    0.00    0.01    3.59    4.28   13.00    3.92    0.07    0.01    0.07    0.27    0.25    1.51    1.57    2.96   28.27   16.36   28.67   30.93    0.85    1.18   13.06   31.59    0.98
PSATSCX    -25.53  -53.48    9.21   18.95    1.15    2.72   41.32   61.77    6.37    7.21    5.56   11.73   24.06   55.55   30.66    0.55    0.63    0.00    0.13    5.48    3.92   16.01    1.80    0.03    0.00    0.10    6.46    6.69   30.78   22.32    0.11    0.00    0.08    0.32    0.43    5.62    1.32    3.30   32.49   22.31   39.98   14.37    1.52    0.80   19.12   20.72    0.83
PSATSCL    -25.49  -51.74   21.61   11.41    1.95    4.21   35.87   71.03   26.17    8.88    5.97   11.92   13.95   49.74   32.36    2.72    0.63    0.00    0.34    4.32   18.33   15.73    1.09    0.01    0.02    0.00    2.87    2.66   17.65   11.41    0.35    0.03    1.34    0.52    0.56    4.47    8.58    9.58   29.77   16.97   34.12   26.99    1.39    1.43   10.65   46.72    1.34
PSATUVT    -26.23  -51.08   10.44    9.23    0.67    6.83   13.16   88.89    9.00    9.36    6.74   13.72   20.69   12.12   58.96    3.68    0.53    0.13    0.29   10.98   20.02   19.96    1.33    0.82    0.08    0.02    2.51    7.77    0.36    1.16    0.65    1.14    2.15    0.77    0.08    0.64   10.59    4.00    7.17   12.58   16.02   47.65    3.18    1.66    1.87   20.65   21.22
PSATBSM    -24.19  -53.74   18.50    2.40    1.61    8.12   32.20   46.61   21.22    3.45    5.74   13.20    5.29   54.14   22.57    1.80    0.28    0.00    0.25    7.67    7.58   25.41    3.72    0.23    0.00    0.07    4.14    5.56   19.37   22.86    0.25    0.07    0.58    1.07    1.45    8.16    8.07   16.22   35.03   22.84   45.03    9.51    0.34    3.17   14.07   12.62    0.90
PSATFLE    -22.97  -54.56   19.54    3.84    1.62    9.18   12.51   20.69    1.75    1.68    3.02    1.01    0.40   54.28   14.56    8.99    1.15    0.00    0.31    2.50   25.47   22.13    2.26    1.91    1.95    3.47    2.81   10.75   22.99   28.25    0.44    0.93    0.62    1.00    1.61   27.64   10.10   16.85   23.53   19.32   32.67    1.48    0.58   25.91   39.63    9.36    0.33
PSATITP    -25.42  -54.58   20.92    6.12    1.68    6.78   18.14   29.02    6.55    2.28    4.15    3.39    4.01   46.29   15.58    5.11    0.42    0.00    1.33   13.70   12.85   19.67    4.01    1.07    0.48    1.60    5.02   10.48   29.39   13.83    0.25    0.43    0.44    1.03    1.88   12.02   11.28   10.77   26.16   21.28   36.18    3.87    0.63   13.89   37.43   10.76    0.53
PSATIVM    -22.38  -53.53   12.94    3.32    2.64   17.07   12.43   12.72    7.90    3.27    5.40    1.88    0.63   24.92   10.07   20.35    1.71    0.00    6.38    2.47   33.08   22.29    8.73    4.06    2.87    3.60    4.16    7.49   21.84   23.18    0.23    0.78    0.52    1.15    4.40   29.43   11.87   13.55   15.82    6.73   13.51    3.16    4.10   11.02   13.48   25.01    0.66
PSATPTQ    -23.18  -53.17   21.34    6.34    3.81   27.75   33.09   51.28   23.98    2.40    5.40   11.01    4.01   30.57   24.83    5.56    0.12    0.00    0.62   15.14   17.20   17.58    2.39    0.65    0.00    0.08    4.35    2.69    9.66    6.88    1.22    0.07    1.67    1.27    2.17   21.09   13.64   19.70   41.24   16.28   43.55   12.97    1.54    3.85    9.16   26.87    1.74
PSATCBI    -17.99  -48.54   16.70   13.33    4.39    0.13    0.00    0.02    1.62    0.56    0.16    0.00    0.01    1.35    8.66    6.45   20.39    9.52    2.51    3.02   11.23   15.85   13.57   23.43   21.87   24.19   11.40    9.96   10.53   39.05   35.49   20.46    9.82    5.75    8.39    0.01    0.03    0.07    0.39    3.29    4.35    7.01    5.05    6.49    9.59    9.24   50.37
PSATCBIV   -16.15  -48.67   22.31   21.02    6.28    0.06    0.00    0.08    2.59    0.53    0.30    0.00    0.03    0.24    6.68   10.68   18.88   12.20    5.65    5.07    9.40   11.78   11.31   12.47   13.83   13.25   10.96   14.29    7.79   24.81   33.33   29.16    7.07    7.69    8.23    0.00    0.02    0.03    0.43    5.67    3.80    3.07    2.24    3.45    6.55    8.35   26.49
PSATEMB    -18.45  -47.98    8.38   10.05    1.36    0.03    0.00    0.01    0.47    0.84    0.49    0.14    0.19    0.91   10.66    4.50   12.09    3.93    2.27    2.45   10.26   24.87   21.38   17.86   24.07   18.16    8.59   10.99   10.73   32.71   66.66   15.30   11.65    4.90    3.94    0.59    0.09    0.06    0.27    3.92    1.05    2.12    3.24   15.50   14.48   27.20   48.04
PSATIMBR   -18.42  -49.10   14.60    9.94    4.57    0.29    0.00    0.02    0.85    0.87    0.50    0.07    0.49    0.75    8.47    2.85   13.05    3.31    1.84    9.01   11.26   18.48   18.47   17.57   19.04   15.36   12.59    5.54   14.84   36.56   58.98   19.79   13.42    1.99   14.06    3.16    0.24    0.05    0.30    3.31    3.92   10.23    7.98   13.62   15.25   15.90   75.70
PSATNPTE   -19.13  -47.70   12.11    9.07    1.87    0.23    0.00    0.00    0.54    1.04    3.90    0.21    0.84    4.28   11.08    1.55   12.95    3.16    1.55    2.39   12.58   27.60   18.63   13.98   17.95   12.42    6.93    5.33   20.16   38.43   56.11   15.42   10.20    6.50   22.30    6.58    0.55    0.32    1.06    0.68    2.82    2.50    4.63   11.61   15.08   23.15   15.57
PSATARV    -18.07  -50.16   14.02   14.69    8.96    0.75    0.08    0.48    3.95    2.46    0.59    0.00    0.04    0.27    1.22   13.01   16.75    6.03    8.11    6.10   14.45   10.59   11.34   21.07   21.90   16.05   10.98   12.44   23.92   27.49   79.50   17.43   12.03    3.40    9.92    7.75    0.04    0.01    0.21    0.48    1.54    5.30    3.07    8.65    9.65   21.11   45.79
PSATSFC    -18.05  -47.68   16.14   18.70    1.71    0.01    0.00    0.06    0.71    0.35    0.04    0.01    0.03    0.72   12.48    5.76   15.12   16.29    0.42    1.68   14.10   23.02   21.19   28.03   20.27   31.45   13.29   14.74   13.23   25.04   51.08   13.61    8.70    8.23    3.54    0.02    0.02    0.19    1.14    4.55    0.59    1.68    4.25   13.48   17.09    5.21   60.11
PSATSSM    -19.02  -50.50   14.22   11.09   10.09    0.61    0.00    0.14    2.36    0.90    0.67    0.02    0.13    0.36    5.46    2.72   12.78    8.47    7.21   14.21   17.95   22.92   18.82   14.78   16.83    4.91   11.75    7.83   16.84   28.20   64.20   27.95   15.02    0.92    9.13    8.08    1.78    0.03    0.19    0.64    1.82    5.88    7.85   12.91   11.65   19.97   51.57
PSATCNI    -22.94  -50.52   25.73    8.06    1.35   13.37    1.95   11.93   11.25    0.13   10.66    6.67    6.07    2.32   11.71   20.16    0.20    0.00    3.71   16.33   22.76   12.12   12.10    1.67    0.01    0.28    0.32    9.22    5.15    9.62    2.61    0.68    9.09    3.48    4.02    2.86   34.47   36.49    9.25    1.88    1.80    8.92   16.85    3.85   12.00   11.18   18.35
PSATCPV    -22.65  -51.33   23.68    4.62    2.76   31.38   18.44   32.87   12.17    0.44   10.12   12.65    3.54    6.84   18.90   14.82    0.14    0.00    1.94   16.77   23.92   11.66    8.10    1.32    0.01    0.08    1.96    5.12    1.94    3.45    1.69    0.44    6.12    1.59    3.40   25.01   18.01   34.96   13.34    2.63   15.12   18.68   11.01    3.45   11.17   13.64    6.05
PSATCHT    -23.01  -49.73   15.56    2.39    1.32   20.13   19.30   15.03    8.94    0.18    6.03   16.25    4.10    6.52   19.90   18.30    0.53    0.01    0.26   16.01   19.13    5.65    6.84    0.42    0.02    0.05    0.24   12.55    0.63    4.14    2.54    0.24    5.39    1.16    0.71   13.69   35.44   32.66   11.56    1.95    9.41   21.83   12.41    1.42    2.37   11.55   19.43
PSATJUR    -23.22  -49.23   24.64    4.67    0.97   14.54    5.73    8.92    8.42    0.47    4.29   12.84   10.89    6.32   18.45   26.26    0.57    0.04    0.50   15.22   17.90   17.62    4.27    1.18    0.17    0.20    0.08    7.76    2.89    7.45    1.94    4.29    4.58    2.47    0.62    3.43   40.85   31.29   19.18    4.63    2.67   14.72   23.09    2.04    3.06   15.12   45.13
PSATMAU    -24.06  -50.71   12.29    3.56    0.95   27.42   18.97   52.85   22.74    2.93    5.05   12.82    6.23   15.07   34.82    5.40    0.78    0.01    0.51   10.61   21.41    5.48    3.98    0.18    0.05    0.00    0.63    5.19    4.20    4.07    0.43    0.15    5.05    1.00    0.43    8.20   17.31   19.65   23.56    9.83   22.64   36.49    5.05    2.84    3.94   21.31    8.56
PSATROS    -22.50  -52.87   31.00    6.28    8.12   25.60   16.04   29.46   18.87    0.55    7.65    8.42    1.16    9.57   11.63   10.74    0.02    0.00    0.86   27.90   17.90   17.34    2.96    2.26    0.00    0.16    3.90    2.08    6.09    0.57    0.67    0.35    2.27    1.39    1.40   27.58   25.28   23.01   27.08    5.95   23.16   15.64    5.76    6.85   10.86   23.36    2.20
PSATQMD    -16.21  -47.33    9.41   11.25    2.74    0.03    0.00    0.05    0.78    0.50    0.60    0.02    0.02    0.17    9.15    7.59   12.26   14.94    0.73    1.40    9.85   22.54   12.93   26.73   17.24   22.95    8.83   16.14    8.80   20.34   48.25    1.82   10.09   14.82    1.33    0.00    0.05    0.12    1.22    1.48    0.47    0.75    2.24    4.78    5.62    3.97   15.69
PSATRBX    -18.95  -44.76    9.82   10.73    4.01    0.00    0.00    0.00    0.08    2.99    2.13    8.25    8.82    9.68    8.63    6.19   11.16    0.68    1.51    0.28    1.79   15.57   25.16   20.61   25.18   22.11   15.26   15.55   17.01   44.65   71.76    9.93    6.23    4.43    8.97    4.59    0.21    2.84   24.52    0.62    0.44    1.15    8.20   22.29   12.89   13.37   14.36
PSATSFR    -15.93  -44.86    9.64    3.04    0.79    0.00    0.00    0.03    1.00    0.12    0.27    0.03    0.01    0.37    8.99    8.64    2.32   12.58    1.81    2.26    6.19   27.26   15.52   16.64   20.72   31.54   13.97   18.04   19.52   21.88   29.56    0.67   16.47    9.36    0.51    0.04    0.30    0.47    0.31    0.66    0.25    1.45    1.74    4.84    3.73    5.11    7.19
PSATSRM    -16.37  -45.07    9.21    6.16    0.89    0.00    0.00    0.11    0.55    0.51    0.06    0.66    1.20    4.86   10.95    8.19    5.87    3.27    2.27    0.70    4.64   21.87   23.52   15.02   29.98   46.81   24.55   14.90   23.72   39.72   40.86    5.06   11.13    7.90    3.11    0.17    0.01    0.11    1.75    0.48    0.30    1.30    1.98    7.20   13.41   13.50   20.31
PSATTMR    -18.16  -45.27    9.56   10.93    1.71    0.13    0.00    0.00    0.24    1.71    2.95    1.94    8.44    9.13   10.49    9.44    8.76    0.97    3.27    0.32    8.80   17.30   21.52   16.32   23.75   13.03    6.41   10.71   18.56   54.24   53.50   13.65    9.74    4.86   11.53    5.27    0.35    1.96   14.91    2.38    0.62    1.72   10.05   23.06   23.56   22.37   15.38
PSATBOQ    -11.35  -43.83    2.03    8.35    0.64    0.02    0.00    4.41    2.56    1.02    0.67    0.24    0.03    0.11    0.50    1.56    0.56    2.52    1.20    4.09   12.72   16.12   17.40   19.58   11.98    8.78    8.65   14.38   14.95   37.57   12.90    4.60    4.45    1.21    0.13    0.03    1.08    3.97   19.83    9.00    1.67    1.97    2.11    4.29    6.22    3.66    4.48
PSATBBO    -22.52  -48.55   26.53    1.80    5.79    5.08    0.07    1.03    2.73    1.93    5.60   10.46   14.80    6.59   13.67   15.99    0.78    0.02    1.00    3.93   13.85   12.13   11.87    1.67    0.24    0.44    0.41    4.85   12.74   14.81    7.31   23.38    2.50    6.43    1.86    8.53   36.06   36.91    5.35    4.67    1.54    7.74   13.68   13.29    5.26   18.36   45.62
PSATESZ    -23.46  -46.91   37.08    1.50    4.05    4.56    0.00    1.23    5.44    6.77    4.75   17.28   15.27   10.54   12.80   25.95    3.63    0.04    0.40    0.97   10.83    8.19   11.84    4.57    4.06    0.77    0.56    8.14    5.11   19.05   17.81   40.25    2.78    3.44    1.39    2.31   32.26   41.11    5.03    4.68    0.74    5.23   13.68   12.36    3.92    8.54   75.34
PSATIBT    -21.76  -48.99   12.40    9.67    2.51    4.27    0.09    1.21    5.79    0.32    8.43    5.38    3.04    1.42   12.16    9.78    0.34    0.06    2.70    8.54   16.92   15.60    9.94    1.92    0.14    0.39    0.19    7.35   18.73   13.37    2.96    6.18    4.85    8.66    2.10    6.99   28.10   20.18    0.44    4.02    0.94    6.25   12.31   13.99   11.30   17.15   32.19
PSATNAV    -21.12  -50.20   25.91   11.54    1.69    4.06    0.07    1.51    9.70    0.39    4.67    2.50    0.77    0.15    4.26    8.89    0.53    0.46    6.03    9.42   18.27   18.02   14.01    4.33    0.94    1.11    0.64    4.98   20.71   20.00    2.67    3.37    1.82   13.34    3.21    4.72   26.32    9.35    0.25    0.59    0.47    5.77   12.69   20.74   19.13   32.53   32.76
PSATSME    -13.40  -48.30    8.57   17.84    4.62    0.36    0.01    0.12   10.49    2.97    0.49    0.03    0.20    0.59    2.46   14.20   13.60    9.99    2.34    5.86   10.70   14.37   11.05   22.08   24.83   16.27    9.16   12.49   20.95   31.56   36.29   23.63   12.59    9.58    6.42    0.05    0.01    0.08    0.49    6.01    3.08    5.96    3.94    3.80    7.77   14.47   22.24
PSATBGR    -27.78  -51.20    1.11    0.49    1.24   16.43   51.47   10.79    0.56    0.41    5.75    9.05   30.99    2.00    1.21    0.11    1.87    0.01    0.18    5.66    6.39   12.56    0.62    0.86    0.00    0.34   13.12    0.07    0.05    0.27    0.18    0.52    1.42    0.19    0.24    2.02    0.19    0.01    3.22   35.61   35.95   10.09    0.01    0.04    0.42   22.93    1.80
PSATCNV    -27.60  -51.33    7.26    2.07    0.54    8.11   41.15   32.54    0.87    0.74    7.31   20.08   42.33    1.64    4.67    0.69    1.37    0.12    0.42    7.94   13.84   13.22    0.99    0.28    0.03    0.11    5.74    1.80    0.19    0.27    0.14    0.12    1.01    0.15    0.25    2.21    0.40    0.07    2.89   32.58   35.02   18.80    0.12    0.15    0.77   18.89    2.94
PSATFCH    -27.14  -53.04    3.41    1.43    0.32    3.80   87.22   19.81    0.16    4.45    6.18   10.69   48.90   10.70    0.14    0.03    0.05    0.00    0.00   24.06   16.19    3.09    0.31    0.01    0.00    0.63    8.74    0.77    0.00    0.00    0.00    0.00    0.00    0.00    0.02    2.29    0.09    0.02   27.62   23.96   56.21    6.38    0.12    0.43   16.16   22.25    0.32
PSATITA    -27.27  -52.38    9.93    3.87    0.73    5.66   49.73   28.48    0.27    1.90   13.52   22.66   46.40    2.33    1.67    1.10    0.27    0.02    0.14   13.33   23.10    8.78    0.54    0.04    0.00    0.44    8.13    2.10    0.01    0.05    0.00    0.02    0.17    0.01    0.04    1.43    0.12    0.20   11.13   29.49   38.65   21.80    0.62    0.36    3.13   25.96    1.49
PSATMCD    -27.52  -51.78    0.77    0.17    0.39   17.17   76.15   16.44    0.08    0.31   16.38   19.73   50.37    1.77    0.11    0.21    0.02    0.00    0.05   10.62   11.28    2.72    0.32    0.03    0.00    0.66   14.35    0.19    0.00    0.00    0.00    0.00    0.34    0.00    0.09    2.52    0.15    0.00   17.56   28.93   50.32    2.55    0.09    0.09    1.04   23.85    0.37
PSATMOJ    -27.35  -52.73    0.67    1.81    0.33   15.42  100.81   10.39    0.01    1.40   19.18   29.56   41.68    1.41    0.07    0.03    0.00    0.00    0.18   19.28   20.32    2.04    0.19    0.03    0.00    4.71   21.00    0.01    0.00    0.00    0.00    0.00    0.03    0.00    0.27    1.34    0.02    0.02   16.85   18.66   39.73    0.66    0.00    0.03    8.35   20.51    0.27
PSATQQX    -26.66  -52.54   11.18   17.16    1.99    2.14   34.99   38.54    0.16    7.68   10.93   16.70   33.15   22.56    8.29    1.93    1.30    0.00    0.31   12.04   14.09   18.04    0.85    0.02    0.00    0.01    9.07    3.04    2.01    0.06    0.03    0.00    0.02    0.02    0.20    1.45    0.09    0.12   14.89   23.85   36.18   37.48    1.43    0.75    9.60   28.88    1.36
PSATPSJ    -28.14  -55.05    0.16    0.08    0.90   53.64   32.54    0.00    0.00    8.22   37.74   17.31   33.98    0.24    0.05    0.00    0.00    0.00    2.32   31.86    4.80    2.14    0.24    0.02    0.00   25.98   13.07    0.00    0.00    0.04    0.00    0.00    0.08    0.00    0.01    1.14    0.00    0.00    6.69   12.66    4.24    0.02    0.00    0.05   13.91    6.37    0.10
PSATESP    -18.68  -51.87   12.33    2.28    4.81    0.89    0.06    0.96    9.57    0.92    1.68    0.00    0.03    0.38    1.30    6.53   14.13    9.02    9.74   20.14   21.32    1.88    6.90   16.74   21.90    5.84    5.22   13.64   16.33   29.54   25.63    4.03   11.84    2.17    2.81   23.80   11.57    0.21    0.00    0.58    1.16   11.57    5.77   13.37   24.69   25.33    9.70
PSATSRC    -19.16  -50.76   13.31    8.34    5.65    0.66    0.19    1.86    7.23    1.45    1.51    0.07    0.01    0.11    0.94    8.99   16.81    6.79    9.09   10.03   17.50    6.91   10.11   11.59   16.63    7.01    5.47   16.68   13.93   22.39   20.02    3.10   11.38    4.74   10.25   26.46    5.31    0.01    0.00    0.13    0.46    7.15    9.30   16.25   32.78   23.50   14.90
PSATFRCL   -19.12  -50.64   13.13    9.39    5.82    0.97    0.19    2.14    5.15    1.12    1.67    0.04    0.02    0.14    0.93    9.74   20.43    3.78   11.16    9.34   15.31   10.91   10.35   11.43   19.43   11.88    7.14    8.11   16.57   18.28   36.12    4.38   20.74    5.20   16.12   29.67    2.41    0.00    0.01    0.01    0.24    8.63    4.84   15.19   26.97   24.21   24.59
PSATISOT   -20.40  -51.35   25.46   26.14    2.55    2.92    0.19    2.08   10.95    0.48    1.82    0.85    0.27    0.13    6.36    8.16    3.96    5.11   13.44   27.97   14.89   12.99   13.56    5.87    4.96    3.41    4.02    8.74   11.80   13.57    4.51    3.15    2.68    9.55    4.56   11.04    8.84    5.01    0.06    0.09    0.24    7.08   17.33   13.39   18.00   29.05   22.68
PSATJUP    -20.86  -51.63   15.61   22.76   17.43    4.63    0.08    3.12   19.18    2.68    4.57    1.26    0.07    0.46    7.90    8.72    5.91    6.24   18.67   18.35   12.11    9.83   15.08    6.98    9.59    4.83    6.42   10.59   11.17   20.75    3.70    1.60    3.37    8.22    2.09   14.72   19.09    6.16    0.33    0.46    1.52    7.61    8.13   18.05   16.79   23.40   13.67
PSATSDG    -20.06  -53.18    5.66    9.26   12.31    5.39    0.75    3.94   10.54    4.87    5.56    2.66    0.01    2.10    4.49   14.21    4.18    6.15    6.65    2.44   10.87   18.52    8.21    9.64    5.51    5.57    7.06   11.00   11.16   21.39    1.53    0.77    3.92    9.29    1.03    7.50    9.68    9.65    1.71    1.59    3.10    7.98    3.09   12.61   19.60   24.49    7.87
PSATFZBT   -21.66  -52.87    5.95    7.84   11.48   22.11    6.56    4.55   21.53    3.43    3.48    4.40    0.26    7.53    4.63   14.51    2.00    0.22   15.15    2.52   22.49   17.22   15.96    6.13    2.24    5.65    8.35    8.09   16.77   18.98    0.17    0.57    0.59    8.78    1.46   18.34   10.15   25.35   24.18    1.83   12.29   10.40    2.51   10.57   15.30   25.02    1.90
PSATPPRA   -22.46  -52.91   37.52   20.28    9.95   17.84    1.72    9.97   19.94    1.05    5.17    4.48    0.74    1.72    5.50   10.00    0.70    0.61    7.32   22.76   12.26   19.32   18.56    2.64    1.10    2.12    5.10    6.09   11.69    4.63    0.23    1.03    2.42    7.69    1.57    6.95   22.33   14.28    8.81    0.83    4.22   11.47    7.19   12.21   19.66   21.13    7.44
PSATBTE    -13.69  -50.80   12.45   18.23    9.39    1.04    1.50    1.39    5.94    2.83    1.51    0.08    0.05    0.07    0.87    9.64   15.33    5.72    9.55   14.43   18.39    9.03   11.06   20.53   25.95   19.82   10.64   11.74   19.07   37.59   66.86   21.92   12.18    6.31    8.08    6.57    0.56    0.01    0.08    1.38    2.31    9.91    3.52    7.92   24.19   30.53   21.64
PSATARAG    -8.27  -49.26    9.70   23.32    8.68    1.12    1.95    1.56    4.47    4.57    2.20    0.96    0.62    1.17    2.15    4.86   13.80    4.72    5.60   12.57   17.32   16.59   13.08   30.15   19.49    9.60   10.09   11.49   25.08   32.83   22.08   22.83   12.12   15.60    5.67    1.08    0.96    5.14    4.60   10.03    4.43   11.04    4.63    9.03    5.88    9.59   12.69
PSATLAJ     -9.76  -48.37    7.64   15.67    3.23    0.25    0.23    0.51    4.41    4.90    1.21    0.58    0.39    1.27    3.35    4.89    9.76    3.72    4.07    6.46   17.21    6.33   19.94   30.95   19.20    4.66   11.00   11.66   29.83   41.99   22.38    6.29   17.81   11.92    0.41    0.02    0.34    3.87   14.62   11.72    6.94    8.35    4.11    5.55    4.37    6.13   12.27
PSATPTRL    -9.31  -47.39   17.29   14.74    6.39    0.20    0.01    1.47    1.08    4.92    0.71    0.36    0.29    3.14    2.76    4.99   14.06    6.89    4.47   12.73   14.89    6.64   15.80   30.54    8.30    2.64   26.62   13.03   21.25   28.97   13.43    5.74   16.71    7.00    0.09    0.00    9.10    4.65   24.65   10.85   12.20    7.84    3.25    6.76    5.40    3.55    5.14
PSATLJET    -7.33  -47.48   14.34    7.76    5.43    0.75    0.73    0.14   14.69    2.43    2.03    2.95    4.05    5.08    2.25    0.97   16.46    3.83    9.32   10.07   15.07   12.36   14.91   15.73   10.92    3.89   26.11   12.26   13.64   18.27   11.04    6.98   16.07    3.87    0.38    0.29   12.75    2.55   17.44   13.17   12.34   11.08    5.51    7.44    6.51    6.66   11.19
PSATUCR     -3.83  -49.65    6.86    7.07    9.85   13.93    2.74    0.94   16.24    7.27    8.34    3.78    5.19    3.02    3.36    3.16    9.76    2.02    3.24    5.97   10.91    5.71   12.69    7.14   13.00    4.96   10.53   12.53   22.36   19.01   11.25   17.73    5.56   12.48    2.19    4.32   10.80    5.84    8.01   10.69   12.20   15.21    5.15    9.17    5.43    5.61   12.72
PSATXIVJ   -29.07  -51.67    0.04    0.19    0.27   43.82   61.86    3.94    0.04    0.15    6.75    6.10   39.16    1.59    0.04    0.00    0.00    0.00    0.55   20.84   10.71    1.59    0.37    0.32    0.00    0.81   30.95    0.00    0.00    0.02    0.00    0.05    0.81    0.00    0.12    5.55    0.09    0.00    2.99   31.65   22.57    0.29    0.00    0.00    0.98   26.72    0.90
PSATDFRC   -29.45  -53.28    0.02    0.00    0.35   73.90   76.37    0.00    0.00    0.61   18.33   16.65   26.99    1.04    0.06    0.00    0.00    0.00    0.67   36.75    3.71    1.24    0.94    0.16    0.00   26.86   16.34    0.00    0.02    0.00    0.00    0.20    0.13    0.02    0.05    2.49    0.05    0.00    0.80    9.64    1.36    0.02    0.00    0.00    5.36   15.77    0.14
PSATREAL   -29.02  -53.19    0.00    0.17    0.31   48.06   46.82    0.31    0.00    0.33   30.96   21.29   32.14    0.94    0.11    0.00    0.00    0.00    0.85   30.75    7.32    2.38    0.24    0.07    0.00   18.53   16.83    0.00    0.00    0.01    0.00    0.01    0.03    0.02    0.11    1.18    0.04    0.00    3.85   12.45    5.63    0.02    0.00    0.00    6.68   21.03    0.27
PSATCTAV   -29.01  -51.39    0.29    0.01    0.46   18.04   46.76    3.19    0.41    0.31    1.34    6.37   28.21    1.52    1.19    0.01    0.70    0.00    0.17   13.56   13.25   10.35    0.62    1.61    0.00    0.61   23.71    0.01    0.03    0.38    0.23    1.76    2.19    0.19    0.48    3.37    0.16    0.05    0.92   53.64   14.16    0.52    0.02    0.04    0.56   24.35    1.93
PSATERNT   -28.56  -52.54    0.34    1.17    0.36   23.98   80.27    6.48    0.04    0.37   29.01   26.39   40.50    1.29    0.06    0.05    0.01    0.00    0.47   22.25   16.61    1.25    0.15    0.05    0.00    5.16   18.08    0.00    0.00    0.00    0.00    0.00    0.14    0.00    0.21    1.31    0.03    0.00    8.82   15.34   27.82    0.27    0.00    0.00    1.74   24.11    0.24
PSATSTPL   -27.14  -49.52   13.76    3.22    0.44    3.00   24.84   54.78    2.07    1.84    5.19   26.57   37.83    1.26   13.42    0.18    1.10    0.41    0.91    7.24   13.60   17.98    1.71    1.49    0.16    0.17    7.75    1.48    0.65    0.66    0.28    0.25    2.07    0.49    0.56    0.56    1.96    0.22    1.29   22.58   19.40   21.58    0.01    0.21    1.16    9.54   15.03
PSATCVCH   -25.14  -48.87    8.17    1.58    0.63   11.72    4.17   56.81   37.78    1.56    1.98   16.34   15.73    6.68   62.73   24.03    1.71    0.29    0.47    7.31   21.76   26.76    2.67    1.27    0.32    0.12    0.21   11.61    0.58    1.25    0.98    1.68    2.62    1.50    0.18    9.25   15.56    5.49    1.53    9.70    8.79   78.95   17.21    0.82    2.35   18.95   35.28
PSATAMY    -12.60  -69.12    8.02    5.18    7.13   11.21   10.81    9.45   12.98    6.63   10.29   12.54   16.45   13.23   15.80    9.49   11.19    5.68    4.60    3.36    4.39    6.65    6.28    3.52    2.46   11.31    5.42   13.48   16.07   24.79   23.05   22.41    2.77    3.34    7.93   12.29    7.31    9.46   19.01    9.07    5.75    7.29   14.76    7.82   14.23   31.56   33.57
PSATGJR    -10.73  -65.35   12.80    4.48    4.63    4.79   13.95   18.81    3.15    4.02    6.83    4.38    4.21    6.61    8.36    4.39   15.10    3.20    2.31    2.00    3.27    7.93   12.78   22.27   19.71   14.95    7.29    7.96   22.35   17.46   13.91    3.90    1.02    1.26    0.81    6.42    7.82    4.48    7.63    5.18   15.60   22.44    9.08    2.64   25.18   16.77    7.85
PSATPRNC   -12.43  -64.43   13.99   10.98   11.61   18.56    8.23   24.16    9.29    9.69    5.08    2.89    2.46    1.88    7.10    0.89    7.99    1.37    1.48    0.64    0.82    0.59   13.00   49.42   29.46    8.70    5.11    5.54    7.75   15.08   10.26    1.56    1.90    4.72    4.36    9.65   11.64    7.94    4.44    3.28    1.52   12.72   10.04    5.61    9.73   14.49   11.15
PSATSANT    -8.87  -63.97    0.30   13.27   26.73   24.88   23.43   13.06   10.28   14.93    7.28    8.08    5.22    1.60    4.58    2.47    4.35    2.30    3.14    0.91    0.83    0.44    2.12    8.42    4.90   10.52   10.11    8.91   10.28    4.57   21.48   27.42    2.58    2.61    2.47    4.21    4.77    4.72    3.93    2.78    3.70   11.09   16.84    9.64    7.48    1.58   25.67
PSATDARD   -10.16  -59.46    0.26   14.06   41.37   15.48    4.36    9.52   14.32    8.32    5.16    4.59    2.73    1.06    1.79    3.65    4.88    1.48    2.74    1.69    1.35    1.83    1.75   11.15   11.05   16.23    5.48   10.52    8.67   10.94   52.73   10.33    9.37    6.75    3.62   16.90   25.96    2.23    0.85    3.52    1.50   22.35   21.18   18.86   16.83    9.28   16.02
PSATGUAP   -15.12  -58.96    0.97   22.13   18.63   28.95    2.24   13.73   13.34    2.72    4.35    1.14    0.24    0.75    5.22    0.84   13.52    1.54    1.56    0.46    0.98    0.66   33.37   15.00    8.59    3.01    4.88    9.25    3.51    8.58    4.09    4.27    2.84   14.50    9.31   19.99    4.52    1.98    1.65    1.56    1.86   14.16   21.76    8.12    3.27    3.08    0.03
PSATJIRA    -9.25  -64.65    7.26    7.35   12.06   13.78   12.06   13.39   15.31    6.97   11.62    9.37   11.12    8.08    9.31    5.34   10.63    2.84    2.64    1.73    3.62    5.15    3.45    8.08    4.82    7.51    4.06    5.84   12.70   16.88   15.69   25.57    3.84    2.47    5.29    5.79    5.70    8.26   14.82    7.96    5.02    8.60   11.92    6.00    6.84   29.72   27.70
PSATROND   -11.99  -60.70    0.38    7.37   30.24   24.48    1.30   10.94   12.94    6.65    2.17    6.82    2.88    1.22    6.59    4.47    7.92    2.59    1.71    1.02    1.22    1.43    0.76   15.95   12.47    7.35    0.92    9.67    4.06   12.54    7.51    3.27   11.35    4.82    2.56   13.79   12.05    2.01    2.50    3.23    1.53    9.12   20.32   12.15    6.99   14.86   22.71
PSATSAMU    -8.75  -63.45    4.99    7.11   22.24   10.94    8.02   19.26   11.90   18.86    9.43    8.79    2.59    0.52    2.67    4.19    3.31    2.46    2.81    1.46    1.35    0.37    2.44    5.65    6.74    7.86   12.02    6.76    8.14    5.08   33.60   12.85    3.69    6.01    4.15    2.75    3.59    8.73    4.65    2.04    2.40   14.23   14.53   11.22    4.00    3.86   22.54
PSATBALB    -1.92  -59.47   20.81    7.36    6.75    4.42    3.18   16.00   11.56    9.67   12.73   18.46    4.41    4.28   10.09    6.70    5.60    5.01    8.88   13.59    2.82    6.47    7.51   12.11   16.92    5.88   19.10    7.54    8.80    4.55    1.05    5.83   15.31   38.46    4.79   14.17    0.60    0.53    1.73   13.27    7.44    3.08    0.84    4.91    1.91    2.94    1.02
PSATCUNA    -2.82  -54.30   11.19   21.53    3.40   15.27    3.58    5.74    7.80   20.36   16.12   11.68    4.23    1.99    1.80   12.57   11.80    4.37    7.76   11.71    4.13    2.15   16.55   20.26    5.60    2.75    9.02   10.78   20.18   13.62    8.37   15.73   14.17    6.19    9.83   19.63    6.47    4.50    6.67    4.05    8.66   11.14    2.49    7.32   12.15   19.27   10.53
PSATJARI    -0.65  -52.52    8.73    5.47    8.84    7.07    3.26    9.62    3.33    3.22    2.84    4.06    2.27    5.63    3.58    4.26    3.31    2.16    4.24    4.09    4.89    4.01    4.49    2.73    5.51   10.64   10.04    9.17    7.71    6.47    8.61    8.07   10.98    2.20   11.86   17.27    4.44    3.96    5.04    7.30   11.35    2.31    3.97    9.53    7.00    2.45    8.61
PSATFGOM     0.86  -51.20   14.12   11.83   17.28   11.14    8.60   13.84   11.27    7.16    4.26    7.37    3.84   10.63    4.49    6.41    5.35    5.29    6.16    3.17    6.70    2.99    9.58    5.98    9.68    9.92   13.93    6.82   10.17   11.24   11.15    7.81   13.90    2.47    8.93   21.91    3.62    3.48    7.98    6.43    3.94    2.19    3.81   13.95    7.34    1.24   10.26
PSATUBE     -6.75  -43.57    9.07   10.11    1.30    0.18    0.03    0.27    8.65    1.16    0.64    0.54    1.50    1.61    1.83    1.80    8.05    3.36    5.43   11.32    8.65   11.53   13.25   10.53   11.48    7.92   23.47   20.06   18.54   28.07    8.35    7.25    6.98    0.39    0.00    1.80    6.14    2.97   14.83   15.33    7.38    6.58    3.63    6.68    5.80   11.84   14.53
PSATBSOR    -6.74  -52.00    8.96   24.08   16.02    4.03    3.26    1.62    6.18    4.54    4.45    1.40    1.39    2.02    1.49    1.38    8.83    4.69    4.41   17.79   23.77    5.81   12.94   22.67   18.59    9.53    5.21   14.48   18.01   17.70   18.12   24.75   15.98   10.60   10.09    2.49    1.51    5.38    3.42    6.17    4.38   11.76    7.13    8.78    6.99   11.23   15.70
PSATBESP    -6.75  -51.77    5.37   22.80    6.01   18.23    1.06    1.07    4.25    5.28    5.52    1.81    5.85    2.25    2.80    1.45    4.53    1.26    4.35    5.65    8.54    6.53   12.36   24.26   15.28    2.55   12.72    9.02   14.29    7.71   11.94   32.68    9.28    4.89    5.31    2.99    8.91    6.36    3.79   11.97    7.55   10.10    5.37    8.69    4.63    2.07    4.92
PSATPIME    -3.41  -51.91    8.34   13.71   28.36   13.40    9.85    4.19    6.74    9.61    8.57    7.42    7.95    2.35    2.76    5.29    7.03    3.71    1.18   16.04   14.88    2.89   15.95   20.32    9.83    5.85    7.96    7.63   11.79   11.55   13.02   28.14   14.18   11.43   10.00    9.84    7.00   10.42    3.60    5.49    7.38    9.06    5.89    5.39    5.86    6.68    8.04
PSATIRAP   -16.74  -42.57   14.24    3.83    0.14    0.00    0.00    0.05    0.01    0.03    0.02    0.24    0.08    6.95    3.50    6.75    2.48    0.43    0.90    0.22    0.50   29.31   15.06   15.88   19.06   22.39   28.71    8.02   22.42   34.20   17.29    1.59    8.25    4.26    0.40    0.00    0.06    0.11    0.54    0.62    1.91    1.03    0.39    0.27   10.40   10.60   10.77
PSATITBI   -15.97  -39.59    6.05    0.85    0.06    0.03    0.07    0.01    0.04    0.12    0.41    0.17    0.16    1.12    2.83    0.88    0.80    0.49    1.09    1.00    0.92   18.11    9.88    5.91   11.20   15.91    3.08    3.76   22.74   28.54    8.15    4.98    4.63    1.06    0.10    0.03    0.19    0.39    1.08    0.75    1.57    0.83    0.30    0.23    1.83   11.79   14.52
PSATCOLI   -10.98  -55.77   23.17   21.43   29.85    5.32    3.91    3.79    4.68    3.21    4.24    1.16    0.34    1.01    1.56    1.93    6.96    4.46    4.36   12.30   13.87    1.79   19.95   25.76   18.98   12.02    4.17   12.80   26.69   14.84   18.14    8.33   10.97    5.13    3.02   11.37    0.59    0.30    2.48    3.16    4.55   13.98   10.21   10.21   11.25   23.16   14.68
PSATSAEL    -9.19  -57.04   21.40   33.25   15.98   11.10    7.02    8.62    5.29    2.86    4.61    3.55    0.62    1.13    2.02    1.39    5.03    2.83    0.94    9.21   15.38    2.67    5.33   18.63   12.55   25.74   13.75   13.83   19.24    8.15   11.73   25.96   30.33    7.18    1.40   11.57    1.78    4.23    5.16    3.06    7.39   10.66   13.38    5.78    3.84    8.89    7.99
PSATITQ    -17.09  -54.83   29.50    5.23    6.90    2.15    0.87    5.20    3.31    5.45    2.11    0.05    0.16    0.24    1.10   12.96   12.42   10.80    3.19   14.51    7.26    9.12   27.79   11.40   10.91   19.46    6.66    9.65   12.77  102.40   31.65   12.04    8.24    8.82   15.08    6.43    9.35    0.77    0.06    0.18    1.34   11.67    7.31   12.48   26.21   25.83    1.45
PSATJAU    -15.24  -58.73    1.26   19.80   17.31   31.66    3.24   12.53   11.64    2.58    3.85    1.04    0.26    0.76    4.91    0.40   14.43    0.88    1.22    0.37    0.95    0.75   29.84   11.04    8.80    4.87    4.86   11.28    4.03    5.68    2.88    5.24    2.82   11.22    8.66   23.11    6.46    1.87    2.18    1.25    1.26   19.22   18.65   13.87    3.26    3.18    0.08
PSATMAN    -14.87  -55.78    7.91    8.20   23.24    4.67    5.07    2.96    4.64    4.21    1.55    0.37    0.13    0.67    1.50    8.69    8.02    1.70    6.43    4.73   22.48    4.60   18.95   24.16   12.30   10.13    4.39    8.33   18.45   31.01   12.60    5.13   10.06    5.99    8.21   12.17    1.90    0.31    0.15    1.98    3.59   10.18    5.45   14.09   19.80   11.82    0.98
PSATPTP    -17.61  -54.83   21.25    9.03   10.69    0.53    0.67    7.74    3.70    4.79    2.97    0.55    0.03    0.08    0.68    9.25   10.63   12.12    1.70   19.98    8.88   16.69   34.19    7.82   16.63   19.89    6.18    5.99   15.84   91.13   22.05    5.74    5.52    9.25   20.49    3.06   17.49    2.55    0.22    0.34    1.58   14.11    5.49    8.97   27.06   21.30    1.84
PSATSTCL   -17.90  -40.20    2.84    0.24    0.00    0.00    0.00    0.00    0.00    0.01    0.02    0.01    0.00    0.04    0.99    0.00    0.03    0.82    2.70    2.88    0.61    7.65    7.79    1.69    3.40    6.18    0.21    9.00   17.34   25.18    3.93    6.33    5.10    0.33    0.02    0.00    0.02    0.15    0.72    1.15    1.14    0.32    0.11    0.11    0.35   13.82   14.28
PSATPDC    -12.58  -39.00    0.12    0.11    0.06    0.17    0.28    0.12    1.65    1.99    1.38    0.81    0.31    0.34    0.15    0.34    0.27    0.81    1.24    0.96    0.76    1.66    4.09    0.69    0.46    0.16    0.01    0.07    6.36   11.16    8.77    4.71    0.53    0.40    3.37    0.65    0.44    0.57    0.52    0.18    0.49    0.28    0.10    0.10    0.92    5.32   13.00
PSATROSA   -20.92  -41.72   15.79    4.30    0.06    0.00    0.00    0.00    0.28    1.89    1.46    2.66    6.15    4.65   12.85    5.91   20.39   21.40    6.11    3.33    1.19   10.21   21.75   25.08   29.90   25.07   19.85   16.19    9.35   92.56   58.59    2.92    4.73   14.72   12.52    2.03    0.00    4.30    5.74    0.60    1.03    0.68    0.13    0.89    2.39    4.75    7.06
PSATCAN    -20.21  -42.85   16.14    9.58    3.72    0.00    0.00    0.00    0.20    8.39    3.03    3.20   15.15   12.06    8.75    8.72   17.76    5.79    1.57    1.56    0.38   11.73   22.72   29.72   28.22    9.90   20.53   13.58   10.57   49.54   55.36    2.44   10.08   15.80   10.17    4.51    0.79   16.09   28.34    0.48    0.88    1.05    6.67   18.22   14.50   11.07   10.87
PSATSAC    -19.64  -42.85   13.15    8.47    1.09    0.00    0.00    0.00    0.06    1.35    0.54    1.99    9.99   18.06    8.46   13.34   14.95    3.82    3.17    1.81    1.31   19.70   32.69   33.48   46.00   45.07   27.90   16.81   25.55   43.99   46.62    2.03    4.53    7.77    9.48    1.02    0.03    0.64    8.30    0.80    2.09    1.41    1.58   10.31    9.78   25.05   13.05
PSATPES    -19.12  -42.66   10.36    3.14    0.43    0.01    0.00    0.14    0.00    0.35    0.12    0.36    0.91   12.78   12.72    8.38   18.91    3.85    2.44    2.66    1.06   27.24   25.05   11.84   46.65   49.67   55.43   10.14   40.51   55.75   41.25    2.29    5.96   11.56    2.87    0.07    0.01    0.08    0.92    0.79    1.82    1.72    0.33    0.55    6.12   21.43   24.00
PSATMAS    -19.50  -40.92    9.51    1.98    0.12    0.03    0.00    0.01    0.02    0.38    0.22    0.45    0.82    2.91    8.09    5.78    7.29    7.60    1.91    2.33    0.76   14.11   25.96   12.07   37.76   29.71   11.89   12.66   30.65   55.62   32.39    3.77    8.69   10.14    3.93    0.13    0.00    0.53    1.35    1.32    1.68    1.35    0.68    0.70    4.74   10.50   22.09
PSATSBR    -23.37  -45.87   85.57    3.08    4.31    2.78    0.06    0.61    7.01    9.03    5.99   11.60   14.90   14.25   12.84   29.42   13.44    0.84    0.72    0.53    5.20   10.64   16.66    9.19    5.62    1.14    2.94    4.49    6.03   21.19   27.13   25.86    4.17    3.51    2.93   24.24   28.33   24.63    7.06    8.42    3.46   23.03   22.54   21.33    6.16   12.87   43.17
PSATJAG    -23.20  -46.03   45.48    0.63   11.84    3.64    0.01    0.34    3.10    3.65    7.23   15.43   12.74   12.08   11.92   11.52    3.68    0.06    0.40    0.67    7.06   13.05   13.35    3.94    1.80    0.78    1.75    4.93    7.87   26.12   19.04   33.17    1.56    4.12    1.95   15.56   41.38   39.37    7.51    7.81    2.72    5.80   21.39   13.06    4.52   11.41   57.71
PSATFUNI   -22.53  -44.57   39.99    1.11    7.40    1.68    0.01    0.21    1.90    8.52    9.25   11.18   10.97   14.72   13.66    9.54    7.25    1.12    0.98    0.25    2.71   10.17   13.17   13.34    4.70    1.55    3.56    3.40    6.61   21.93   27.89   32.66    5.52    4.37    4.18   31.54   27.33   38.64   11.45   12.68    2.53   10.48   17.64   24.33    8.79   16.17   40.24
PSATSACE   -22.48  -43.84   27.74   10.23    4.89    0.43    0.00    0.03    1.49    9.62   13.15    7.16    7.83   13.66   11.32   18.42   18.93    3.09    1.98    0.08    0.31   10.49   13.65   26.44    8.71    3.70    1.98    6.97    5.42   19.58   39.02   28.53    5.55    5.87    6.27   30.69   33.51   24.61   36.35    3.97    7.90    7.93   33.10   44.16   23.36   22.54   14.89
PSATPIC    -21.91  -43.54   17.86   17.13    6.42    0.19    0.00    0.02    0.82    9.70    9.25    6.35   12.15    6.55   14.56   12.99   27.76    3.95    3.08    0.49    0.24   14.60   16.59   19.03    9.86    4.04    3.31    5.28    4.24   21.70   39.00   22.13    3.36    7.48    4.55   20.63   25.21   22.28   37.81    0.61   13.40    7.90   25.76   35.74   21.03   18.25   13.15
PSATSOGI   -21.94  -43.36   17.62   15.21    4.53    0.02    0.00    0.01    0.79   11.63    7.13    4.61   16.64   13.05   17.29   17.49   32.84    7.97    3.17    0.87    0.12   19.75   25.48   14.27   17.45    4.51    2.00    5.16    3.74   16.13   55.45   14.16    4.75    6.20    6.39   27.88   18.30   26.78   44.11    0.43    6.45   14.40   28.64   38.45   28.31   25.25    9.75
PSATIPSI   -21.84  -42.58   18.73    9.72    2.95    0.03    0.00    0.07    1.63   12.02    6.20    5.05   13.42   18.27   14.49   16.11   37.28    4.89    2.57    0.40    0.15   15.79   14.50   14.99    8.06    3.38    2.68    5.61    7.05   17.88   49.50   15.48   11.52    3.52    4.10   20.53   25.94   11.94   32.50    0.62    7.43   12.37   28.38   35.66   31.84   16.55   15.09
PSATTCLJ   -22.69  -43.83   30.67   11.16    0.60    0.10    0.00    0.05    2.18    4.06    7.92    6.47    9.12   22.08    3.08   38.25   21.64    1.21    0.66    0.23    0.02   10.71   21.45   11.25    2.76    1.91    1.88    0.96    5.28   17.21   35.95   22.03    3.48    2.35    3.66   23.01    8.64    2.99   20.05    0.64   12.02   26.89   28.38   25.15   21.58   24.05   16.08
PSATBIGU   -25.51  -53.67    9.89   17.94    1.06    2.50   40.56   58.85    5.07    7.00    5.70   11.49   23.57   59.23   26.15    0.44    0.54    0.00    0.11    5.28    3.63   17.03    1.74    0.03    0.00    0.22    6.56    8.31   35.46   25.08    0.10    0.02    0.07    0.33    0.56    5.74    1.34    3.00   31.06   22.54   38.36   12.53    1.40    0.83   20.20   19.17    0.75
PSATBRAU   -21.45  -42.41   19.54   11.06    2.43    0.00    0.00    0.00    0.76    8.35    5.76    3.31   10.35   16.07   11.28   14.19   45.22   14.06    2.30    1.57    0.36   16.07   22.26   15.54   36.56    4.67    9.72    6.67    6.88   29.62   67.73    4.97   11.76   10.97    4.71    7.30   12.05   34.03   57.08    0.53    0.73    5.03   19.54   42.42   24.66   19.27    8.42
PSATSUIC   -20.08  -40.58    5.50    0.48    0.14    0.09    0.03    0.03    0.02    0.26    0.20    0.17    0.12    0.03    2.50    0.85    1.79   10.48    4.44    4.88    4.78    6.30   35.74   11.55   27.53   25.13    1.10   24.99   20.69   46.45   15.62    2.87    5.86   22.98    6.59    0.34    0.00    0.61    1.80    6.26    2.56    1.01    0.85    1.31    2.56    2.87   12.60
PSATJRI     -9.30  -64.70    3.41    8.27   15.05   16.74   12.36   11.28   18.27    7.68   13.30    9.42   11.84    8.14   10.13    6.28    8.10    1.73    1.80    0.95    1.34    2.14    2.69   10.43    4.54    5.53    2.99    3.88    6.76   14.85   14.47   30.65    0.70    0.61    5.35    4.80    5.01    9.22   16.91    7.69    1.81    5.60   11.47    6.11    4.86   22.63   32.42
PSATBENI   -14.59  -67.53   17.69    4.65    3.20    5.20   11.28   16.97    8.00    5.26    6.71    7.82    8.47    7.43    8.20    3.13   18.35    4.88    4.95    4.21   10.24   14.14    5.66    2.76    5.90   12.75    6.45   11.83   29.34   24.20   19.77   12.02   12.57    7.62    6.32    9.31    7.77    7.06    9.35    8.08   14.17   17.29   12.99    5.43   13.05   51.17   13.20
PSATEPB    -12.42  -64.42   11.73    7.93    8.44   13.50    9.67   19.31    6.54    8.59    3.95    2.42    2.11    2.83    6.02    1.86   10.87    1.93    1.43    0.62    1.08    3.24   14.35   50.53   27.68    9.88    5.41    5.85   12.27   12.09    7.30    1.23    1.39    3.77    3.33   10.49   11.44    7.08    4.38    2.83    6.25   14.28    7.71    4.36   15.22   10.44    7.29
PSATEGM    -10.79  -64.35   15.07    6.11    6.07    5.90   14.02   22.74    4.43    3.16    9.00    5.49    5.31    6.95    9.85    4.51   14.32    3.12    2.59    2.46    3.73    7.66   11.31   11.28   17.59   15.90    7.50    8.48   22.22   21.95   18.88    5.48    1.32    1.16    0.84    4.11    6.72    4.39    8.96    6.32   14.92   24.26   11.66    3.09   23.92   22.70   11.59
PSATSTOA    -8.79  -63.95    0.32   13.71   27.19   24.26   22.94   13.32    9.69   15.30    7.41    7.78    5.03    1.62    4.29    2.44    4.20    2.32    3.15    0.95    0.89    0.49    2.24    8.62    4.70   10.43   10.91    8.35    9.70    4.69   21.72   26.99    2.71    2.70    2.50    3.90    4.80    4.61    3.59    2.81    3.80   10.43   17.78    8.94    7.53    1.53   25.92
PSATENC     -9.90  -66.62    0.68    5.55   18.70   21.05   15.84   17.54   14.79    7.52   12.28   16.71   16.44   10.40    7.87    6.95    3.98    6.46    2.07    0.33    0.59    0.57    1.00    0.68    1.33    5.65    5.68    3.26    3.31    3.53   11.30   32.16    0.37    0.36    1.79    1.95    2.30    3.01   16.37   10.53    0.55    3.66   11.00    8.50    3.89    8.62   37.12
PSATAMY1   -11.71  -70.63    3.65    0.85    6.34    9.48    7.08    4.15   17.55    7.84   13.56   11.68   17.78   20.40   16.81   10.23    8.00    3.16    2.54    1.43    1.58    2.46    1.59    1.53    0.69    1.73    4.12    1.29    2.97   11.66   16.56   28.58    1.83    2.71    6.99   19.39    6.15    9.15   21.23    3.93    0.80    2.47   14.47    4.25    3.06   12.57   22.64
PSATAMY2   -12.37  -71.17    7.83    5.92    7.73   13.61   13.84   11.78   11.42    6.71    8.91   11.94   20.49   14.48   20.55   12.82   13.88    7.22    4.32    3.03    3.18    4.61    6.02    4.60    2.22   11.39    6.98   13.76   13.15   23.12   19.58   25.68    1.55    2.34    4.95   11.62    6.69   10.16   23.81    7.99    5.61    7.81   15.38    7.11   12.01   26.72   37.76
PSATAMY3   -13.75  -70.18   12.78    8.65    8.39    9.44   10.49    7.91    8.65    5.55    7.14   14.63   14.08    5.97    9.15    8.39   10.55    7.24    7.93    5.92    7.64   12.93   12.44    5.46    3.48   20.25    5.54   27.44   26.92   37.54   32.41   13.52    6.82    6.69   13.71   10.85    9.60    8.21   13.40   16.06   11.78   10.95   16.95   13.42   30.21   52.87   37.18
PSATAMY4   -13.45  -69.47    8.26    4.53    3.86   10.39    9.79   14.95   16.59    6.11   13.47   12.34    7.55   10.09   12.23    2.57    9.44    3.90    3.46    2.51    6.29    6.84    4.60    1.04    4.08   12.41    3.87   10.55   27.60   28.05   25.16   16.74    0.95    1.69    5.74    5.37    6.67    6.58   12.47    9.32    4.49    8.00    9.16    6.59   11.47   39.30   34.89
PSATJRN    -13.37  -59.01    2.25   10.99   23.19    8.83    3.14    7.55    9.49    2.30    3.18    1.14    0.63    1.80    1.55    3.52    5.59    1.37    1.58    0.63    1.04    1.16   19.75    9.70    6.72    5.52    2.05   13.72    4.65    4.55   10.70    3.34    1.91    5.17    5.69    7.98    5.23    1.68    1.42    1.86    1.82   22.26   21.59    3.80    3.54    5.48    0.23
PSATAPI    -10.34  -56.98   30.93   23.25   14.77   16.90   15.89    7.72    5.31    3.25    5.01    2.92    1.01    1.50    4.17    0.49    9.17    0.77    6.37    2.51    4.06    1.05    1.66    9.46   14.72   22.17    6.79    9.71    9.12    5.46   26.97   18.54   11.43    4.01    0.61   15.75    8.57    1.66    1.74    2.92    9.28   19.14   23.06   11.16   11.04   16.27   10.04
