PSATAGV    -19.89  -50.35    1.18    0.63    6.90   19.14    5.60    0.89    0.28    0.48    0.30    0.35    5.66    7.01   14.61   13.28   27.30    8.00    0.75    4.26   14.63   22.13   17.11    9.11    0.78    0.74    0.87    6.45    7.46    8.77   11.12    4.94   10.66    3.31    1.00    2.70   15.52   11.42    5.86    8.01   13.96   63.96    4.75    0.13    0.00    0.44    1.78
PSATCMG    -21.28  -44.63    1.38    1.54    2.93   19.94   23.64    0.61    0.20    0.02    0.03    0.19    3.75   26.51   10.25    7.44    5.93   19.13    8.42    5.76    1.52   10.87   22.55    0.37    1.71    6.27   11.56    1.87    2.55   13.26    6.81    3.20   13.50    4.96    8.52    6.89   16.06   14.75   21.22    1.86   11.29   18.20   74.77   28.73   19.19   29.32   20.69
PSATCES    -20.25  -48.16    0.80    0.90    1.53    9.16   11.17    2.12    0.36    0.13    0.14    1.54    2.97    8.96   16.53    3.43   15.32    2.14    3.21    6.32    4.78   45.20   23.25    1.88    0.26    0.89    1.00    0.96    6.66    5.80    4.82    7.46    6.52    7.42    2.27    0.84   14.46   25.93    5.75    3.23    6.91   56.72   19.38    3.60    0.31    1.24    9.93
PSATELC    -21.60  -46.95    0.34    1.13    1.39   15.73   16.17    3.74    0.70    0.00    0.05    0.21    3.35   13.49    8.65    6.33   18.76    7.19    3.70    4.43    3.08   42.29   14.91    0.38    0.11    0.87    0.91    2.23    7.10    6.06    0.61   11.48   12.57   10.39    2.62    1.96   16.43   19.78    5.38    0.74   10.66   30.70   61.43    8.11    0.08    5.94   48.33
PSATFUN    -21.14  -45.04    1.33    2.50    1.22   17.85   13.79    0.35    0.14    0.01    0.01    0.20    4.79   21.15    9.52    5.97    6.34   18.01    1.46    1.98    1.35    9.37   26.83    0.35    1.31   11.06   12.74    1.77    2.26    6.78    3.25    2.12   10.18    5.52    6.52    5.69   11.34   21.39   20.47    2.38    7.62   19.90   66.54   24.24   27.59   21.19   21.35
PSATFUR    -20.67  -46.32    0.95    1.93    1.59   17.17    8.97    0.38    0.03    0.01    0.08    0.15    3.24   17.52    9.01    3.07   12.80   18.30    2.01    2.04    0.90   20.34   23.47    0.19    0.63    4.02    6.47    4.34    4.57    6.39    0.44    6.68   13.00    6.13    4.51    3.48   10.47   16.11    8.28    2.40   13.63   28.21   54.17   11.60   10.55   10.78   47.76
PSATMRB    -20.30  -49.18    0.93    0.69    2.99   15.71    7.90    1.79    0.15    0.14    0.14    0.97    2.83    6.00   13.86    8.67   20.14    5.32    1.57    3.82    9.55   37.91   18.67    6.53    0.44    0.58    0.51    1.91    5.03    8.36   10.50    5.28   10.85    8.09    1.41    1.08   21.14   15.98    3.38    4.65    9.59   69.38   18.90    1.62    0.03    1.23    7.94
PSATPRG    -21.59  -45.67    0.36    0.71    1.75   23.89    9.96    0.39    0.03    0.00    0.04    0.19    2.90   12.32    5.52    3.65   12.97   10.66    4.60    4.33    4.14   25.53    9.04    0.04    0.11    0.23    1.67    5.96    4.05   11.76    1.82    5.26   11.87   10.77    7.72    3.78   16.69   25.00    6.70    0.85    7.94   23.28   59.79   16.67    0.89   10.06   27.73
PSATPAS    -21.02  -48.18    0.37    0.73    2.50   18.47   15.99    1.35    0.19    0.06    0.08    0.56    2.55    7.89    9.63    6.18   19.70    4.31    2.65    3.39    5.63   26.47   13.26    0.04    0.10    0.12    0.29    1.14    5.09    8.77   10.68    5.77   10.56   11.59    3.47    3.11   19.73   16.72    1.53    0.90   11.72   48.37   42.90    1.97    0.00    0.22    9.41
PSATPTB    -21.61  -45.49    0.89    0.98    1.68   17.96    8.81    0.25    0.03    0.00    0.06    0.25    2.72   15.80    6.38    7.11   11.43   15.15    6.09    4.15    3.69   20.77   21.64    0.29    0.19    1.10    4.71    4.58    3.71   11.35    1.69    5.32   12.42   11.12    9.50    3.74   11.20   27.44    9.96    0.98    8.00   22.68   58.38   28.10    8.73   20.61   22.23
PSATPTC    -20.00  -48.55    1.74    1.34    2.26   11.34   11.59    3.95    0.41    0.38    0.15    1.03    3.61   11.11    9.50    4.09   12.37    8.10    9.65    4.44    2.24   35.40   24.92   13.53    1.51    0.88    1.59    1.56    6.94    4.67    3.93    9.35   12.82    8.25    1.51    1.08   10.85   16.60    5.75    4.55   12.86   57.52   26.15    4.47    1.39    3.37   20.72
PSATFZA    -26.00  -51.65    2.97   17.70   12.39    5.43    2.31    0.06    0.04    0.00    0.01   14.46   20.12   13.05    4.14   11.83    9.65    2.08    0.48    4.52   13.24   12.91    0.15    0.59    0.47    0.53    0.66    0.24   10.11   15.81   21.07   22.18   14.21    0.86    7.45   29.50   64.67    8.72    2.08    7.23   19.55    0.31    1.08    0.00    0.05    0.18    0.07
PSATJSG    -25.78  -52.00    1.21    9.40   13.27    8.82    1.81    0.23    0.00    0.00    0.02   20.55   15.60    7.55    5.42   16.33    8.14    0.98    0.17    4.68   12.47    5.22    0.02    0.77    0.65    0.10    0.10    0.06   10.30   11.06   17.36   27.70   16.47    0.82    6.59   30.57   23.79    3.78    1.45    4.91   18.02    1.10    0.51    0.00    0.00    0.01    0.01
PSATSCX    -25.53  -53.48    0.25    5.88   19.71   16.81    2.15    0.38    0.00    0.00    0.27   29.10   14.28    5.99    6.20   24.24    8.21    0.94    0.55    5.18   15.41    3.40    0.01    0.71    0.74    0.28    0.23    0.06    6.51    7.55   11.35   29.71   20.59    2.96   15.44   48.94   15.34    0.99    4.30    3.56   12.36    8.54    0.30    0.00    0.00    0.00    0.01
PSATSCL    -25.49  -51.74    1.85    9.12   12.94   13.72    5.43    0.15    0.00    0.00    0.09   18.08   15.92    8.09    8.14    9.38   16.04    1.78    0.48    1.96   13.34   11.40    0.05    1.20    0.63    0.02    0.16    0.02    6.66    8.01   15.37   26.64   46.07    0.92    7.87   44.40   85.88    4.29    2.00    1.85   14.97    0.21    0.17    0.00    0.00    0.02    0.02
PSATUVT    -26.23  -51.08    2.64   13.83   11.41    9.90    3.37    1.09    0.09    0.00    0.00   11.92   25.04   19.42    2.08    8.36   11.21    2.50    0.86    1.25   11.68   13.77    0.34    0.53    1.20    2.23    0.73    1.00   10.40   14.87   13.10   15.91   13.78    1.75    7.79   25.97   53.35    8.79    1.15    9.86   11.36    0.62    1.37    0.09    0.20    0.33    0.07
PSATBSM    -24.19  -53.74    0.06    0.47   17.41   20.95    1.76    0.13    0.00    0.04    0.52   21.61   33.24    8.89    2.64   12.68   16.01    1.80    1.03    3.61   24.74    3.95    0.06    0.50    0.85    0.13    0.17    0.16    2.43   11.84   23.35   30.29   31.30    2.30   12.44   77.34   32.71    1.04    1.87    5.27    8.64    2.35    0.11    0.05    0.00    0.01    0.00
PSATFLE    -22.97  -54.56    0.55    5.49    6.69   12.36    2.10    0.03    0.00    0.01    0.14   20.74   26.92    4.87    7.47   20.48    4.73    1.94    2.07    1.72   22.70    7.16    0.05    0.01    0.15    0.00    0.01    0.13    1.33   17.02   26.93   18.52   21.02    9.35   19.52   31.58    4.55    3.83    9.42   14.92   83.39    9.25    0.47    0.66    0.00    0.02    0.05
PSATITP    -25.42  -54.58    0.04    5.27   10.60   21.24    2.90    0.03    0.00    0.01    0.35   18.98   24.94    6.82    4.75   25.61   13.39    1.42    1.36    3.06   28.27    6.00    0.19    0.13    0.39    0.08    0.01    0.13    3.19   12.14   21.08   22.32   15.21    4.26   19.86   57.01    6.20    0.79    5.82   10.55   35.65    8.09    0.25    0.27    0.01    0.06    0.08
PSATIVM    -22.38  -53.53    2.63    9.23   11.00   18.82    3.31    0.17    0.00    0.05    0.64    2.90   21.43    6.91   10.55   37.74   10.35    1.82    2.04   10.65   18.52    8.40    0.72    0.04    0.08    0.00    0.05    0.67    4.77   13.27   24.11   13.32    4.03    2.77   10.62   24.27    4.88    6.65   14.93   39.89   77.69    7.92    0.74    0.91    0.00    0.02    0.08
PSATPTQ    -23.18  -53.17    0.35    0.64   13.61   17.01    4.21    0.04    0.00    0.04    0.85   15.16   26.57   14.98    3.76    6.62   19.98    1.95    0.93    1.96   26.39    9.09    0.29    0.18    0.25    0.02    0.17    0.70    5.24   16.39   21.96   19.79   37.27    2.02    8.95   43.93   49.67    1.73    1.01    6.49   10.05    4.40    0.22    0.00    0.01    0.00    0.03
PSATCBI    -17.99  -48.54    4.56   15.70    4.85    5.36    9.71   10.27    4.35    0.91    1.87    7.44    6.01    5.64    6.82   14.50   14.45    6.53    7.73    0.55    0.94    5.98    4.41   23.06   72.09   17.64   17.65    1.20    1.41    0.08    5.04    5.53   11.64    3.98    7.39    7.14    2.14    9.01   15.88   19.17   16.01   28.82   22.70   29.04    5.20   36.36    9.58
PSATCBIV   -16.15  -48.67    9.36   15.41    6.18    5.46   16.31   10.68    9.51    2.08    3.98    9.94    8.06    6.19    5.66   14.21    7.12    9.37   10.27    1.13    1.54    2.95    9.54   17.20   93.26   25.08   27.86    0.91    0.64    0.06    3.41    6.70    8.15    5.15   14.75    6.00    1.57    6.46   12.24   15.14   12.44   18.83   22.85   28.08    6.26   32.64    4.27
PSATEMB    -18.45  -47.98    6.26    2.48    1.10    5.54    6.34    6.03    1.15    0.41    0.25    1.67    6.42    6.11    6.45    2.57    1.22    6.16    7.05    0.70    0.12    9.33    7.51   21.69   21.59    8.14   11.01    0.59    3.65    1.76    3.95    3.98   17.65    3.46    6.31    4.81    2.94    5.62   14.43   11.89   22.94   28.43   35.32   10.85    9.70   38.95   61.51
PSATIMBR   -18.42  -49.10    6.41    5.02    2.72    8.49    7.90    5.15    1.48    0.63    0.72    3.03    5.24    6.66    9.85   12.01    6.02   10.24    9.77    1.07    0.50   13.68    9.00   21.53   11.63    2.91    1.91    0.67    2.71    0.91    6.16    6.69   13.24    2.53    2.78    5.37    2.85    7.60   11.92   16.80   14.28   38.27   30.59    8.05    4.98   52.78   12.52
PSATNPTE   -19.13  -47.70    3.07    2.55    1.34    7.18   11.81    2.66    0.77    0.86    0.25    1.75    3.28    9.65    6.80    4.15    3.55   11.06    7.25    2.40    0.34   16.22   16.15   29.99   14.57    1.52    1.12    0.58    4.69    3.88    2.59    4.78   10.31    5.32    3.65    2.49    4.70    7.91    8.77   12.48   24.44   39.86   38.40    6.23    6.45    6.89   54.53
PSATARV    -18.07  -50.16    7.85    6.10    4.84    5.65   10.27    4.89    2.89    2.02    1.62    2.08    2.99    7.80   14.29    9.52    5.65    4.66    5.22   14.88    9.51   19.43   16.02   59.16    7.54    8.53   10.39    2.17    2.34    3.55    4.59    5.10    8.58    7.65    7.58    2.27    6.08   14.79   20.29   22.52   12.91   20.40   16.73    5.34    1.80   29.95    6.41
PSATSFC    -18.05  -47.68    4.75    6.34    2.91    6.55    6.99   11.48    1.14    0.49    0.80    4.11    5.74    4.16    3.02    3.31   20.62    1.89    4.34    0.24    0.10    7.83    7.09   21.11   52.76   42.95   28.71    0.56    1.34    0.39    5.07    3.46   13.55    7.31    5.60   11.23    2.04    4.24   13.10   16.90   22.53   28.45   21.10   55.22    5.44   37.13   19.60
PSATSSM    -19.02  -50.50    5.33    4.74    5.05    7.02    7.25    3.50    2.08    1.40    0.89    1.81    4.16    7.50   16.06   11.39   12.51    8.18    3.98    6.56    5.80   20.14    8.72   21.42    4.39    5.88    3.86    3.36    4.69    3.50    7.33    5.42    5.91    5.42    3.27    2.34    7.25    9.35   10.61   15.94   11.56   36.96   20.31    1.63    1.20   17.88    6.62
PSATCNI    -22.94  -50.52    0.15    0.05   12.82   17.37    2.13    0.19    0.01    0.01    0.42    0.64   15.32   20.58    4.91    3.00   17.83    2.64    1.25    2.02   11.57   22.73    2.95    0.00    0.01    0.00    0.16    0.76    6.43    8.39   17.52    4.95   19.94    3.66    3.42    9.29   49.57   17.66    0.60    0.22    7.93   60.85    1.48    0.00    0.00    0.02    0.60
PSATCPV    -22.65  -51.33    0.23    0.07   15.61   14.09    1.51    0.01    0.02    0.08    1.72    2.91   24.62   18.88    4.24    5.87   20.81    2.51    0.95    2.20   22.83   12.30    1.16    0.02    0.01    0.00    0.21    0.65    6.30   12.42   16.34   12.96   29.20    2.99    2.87   22.75   50.53    5.08    1.38    3.04    4.83   46.64    2.66    0.00    0.01    0.01    0.43
PSATCHT    -23.01  -49.73    0.07    0.04   12.90    9.63    0.63    0.09    0.00    0.05    0.27    2.36   24.12   17.73    5.44    3.62   12.59    1.96    1.38    1.26   16.53   12.12    0.24    0.04    0.06    0.08    0.31    0.40    3.78   10.40   16.21    4.27   24.68    7.79    5.31   18.14   67.13    6.74    1.12    4.79    4.64   27.70    5.84    0.02    0.05    0.03    0.30
PSATJUR    -23.22  -49.23    0.02    0.05   15.25    8.22    1.88    0.23    0.03    0.01    0.08    1.60   24.39    8.92    5.00    2.96   15.66    4.39    1.85    1.51    8.54   15.32    0.23    0.24    0.34    1.25    1.70    0.80    1.23    8.21   18.10    4.57   13.32    9.80    5.46   13.58   43.33   13.25    1.34    0.67    4.50   30.01    4.32    0.24    0.32    0.18    0.25
PSATMAU    -24.06  -50.71    1.22    0.14    6.09    9.50    3.37    0.02    0.00    0.02    0.09    6.34   21.26   14.26    2.04    3.30   11.48    2.23    1.01    0.61   13.75   14.14    0.80    0.08    0.16    0.16    0.23    0.71    9.72   10.65   19.90   16.87   42.08    7.11    5.37   21.14   48.34    3.32    1.20    5.38    9.63    1.37    0.88    0.04    0.07    0.04    0.34
PSATROS    -22.50  -52.87    0.17    1.09   12.28   18.46    2.35    0.00    0.04    0.04    1.35    5.56   17.00   14.14    2.93    7.37   40.17    1.62    0.88    3.08   33.67    9.18    0.80    0.00    0.02    0.00    0.06    2.34    2.66   14.72   18.98   13.64   19.37    0.96    3.86   27.72   27.85    1.63    0.95    2.73   17.25   43.97    0.62    0.00    0.00    0.00    0.14
PSATQMD    -16.21  -47.33    1.38    7.67    2.56   13.38   22.55   16.87    7.09    0.63    2.03    2.13    3.06    1.69    1.91    0.08   10.44    0.05    1.59    0.11    0.13    7.50   13.50    6.14  160.91   64.25   36.40    0.47    0.85    0.17    3.28    3.51    5.95   18.59   10.93   16.97    0.50    6.88    5.17   13.41   55.45   12.01    5.74   38.06   13.17   20.69    8.76
PSATRBX    -18.95  -44.76    2.29    1.55    1.14   17.52   16.87    5.66    0.02    0.24    0.03    0.17    3.84   12.75   11.04    2.30    1.77   11.46    3.41    0.10    0.49    9.34   33.31   27.82   30.15   25.09    7.60    2.98    3.45    0.39    1.41    0.53    5.74    3.28    1.74    1.89    4.36   16.07   19.87   11.90   15.00   12.82   64.16   19.37   32.57   15.52   18.35
PSATSFR    -15.93  -44.86    7.49    2.50    2.65    7.04   15.74   17.37    5.54    1.12    0.65    1.20    3.99    4.28    1.79    0.02    0.44    0.04    0.18    0.03    0.13    8.48   12.96   17.24   45.11   16.85   19.85    1.01    0.52    0.26    2.36    3.07    4.21   10.61    4.53    4.70    1.63    5.14   12.43   21.62   35.85   15.37    8.68   35.28   41.18   10.51   13.26
PSATSRM    -16.37  -45.07    4.77    1.42    1.43   10.23   13.21   12.32    0.80    0.25    0.32    1.37    2.77    5.68    5.81    0.25    1.41    1.73    1.07    0.03    0.05    8.56   14.42   40.03   38.51   43.30   15.94    1.59    3.34    0.29    0.95    1.39    5.19    6.51    4.37    4.25    2.49    7.75   18.02   18.00   21.51   16.25   46.29   42.89   39.36   14.93   24.56
PSATTMR    -18.16  -45.27    2.06    1.84    1.33   13.98   15.16    4.42    0.05    0.27    0.14    0.38    4.53   14.10   12.98    2.63    3.48   15.48    5.21    0.23    0.16   10.24   21.57   29.17   19.85   18.17   10.16    6.98    7.40    1.04    0.42    2.97    9.76    7.42    6.48    5.05    6.33   11.81   19.39   14.97   18.95   20.52   39.75   12.47   25.92    7.86   42.77
PSATBOQ    -11.35  -43.83    0.35    0.52    1.04    3.38    7.17    3.77    9.27    4.97    4.57    0.14    0.10    0.56    0.55    0.00    0.01    0.05    0.04    0.13    0.05    0.24    2.19   19.52   14.90    8.82    4.95    0.07    0.10    0.04    1.19    1.43    0.31    1.00    1.06    0.46    1.46    2.42    6.44   17.63   27.38   27.64   12.26   23.00   15.47    7.56    7.29
PSATBBO    -22.52  -48.55    0.14    0.10    9.14   21.67    7.78    0.25    0.03    0.00    0.01    0.71    7.45    9.52    5.50    4.72   17.95    6.35    1.87    2.72    6.12   20.39    1.11    0.02    0.06    0.37    0.80    1.83    2.24    7.68   12.82    9.40    8.03   14.92    6.53    7.42   30.14   23.59    0.68    0.10    6.70   26.48   22.92    1.72    0.10    0.29    2.89
PSATESZ    -23.46  -46.91    0.18    0.08   11.28   21.77   19.52    2.21    1.27    0.01    0.00    0.06   12.28    5.08    1.82    2.36   13.32    4.26    2.87    2.82    2.55   28.70    5.05    0.10    0.20    4.38    2.11    7.88    2.55    6.55   18.09   13.13    4.93   25.63    6.59    8.41   31.52   36.79    2.16    0.21    4.79   21.01   29.22    9.71    1.46    2.70    1.59
PSATIBT    -21.76  -48.99    0.28    0.21    6.48   22.97    6.43    0.29    0.02    0.01    0.14    1.23    4.74   10.35    9.81    6.98   20.22    8.27    1.50    1.91   12.26   20.53    7.75    0.02    0.03    0.00    0.41    0.28    5.43    9.75   13.95    4.96    8.27    9.14    1.34    5.54   23.65   22.92    0.68    0.15   13.14   63.30   13.60    0.03    0.00    0.03    0.71
PSATNAV    -21.12  -50.20    0.83    0.86   10.79   15.80    3.31    0.58    0.08    0.18    0.26    0.45    6.57   10.18   12.16    5.83   35.13    7.41    0.88    1.61   21.80   24.52   11.62    0.03    0.10    0.03    0.17    1.20    9.69    9.19   15.32    7.30   13.04    1.49    0.96    5.25   22.72   20.95    3.35    1.41    9.59   93.31    3.89    0.06    0.00    0.09    0.64
PSATSME    -13.40  -48.30    2.10   13.67    7.62    4.77   15.55    9.49   12.14    6.03    5.89    8.19    6.95    5.30    5.23    6.77    5.21    3.00    7.86    5.31    4.21    9.90   11.12   31.37   43.51   14.79   22.09    1.14    0.32    1.16    6.03    5.09    4.84    1.85    2.03    4.23    4.05    6.68    8.02   17.30   15.27   19.65   27.38   72.02   22.01   31.08   13.07
PSATBGR    -27.78  -51.20    7.12   24.20   24.94    6.05    3.42    0.80    0.04    0.00    1.39   16.15    0.89    0.32    0.94   28.12   51.57    2.31    0.19    4.43   16.20    4.48    0.01    0.14    0.60    0.78    1.54    2.88    1.62    6.20    8.43   21.51    6.86    3.67   11.47   14.65    1.85    2.61    2.42    5.33   10.77    3.88    2.56    0.00    0.01    0.02    0.00
PSATCNV    -27.60  -51.33    2.23   22.61   27.87    9.22    4.05    0.66    0.15    0.04    0.08    8.55    6.34    2.37    0.90   34.51   15.46    1.60    0.42    3.55   19.38    5.61    0.06    0.25    0.93    1.01    1.17    2.36    2.52    7.09    8.07   23.51   11.06    1.51    9.40   21.86    3.10    1.77    2.31   14.15    9.58    1.54    1.59    0.00    0.04    0.05    0.03
PSATFCH    -27.14  -53.04    0.07   33.00   29.92   26.15    3.52    0.31    0.00    0.00    3.80   32.30    0.93    2.54   14.56   75.52    7.63    0.81    0.25    3.51   23.89    3.49    0.00    0.05    0.48    0.05    0.03    0.19    2.34   13.02   16.56   17.01    4.94    1.68   13.43    8.06    1.83    0.52    0.85    4.50   13.95    7.89    0.50    0.00    0.00    0.00    0.00
PSATITA    -27.27  -52.38    1.38   29.23   31.08    5.55    1.57    0.32    0.01    0.00    0.68   14.34    8.54    5.66    3.66   42.73   19.18    1.03    0.15    4.60   24.37    8.25    0.01    0.30    0.56    0.31    0.24    0.27    6.77    5.16   15.30   22.30   14.36    1.04    8.45   11.48    2.14    2.99    1.59    7.36   13.48    4.13    0.99    0.00    0.00    0.00    0.00
PSATMCD    -27.52  -51.78    0.33   33.70   31.21    5.05    1.36    0.07    0.00    0.00    1.19   10.69    0.07    1.29    3.22   50.38   40.73    0.84    0.14    6.35   27.56    7.35    0.02    0.00    0.49    0.01    0.01    0.03    2.01    3.98   13.82   20.29    7.51    0.95    6.38    6.65    0.61    1.25    1.59    7.84   10.38    6.06    0.55    0.00    0.00    0.00    0.00
PSATMOJ    -27.35  -52.73    2.34   22.70   26.97   10.18    0.93    0.46    0.00    0.00   14.39   21.07    0.01    3.54   18.56  100.09   20.10    0.46    0.18    3.60   25.38    4.80    0.05    0.01    0.63    0.05    0.00    0.02    4.84   11.72   11.49   15.91    6.35    4.76    8.51    1.56    1.51    0.96    1.56    6.88   16.25    3.77    0.31    0.00    0.00    0.00    0.00
PSATQQX    -26.66  -52.54    2.49   17.60   26.74   11.19    0.95    0.53    0.00    0.00    0.01   18.97    9.48    5.86    4.44   34.11    9.02    0.69    0.30    6.55   18.77    6.71    0.01    0.79    0.47    0.27    0.20    0.05   13.44    3.36   14.01   22.78   10.48    1.11   10.89   16.16    1.86    1.42    1.60    7.49   17.09    8.30    0.70    0.00    0.00    0.00    0.00
PSATPSJ    -28.14  -55.05    6.72   22.04   10.67    4.15    0.66    0.27    0.04    0.00   41.82   18.20    0.00    0.30   23.34    4.89    0.83    0.00    0.01    5.63    9.79    0.13    0.03    0.00    0.05    0.16    0.00    0.01    1.51    9.88   11.54   13.53    5.16   13.92    9.70    0.49    0.21    0.85    1.32    9.52    2.87    4.76    0.24    0.00    0.00    0.00    0.00
PSATESP    -18.68  -51.87    0.93    7.65    2.14    2.78    5.07    4.58    1.30    1.63    1.35    1.21    5.25   10.44    7.90   15.69    8.00    7.68   10.33    6.42    6.85    8.27    6.33    4.68    0.41    0.58    0.92    2.87   12.30    8.16    7.78    5.19    3.69    5.98    6.93    1.86    8.06    4.21   12.88   13.12   17.18   16.20    3.27    0.55    0.00    0.09    0.40
PSATSRC    -19.16  -50.76    2.03    5.97    3.52    7.61    3.46    3.28    1.38    1.99    1.14    0.74    0.95    7.93    9.34   12.77    9.74    9.75    6.01   12.05    9.66    9.50    6.22   15.20    0.50    1.06    2.14    2.11    7.14    8.30    7.89    3.96    3.79    8.53   10.20    0.74   12.05   12.28   21.28   18.81   14.40   16.71    6.77    0.36    0.01    0.35    1.23
PSATFRCL   -19.12  -50.64    5.28    3.74    4.01    9.47    5.93    4.83    1.43    1.55    1.05    0.78    1.75    9.55   13.38   14.87    7.07   10.11   11.49   18.47   14.27   13.36   16.54   19.95    1.14    2.26    3.64    2.01    7.49    6.51    6.60    3.52    3.86   10.35   10.24    2.59   11.85   17.06   18.97   16.88   14.55   20.35    8.45    0.81    0.06    0.94    1.23
PSATISOT   -20.40  -51.35    1.30    1.90   13.14   14.35    5.59    1.15    0.54    1.07    0.41    1.55    7.31   19.34   18.09   18.83   28.68    8.85    1.36    6.39   19.43   23.26   12.55    6.30    0.30    0.39    1.27    7.97    5.26    7.78   12.11    7.21    8.05    5.95    9.16    5.02   21.73    8.54    6.64    6.28   25.99   37.32    4.98    0.17    0.00    0.12    0.91
PSATJUP    -20.86  -51.63    2.14    5.04    6.10    8.35    3.38    1.08    0.56    0.89    0.82    1.43    6.50    8.58   14.64   22.22   13.73    3.70    2.37    9.30   21.23   15.58    7.37    4.33    0.15    0.21    0.68    3.83    8.57   13.14   12.28    8.61    5.83    6.88   11.85    4.56   11.85    6.14   16.81   15.36   38.18   21.77    3.86    0.11    0.00    0.11    0.63
PSATSDG    -20.06  -53.18    3.77    9.20    7.19    6.35    3.54    0.46    0.19    0.39    0.85    0.33   10.00    2.23    9.51   15.93    7.01    1.27    1.75    7.08   14.91   13.62    7.25    1.22    0.10    0.02    0.15    2.11   10.68   14.20    7.74    5.81    3.41    5.89    4.47    6.27    2.22    3.20   16.00   19.84   28.08   14.21    3.59    0.04    0.02    0.08    0.25
PSATFZBT   -21.66  -52.87    5.12    8.84   12.73    9.89    2.78    0.23    0.01    0.06    0.70    0.95   15.07    5.30   11.77   11.56   13.05    1.18    2.20    5.59   18.41    4.99    5.54    0.58    0.05    0.00    0.04    0.69    4.66   17.01   20.41   10.50    4.26    3.82    6.41   20.77    3.62    2.31   18.35   19.88   71.02    7.84    1.17    0.08    0.01    0.01    0.11
PSATPPRA   -22.46  -52.91    0.54    1.92   12.99   12.86    2.56    0.09    0.10    0.23    1.05    1.63   11.11   15.35   11.35   14.87   27.24    2.64    1.34    3.07   30.14   12.11    4.90    0.28    0.03    0.00    0.09    5.38    9.22   13.51   14.26   11.30   10.81    1.78    7.81   13.28   23.12    6.74    3.63    4.19   40.65   49.76    1.30    0.09    0.00    0.02    0.38
PSATBTE    -13.69  -50.80    2.17    8.74    3.77    5.10   11.31    9.04    3.46    3.64    2.18    2.36    5.83    9.36    9.70   12.28   10.68    4.24   10.40   13.56   12.51   14.09   14.67   20.02   10.41    3.76    9.53    4.18    3.38    7.31    5.45    4.64    4.76    1.92    3.63    1.52    6.49   10.37    8.48   16.54   11.56   25.91   34.15   20.89   14.33   18.71    5.79
PSATARAG    -8.27  -49.26   10.97    7.80    7.05    3.82    8.27   11.37    9.14   11.24    3.91    3.32    1.97    3.05    3.22    3.38    2.87    2.83   10.01   10.50    6.53    7.28    6.63   13.81   13.43   15.47   15.67    6.29    4.48    3.17    5.69    5.81    2.37    1.81    4.19    3.63    5.10    4.91    7.32   13.47   18.39   14.93   22.90   29.52   21.93   12.49   19.34
PSATLAJ     -9.76  -48.37    2.87    7.16    7.36    3.87    8.95    6.97   10.11   10.53    5.70    1.88    1.76    1.03    1.94    0.72    0.25    0.20    2.45    5.51    2.60    2.14    4.76   14.60   14.34    9.85   15.44    0.77    1.08    0.59    3.68    6.78    1.96    5.43    6.67    2.17    3.99    3.13    8.36   12.57   30.80   19.57   16.12   27.57   21.42   11.12    9.53
PSATPTRL    -9.31  -47.39    9.97    9.68    1.88    3.55    5.91    4.76    2.17    5.46    1.89    0.33    0.04    0.06    2.95    0.03    0.12    0.05    1.38    7.94    0.23    1.16    9.54    6.86   15.40   13.52   19.83    0.61    0.82    0.37    3.89    6.23    0.24    2.18    2.99    1.83    6.42    3.51    4.72   12.90   21.79   17.40   16.10    9.66   15.11    8.40    8.45
PSATLJET    -7.33  -47.48    4.21    2.25    2.56    8.12    4.70    3.26    6.85    9.37    2.31    0.47    0.11    0.42    1.90    0.45    0.49    0.97    6.34    8.73    3.99    3.92    3.16    3.01   10.78    8.82   27.92   16.20    2.30    4.24    6.28    8.21    1.22    2.37    4.95    2.35    2.86    3.11    4.33    5.16   28.82   14.28   11.09   10.89   17.95    8.97   13.72
PSATUCR     -3.83  -49.65    3.46    0.78    3.04    7.50    3.28    2.69    2.71    2.22    2.66    0.48    0.39    1.47    3.31    5.26    3.59    3.41    7.16   10.61    2.54    6.30    1.71    5.93    9.47    3.37   28.60   20.78   14.36    7.21    5.56    3.40    1.37    3.08    5.18    3.37    2.70    2.61    3.96    4.98   23.44   17.45   10.28   17.87   15.64    6.16    8.67
PSATXIVJ   -29.07  -51.67    4.34   30.75   16.96    9.40    5.00    1.06    0.00    0.00    3.51   29.72    0.00    0.68    7.82   35.29   32.88    0.70    0.07    4.59   13.37    2.23    0.05    0.03    0.10    0.02    0.06    0.40    1.76    3.24   11.28   12.92    5.69    0.99    8.96    5.14    4.68    1.08    1.94    1.57    7.16    6.70    1.16    0.00    0.00    0.00    0.00
PSATDFRC   -29.45  -53.28   20.45   15.37    7.51    4.61    0.15    0.34    0.01    0.00   20.96   15.99    0.00    0.03   30.61    1.66    2.35    0.05    0.01    6.49   10.15    0.30    0.02    0.00    0.03    0.01    0.11    0.20    1.45    2.00   11.89   15.18    6.07    4.16    8.27    0.36    0.11    0.97    0.94    2.01    1.06    2.75    0.22    0.00    0.00    0.00    0.00
PSATREAL   -29.02  -53.19    7.39   21.54   11.33    6.71    0.66    0.39    0.00    0.00   19.01   27.80    0.00    0.33   14.89   18.81    2.51    0.02    0.06    4.78    9.76    0.59    0.05    0.00    0.09    0.03    0.00    0.03    3.42    2.55   10.14   13.87    6.29    5.42   10.04    0.48    1.07    0.57    1.00    4.41    3.75    5.04    0.37    0.00    0.00    0.00    0.00
PSATCTAV   -29.01  -51.39   10.06   20.13   19.11   11.54    3.47    0.48    0.03    0.00    2.26   32.25    0.12    0.48    5.47   27.68   35.54    1.25    0.24    3.78   11.60    2.60    0.09    0.10    0.87    0.60    3.17    2.88    1.18   10.48   12.35   18.27   14.45    2.39   13.45    7.46    1.48    1.11    2.31    2.35    4.84    8.83    1.15    0.00    0.00    0.00    0.00
PSATERNT   -28.56  -52.54    0.31   31.45   22.46    4.47    0.59    0.25    0.00    0.00    9.91   19.54    0.01    1.97   12.24   50.39   31.18    0.52    0.14    4.26   26.90    4.20    0.04    0.05    0.54    0.00    0.02    0.00    3.95    2.43   10.10   13.38    5.31    2.38    4.79    1.21    1.69    0.67    1.62    5.89    5.94    4.96    0.34    0.00    0.00    0.00    0.00
PSATSTPL   -27.14  -49.52    5.41   18.23   25.40   11.56    6.45    2.42    0.34    0.14    0.01    4.17   13.68    3.05    1.87   26.08   22.01    2.03    1.06    1.42    9.78    3.17    0.11    0.43    1.73    1.44    2.81    5.04    3.43    8.76    6.59   21.83   10.35    1.67   18.29   24.49    5.05    1.38    3.60   21.10    9.41    0.05    2.85    0.03    0.07    0.15    0.09
PSATCVCH   -25.14  -48.87    0.53    0.87    2.94    8.35    2.96    1.42    0.26    0.01    0.00    4.62   19.48   25.57    5.05    3.83   14.95    3.36    1.68    0.66   14.80    9.55    0.79    0.92    1.71    2.50    2.00    1.14    5.19    9.29   15.53    8.15   15.41   13.89    8.15   27.34   61.86    5.07    0.85    9.25   12.30    4.18    4.76    0.15    0.43    0.49    0.18
PSATAMY    -12.60  -69.12   10.59   15.35   12.66   12.58   10.64    5.78    4.94    1.87    4.26   16.49   18.00   11.74   13.68   20.16   26.61    6.64   15.73    9.57   17.54    9.93    9.78    8.99   23.82   26.24   24.32   12.79   16.35   15.18   15.83   16.45   14.61   10.54   17.89   16.80    7.97   11.04   10.53   11.48    7.46    4.48   31.21   10.59    6.02    5.60   12.52
PSATGJR    -10.73  -65.35   17.31    6.93    5.86   11.40    7.08    3.72    2.01    1.68    2.47   27.62   14.48    6.60   10.35   30.65   13.14    9.38    7.46   11.43   17.88   12.66    6.87   10.25   12.97    8.74    5.28    5.38    9.00    7.78   19.21   23.30    5.15    7.37   26.22   25.30    4.60    3.45   11.41   15.91   17.24   20.21   20.53    4.71    4.78    3.19    2.48
PSATPRNC   -12.43  -64.43   11.44   10.30    7.16    8.06    8.83    7.12    4.34    4.47    1.24    6.08   19.48    8.99    3.57   26.43   15.67   14.06   14.52    6.10   10.85    9.50    3.00    7.33    8.17    5.59    4.31    1.72    4.47    9.99    9.86    6.05    3.32    6.54    3.48   10.78    3.67    5.69    5.90    4.93   12.71   18.87   46.84   14.72   18.84   17.89   13.04
PSATSANT    -8.87  -63.97    6.20   16.70    8.99   11.79    8.39    4.75    5.32    1.21    3.69    3.24   16.24    3.85   22.53   13.17   16.63   10.78   14.69    6.30    7.29    8.54    2.14    1.92    2.27   25.74   17.33    5.91    7.27   13.89   10.11    2.96   11.61   10.38    1.59    0.60    9.04    1.94    7.07    7.03   12.84   11.29    0.86   15.97   13.06   10.71    8.05
PSATDARD   -10.16  -59.46    3.79   23.99   10.10    3.00   13.24    6.00    8.56    6.24    6.23    8.27   17.93    6.43   25.95    9.74    9.70    5.26   17.46    8.47    6.93    2.34    2.82    2.60    4.76   14.76   27.71    8.33   17.12    9.17    7.05    2.48    3.64    5.17    2.64    1.71    7.75    5.63    2.48    6.69    3.34    3.12    6.09   15.16   13.77   15.71   20.23
PSATGUAP   -15.12  -58.96   23.83    7.88   18.45    3.72    6.05   10.29    2.06    7.96    1.57    6.94   26.92   22.71    0.72   23.65   15.12   28.14   15.93   15.79   11.49    3.16    3.25   10.41    4.61   12.37    0.05    0.06   13.73    6.26    6.71    1.22    4.03    3.66   12.05    1.13    0.67    6.65    5.13    5.34    1.34    5.46   15.17    9.34    1.98   27.13   22.61
PSATJIRA    -9.25  -64.65   10.29   13.71    8.87   13.13   10.71    6.94    4.07    1.05    2.04   13.92   14.71   11.24    9.85   18.28   19.38    8.78   10.82    7.76   10.51   13.82    9.72    5.64   13.34   21.87   13.87    9.80   11.93   10.85   11.29   14.81    8.29    8.82   12.51   21.45   10.73    9.72    9.18    8.61    5.34    4.79   26.04   10.66   10.19    4.40    6.74
PSATROND   -11.99  -60.70    1.63   17.28    9.30    2.64   11.10    6.36    7.30    3.43    2.18    6.13   12.41    8.54    2.58   21.12   22.06   10.13   18.72    7.39    8.91    2.64    1.24    9.25    6.00   10.83   14.66    4.14   22.14   16.83   11.84    1.10    1.37   10.01    4.43    1.53    8.97    3.14    1.13    2.01    2.96    1.74   12.08   11.41    9.00   13.82   14.89
PSATSAMU    -8.75  -63.45    3.48   23.95   10.13   10.83    8.91    5.04    3.47    1.55    1.90    4.36   14.62    7.98    8.61    7.05   11.94    7.87   11.80    5.85    3.93    6.05    4.10    2.16    3.25   17.40   15.13    6.88    9.96   13.39   12.25    0.53   12.75   11.83    7.25    0.44    8.76    2.38    6.22    6.61    6.96    7.13    1.16   15.73   15.65    5.12    9.64
PSATBALB    -1.92  -59.47    9.41   13.05   14.29    3.44    7.71    7.17   13.90    6.17    8.49    1.98   14.29   16.43   16.44    5.44   11.41   12.42   11.40    8.49   18.21   10.85   19.73    6.43   11.45    7.85    5.42   11.21   10.82    4.36   12.23    5.79    7.33    7.03    8.50    0.85    2.44    8.97   13.46    8.81    0.66    0.00    0.05    0.13    4.63    5.78    4.43
PSATCUNA    -2.82  -54.30    5.73    2.54    0.25    5.66    7.66    7.67    2.97    4.37    4.09    0.98    1.59   28.52    1.12    7.64    3.27    8.56   16.57    6.37   23.12   20.08   11.38   11.88    9.13    2.23    8.49   27.31    8.38   11.62    5.84    4.43    2.50    2.69    5.87    4.43    3.13    1.70    4.22    4.29    6.05    1.36    1.67   17.67   18.21    5.86    7.17
PSATJARI    -0.65  -52.52    0.96    0.19    0.09    2.66    0.57    1.63    1.86    2.08    0.29    2.67    2.85    2.28    3.81    5.90    5.09    7.83    4.25    6.38    4.57    2.11    6.35    1.88    4.27    2.18    3.27   12.65    7.20    4.31    3.08    3.47    4.52    4.93    6.61    5.85    6.06    5.83    7.47    8.62    0.28    0.06    0.12    3.25    9.53    3.81    5.58
PSATFGOM     0.86  -51.20    1.23    0.19    0.45   10.08    2.93    6.21    4.72    3.32    1.87    2.95    3.17    4.36    4.71    4.58    8.37    8.71   10.75    5.44   10.28    4.75    9.99    3.26    5.48    3.76    3.16   11.23    8.80    7.42    5.67    5.95    8.93   12.40    6.17    7.72    6.77    7.74   14.19    9.19    0.27    0.31    0.36    8.01    7.75    6.83    9.90
PSATUBE     -6.75  -43.57    0.60    3.21    1.15    4.36    3.86    1.80    7.25    3.84    0.68    0.31    0.08    0.54    5.83    0.85    0.70    0.24    1.33    1.39    0.29    0.56    4.36    7.20   11.59   12.69   13.43    2.36    0.57    2.52    3.15    2.08    0.40    0.83    1.09    1.16    3.39    3.18    5.86   10.86   21.71   22.92   20.35   11.36   15.33   12.42    4.32
PSATBSOR    -6.74  -52.00   12.36   10.67    7.73    4.08    6.74    9.85    8.79   12.74    3.87    3.94    2.21    4.69    5.35    6.25    2.19   10.16    8.16    9.35    8.11    6.85    7.72   10.69   14.65   15.25   14.67   11.17    7.87    5.40    7.95    3.30    1.63    2.64    8.75    6.86    5.14    4.26    7.79   10.38    7.74    8.20   22.29   18.69   39.68   13.22   25.36
PSATBESP    -6.75  -51.77    7.93    5.66    2.79    6.88    3.70    7.41    5.46    5.00    2.03    0.78    0.19    4.93    4.00    8.62    5.48    6.65   13.02   15.99    4.56   13.07    2.02    5.68   12.02    6.07   13.62    9.62   11.02    4.24    4.88    1.21    1.72    2.43   12.65    3.42    3.23    2.81    4.27    4.93   11.27   11.64   10.07   22.23   15.83   10.51   17.43
PSATPIME    -3.41  -51.91    8.67    4.87    4.07    5.72    4.35    7.67    5.65    4.05    4.37    1.75    2.33   12.32    8.91    7.19    3.04    7.36   10.79   11.50    7.61   12.58    5.14    8.52   18.53    8.32   13.68   23.00   16.78   13.71    8.67    2.65    2.37    2.19   13.12    7.28    5.56    2.34    3.99    9.25   11.71   12.42   13.91   16.95   17.32   14.14   13.28
PSATIRAP   -16.74  -42.57    6.01    1.01    1.95    6.21   13.29   34.81    0.20    0.08    0.22    0.18    0.91    1.19    0.77    0.05    0.03    0.35    0.19    0.11    0.04    1.69   21.31   58.54   39.40   39.53    2.84    1.62    2.60    0.35    0.21    0.12    0.05    1.62    4.53    3.14    1.88    8.62   11.68   33.32   17.49   18.99   19.64   19.28   30.13    4.92   14.90
PSATITBI   -15.97  -39.59    3.07    1.09    1.07    4.28   12.51   38.41    3.64    0.51    0.41    0.54    0.70    1.66    0.76    0.24    0.31    0.40    0.68    0.31    0.38    0.40   21.99   32.40   28.59   24.28    3.04    2.02    2.07    0.60    0.32    0.20    0.06    0.32    0.99    0.96    0.59    3.63   13.33   26.03   18.71   18.52   10.10   13.42   12.13    5.74   11.15
PSATCOLI   -10.98  -55.77   15.65   15.46   10.48    3.26    8.66    8.24    4.74   13.53    2.56    2.87    6.35    7.06   10.50    9.22    8.81   11.74   12.48    8.03   11.89    7.37   10.60   14.65   12.32   16.52    7.07    9.92    8.94    7.25    8.73    3.69    1.98   10.34    8.40    8.37    5.37    4.42    8.39    8.87    7.61    7.97   18.75   22.41   25.47   10.22   19.10
PSATSAEL    -9.19  -57.04   13.73   15.82    9.67    1.97   10.00    6.47    2.21   10.68    7.10    2.21    7.73    3.74    8.54   11.57    2.77   16.37    5.12   10.40    6.91    6.79    3.67    5.14   12.59   20.94   11.09    6.07   11.35   12.22    7.04    2.66    2.42    6.96   11.40   13.32    9.85    1.93    4.42   17.07    5.37    6.69    7.80    9.37   18.06   13.88   16.08
PSATITQ    -17.09  -54.83    7.68   15.52    5.97    3.19    5.10    4.98    1.63    1.57    1.13    2.22    8.83    4.15    6.86   12.57   14.22    7.75    1.94   15.30   32.56    7.98    7.20    2.98    4.28    0.04    0.23    1.87    9.58    6.62    7.26    5.42    5.21    9.70    3.25    3.88    4.68    4.67   11.79   14.70   20.07   28.47   18.36    2.40    0.20    0.05    0.40
PSATJAU    -15.24  -58.73   23.79   10.64   18.94    3.21    5.97   10.42    3.58   13.29    1.74    6.61   20.75   20.37    1.48   29.59   13.52   24.03   12.22   10.11   12.72    3.06    5.07   12.93    5.65   11.75    0.04    0.07   11.90    5.55    9.47    2.19    7.44    5.52   10.44    0.98    1.07    9.32   10.15    6.11    2.85    5.51   19.40   11.84    1.89   13.40   19.11
PSATMAN    -14.87  -55.78   22.89    5.60    8.94    7.62    7.67   10.87    5.45    1.95    3.38    1.30   11.83   12.48    3.13    6.05   11.28    9.08    8.77    6.32    5.13    7.07    9.21   19.44   15.25    3.12    0.60    5.66    5.36    5.75    9.69    3.77    2.78    4.02    4.04    5.98    4.58    6.84    7.13    4.03    3.61   15.72   31.40   29.35    9.78    0.97   36.66
PSATPTP    -17.61  -54.83    7.72   17.50    5.26    1.85    3.34    3.24    0.87    1.11    0.84    1.47    5.45    1.30    4.48   10.31   12.51   10.04    1.90   18.96   24.42   10.67   12.54    2.15    0.86    0.01    0.21    1.28    9.36    4.22    7.44    3.29    4.40   10.96    2.35    4.91    2.67    3.17   10.52   15.06   22.46   35.60    5.80    1.33    0.02    0.07    0.39
PSATSTCL   -17.90  -40.20    1.28    1.10    0.90    5.07   16.62   41.18    1.00    0.25    1.30    0.26    0.51    1.25    0.83    0.50    0.06    0.36    0.27    0.24    0.26    0.10   40.04   85.51   41.95   27.42    4.12    5.28    4.27    0.42    0.22    0.21    0.03    0.13    0.12    0.72    0.34    1.80   17.84   19.74   23.26   15.86    3.28    9.99   13.29   14.18   14.11
PSATPDC    -12.58  -39.00    0.31    0.27    0.07    0.45    5.11    4.97   13.52   11.45    3.48    1.28    2.54    3.27    0.81    1.38    0.27    1.31    1.87    1.23    0.17    0.11    0.01    0.71    1.27    0.48    1.28    1.24    1.04    1.14    1.12    1.27    0.11    0.18    0.08    0.11    0.07    0.28    1.92    8.77   14.93   16.70   14.19   16.14    7.94    0.49    1.75
PSATROSA   -20.92  -41.72    3.61    0.96    0.82   22.86   41.84    3.75    2.16    0.57    0.36    0.03    0.40    6.81    7.11    0.20    0.12    0.53    0.16    0.24    0.26    0.21   39.25    2.99    2.10    9.30    4.53    2.85    1.02    4.28    1.91    0.16    0.51    0.77    1.19    4.21    8.30   16.46   32.05   14.30   12.51   11.11   25.22   95.40   32.10   57.10   12.06
PSATCAN    -20.21  -42.85    2.93    2.04    2.07   21.55   15.77    0.61    0.59    0.06    0.11    0.03    1.31   22.01    4.47    0.31    1.96    2.97    0.37    0.11    0.12    5.42   24.00    8.87    1.90    9.86    6.68    2.34    1.12    4.58    3.63    0.49    4.52    2.08    1.03    7.98    8.57   12.81   25.04    4.30    4.53   11.46   49.55   82.14   24.42   42.27   19.05
PSATSAC    -19.64  -42.85    1.87    1.05    1.97   18.56   19.13    3.77    0.13    0.08    0.11    0.06    0.80    9.72    5.85    0.24    1.62    2.50    0.55    0.00    0.24    6.05   62.49   17.01   14.29   33.84    3.76    2.25    5.50    1.22    1.17    0.54    2.19    3.59    0.75    2.29    4.82   12.04   19.47   12.25   14.32   10.65   74.81   57.46   37.78   38.51   22.60
PSATPES    -19.12  -42.66    2.90    2.06    0.71    7.55   29.81   10.44    0.49    0.11    0.17    0.11    0.24    7.30    5.18    0.33    0.47    1.34    0.19    0.01    0.02    4.45   31.51   34.60   38.15   33.47    5.33    2.24    9.81    1.24    0.47    0.21    0.84    5.99    0.82   12.22   16.02   14.73   26.56   21.13   21.64   14.72   47.24   47.02   38.48   15.85   17.32
PSATMAS    -19.50  -40.92    2.83    1.11    1.26   13.81   20.43   11.78    0.67    0.10    0.39    0.22    0.33    5.27    2.61    0.59    0.23    0.27    0.20    0.04    0.06    0.62   33.30   19.58   17.73   32.16    1.96    3.75   11.29    1.37    0.79    0.45    0.15    1.16    0.97    4.24    9.76   15.73   25.06   17.76   20.62   14.52   28.34   46.06   35.54   25.52    9.97
PSATSBR    -23.37  -45.87    0.49    0.45    4.92   37.08   26.02    5.24    1.49    0.06    0.00    0.24   10.02    5.41    2.20    2.38   14.47    8.77    4.36    4.49    2.61   18.89   11.23    0.07    0.98    2.32    3.57    5.93    2.50    7.47   13.84   13.15   11.48   13.87    7.65   10.22   18.76   36.74    4.79    0.69    2.36   12.13   45.75   22.21    3.08   14.92    8.26
PSATJAG    -23.20  -46.03    0.31    0.16    4.38   40.22   16.43    1.74    0.44    0.00    0.00    0.04    4.75    8.87    5.28    3.48   15.40    5.60    3.27    6.00    3.49   21.64    6.09    0.08    0.84    1.13    1.42    3.71    0.73   10.59   16.54   12.82   14.50   15.41   11.32    7.90   22.03   21.45    0.89    0.12    2.93   11.60   30.49   10.65    1.22    2.90    5.55
PSATFUNI   -22.53  -44.57    0.46    0.29    3.39   37.31   13.50    1.77    0.33    0.00    0.01    0.07    5.46   13.32    6.36    3.25   10.66    9.77    6.81    6.48    2.71   18.01    7.63    0.03    0.61    0.61    2.41    7.47    2.53   13.13   13.26    7.82   11.25   15.34    9.79    6.15   18.46   26.21    2.21    0.41    3.46   18.97   47.12   20.99    2.56   12.28   13.02
PSATSACE   -22.48  -43.84    0.78    1.06    1.70   30.98   27.99    3.73    2.13    0.00    0.01    0.02    6.86   29.72   15.43    2.49   11.81   21.13   13.51   11.30    1.52   14.95   19.86    0.41    0.59    1.82    9.16    5.33    3.30   10.89   15.08   11.75   11.37    0.96   16.83   14.37   28.12    9.95    5.71    1.94    0.95   15.12   91.17   31.68   16.62   33.08   14.11
PSATPIC    -21.91  -43.54    1.09    1.13    2.56   19.88   35.06    0.66    0.63    0.01    0.01    0.02    2.75   35.83   15.81    2.01    4.20   21.04   11.84    6.47    1.46   10.96   27.62    0.12    1.43    4.46   10.19    1.89    1.50   12.41   10.56    2.62   11.08    1.04   14.86   12.51   23.01    9.40   10.62    1.04    7.08   14.13   69.76   31.31   23.90   35.37   19.35
PSATSOGI   -21.94  -43.36    4.79    2.91    2.83   18.32   32.03    3.11    2.37    0.05    0.00    0.02    3.96   41.04   10.93    0.25    4.23   23.85    6.45    3.27    0.81    7.13   30.98    0.51    4.09    7.39   11.92    2.66    2.56    8.73    4.44    0.64   15.49    1.57   20.68   13.08   24.57    8.21   12.25    0.64    7.86   10.04   53.12   50.84   29.45   36.53   17.36
PSATIPSI   -21.84  -42.58    2.04    2.25    2.09   13.54   32.52    2.08    2.87    0.05    0.03    0.14    5.69   29.46   11.95    0.98    5.11   17.89   10.97    4.59    0.65    8.10   32.47    0.60    2.02    3.03   11.15    1.92    2.93    6.81    6.02    0.86   11.93    1.15   21.43   14.53   21.82   16.42    8.06    0.89    5.61   10.01   48.42   44.82   29.37   42.11   12.73
PSATTCLJ   -22.69  -43.83    0.80    0.97    0.67   21.11   42.13    5.37    3.42    0.01    0.00    0.00    5.13   22.61    7.35    0.95   12.57   15.30    3.66    3.85    0.61    9.64   21.51    0.02    0.03    1.48    9.43    2.38    0.50    3.69    9.70    5.13   23.19    4.73   11.29   13.06   11.08    9.09    9.46    1.10    0.70    8.88   96.41   35.89   19.13   32.04    8.39
PSATBIGU   -25.51  -53.67    0.20    6.61   21.18   18.17    1.90    0.34    0.00    0.00    0.81   33.49   13.65    6.07    7.21   29.52    7.87    0.88    0.66    5.56   14.77    3.16    0.00    0.61    0.90    0.30    0.19    0.06    7.19    7.22   11.83   27.52   18.53    3.53   15.68   53.12   13.17    1.00    5.22    3.27   12.48    9.79    0.34    0.00    0.00    0.00    0.03
PSATBRAU   -21.45  -42.41    2.47    2.08    2.92   21.26   20.96    2.96    2.08    0.12    0.03    0.04   12.19   42.69    6.32    0.29    1.66   11.28    1.26    0.74    0.11    4.47   26.77    0.91    2.30    3.88   10.77    1.16    1.61    8.55    5.97    0.42    5.78    2.52    9.43    9.55   21.16   13.66   13.90    1.37    5.07    5.04   35.43   77.67   25.67   37.64   16.35
PSATSUIC   -20.08  -40.58   13.13    1.15    1.42   57.42   92.84    5.79    0.85    0.75    0.64    0.21    0.33    1.53    2.88    2.06    0.40    0.56    0.34    0.02    0.18    0.11   50.84   10.88   11.41   35.25    0.56    8.04   19.96    2.06    1.37    1.01    0.27    0.40    0.70    2.32    3.97   13.21   48.89   20.14   34.82   17.76   14.62   27.25   44.01   28.17    8.42
PSATJRI     -9.30  -64.70   10.39   15.48    8.85   13.17   12.09    6.73    4.17    0.81    1.65    7.81   11.77    9.00   10.38   15.31   19.49    8.74    9.68    5.36    9.60    6.32    5.06    3.49   10.42   17.74   15.26    9.07   12.62   11.24   11.78   10.27    7.90    7.20   12.26   15.22   12.21   11.54    8.87    5.96    3.75    4.20   30.70   11.20    8.63    3.01    6.49
PSATBENI   -14.59  -67.53   10.78    9.37    8.69   13.45    6.47    7.55    3.53    1.71    3.44   31.20   22.72   16.04   10.28   26.56   19.84    7.80   13.50   14.16   13.15   34.41   23.25   11.75   22.16   31.29   10.54   11.53   10.31    9.97   10.95   28.23   10.45   13.52   15.66   36.47    6.69    3.87   10.82   15.90    9.65    6.70   13.61    7.44   13.45    8.35    8.30
PSATEPB    -12.42  -64.42   14.88    8.16    5.48    8.41    8.07    5.71    3.59    3.49    1.05    9.73   15.27    6.61    5.75   25.61   11.62   12.15   11.58    6.98   12.49    9.06    4.09    7.16    7.82    4.45    3.36    1.52    3.98    8.51   10.04    7.83    3.07    5.32   10.53   12.81    2.81    4.74    6.29    7.93   13.23   21.48   35.53    9.93   13.03   13.34    9.58
PSATEGM    -10.79  -64.35   15.41    8.29    7.37   12.17    7.34    4.20    2.01    1.82    3.02   30.92   17.62    8.70   10.43   33.00   17.24    9.97    8.49   12.09   18.40   14.26    6.96   11.42   15.02   11.33    6.77    7.04   11.21    8.76   22.30   27.36    6.17    8.99   26.14   27.86    6.08    3.86   12.84   16.07   17.91   17.27   24.54    6.86    6.57    3.26    2.84
PSATSTOA    -8.79  -63.95    6.15   16.98    8.73   12.18    8.05    4.51    4.96    1.25    3.62    3.39   16.94    2.81   22.68   13.11   17.71   10.78   14.04    5.97    7.61    8.24    2.00    2.00    2.33   26.50   18.12    5.86    6.89   14.76   10.15    2.89   10.61   10.20    1.30    0.60    8.59    1.94    7.56    7.46   12.41   10.67    0.95   16.03   13.88   11.22    8.29
PSATENC     -9.90  -66.62    4.69   14.07   12.01   10.59   13.06    6.61    6.87    0.99    1.73    4.76   12.29   16.34    3.75   12.71   16.52   14.69   13.51    6.65    9.96    5.99    2.14    2.14    5.11   27.33   14.00    9.37   10.98   11.83    7.15    8.33    7.25    9.32    4.85   22.49   10.50   15.40    4.68    7.74    3.28    4.39   21.59   19.73   13.70    3.35    4.56
PSATAMY1   -11.71  -70.63   13.41   21.39   14.21   16.28   15.80    7.11    4.17    0.90    1.08    4.53    7.47    2.66   16.21    9.60   13.37    2.19   11.74    4.98   14.45    4.10    3.56    3.07   12.99   10.67   28.71   10.60   19.02   12.11    9.78   11.23    9.32    2.54   14.91   18.13    8.93   10.29    5.69    6.17    1.88    0.79   34.61   12.29    6.39    3.31   12.83
PSATAMY2   -12.37  -71.17   12.92   16.10   15.37   11.73   10.72    6.03    6.48    3.01    4.12   15.39   16.00    8.64   14.07   13.71   28.93    7.29   18.22    8.03   19.72    9.54    7.63    6.49   20.78   35.27   25.26    9.24   17.93   11.62   12.50   13.65   11.45    8.55   15.18   11.88    8.58   14.88   11.30   16.29    7.50    4.76   36.59   12.85    4.02    4.10   17.96
PSATAMY3   -13.75  -70.18    6.28   11.01   11.14    7.99    5.14    3.73    3.69    1.68    7.97   25.47   29.04   22.53   14.23   37.87   34.46   10.80   16.39   15.64   19.94   13.31   13.84   19.23   37.95   29.89   19.47   19.25   14.79   25.56   28.40   24.94   26.96   22.14   25.37   22.91    9.36    7.82    9.10   10.01   13.34    7.72   24.98    7.88    7.36   10.86    6.06
PSATAMY4   -13.45  -69.47    7.49    8.60    5.74   15.81   11.99    6.70    4.88    1.10    3.41   23.99   23.63   16.53    7.30   23.80   27.64    4.77   14.42   10.90   13.38   15.31   18.22    7.62   26.78   25.44   21.78   14.72   10.91   11.29   12.85   16.08    9.85    8.97   12.35   15.23    2.84    8.07   19.44   10.30    7.61    4.83   20.05    7.59    7.69    4.89    9.12
PSATJRN    -13.37  -59.01   13.43    8.25   11.30   12.05    3.80    8.12    7.93    3.24    0.91    4.38   26.71   18.99    9.65   30.81   23.33   20.16   25.65   12.73    8.76    2.74    1.03    8.45    7.65    5.64    0.21    0.19    8.15   12.01   11.67    1.33    1.89    4.26    8.21    2.81    4.76    5.05    4.91    4.96    2.03    8.48   30.69   19.58   14.71   40.18    9.99
