PSATAGV    -19.89  -50.35    1.00    1.52    3.01   21.63   14.94    5.18    0.67    0.47    0.94    0.24    0.60    2.99   11.47   19.73    4.12    9.87    9.53    6.06    9.66    9.86   15.80    9.78   10.01   11.27    3.62    4.50    9.82   13.05    9.85    1.60   18.61   19.82    4.16    0.25   25.88   24.65    9.10   13.24   17.44   20.92   27.43    6.09    5.08    2.30    3.69
PSATCMG    -21.28  -44.63    0.77    0.60    0.63   10.71   17.17    1.58    0.58    0.02    0.05    0.09    0.49    3.68   20.91   12.79    0.69    4.80    7.46    3.86    5.43    9.76    7.12   21.24   18.60   18.59   12.81   13.96   13.20   13.72   10.38    0.54   12.13   13.54    0.13    0.44   26.63   13.60   11.53   17.24   22.00    6.21    3.85    9.55   10.28    3.04   15.34
PSATCES    -20.25  -48.16    0.47    0.48    3.45   14.68   14.31    4.10    0.97    0.30    0.47    0.17    0.90    3.26    8.30    2.54    0.41    5.99    9.86    4.06    5.15    8.40   16.28   16.79    6.29   18.67    3.95    7.39    9.15   11.09   14.08    3.56   26.11   25.15    0.63    0.82   26.40   20.20   11.57   15.06   32.64   26.29   20.52    2.54    8.49    6.82    2.74
PSATELC    -21.60  -46.95    0.29    0.17    1.76    6.68   21.97    9.62    1.29    0.02    0.02    0.00    0.31    3.64   13.07   19.76    1.25   11.69   10.86    7.45    6.77    5.60   10.08   23.48   13.59   14.01    2.74    8.32   16.78   16.72   17.38    5.22   22.19   21.11    1.01    2.51   30.66   16.97   19.17    5.65   26.70   28.79   14.50    1.71    3.67   12.24    9.12
PSATFUN    -21.14  -45.04    0.84    0.73    1.90   13.39   19.97    0.87    0.73    0.02    0.20    0.02    0.35    3.28   12.92    4.89    0.60    4.41    9.88    4.79    8.17   10.93   12.33   11.50   19.06   20.87   11.89   11.55   17.82   14.64   11.05    0.49   10.75   11.11    0.22    0.62   28.86   22.31   18.72   15.42   24.44    3.06    3.58   12.55    7.10    2.32   13.52
PSATFUR    -20.67  -46.32    0.48    0.50    3.61   14.28   22.28    5.26    0.51    0.14    0.25    0.02    0.53    4.19   13.83    7.24    0.68    5.05   11.26    5.01    6.98   11.05   11.37   14.43   13.24   18.21    6.12   10.88   17.06   13.30   14.52    2.56   16.44   19.36    0.31    0.81   31.36   17.03   18.16   10.40   23.83    8.62    6.76    6.08    5.03    9.35   17.55
PSATMRB    -20.30  -49.18    0.48    0.80    5.49   21.09   15.64    4.06    0.51    0.15    0.53    0.16    0.65    4.15   11.19   11.38    1.45    7.65    9.56    4.98    7.16    8.41   17.19   13.85   10.68   13.24    2.75    5.82   12.71   16.25   14.56    2.72   24.09   22.91    2.05    0.95   31.07   26.41   10.86   15.62   25.84   25.57   25.46    5.73    6.27    5.29    2.62
PSATPRG    -21.59  -45.67    0.17    0.26    0.91    4.40   14.79    7.98    0.12    0.01    0.01    0.15    0.36    4.03   11.87   13.02    2.68   11.97    5.01    3.05    6.40   12.61    7.62   16.47   15.19   11.25    5.39    8.07   11.83   15.41   15.17    2.32   12.72   29.93    5.08    6.56   23.72   19.26   18.54   13.64   23.60   15.92   11.36    1.31    2.72    8.92    7.83
PSATPAS    -21.02  -48.18    0.10    0.14    2.93   12.65   18.30    5.46    0.08    0.01    0.04    0.09    0.54    7.30    9.02   25.87    3.29   18.02   10.18    4.39    6.78    8.18   10.22   19.19   11.23   10.13    3.76    7.94   12.24   11.69   17.39    4.71   21.43   22.07    9.97    6.61   30.00   17.11   12.96    6.85   25.79   36.87   21.33    1.81    3.90    7.84    3.74
PSATPTB    -21.61  -45.49    0.36    0.37    0.73    1.83   14.03    2.00    0.41    0.03    0.02    0.22    0.61    3.22   17.40   13.09    1.04    9.01    6.90    3.11    5.73    6.01    8.38   15.31    9.90   16.62    8.27   11.12   12.33    9.79   11.69    0.42   15.01   24.68    0.18    1.49   26.68   20.67   18.66   22.16   27.74   12.71    9.84    1.92    6.50   12.25    9.72
PSATPTC    -20.00  -48.55    2.66    1.15    3.58   17.97   14.16   10.00    0.79    0.99    0.70    0.10    1.47    5.78   11.56    2.66    0.22    6.89    9.16    5.62    7.43    9.93   16.36   14.03    7.76   17.33    6.74    8.82   12.73   10.78   14.46    2.81   17.07   23.61    0.23    0.19   20.40   18.90   10.74   15.08   27.00   14.81   14.38    8.58   13.10    7.62    6.64
PSATFZA    -26.00  -51.65    2.59   11.12   10.29   12.16   19.50    1.27    0.04    0.00    1.30    0.61    1.72    7.78   30.14   19.11   13.81    3.34    4.16    6.89    4.24    2.22    9.05    7.43    2.32    0.64    1.26    5.78   14.44   34.77   13.31   12.60   10.59    2.85    4.24   28.31   22.49    7.15    8.57    1.95   10.72    2.01    0.48    2.62    6.46   27.21    6.07
PSATJSG    -25.78  -52.00    1.19    3.05   11.43   12.30   11.39    0.50    0.01    0.00    1.24    0.47    4.03    7.13   26.45   15.71   15.45    4.26    6.36    7.57    4.42    2.21    9.89    5.36    3.18    0.78    1.22    6.37   10.09   36.40   14.56   20.92    4.61    2.21    3.93   21.81   23.50    5.63    4.20    1.41   11.12    1.83    0.77    2.30    4.27   49.05    5.02
PSATSCX    -25.53  -53.48    0.09    1.38   11.80   22.15    5.62    1.26    0.01    0.00    0.69    0.20    6.39    7.70   28.02   13.34   15.71    3.02    6.65    7.08    5.55    2.29   10.35    5.15    1.62    0.80    1.02    8.06    7.12   44.36   15.59   32.90   13.23    5.60    4.33   17.68   27.49    3.00    7.12    4.02    7.52    3.80    1.31    1.26    6.37   32.40    3.30
PSATSCL    -25.49  -51.74    0.62    1.64    6.95   11.24   27.40    0.10    0.00    0.00    1.11    0.05    0.60    2.86   32.35   12.67   15.08    5.49    4.20    3.68    8.31    2.92   10.45    8.58    1.01    0.84    1.60    4.75   11.57   43.05   19.29   13.00    7.61    0.75    3.27   27.13   26.25    8.16    6.30    1.82    7.52    3.28    0.81    2.69    6.35   26.02    9.23
PSATUVT    -26.23  -51.08    4.41    6.54   15.24   12.53   13.06    3.05    0.26    0.00    1.06    1.63    0.61   16.91   18.16   23.97   12.85    4.98    3.81    7.92    6.70    1.11    7.12   11.75    2.02    0.70    0.47    5.32   18.01   11.81    6.69    1.74   27.01    3.47    3.43   12.57   22.23   19.96    9.77    1.92    5.65    3.22    2.37    4.64    7.37   12.70   14.77
PSATBSM    -24.19  -53.74    0.04    0.53   14.44   20.57    4.61    0.77    0.00    0.00    0.00    0.00    1.74    5.05   23.31   19.15   10.49    2.87    4.60    3.12    9.45    1.87   11.14    6.87    3.18    0.94    0.91    3.92   10.95   49.08   10.22   15.60   17.97    5.07    3.63   18.64   23.00    3.82    2.41   11.16    6.45    2.99    2.47    1.31   19.41   31.69   13.85
PSATFLE    -22.97  -54.56    0.01    5.16   15.86    8.98    4.14    1.50    0.00    0.00    0.00    0.31    0.20    5.07   15.10    8.24    5.59    1.39    1.96    5.79   10.46    2.01    6.30    6.93    2.93    1.42    1.75    5.22    9.34   15.14    1.78    0.59   33.89   48.53    4.06   22.70   14.88    2.55    2.68    6.03    1.61    1.43    5.79    1.37   27.81   46.35    3.75
PSATITP    -25.42  -54.58    0.07    2.39   20.33   19.68    2.69    0.47    0.00    0.00    0.00    0.10    4.07    9.64   45.75   13.04    6.72    4.49    2.10    6.55    9.09    2.79   12.02    6.63    3.26    0.42    0.84    7.42    9.75   32.15    7.11   17.09   29.73   30.62    0.69   20.58   26.00    3.42    2.54   12.90    2.53    1.71    5.68    1.07   34.84   34.28   13.13
PSATIVM    -22.38  -53.53    1.22    9.49   15.05   12.55    3.68    1.91    0.02    0.00    0.00    0.41    0.99    7.80   17.86    9.91    4.36    2.01    1.75    5.23    9.86    3.12    6.95    8.10    6.22    2.76    2.10    5.83   12.08    2.96    1.34    0.93   11.30   26.85    4.07   29.16   19.50   10.37    2.59    7.55    2.45    2.65    5.19    1.59   31.54   18.48    8.73
PSATPTQ    -23.18  -53.17    0.15    0.35    5.23   21.93   10.82    0.61    0.00    0.00    0.09    0.01    4.81    9.74   22.98   18.82   11.16    5.35    2.76    2.67    8.32    2.23   11.67    8.57    3.79    0.62    0.63    2.61   16.64   34.94    8.81    6.44   21.64    1.00    5.49   25.93   18.70    7.90    4.13   10.54    5.58    4.16    4.54    1.81   19.65   21.92   20.38
PSATCBI    -17.99  -48.54    4.99    6.35    4.70   21.93   29.56    9.25   10.03    3.54    2.61    2.10    4.09    7.15    4.12    0.42    0.00    0.02    0.31    2.20    7.41    6.10   16.54   13.51   17.10    7.78   11.82    4.91    9.47    8.95    1.34    0.00    0.03    0.03    0.00    2.04   15.38    5.38   14.04    7.63   26.06    6.46   11.94    8.17   10.48    9.68    8.49
PSATCBIV   -16.15  -48.67    5.07   10.16    3.80    9.08   17.90    6.99    9.51    4.75    4.01    3.05    5.07   12.26    2.57    0.37    0.00    0.02    0.16    0.40    4.88    4.04   11.95    8.86    9.17    3.49    4.68    2.29    3.64    5.48    0.21    0.00    0.00    0.00    0.00    1.42   11.57    7.38   11.78    7.40   21.22    9.27    9.61    3.23    9.47    5.38    8.04
PSATEMB    -18.45  -47.98    4.33    5.18    1.81   10.77   18.79   10.76    2.33    2.62    1.30    1.00    2.19    4.75    8.39    0.25    0.07    0.03    3.28    4.21   10.79    9.66   18.12   17.60   13.81   15.17   15.36   12.29   12.65    6.19    3.23    0.00    2.55    0.83    0.15    0.13    3.76   18.23   19.23   10.93   21.77    2.39    2.62    5.04    6.90    3.05   11.94
PSATIMBR   -18.42  -49.10    6.02    3.72    2.65   24.56   22.80   11.94    4.88    2.69    1.67    0.41    2.17    6.53    9.31    0.72    0.01    0.49    4.65    6.37   10.35    6.38   23.28   13.20   14.63   13.60   13.87    9.65    9.19    9.62    9.19    0.06    7.16    2.99    0.01    0.58   11.98   18.89   19.18    9.50   32.60   11.90   12.16   10.68    9.43    6.75   12.76
PSATNPTE   -19.13  -47.70    5.46    2.93    1.49   16.34   16.75   17.50    0.82    2.56    1.08    0.76    3.04    6.44   10.25    0.56    0.14    0.51    8.20    6.95    9.09    7.20   15.66   13.89   18.02   15.86    9.79   12.33    8.69    7.05   10.86    0.67    9.50    3.00    0.11    0.10   11.10   29.04   14.00    9.26   18.15    7.29    2.98    9.94   11.71    5.64   12.81
PSATARV    -18.07  -50.16    5.24    5.52    3.87   25.08   21.61   12.35    6.94    3.64    3.17    2.64    3.89    6.86   14.26    3.49    1.24    0.41    2.68    4.55    5.07    3.16   15.48   13.64   13.54   11.08    8.30   12.22    6.77    7.80    8.37    1.78    1.24    0.56    0.00    0.29    8.18    3.64   17.35   10.52    8.86   16.40   17.30    7.51    4.31    3.03    2.64
PSATSFC    -18.05  -47.68    3.72    5.82    3.89   18.28   35.98   12.19    9.31    2.31    0.89    1.99    3.29    2.70    2.94    0.06    0.00    0.01    0.71    0.82    9.10   10.77   19.15   17.98   17.05    7.88   12.43    9.44    7.93    7.06    0.44    0.00    0.04    0.11    0.01    0.92   10.43   10.27   21.42    6.76   24.77    1.61    4.61    4.07   14.60    6.15    3.78
PSATSSM    -19.02  -50.50    4.10    3.63    2.27   39.75   18.75   10.36    4.65    3.11    2.59    0.56    2.14    3.60   13.01    2.37    1.36    2.91   10.12    5.67    8.32    6.81   21.66   10.95   13.74   16.79   10.79    8.88    8.95    8.75    8.56    0.64    9.89   12.14    0.01    0.42   11.80   20.53   20.25   11.84   18.02   17.40   21.47    8.67    4.48    3.49    4.77
PSATCNI    -22.94  -50.52    0.11    0.01    0.64   27.54    9.74    0.39    0.00    0.01    0.00    0.01    0.80    5.67    3.93   27.77   12.61   11.62    2.77    2.78    8.76    0.81    8.61    2.70   13.48    1.14    1.21    5.48   15.51   11.30   10.50    1.24   20.62    0.26    8.26   20.47   29.10   35.13    6.41    1.42   35.81    4.43    5.62    1.94   16.09   30.01   16.95
PSATCPV    -22.65  -51.33    0.08    0.10    0.75   27.90    8.90    0.61    0.00    0.00    0.00    0.00    0.60    7.73   24.33   25.34   12.71   11.61    2.83    1.91    8.83    1.97    9.76    6.77    7.22    0.53    0.53    4.32   20.52   13.57    6.62    3.09   23.71    0.20    5.16   24.64   18.99   19.08    5.60    1.62   17.10    2.57    5.44    2.76   20.36   25.97   23.49
PSATCHT    -23.01  -49.73    0.03    0.27    2.87   17.94    4.25    0.33    0.01    0.00    0.00    0.02    0.47    7.44    8.51   28.72   15.66   14.07    3.07    1.09    5.90    0.37    7.21    5.94    1.18    0.70    1.10    4.32   16.91   10.96    3.23    2.37   14.33    0.12    2.48   12.15   20.07   17.85    7.57    1.50   24.95    3.18    5.98    2.70   15.54   24.37   15.49
PSATJUR    -23.22  -49.23    0.02    0.11    2.10   10.98    5.19    1.42    0.09    0.00    0.00    0.02    0.49    8.55    3.44   20.41   14.34   11.51    4.64    0.90    7.42    0.16    2.69   10.61    1.56    0.42    0.79    4.91   13.46    9.02    4.67    1.09   18.40    1.50    2.67    7.13   26.55   24.64   13.29    1.91   26.46    7.17    3.26    3.45    7.08   19.90    8.09
PSATMAU    -24.06  -50.71    0.92    0.52    2.26   13.14   16.08    0.71    0.01    0.00    0.11    0.25    0.37    4.45   20.89   12.62   16.29    7.86    2.04    2.16    6.76    3.00   10.80    5.70    1.42    0.69    0.38    2.20   23.00   11.12    4.27    2.39   17.00    0.12    1.73   16.92   24.37   14.54    5.62    0.89    7.72    3.05    2.75    2.36   11.66   16.14    9.18
PSATROS    -22.50  -52.87    0.06    0.07    6.62   22.22    5.83    0.50    0.00    0.00    0.00    0.01    2.48    9.48   30.47   20.99    5.11   10.41    2.40    2.89   10.50    2.89   11.32    8.05    9.16    0.47    0.64    4.37   14.45   21.65    6.03    2.55   22.88    0.75    9.55   26.98   21.15   12.12    2.04    9.98    5.83    2.34   12.10    2.02   23.63   18.95   18.08
PSATQMD    -16.21  -47.33   10.89    3.15    6.16    6.33   18.62    9.05    8.61    4.86    0.94    2.69    5.46    0.50    0.47    0.10    0.00    0.05    0.00    0.23    1.11   10.30   21.40   20.16   17.41    9.35   10.25    6.67    8.00    5.03    0.35    0.00    0.00    0.00    0.00    2.14    4.07   15.46   23.13    2.79    3.52    0.79    0.17    1.62    5.20    1.85    0.26
PSATRBX    -18.95  -44.76    0.88    1.34    6.65   18.76   15.42    4.44    0.23    0.45    0.54    0.19    1.24    6.63    6.89    0.45    0.70    0.71    3.84    7.44    6.69   20.73   10.31   15.69   35.99   16.53   26.15   16.17   21.51   11.71    1.88    0.27    2.45    2.07    0.40    1.01   11.79   36.43   25.92   16.55   26.40    0.14    0.89    8.18    2.55    0.06    5.90
PSATSFR    -15.93  -44.86    4.65    4.44    3.82   21.43   41.86   17.69   15.63    2.50    2.08    3.70    7.49    0.32    0.32    0.03    0.00    0.02    0.07    0.14    0.66   14.03   34.36   31.14   22.84   13.93   14.27    9.01    8.45    3.82    0.01    0.00    0.01    0.00    0.01    0.14    1.40    9.78   15.94   17.52    4.42    0.12    0.14    0.68    3.61    0.25    0.02
PSATSRM    -16.37  -45.07    3.13    3.43    4.97   23.48   32.90   17.54    3.93    1.49    1.34    1.69    3.35    3.68    2.06    0.15    0.11    0.09    0.62    1.86    3.43   16.69   21.45   29.23   28.60   10.25   15.54   11.57   10.60    5.81    0.17    0.00    0.30    0.33    0.09    0.39    3.05   23.27   13.71   17.59   12.58    0.18    0.74    1.62    3.57    0.47    1.58
PSATTMR    -18.16  -45.27    1.32    1.97    5.12   22.02   19.29    8.83    0.12    1.35    1.18    0.62    2.18    5.75   11.77    1.60    0.20    0.45    5.25    6.61    9.84   19.16   11.77   17.93   20.22   16.24   21.74   16.52   21.16   11.43    7.75    1.19    7.65    3.51    0.24    0.30   14.06   33.55   27.18   14.98   27.22    2.76    0.78    6.96    6.87    3.83   14.65
PSATBOQ    -11.35  -43.83    2.83    1.83    2.55    5.50   14.94    9.32    2.27   21.36   27.63   16.79    0.65    0.00    0.09    0.07    0.02    0.38    3.58    1.59    0.75    1.98    2.91    1.37    1.22    2.77    0.94    1.03    0.76    0.14    0.00    0.00    0.00    0.00    0.14    0.08    0.15    3.39   16.43    6.23    0.58    0.06    0.69    4.91    5.39    0.31    2.66
PSATBBO    -22.52  -48.55    0.05    0.01    0.57   12.60    9.93    1.43    0.08    0.01    0.00    0.05    0.51    6.44    5.42   19.45   10.82   13.63    7.52    1.65    7.42    1.61    2.75   17.25    8.65    2.11    2.14    9.06   11.88   14.56   12.79    2.39   18.09   10.83    6.27    7.33   36.85   20.79   12.38    3.66   28.49   27.09    8.73    1.88    4.66   10.75    5.34
PSATESZ    -23.46  -46.91    0.02    0.02    1.21    7.18   10.71    7.60    2.61    0.02    0.00    0.10    0.57    7.87    8.54   20.77    9.95   10.77    3.03    2.88   15.97    2.11    0.50   18.24   27.53    3.75    1.63    8.42   15.58    7.87    4.69    0.49   22.39   24.89    6.98    7.09   39.71   26.20   12.86    4.59   10.97   20.15    3.80    7.00    9.37    2.41    3.37
PSATIBT    -21.76  -48.99    0.07    0.04    1.56   19.44   14.54    0.70    0.00    0.01    0.01    0.01    0.64    7.48    2.89   30.61   14.83   12.01   10.07    2.65    6.66    3.39    8.22    8.34   12.67    3.82    2.04    6.30   12.73    8.74   10.38    3.50   17.43    7.73   11.75   10.46   33.32   22.22    6.12    4.34   30.10   17.69    9.93    1.35    8.38   22.31   14.57
PSATNAV    -21.12  -50.20    0.12    0.12    4.96   13.73   16.93    1.43    0.06    0.03    0.42    0.14    0.68    6.22   11.04   27.10    7.64   17.95    3.86    5.17   10.45    6.91   13.82    7.36    6.92    3.92    2.60    3.62   11.42   15.86   11.91    3.26   14.93   16.94   18.53    5.99   31.99   13.34    3.60   10.29   27.61   15.50   16.41    2.84   14.05    7.01   15.98
PSATSME    -13.40  -48.30    5.53    8.79    7.82    9.74   18.58   11.19    5.67    6.00    4.70    2.90   12.71    8.65    4.58    0.72    0.02    0.03    0.12    2.57    6.48    6.06   14.06    8.40   10.50    7.22    8.28    7.34    5.64    6.77    1.12    0.00    0.00    0.01    0.02    2.92    9.00   16.19   31.80   14.17   13.18    4.16    5.58    7.79    7.13    2.86    8.60
PSATBGR    -27.78  -51.20    8.24   26.27   22.79    6.98    7.57    2.06    0.23    0.04    5.76    3.17   12.75   10.78   11.23   22.80   10.96    4.42    7.70   37.90    6.91    0.19    8.63    1.17    2.77    0.43    0.83    8.76    8.71    8.92   27.51   11.22    6.94   38.99   21.48   26.43   29.19   14.19    3.91    0.50    5.04    3.00    3.49    0.05    3.72   15.95   70.67
PSATCNV    -27.60  -51.33    3.18   13.69   18.54   12.86   10.63    1.36    0.26    0.02    3.08    4.88    6.12   12.96   14.70   27.56   12.14    3.08    3.96   24.92    4.64    0.30    8.89    1.72    2.13    0.41    0.51    5.50    7.51   12.27   19.41   23.73   14.91   50.93   13.04   12.41   28.44   18.50    2.66    0.40    6.06    2.47    1.33    0.42    7.70   27.87   46.39
PSATFCH    -27.14  -53.04    0.03   12.57    9.73   12.44    3.01    0.75    0.01    0.01    1.45    1.08   20.61   12.81   28.28   26.60   22.87    3.37   11.03   24.44    4.96    3.27   18.52    3.81    0.23    0.09    0.51    8.48    5.55   18.39   36.33   53.19   24.99   73.24    9.86   15.26   23.59    2.47    0.61    6.52    6.35    3.33    0.52    0.34    8.56   81.60    2.67
PSATITA    -27.27  -52.38    0.68   18.07   13.93   12.87    8.24    0.72    0.01    0.04    2.49    2.66   13.15   12.62   31.53   26.34   26.41    4.22   10.19   26.07    4.43    1.43   10.48    1.89    1.10    0.40    0.64    5.78    9.67   14.35   22.02   36.25   16.17   43.44    6.64   14.38   21.60    8.34    1.61    1.09   13.31    1.85    1.46    0.74   10.39   45.44    6.79
PSATMCD    -27.52  -51.78    0.60   22.84   12.89   13.36   13.68    0.95    0.00    0.09    2.21    2.25   19.32   12.31   40.05   29.91   27.09    3.76   13.82   37.37    5.77    1.05   10.64    0.95    0.41    0.21    0.93    5.89   10.57   13.51   20.45   30.78    6.68   73.96    9.38    9.20   17.36    7.03    0.75    0.14   11.51    2.53    1.01    0.08   11.28   43.40   13.12
PSATMOJ    -27.35  -52.73    3.69   21.72    9.48   14.47    3.04    0.79    0.06    0.45    0.98    0.87   28.36    9.25   27.84   19.73   19.45    9.60   27.78   41.32    4.71    5.32   15.17    1.18    0.39    0.12    1.94    6.99   12.18    5.55   55.74    7.98    5.17   79.67   10.21   13.85   19.50    2.84    0.26    1.80   10.88    6.15    1.05    0.05   14.91   31.83    3.51
PSATQQX    -26.66  -52.54    0.76    6.72   14.20   17.24    4.79    1.49    0.01    0.00    2.79    1.11    8.23   10.26   26.85   18.51   20.24    5.52    8.91   13.35    5.71    2.72   10.19    3.43    3.24    0.64    1.30    8.20   10.57   20.78   16.13   29.43   16.57   11.76   11.60   17.87   28.49    8.76    8.16    2.14   13.76    2.47    0.72    1.83    5.94   43.87    3.19
PSATPSJ    -28.14  -55.05    8.36   24.66   16.42    7.31    0.29    0.25    0.14    0.94    2.05    0.31   23.36   13.73   41.92   18.90   12.71   40.07   71.87   68.92    0.06    8.63   12.17    0.10    0.05    0.27    3.86    8.74    2.73    4.21   41.85    1.14    0.10    9.13    8.35   31.46    3.94    0.98    0.03    0.17    5.75    7.03    0.73    0.01   17.63   22.09    0.69
PSATESP    -18.68  -51.87   11.95    7.81   11.47   16.62   19.39    5.68    3.36    0.11    0.07    1.65    0.97    2.52    4.04    0.93    4.71    1.13    2.00    4.24   11.09    2.64    7.49    4.56    4.52    4.79    3.33    4.26    7.54    5.80    1.31    2.93    8.70   37.32    2.50    0.37   16.72    6.10   14.07    5.49   11.02    7.81    8.36    9.03   11.66    3.94   19.50
PSATSRC    -19.16  -50.76    5.26    5.03   10.79   16.51   14.83    8.99    2.27    0.54    0.79    2.80    0.95    3.49    5.55    8.37    4.53    2.76    9.58    6.23   16.03    3.66   12.06   10.56    6.35    9.92    3.59    5.18    5.67    7.29    2.81    2.87    6.68   23.70    0.43    0.08   12.43   11.99   14.62    5.96    6.11   10.02   18.24   10.21    5.43    3.26   11.34
PSATFRCL   -19.12  -50.64    3.42    5.22    5.46   15.45   19.31    9.08    2.65    1.23    1.21    2.74    1.04    3.37    4.81    6.48    2.76    3.22   12.18    6.89    9.56    4.51   13.07    9.06    6.50   11.77    4.37    7.08    5.94    7.53    6.60    4.03    5.07   13.65    0.01    0.12    8.83    8.01   13.84    9.24    5.63   17.29   22.42   11.92    5.15    2.83    7.02
PSATISOT   -20.40  -51.35    1.54    0.39    8.60   27.93   13.54    4.11    0.52    0.44    1.13    0.61    0.52    2.12   17.77   20.18    5.02    9.96    8.31    7.50   14.32    7.44   15.97   10.48   10.77    6.66    4.27    5.75    7.21   13.58    5.22    1.60   14.93   14.54    7.78    0.78   15.62   12.35    7.97    8.76   19.05   12.56   22.25    7.12   10.47    5.08   17.97
PSATJUP    -20.86  -51.63    5.45    1.10    8.51   25.83   17.25    5.83    0.48    0.08    0.43    1.08    1.06    2.21   11.67   17.35    8.22    3.63    5.31   11.89   18.99    7.92   12.30    8.62    7.68    8.17    3.91    6.98    6.88    9.22    5.39    1.84   12.32   23.35   17.17    1.73   11.92    7.04    6.42    4.75   11.34   14.28   19.43    7.37   13.07    8.64   23.23
PSATSDG    -20.06  -53.18   10.20    2.74    5.77   22.77   11.68    7.51    0.24    0.02    0.04    0.34    1.24    3.61   10.35    5.47    1.41    1.44    0.55   11.00   16.81    5.14    8.62    8.38    6.27    5.60    1.90    7.84    8.26    1.74    3.73    0.14    3.53   21.16   22.39   18.35   18.68    8.28    5.72    4.21    6.05    8.42   22.33    5.52    4.53    4.86   12.62
PSATFZBT   -21.66  -52.87    4.78    5.47   15.79   16.64    6.13    2.45    0.13    0.00    0.01    0.49    2.72    3.89   23.68   10.41    4.01    2.32    0.83    4.21   15.23    7.30    7.73    8.47    6.52    3.17    3.01    6.69   11.95    2.59    2.31    0.87    8.25   21.17   17.56   35.04   29.83   19.45    1.71   10.19    7.95    2.87   11.56    2.57   17.11   17.64   13.45
PSATPPRA   -22.46  -52.91    0.85    0.19   13.45   26.52   11.11    0.68    0.02    0.01    0.05    0.28    1.09    3.49   18.67   24.23    7.09    7.80    4.16    4.97   10.19    5.26   13.41    8.35   10.34    1.82    1.30    5.41    9.26    9.67    7.28    0.85   21.27   10.87   18.25   27.19   24.52   16.18    1.92    4.52   15.13    3.73   12.87    1.77   17.46   19.26   29.16
PSATBTE    -13.69  -50.80    3.76    3.49   11.54   13.63   18.37   12.00    6.01    3.92    2.44    3.44    4.22    7.42    3.57    1.05    1.04    0.14    1.11    1.97    8.00    2.30   13.66    8.50   13.17   13.51   11.45   15.43    4.17    7.95    3.37    1.15    0.97    5.73    0.34    3.12   11.95   11.70   23.16   17.31    6.11   12.65   13.80    8.71    4.21    2.18    6.12
PSATARAG    -8.27  -49.26    2.34    5.57    8.51    7.39   14.47    8.60    5.71   15.27   14.47   13.30   11.08    2.92    1.03    0.14    0.22    0.14    3.98    4.62    9.60    6.68   12.10   10.01    9.86   10.88   10.32   13.02    3.15    6.79    1.42    0.35    0.12    0.49    1.90    2.01    4.93    6.27   22.47   14.16    8.35   11.17    8.52    5.84    5.10    1.04    6.37
PSATLAJ     -9.76  -48.37    2.00    4.10    7.04    7.31   12.43    6.80    7.29   15.30   15.04   12.05   11.76    0.14    0.11    0.02    0.01    0.09    2.16    2.68   11.33   12.17   14.91   10.77   12.01    7.99   13.19    6.43    5.08    3.16    0.13    0.00    0.00    0.00    0.10    1.58    4.68   11.27   20.51   18.07    7.14    1.88    3.34    4.21    7.97    1.73    3.29
PSATPTRL    -9.31  -47.39    0.74    2.04    1.42    3.76   12.52    7.17    2.03   16.73   26.65   14.92   10.53    0.01    0.07    0.05    0.03    0.45    7.39    2.56    6.97    5.48    4.90    5.79    6.77    9.64    9.99    4.60    1.16    0.49    0.12    0.03    0.01    0.00    0.08    0.23    0.54    5.32   15.72   23.38    9.22    1.82    8.98    2.24    5.99    0.45   11.12
PSATLJET    -7.33  -47.48    0.91    9.54    1.38    3.52    7.38    3.78    2.91   12.61   28.87   13.39    7.68    0.18    0.21    0.18    0.23    0.56   14.32    4.41    3.95    7.76    4.43    8.41    6.20    5.27    3.40    9.37    2.25    1.50    1.43    0.45    0.45    0.55    1.63    1.25    1.76    7.02    6.16    9.61    7.83    3.81   11.18    4.71    5.54    0.82    1.12
PSATUCR     -3.83  -49.65    4.74    6.75    2.06    4.04    8.25    3.09    5.65   17.43   18.30   12.22    5.19    1.38    3.98    2.70    8.83    5.58   17.04    7.76    3.20    6.85   11.13    6.95    8.32    8.63    5.16    3.76    5.77    2.99    3.03    0.67    0.77    0.66    1.58    2.01    1.50    1.75    2.65    6.41    3.88    8.58    6.74   10.14    8.01    4.16    3.10
PSATXIVJ   -29.07  -51.67    7.18   30.69   19.07    9.46    4.01    1.91    0.00    0.27    5.20    2.04   29.59   10.56   37.93   25.62   15.44    5.33   12.26   44.49    2.50    0.70   15.20    0.18    0.62    0.28    0.99   11.31    8.06    4.63   67.54    7.05    0.81   33.75   26.69   36.80   14.11    7.00    0.21    0.00   12.44    2.61    0.52    0.02    7.52   20.23   27.45
PSATDFRC   -29.45  -53.28   21.82   54.64   15.78    3.41    0.53    0.60    0.15    0.96    1.82    1.33   27.70    6.84   20.93   30.03   22.32   30.67   37.00   33.29    0.08    5.27    6.66    0.13    0.15    0.16    3.41   11.68    0.95    3.78   17.34    2.15    0.00    6.62    7.73   33.67    5.32    1.04    0.24    0.01    5.08    6.40    0.59    0.00   12.90   27.54    1.34
PSATREAL   -29.02  -53.19    9.41   37.38   18.62   10.34    1.11    0.74    0.05    0.98    3.41    1.94   20.41   22.63   36.19   22.69   23.73   18.10   31.70   60.42    0.34    3.99   14.85    0.26    0.03    0.19    2.46    9.18    6.42    3.28   65.24    2.38    0.13   33.39   16.61   39.17   10.73    1.35    0.06    0.05    9.19    6.05    0.89    0.00   14.32   34.69    4.04
PSATCTAV   -29.01  -51.39   12.21   34.59   40.64    7.44    2.51    2.06    0.16    0.20    5.07    1.88   17.92    6.56   24.22   20.15    9.82    5.31   10.86   31.71    3.05    0.23   15.41    1.08    1.75    0.33    1.35   12.30    5.52    4.42   79.10   12.19    3.41   16.55   17.07   51.84   16.73    8.95    4.48    0.60    4.88    4.09    2.58    0.01    3.59   19.38   46.27
PSATERNT   -28.56  -52.54    3.65   29.50    8.73   17.41    6.85    1.18    0.02    0.21    2.74    0.99   21.23   12.73   53.99   21.48   30.75    9.28   25.08   60.65    3.44    1.21   11.86    0.44    0.19    0.15    1.39    8.69   12.35    5.60   66.22    5.80    1.31   67.11   13.90   19.76   12.71    2.15    0.17    0.37   11.84    2.14    0.84    0.00   17.52   26.95    8.41
PSATSTPL   -27.14  -49.52    6.99   13.74   21.56    9.56   11.12    3.91    0.89    0.02    3.49    3.90    5.14   19.20    8.56   27.19    7.53    3.99    2.32   27.18    4.60    0.42    4.88    7.35    3.31    0.34    0.86   11.19    9.27   12.75   23.00    7.58   27.64   31.36   12.90    5.72   30.64   23.10    2.74    0.40    1.18    5.26    1.42    1.15    5.28   18.22   45.85
PSATCVCH   -25.14  -48.87    2.19    0.29   12.37   16.90   13.73    4.86    0.46    0.00    0.48    1.88    0.14   20.04    8.32   18.86   15.01    5.10    7.46    4.70    8.00    0.43    6.42   14.01    2.44    0.60    0.43    3.94   32.23    7.83    1.50    0.79   26.55    2.59    3.33    6.47   37.93   21.88   11.05    1.77    5.46    2.32    3.30    9.46    7.26   14.34    6.47
PSATAMY    -12.60  -69.12   14.33   15.74   12.50   10.59    8.74   19.03   12.90    5.43    2.84    2.94    7.64    9.77   16.90   10.71    5.27    7.51   12.29   16.95   26.59   20.99    8.12   18.47   22.52   18.95   12.22   15.27   15.12    6.55    3.65   15.91    7.14    7.51    2.52    2.38    4.63   10.88   12.27   14.91    9.35    2.65    8.69    6.95    7.47   13.51    7.66
PSATGJR    -10.73  -65.35   12.81    9.82    8.83    9.59    3.53    3.04    4.22    7.46    4.38    2.03    8.87   12.31   10.17    6.23    2.37    1.58   10.73   17.11   13.01    4.99    5.97   17.73   11.11   10.12    7.74   20.40   13.18    3.69    2.37    3.89    7.47    0.66    0.78    1.52    5.12   13.86    5.02    5.90    7.90    6.53   10.07    8.63    7.96   17.72    3.77
PSATPRNC   -12.43  -64.43    6.95    3.56    9.86   11.39    7.85    4.13    8.32    6.19    3.59    2.26    1.52    7.76   14.42    9.45    3.29    1.51    1.82   18.87   24.29    6.13    4.13    7.82    9.47    9.89   10.46   17.45   15.31    6.78    0.93    1.37    3.95    0.50    0.25    8.72    4.00   14.11    6.05    4.61    9.06    4.01    3.69    7.36    6.16    7.90    8.94
PSATSANT    -8.87  -63.97    6.56   13.37   10.24    9.37    5.30    5.21   10.38    4.69    4.66    7.80    5.04   12.97    2.70    3.18   10.08    7.37    6.44   17.37   17.25   13.53    6.92    3.73   10.56   20.76   25.69   23.40   13.66    9.69    2.28    6.38    6.88   10.91   14.03    6.09    4.46    5.08   20.15   19.77   31.20   17.55   13.14   28.90    7.15    7.49    9.39
PSATDARD   -10.16  -59.46    0.72    6.58   12.34    8.90    6.61    3.11   10.12   19.21    9.63    9.45    3.40    4.47   26.76   14.87    4.90    3.65    7.85   17.90   13.61    8.36    6.62    4.48    8.33    8.98    5.73   13.36    5.62    9.81    3.20    3.96    1.23    2.59    2.90    8.05    3.86    3.70    7.63    9.34   11.68   16.84    3.33    7.41    5.32    2.02    7.17
PSATGUAP   -15.12  -58.96    2.79    7.82   16.49    8.79    6.16    4.94   11.31    4.25    6.93    3.18    0.94   19.10   31.77   21.00   15.24    4.38    2.61    7.49   22.45   17.41    6.26    5.49    9.83   11.95    5.94    5.81    6.96    4.00    0.67    0.89    1.56    1.98    2.93    1.37   11.08   17.30    1.62    0.82   11.44   13.64    9.40    6.29    5.68    4.70    5.28
PSATJIRA    -9.25  -64.65   10.02   11.12   12.77    9.22    7.10    9.12    7.57    7.53   10.10    3.77    4.32   12.34   11.45    9.42    3.73    2.41    8.68   14.54   23.40   12.07    5.15   13.33   16.01   13.66    7.77   18.03   17.88    7.83    3.02    5.08    8.16    4.00    1.86    1.30    3.87   10.73   13.08   13.17   10.20    4.85    3.02    6.15    3.95    7.62    5.83
PSATROND   -11.99  -60.70    0.64    5.49    6.78    7.97    8.38    4.38    3.50   11.26    2.06    5.51    2.20    5.01   27.29    8.83    4.81    3.40    4.59   12.41   24.41    4.29    3.40    1.59   13.03    8.64    2.58   12.05    6.74    7.13    1.01    5.98    0.43    0.34    0.89    1.34    6.99    4.18   24.78   11.69   13.24   15.96    0.85    9.70    8.15    3.97    5.86
PSATSAMU    -8.75  -63.45    1.71   11.65    8.41    8.91    8.59    5.37   13.10    6.02    9.88    6.14    5.06    3.68   11.09    3.16    5.85    2.44    7.22   17.03   21.48   12.79    7.33    6.93   10.63   16.53   12.61   35.08   17.78   10.96    1.86    3.92    5.42   13.59    3.52    8.38    3.96   10.58   16.51   11.23   17.08   10.80   13.30   12.59    9.59    2.62   11.45
PSATBALB    -1.92  -59.47   11.06    9.64    4.75    4.47    8.16    3.85    5.62   14.29   13.27    3.45    1.10    0.82   14.07   17.98   14.87    9.19   10.33    6.11    2.25    1.64    1.34    1.58    3.22    7.65    6.95    2.49    7.49   10.56   18.18    8.69    9.25    1.93   11.87   14.31   16.33    1.54    1.84    1.84    3.80    6.65    9.24    5.80    7.60    6.32    4.78
PSATCUNA    -2.82  -54.30    4.02    3.77    0.30    0.44    8.56    1.20    3.48   19.59   16.94    0.90    0.29    0.65    8.06    8.38    3.71   12.13    9.05    1.49    0.49    0.90    3.44    4.15    9.86    3.97    2.63    4.36    5.13    6.63    3.26    3.61    5.51   14.23    6.20    6.18    1.23    0.57    1.14    0.43    4.25    9.07    6.67    5.94    5.32    0.62    4.60
PSATJARI    -0.65  -52.52    3.30    0.15    0.40    0.94    2.70    1.22    0.57    2.81    0.98    0.39    0.05    0.73    1.53    5.42    7.28   23.63    3.35    2.00    1.44    3.08    1.31    1.33    1.49    4.95    3.42    4.00    2.13    3.94    2.79    2.69   10.76    3.84    5.35    3.65    2.42    0.78    0.93    1.04    1.12    1.89    3.81    3.98    2.17    1.26    3.77
PSATFGOM     0.86  -51.20    6.70    0.65    0.92    3.06    2.63    3.05    2.81    5.86    1.31    0.79    3.11    1.17    1.76    4.60   11.40   31.29    2.97    2.60    2.33    4.52    1.59    2.13    1.67    5.95    5.69    8.75    3.74    6.26    2.78    2.44    3.73    5.22    9.39    6.58    2.98    1.29    1.61    1.64    1.49    2.22    5.00    4.18    3.98    3.71    6.71
PSATUBE     -6.75  -43.57    0.26    4.58    3.03    1.23    6.65    2.06    2.71   22.05   18.30   10.30    0.35    0.21    0.34    0.19    0.12    0.22    7.96    2.78    5.67    2.87    6.35    5.56    7.32    4.65    4.16    5.56    2.52    0.41    0.12    0.12    0.11    0.23    0.23    0.20    1.21    7.09    4.14   13.47    3.27    2.41    8.31    5.79   13.86    1.12    4.26
PSATBSOR    -6.74  -52.00    2.37    3.75   10.19    4.90   13.28    5.61    4.38    9.13   11.22   15.95    7.24    3.41    1.50    0.35    0.18    0.50    6.34    7.51   11.58    4.79   10.25   11.73    8.02   12.88   12.78   18.64    4.26    7.10    2.21    0.62    0.22    1.12    5.18    2.84    2.42    4.51   12.72   11.15    7.71   16.61   16.14    8.00    4.79    1.12    1.53
PSATBESP    -6.75  -51.77   10.24    5.27    4.66    4.97   11.20    6.91    2.46    7.55   22.87   15.21    4.00    0.43    1.79    0.85    0.61    4.23    5.90   11.21   11.03    4.56    7.99    5.46    8.30    7.71    9.04    6.73    4.76    7.29    1.66    0.36    0.79    1.69    9.50    2.20    1.07    1.51    1.54    6.89    8.06    9.68    6.13    5.52   10.48    1.24    0.95
PSATPIME    -3.41  -51.91    5.09    5.46    5.25    7.04   12.02    5.25    3.46   10.93   20.03   13.40    3.18    4.00    9.19    4.88   11.14    5.66    4.61    7.49    8.93    5.55    9.59    6.85    7.89    9.26    8.17    7.15    9.25    8.23    3.97    1.69    3.46    6.28    6.33    2.67    1.76    0.91    1.02    3.83    5.08   11.57    8.22    6.00    5.09    2.91    1.73
PSATIRAP   -16.74  -42.57    4.44    3.41    4.25   15.48   47.31   28.81    4.65    0.93    0.70    2.84    4.17    1.09    0.65    0.04    0.02    0.06    0.20    1.15    6.71   20.61   20.65   10.28    8.11    9.27    5.21    8.18    9.21    1.42    0.00    0.00    0.04    0.05    0.11    0.53    0.60   15.60    6.59   11.10    0.92    0.12    0.12    0.11    1.41    0.26    0.44
PSATITBI   -15.97  -39.59    2.72    2.12    0.88   18.18   35.53   50.49    7.09    1.03    1.19    6.29    5.77    0.92    0.40    0.10    0.14    0.02    0.28    1.20    2.39   15.52   15.19    4.47    2.18    7.64    3.08    4.25    2.97    0.36    0.01    0.06    0.11    0.13    0.16    0.35    0.36   12.02   12.82    6.21    0.33    0.20    0.11    0.08    0.38    1.32    0.25
PSATCOLI   -10.98  -55.77    1.83    5.02   10.75    5.89   19.34    6.70    5.42    7.54    3.94    4.33    4.35   10.74   10.99    2.06    0.80    0.15    4.09   16.43   11.79    3.60   11.61    7.89    7.83   15.42    7.17   17.91    8.07    5.55    1.42    0.78    0.31    0.17    0.78    3.37    3.02    4.34   18.35   14.00   15.74   21.56   11.15    9.76    7.24    1.51    8.14
PSATSAEL    -9.19  -57.04    3.88    5.25   10.01    4.07   10.05    4.14    4.42    8.81   12.73   12.66   10.56    6.96    9.22    0.91    0.43    1.24    3.55    9.40   11.54    9.30    6.68   10.51    6.97    8.32    9.04   25.33   12.99    7.47    6.68    1.24    1.03    1.66   11.02    4.95    1.69    2.96    8.24    8.24    8.57   14.22   13.63    8.58    8.06    2.99    1.71
PSATITQ    -17.09  -54.83    3.74    3.62    8.06   10.60   12.27   10.74    3.62    2.52    1.15    0.89    1.24    5.66    6.51    0.31    1.39    0.29    1.28   13.01    9.07    3.14    8.26    7.46   10.39    9.75    8.72    9.52    9.48   12.83    2.53    1.26    2.46   18.43    7.02    0.34   16.40   11.35   34.11    3.34   10.00   10.20    7.32    6.03    5.34    8.67   20.63
PSATJAU    -15.24  -58.73    5.83    6.65   17.28    9.64    7.61    5.59   10.82    4.66    5.91    3.03    0.97   18.11   31.26   18.97   13.64    4.62    2.59    9.85   21.46   15.86    5.47    7.99   10.86   14.17    6.93    7.72    8.62    6.04    0.48    0.75    2.66    4.04    2.35    0.99   11.11   16.99    3.20    0.99    8.24   12.90   13.20    9.11    5.70    3.20    6.50
PSATMAN    -14.87  -55.78    0.93    4.17   13.02    5.51   19.37    7.37    3.03    5.47    2.71    1.17    2.72   15.50   11.31    0.43    4.31    0.00    0.90   11.66    9.87    3.92   12.92    5.26    6.97   20.15   11.06    5.58    1.63    9.00    0.67    3.66    0.25    7.46    0.58    0.42    5.06   11.26   11.42   13.84   10.82   17.02    3.61    9.11    6.99    5.73   21.93
PSATPTP    -17.61  -54.83    9.61    9.99   13.00   23.77    9.05    9.47    2.79    1.30    0.39    0.08    0.77    5.05    3.37    1.35    1.65    0.02    0.10   14.60   12.94    3.25    6.41    8.23    8.81    9.12    8.16    7.60   16.41   10.40    2.30    0.47    1.96   18.06   17.79    1.04   22.57    8.28   21.02    4.09    9.97   12.33    8.47    7.02    4.49    7.53   13.29
PSATSTCL   -17.90  -40.20    0.83    0.94    1.06   22.72   34.55   45.29    1.70    0.25    0.04    2.48    3.39    0.82    0.02    0.11    0.04    0.00    0.50    0.77    0.38   10.95   20.18    0.78    0.01   11.43    2.26    1.54    0.54    0.00    0.00    0.02    0.06    0.13    0.14    0.10    0.22   13.92    2.33    3.10    0.11    0.13    0.02    0.05    0.32    2.85    0.05
PSATPDC    -12.58  -39.00    0.92    0.32    0.13    1.16   10.75    4.25    7.72    4.03   12.87   14.23    0.56    1.16    0.49    0.63    0.44    0.10    0.10    0.51    0.48    0.29    0.18    0.44    0.34    0.18    0.06    0.05    0.48    0.79    0.18    0.14    0.10    0.09    0.16    0.17    0.13    2.28    0.33    0.43    0.22    0.14    0.08    0.11    0.40    0.74    0.33
PSATROSA   -20.92  -41.72    3.57    7.08    2.74   16.98   20.83    4.68    5.75    0.03    0.12    0.47    0.12    0.55    3.13    0.58    0.06    1.67    9.67   11.05    2.25   29.82   21.77   19.77   58.86   35.57   11.59   14.13   14.63    0.28    0.00    0.00    0.57    1.45    1.07    3.93    8.67    4.10   14.26   18.05    3.49    0.33    1.30    0.33    0.96    0.31    0.11
PSATCAN    -20.21  -42.85    3.12    2.77    4.61   21.32   12.20    2.20    1.43    0.04    0.21    0.20    0.51    2.25    5.45    0.30    0.27    5.53    9.25   14.03   11.18   21.98   12.31   18.81   45.83   26.73   25.66   14.63   21.51    7.83    0.14    0.06    2.36    5.47    1.76    2.17   12.24   18.29   25.63   20.51   29.45    0.24    1.90    6.63    2.59    0.30    1.90
PSATSAC    -19.64  -42.85    2.73    2.59    5.60   16.92    9.15    3.74    0.06    0.42    0.18    0.43    2.24    3.77    1.95    0.45    0.46    0.85    7.28   18.47   16.48   24.11   16.02   25.39   50.16   10.34   15.09   13.53   21.40    5.85    0.07    0.00    0.42    2.45    0.55    1.65    5.54   20.87   17.77   21.08   33.15    0.60    2.21    6.83    1.80    0.64    2.03
PSATPES    -19.12  -42.66    2.99    2.12    5.19   23.15   20.62   16.00    0.55    1.49    0.18    0.94    2.03    2.42    0.73    0.39    0.02    0.55    1.36   16.12   15.03   31.21   22.57   28.75   29.08   14.52   26.02   19.01   30.92    4.85    0.03    0.00    0.11    0.70    0.87    1.13    1.26   11.00    8.80   15.74    9.41    1.32    0.89    0.33    2.88    0.91    0.35
PSATMAS    -19.50  -40.92    3.37    2.63    3.42   27.30   34.01   13.23    0.99    0.35    0.12    0.94    1.13    1.13    1.39    0.25    0.06    0.30    2.74    7.07    4.77   28.35   27.27   36.69   32.33   17.40   10.81   25.68   16.21    0.63    0.02    0.02    0.15    0.87    1.12    0.81    1.98   11.73   15.18   22.50    3.15    0.85    0.83    0.14    0.46    1.22    0.22
PSATSBR    -23.37  -45.87    0.36    0.33    0.92   13.22   17.49    8.77    4.06    0.04    0.02    0.51    0.42    4.93   13.35   22.08    5.20   11.14    4.59    1.06   14.09   11.30    0.82   26.62   22.35   22.16    4.07   11.15   20.18   13.57   15.56    1.45   17.27   33.07    2.87    6.10   25.04   20.59   14.75   11.05   11.05   14.03    3.97    8.40    9.92    8.69    2.01
PSATJAG    -23.20  -46.03    0.05    0.03    0.68    9.41   11.12    4.64    1.17    0.01    0.00    0.57    0.72    7.73    9.20   24.58    5.92   17.59    4.96    1.77    8.18    1.48    0.66   34.87   19.17    5.81    2.75    9.25   14.98   17.50   11.08    2.47   12.08   33.91    9.16   12.88   34.52   23.13   22.55    6.81   16.66   27.77    4.46    8.85   12.70    4.36    2.47
PSATFUNI   -22.53  -44.57    0.24    0.12    0.50    7.32   14.06    5.32    1.05    0.03    0.00    0.44    0.52    6.09   16.02   20.68    4.06   12.20    5.79    1.64    7.15   10.66    1.90   28.43   19.25   14.49    6.38   11.27   16.56   14.61   14.18    1.12   13.73   27.21    6.61   10.33   23.44   18.00   20.08   10.78   18.71   16.98    5.10    4.63    6.61    8.48    3.09
PSATSACE   -22.48  -43.84    0.88    2.29    0.17   18.90   18.13    7.23    4.23    0.03    0.00    1.03    0.85    5.28   21.32   24.23    0.50    7.06    5.87    2.43   12.28   23.32    1.63   27.85   25.53   19.07   10.75   15.85   23.41    6.92   18.84    0.46   12.66   21.55    0.89    6.59   14.72   11.35    6.68   16.43   21.01   10.68    1.22    6.24   20.75    6.18    9.70
PSATPIC    -21.91  -43.54    0.65    0.52    0.31   16.18   14.62    2.55    1.17    0.01    0.01    0.45    0.37    4.69   20.22   17.65    0.69    3.19    5.80    2.09    3.33   17.56    4.88   34.42   18.78   16.91   10.51    9.64   13.55    8.80   13.85    0.46   14.25   17.97    0.24    1.25   21.27    7.90    3.78   15.20   19.07    9.25    1.65    9.22   14.92    1.34   14.98
PSATSOGI   -21.94  -43.36    1.25    1.57    1.10   18.00   23.49    2.22    1.19    0.03    0.08    0.34    0.10    7.58   17.24   10.32    0.75    4.81    5.08    6.30    7.01   15.89    4.26   39.54   21.81   31.18   10.44   12.63   17.36   25.67    5.71    0.37   19.39   21.38    0.08    1.56   22.64   12.74    7.17   23.22   25.65    4.14    1.01   16.17   12.88    0.41   14.30
PSATIPSI   -21.84  -42.58    1.60    1.18    0.90   14.06   22.86    3.20    2.58    0.01    0.07    0.68    0.22    3.17   18.40   12.18    0.45    7.97    3.91    3.78    5.06   23.41    3.38   31.57   17.54   22.90   11.74   13.26   19.06   15.38    5.65    0.23   14.31   17.05    1.22    4.21   12.98   18.80    8.86   24.35   26.73    3.45    0.67   10.27    6.02    0.45   11.59
PSATTCLJ   -22.69  -43.83    0.78    0.98    0.30   12.26   15.91    8.23    3.38    0.00    0.00    0.05    0.31    0.43    7.29   17.35    3.37   13.06    5.45    0.78    5.97   29.17    0.40   17.64   17.67   20.20    5.74    6.55   13.99   13.05   20.08    1.10   15.29   25.45    1.22    3.54    7.48   10.83    8.24    8.39   10.77   11.02    4.91    5.34   23.25    5.55   10.50
PSATBIGU   -25.51  -53.67    0.07    1.85   13.09   25.11    4.86    1.31    0.01    0.00    0.57    0.16    7.41    8.74   28.90   13.29   14.23    2.89    6.02    7.81    5.11    2.55    9.80    5.42    1.54    0.81    0.88    8.19    6.57   42.78   15.77   38.18   17.62   12.79    3.66   16.63   28.94    2.84    6.73    5.03    6.61    3.55    1.36    1.16    7.49   31.95    2.96
PSATBRAU   -21.45  -42.41    4.18    1.48    1.21   15.90   19.10    3.38    5.35    0.03    0.12    0.09    0.02    6.37   17.98    0.87    0.21   12.52   10.20    6.06   11.78   24.81    6.71   23.85   41.34   38.33   24.06   13.75   22.76   16.47    0.11    0.01    7.44    6.94    0.69    0.69   26.44   25.99   14.82   28.93   37.00    1.08    1.66    7.19    2.01    0.12    2.40
PSATSUIC   -20.08  -40.58    8.96    1.50    3.75   24.02   27.84    2.89    0.20    0.00    0.31    0.34    0.47    0.47    1.88    0.23    0.15    0.06    1.69    4.00    0.49   20.74   27.47   21.74   20.89   28.69    7.00   11.93    1.30    0.03    0.00    0.06    0.06    1.25    3.91    4.58    3.05   14.43   17.06   21.21    0.55    1.56    0.43    0.03    0.37    5.80    0.46
PSATJRI     -9.30  -64.70   11.19   11.68    8.11    7.62    7.07   10.34    8.01    7.85   13.06    4.22    2.75   14.54   12.24    9.71    3.42    2.43    7.49   13.69   22.60   14.61    5.47   10.05   15.61   15.83    7.54   16.40   18.16    8.85    3.02    5.08    7.47    4.05    1.81    1.53    4.38    9.14   12.26   14.21   10.80    4.54    0.78    4.42    2.89    6.37    6.41
PSATBENI   -14.59  -67.53    6.67   10.20   24.96   13.67    7.33    6.92    6.48    7.27    3.78    2.85    9.65    8.58   10.62    8.07    4.45    3.50   13.69   16.99   24.17    6.37    4.73   22.24   17.83    7.56    8.71   24.31   16.09    4.51    2.21    5.89   10.20    4.35    1.99    0.62    1.09   15.50   16.19   11.90    8.47    5.95    9.31   12.78    6.95   10.98    3.20
PSATEPB    -12.42  -64.42   11.20    4.80    8.50    9.03    5.60    2.92    5.99    5.84    2.92    1.79    2.48    6.44   11.50    7.89    2.40    1.21    2.34   16.46   18.28    4.74    3.93    9.38    8.53    8.53    8.98   17.31   13.82    5.11    1.09    1.99    4.32    0.36    0.19    6.86    4.70   14.84    4.43    3.50    7.02    3.29    5.11    7.06    6.46   10.96    7.35
PSATEGM    -10.79  -64.35    9.83   10.67   10.23   11.60    4.69    4.20    5.60    8.46    5.59    2.51   10.29   15.73   12.32    7.02    3.20    1.96   13.17   19.18   16.45    6.42    6.69   19.34   13.04   11.88    8.51   21.48   14.17    4.54    2.67    4.03    8.33    0.85    1.05    1.08    4.92   12.70    6.58    7.80    9.84    8.25   10.58    9.26    8.15   17.60    3.74
PSATSTOA    -8.79  -63.95    6.53   13.17    9.81    9.34    5.12    5.20    9.46    4.74    4.82    7.95    4.32   11.46    2.75    3.01   10.27    6.64    6.32   18.03   17.66   13.97    7.03    3.23   11.08   21.55   25.16   24.47   12.72    9.38    2.30    6.09    6.67   10.99   13.58    5.73    4.30    4.65   19.66   19.79   32.60   17.44   14.59   28.17    7.22    7.25    9.85
PSATENC     -9.90  -66.62   10.61   10.85   10.76    8.02    6.29    8.99   10.00    2.09    1.51    3.39    0.23    6.38    4.71   12.59    4.57    0.31    2.45   14.24   27.13   11.77    4.02   10.25    7.05   15.71    7.96    8.60   24.36   12.83    6.66    3.91    5.50    3.99    4.63    2.56    9.54    8.08   10.85    6.39   14.41    5.00    0.56    0.69    4.43    9.83   13.05
PSATAMY1   -11.71  -70.63   22.22   13.72    8.37    8.67    7.17   14.40   11.79    4.28    0.59    0.98    8.06   10.74   14.60   10.73    4.06    3.67    6.70   13.57   19.33   24.34    7.05   11.38   20.02   21.33    8.94   10.18   15.42    5.24    1.43   17.26    7.51    8.96    1.55    1.68    3.39   11.98   15.14   17.44    7.88    1.12    2.52    1.96    1.65    6.76    5.71
PSATAMY2   -12.37  -71.17   14.37   18.27   14.37   14.10   10.18   21.01   15.71    6.73    3.52    4.09    9.00   11.98   13.23   11.76    7.09    8.21    8.22   15.59   27.51   22.55    8.85   20.92   27.11   21.19   13.12   18.15   16.51    7.15    6.35   19.39    8.50    7.24    2.41    2.79    5.30   10.75   12.45   17.66   14.00    4.65   10.50    8.90    7.28   13.69    8.90
PSATAMY3   -13.75  -70.18    9.52   18.42   11.49    9.00    6.89   21.51   11.48    4.71    3.95    3.65    7.42    6.55   25.88    8.64    5.52   10.71   23.76   22.07   30.10   21.42    9.87   16.93   21.18   15.69   16.22   16.76   13.64    8.25    3.16    9.38    4.10    6.28    3.95    3.05    5.26    8.00    7.44    9.46    4.99    1.78   12.85   10.74   14.57   21.11   10.72
PSATAMY4   -13.45  -69.47    8.67    7.94   17.45    7.77   10.80   13.07    9.33    5.34    2.82    1.93    3.72    8.73   13.50   11.21    2.73    5.90   11.31   15.53   29.44    8.76    4.94   28.20   19.20   16.08    9.37   12.08   12.86    4.23    1.74   15.00    8.55    8.31    2.37    1.63    4.27   12.71   16.50   13.38    6.07    1.91    8.32    3.88    5.75    9.47    2.52
PSATJRN    -13.37  -59.01    3.56    3.37    8.56    8.28    8.48    7.51    6.50    4.82    2.58    2.47    1.16    9.07   21.64    5.42   10.14    6.15    3.01   10.22   26.75    5.65    3.65    3.08    7.24   12.89    6.02   10.28    6.60    6.65    1.74    1.36    2.40    5.14    1.71    1.14    0.37   18.45   10.04    1.22   13.78   15.23    6.90   10.86    9.66   14.97    7.98
