PSATAGV    -19.89  -50.35   26.76   20.29    4.03    1.37    0.00    0.27    0.32    0.60    4.51    4.31   17.86   12.23   18.01    5.05   18.41    0.92    0.20    1.21    5.74   13.93   27.00    3.10    1.75    4.02    3.25    2.02    2.68    5.45   12.98   21.66    1.92    0.28    1.34   10.26   22.05   10.91   14.34    1.10    0.25    0.30    0.61    0.37    0.20    1.12    0.84
PSATCMG    -21.28  -44.63    2.73   15.02   15.18    0.00    0.00    0.00    0.07    3.59    5.77   17.24   10.73   12.76    5.18    6.76   10.63    7.36    1.07    4.93    9.37   32.93   31.08   46.13   26.39   41.27    4.40    1.37    0.85    5.21    4.66   17.79    2.30    4.82    3.41   20.43   11.05   13.16    5.76    0.16    0.34    0.50    0.36    0.21    0.07    0.53    0.79
PSATCES    -20.25  -48.16   24.93   11.89   10.73    0.30    0.00    0.09    0.06    6.31    8.39   15.11    7.80   11.60   14.84    4.63   20.52    1.39    1.61    2.37   12.33   21.96   26.11   18.71    2.81   11.09    9.28    7.51    3.30   11.75   17.96   20.39    3.21    1.28    2.27   24.19   15.69    8.62    5.50    0.72    0.32    0.24    1.73    1.46    0.18    0.10    1.88
PSATELC    -21.60  -46.95   10.06   10.56   19.30    0.42    0.00    0.00    0.13   10.43   18.58   20.47   37.76   13.39    8.59    3.18   10.22    4.95    2.61    2.17    7.23   19.28   32.80   10.58    5.34   10.64   13.44    7.40    2.11   11.44    8.83   11.95    4.75    0.14    0.86   27.85   17.90   13.43    1.86    1.67    0.32    0.50    0.87    0.51    0.50    0.14    2.21
PSATFUN    -21.14  -45.04    2.93   16.17    8.33    0.00    0.00    0.00    0.05    1.03    7.31   21.50   21.07   21.84    4.52    2.97   17.55    3.60    1.44   17.31   14.41   20.62   26.37   36.09   12.97   38.21    6.42    1.32    1.41    8.97    8.11   26.46    3.67    6.30    6.00   19.31    9.26    9.11    2.56    0.06    0.25    0.50    0.37    0.37    0.07    0.34    1.34
PSATFUR    -20.67  -46.32    5.44   17.55    9.98    0.08    0.00    0.04    0.03    3.24   15.03   16.86   24.65   17.34    6.68    3.72   11.58    3.88    1.82    9.14   14.88   18.14   36.41   17.58    5.57   25.93   19.78    6.61    3.11   10.04    7.70   17.00    9.57    1.13    7.35   31.34   17.86   10.83    1.10    0.60    0.36    0.53    0.66    0.81    0.22    0.12    2.97
PSATMRB    -20.30  -49.18   23.89   14.35    7.99    0.59    0.00    0.04    0.16    5.86    8.65   10.04   12.07   12.09   14.81    7.41   20.48    1.05    1.03    1.36    8.94   17.51   25.39   12.20    2.57    9.64    6.54    5.65    3.21    9.95   16.31   21.02    2.46    0.52    1.19   19.77   17.73    9.98    6.17    0.45    0.11    0.25    0.98    0.47    0.16    0.36    1.09
PSATPRG    -21.59  -45.67    7.60   15.84   21.79    0.41    0.00    0.00    0.08    6.47    8.89   13.70   15.65   14.85    4.48    6.92    7.76   12.39    0.41    1.03    5.26   14.02   35.10   47.34   11.80   24.09   22.75    5.40    1.69    6.58    5.42   16.27    1.31    0.08    1.43   37.03   18.23   12.86    1.93    0.71    1.20    0.72    0.57    0.16    0.25    0.27    1.40
PSATPAS    -21.02  -48.18   11.79   11.18   13.69    0.77    0.00    0.02    0.60   13.10   13.73   19.66   28.12    5.16   10.28    3.44   18.82    2.62    0.84    0.81    3.60   12.75   19.36    4.27    2.44    4.84    7.93    6.70    2.38    6.10   14.80   11.02    0.74    0.04    0.13   16.03   14.04   13.49    3.80    1.31    0.29    0.45    0.74    0.43    0.34    0.21    2.19
PSATPTB    -21.61  -45.49    4.84   18.70   26.77    0.05    0.00    0.00    0.06    0.90    9.85   14.00   20.21   15.08    5.63    5.55    4.87    5.14    0.31    1.74    8.00   19.74   32.88   64.74   19.96   45.38   22.10    2.23    1.73    9.45    7.50   12.01    2.36    0.15    1.92   38.21   14.98   12.96    2.26    0.27    0.23    0.82    0.20    0.16    0.13    0.51    2.14
PSATPTC    -20.00  -48.55   20.44   14.52    9.86    0.19    0.00    0.12    0.03    1.35    8.71    6.67    6.37    6.78    9.74    4.61   20.89    1.41    1.90    2.92   12.18   21.39   34.71   12.61    3.93   21.73   10.51    5.64    4.77    8.10   13.61   20.83    9.99    1.98    9.20   26.72   17.40    9.36    1.07    0.68    0.37    0.35    1.57    1.89    0.15    0.71    2.57
PSATFZA    -26.00  -51.65   14.53   10.99    1.97    3.27    7.01   17.85   16.77    1.87    9.47    8.98    4.78    2.55    9.93    1.18   15.98    0.26    0.41    0.03    0.13    0.44    1.65    0.29    0.03    0.54    0.33    2.21    7.87    2.56    5.40    0.06    0.11    0.12    0.44    0.09    0.03    6.97    2.39    1.40    6.29    6.78    0.69    0.11    0.02    0.64    3.08
PSATJSG    -25.78  -52.00   10.66   16.13    2.10    4.72   13.70   32.79   25.90    2.91   11.40   12.55    4.30    5.76   11.28    1.71   19.88    0.04    0.10    0.01    0.02    0.06    0.99    0.14    0.01    0.53    0.05    0.67    4.83    1.78    9.18    0.01    0.02    0.01    0.02    0.01    0.00    4.65    0.97    0.83    2.58    5.17    0.11    0.06    0.02    0.27    2.21
PSATSCX    -25.53  -53.48   11.65   25.90    1.60    7.89   12.66   38.11   34.05    5.60   13.17   13.10    8.28   15.13    7.63    3.32   22.18    0.00    0.06    0.05    0.00    0.03    0.12    0.26    0.03    0.58    0.01    0.65    2.77    3.34   10.66    0.01    0.34    0.00    0.00    0.01    0.05    1.45    0.32    1.16    2.24    2.13    0.12    0.07    0.02    0.25    3.65
PSATSCL    -25.49  -51.74   24.14   14.01    1.70    8.86    7.72   12.12   17.68    7.28   11.66    9.42    5.25   11.92   12.08    2.23   25.56    0.05    0.11    0.00    0.02    0.06    0.17    0.29    0.02    0.78    0.15    1.67    6.38    1.34    6.24    0.03    0.02    0.02    0.09    0.00    0.02    4.64    1.51    1.88    5.14    2.82    0.61    0.26    0.03    0.47    1.22
PSATUVT    -26.23  -51.08   23.82    5.35    1.30    4.31    3.99    7.69   12.94    1.54    4.65    2.79    5.51    1.59    9.91    1.54   16.38    1.07    1.10    0.19    0.21    0.52    3.73    1.55    0.17    0.37    1.73    3.45   11.53    2.44    9.82    0.68    0.60    0.91    2.13    0.28    2.54    6.50    7.70    1.49    4.49    5.02    0.44    0.22    0.04    2.11    5.71
PSATBSM    -24.19  -53.74   12.19   16.03    1.25   16.14    7.35   19.73   17.29    8.98    7.90    3.22    1.60    5.69   10.90    2.17   17.67    0.04    0.54    0.00    0.02    0.01    0.10    0.61    0.02    0.54    0.02    0.85    1.67    1.09   13.21    0.11    0.55    0.01    0.00    0.05    0.13    1.41    0.87    1.60    9.40    0.15    0.61    0.05    0.02    0.25    0.68
PSATFLE    -22.97  -54.56   19.22    5.80    1.55   10.66    0.95    1.18   16.77    6.64   14.73    5.31    5.77    9.34   20.18    8.34   10.51    0.07    0.37    0.00    0.22    0.62    0.39    0.40    0.41    0.00    0.01    0.06    0.48    4.20   19.35    0.74    0.05    0.01    0.00    0.09    0.16    0.12    1.37    2.15    6.16    0.06    0.08    0.00    0.03    0.14    0.40
PSATITP    -25.42  -54.58   16.25   13.03    1.58   20.12    2.23   19.16   17.61    3.71   10.26    4.65    1.16   12.25    9.35    3.60   14.19    0.40    0.62    0.01    0.04    0.28    0.70    0.20    0.17    0.09    0.05    0.17    0.84    3.91   16.50    0.50    0.52    0.01    0.00    0.05    0.25    0.75    1.27    1.78    7.26    0.07    0.17    0.01    0.03    0.22    0.51
PSATIVM    -22.38  -53.53    9.24    4.90    1.58   13.66    1.00    0.60    1.66    5.68    7.81    5.53   25.64   15.56   21.83    0.85   14.20    9.43    2.69    0.05    0.80    0.93    0.96    0.52    0.72    0.04    0.03    0.22    2.23    2.47   15.23    2.15    0.20    0.03    0.00    0.02    1.05    1.46    1.95    2.97    2.74    0.10    0.04    0.28    0.12    0.55    1.58
PSATPTQ    -23.18  -53.17   22.63    9.06    1.21   13.88    3.66    5.37    7.58   12.66    6.56    1.64    1.37    4.90   12.14    1.34   21.75    0.20    0.41    0.00    0.20    0.15    0.89    0.44    0.04    0.16    0.28    0.96    2.55    1.17    9.00    0.69    0.09    0.01    0.03    0.03    0.82    3.14    1.98    1.70    3.93    0.14    1.01    0.05    0.08    0.45    0.77
PSATCBI    -17.99  -48.54    1.76   19.21    4.18    0.09    0.00    0.03    0.32    0.18    0.00    0.00    0.00    8.80    3.11    9.94    8.68   11.88   10.28   16.24   16.87   22.38   31.93   19.59   11.93   24.15   25.03   24.08   14.43   10.29    6.21   13.71   16.20   32.31   32.91   26.52   16.90   14.41    2.22    0.00    0.00    0.15    4.16    2.95    0.38    0.79    4.93
PSATCBIV   -16.15  -48.67    0.42   12.64    6.61    0.01    0.00    0.00    0.36    0.11    0.00    0.00    0.00    2.05    4.63   16.88    7.19   13.58    9.95   15.09   15.16   19.60   23.76   15.80    6.33   13.26   17.03   35.82   15.64    6.63    4.84   11.96    8.84   22.78   37.22   27.76   11.71    9.05    2.27    0.00    0.00    0.02    4.14    3.28    0.69    0.84    8.27
PSATEMB    -18.45  -47.98    8.99   13.78    5.54    0.00    0.00    0.03    0.02    0.08    0.29    0.22    0.17    1.48    2.44   11.47   10.85    2.19   14.65   16.44   18.63   21.65   39.15   34.01   21.30   30.18   21.17    8.16    9.99   12.72    7.25   16.61   18.89   22.59   29.99   19.48   17.35   11.26    1.86    0.01    0.42    0.48    2.63    1.58    0.59    0.25    1.81
PSATIMBR   -18.42  -49.10   12.99   22.51    4.28    0.31    0.01    0.01    0.14    0.16    0.33    0.02    0.27    5.19    5.59    8.22   17.34    2.85    7.00   14.82   16.10   29.85   41.03   12.74    8.09   27.78   15.25    5.67    6.25    6.75    8.15   16.67   24.93   15.74   23.56   23.13   26.77   15.01    0.39    0.11    0.12    0.41    2.68    1.55    0.46    0.80    3.65
PSATNPTE   -19.13  -47.70    6.08   11.19    8.55    0.03    0.00    0.01    0.00    0.12    2.71    3.70    2.04    1.46    7.93    3.80   11.63    1.09    3.29    9.36   15.22   19.21   31.06   24.40   10.12   28.17   12.98    5.12   10.46    6.96    9.25   18.90   26.85    8.66   13.87   19.18   14.57   11.44    0.26    0.03    0.23    0.59    1.83    1.65    0.37    0.41    1.43
PSATARV    -18.07  -50.16   10.25   13.33    6.38    0.98    0.23    0.09    0.50    0.38    0.94    0.51    5.52    8.46   11.10   14.47    7.66    4.85    5.61   10.94   12.64   16.20   24.68   21.05    6.63   14.69    7.96    4.34    7.41    3.85   13.25   22.75   30.61   16.03   25.78   23.27   14.31   10.40   13.22    0.27    0.01    0.14    2.12    1.80    1.16    8.15    4.52
PSATSFC    -18.05  -47.68    5.19   13.14    2.57    0.01    0.00    0.00    0.21    0.08    0.02    0.00    0.00    5.26    3.48    7.27    7.73   16.28   18.14   17.39   18.97   21.19   30.07   20.96   21.42   39.38   37.20   18.59   10.31   10.92    6.69   13.61   11.79   32.82   38.70   23.89   16.12    5.81    1.88    0.03    0.01    0.33    2.75    1.84    0.26    0.37    3.43
PSATSSM    -19.02  -50.50   29.24   17.01    6.29    0.75    0.03    0.07    0.13    0.18    1.60    0.11    8.63    9.90   13.40    5.59   13.44    2.87    2.91    7.69   10.98   17.78   33.79   10.61    4.63   12.80    6.58    2.96    4.42    5.92   12.18   22.63   16.70    9.97   15.67   22.81   19.55   10.65    6.74    0.05    0.04    0.44    2.02    1.49    0.94    3.46    2.37
PSATCNI    -22.94  -50.52   32.13    8.02    3.02    7.86    0.20    1.77    1.90   10.41    1.44    2.27    1.04    0.70   10.52    2.54   16.69    1.32    0.00    0.07    0.53    2.29    6.53    1.13    0.21    0.64    2.75    2.00    1.75    3.05   11.83    4.21    0.04    0.03    0.04    2.29   14.67   21.11    5.19    2.32    0.98    0.17    0.73    0.17    0.20    0.70    1.39
PSATCPV    -22.65  -51.33   27.54    9.08    1.55    5.87    1.02    1.56    1.86   15.42    1.47    0.62    0.51    0.68    7.66    1.54   21.09    1.24    0.03    0.03    0.25    1.04    2.82    1.03    0.14    0.05    1.37    1.38    1.91    2.97    8.70    3.99    0.02    0.07    0.02    0.03    8.23   18.00    7.48    1.92    1.57    0.15    0.25    0.16    0.22    0.53    0.74
PSATCHT    -23.01  -49.73   20.93    2.99    0.48   11.23    1.88    2.04    2.08   20.73    3.25    0.82    1.55    0.36    3.88    3.69   13.78    0.85    0.04    0.00    0.10    1.49    4.60    2.02    0.04    0.09    2.49    1.39    2.60    4.89    4.56    2.66    0.16    0.40    0.10    0.12   11.48   20.75    8.17    1.98    2.23    0.08    0.18    0.07    0.29    1.18    1.01
PSATJUR    -23.22  -49.23   23.11    1.42    0.74    9.24    0.44    1.45    1.73   11.19    3.33    0.99    1.40    0.35    3.87    3.13   12.13    0.73    0.39    0.12    0.11    1.67    7.21    1.92    0.46    1.51    3.60    5.91    3.21    4.28    8.70    1.68    1.43    2.02    1.06    5.78   16.37   28.62    7.57    2.15    1.46    0.16    0.41    0.10    0.44    1.18    2.53
PSATMAU    -24.06  -50.71   24.89    3.90    1.04   10.42    4.35    3.01    3.50   19.89   15.54    1.88    3.88    1.76   11.00    2.03   19.88    1.18    0.18    0.01    0.16    0.56    4.89    1.20    0.00    0.02    1.07    1.34    7.21    2.59    4.36    1.24    0.01    0.18    0.21    0.03    4.32    8.56    6.07    1.46    3.26    0.82    0.38    0.24    0.36    0.95    2.16
PSATROS    -22.50  -52.87   21.81   10.85    1.81    9.17    0.55    2.19    0.89   14.51    1.39    0.16    0.70    0.86   14.50    0.75   25.36    0.38    0.11    0.00    0.22    0.45    2.00    0.43    0.12    0.01    0.18    0.49    1.12    1.60   10.31    3.74    0.32    0.00    0.00    0.34    4.97   11.51    3.28    1.77    1.24    0.17    0.17    0.06    0.09    0.12    0.20
PSATQMD    -16.21  -47.33    2.22    9.49    1.52    0.00    0.00    0.01    0.21    0.01    0.00    0.00    0.00    0.02    4.71    5.80   11.76   26.25   12.30   17.73   16.37   13.53   28.59    3.36   16.78   26.64   16.27   29.89    3.16    7.51   10.54   11.23    9.12   29.21   38.07   31.98   13.31    2.58    0.17    0.12    0.02    0.24    3.22    0.89    0.24    0.69    4.26
PSATRBX    -18.95  -44.76    6.78    9.43    0.67    0.00    0.00    0.00    0.02    0.38    4.19   16.02   12.36    6.91   14.86   15.40   18.06   12.46    6.52   29.53   11.49   15.90   13.93   24.44   16.05   19.15    7.41    1.02    2.67    6.11    8.58   27.19   30.11   21.68   14.36   11.79    1.74    0.73    0.13    0.11    0.68    1.08    0.89    0.33    0.22    0.54    0.65
PSATSFR    -15.93  -44.86    4.38   10.40    0.99    0.00    0.00    0.02    0.05    0.00    0.00    0.00    0.00    0.00    1.66   14.55   19.14   25.24   20.57   16.39   25.83    7.89   25.43    4.99   14.66   20.63   42.46   51.71   15.42   13.81   13.03    6.95   10.93   21.35   39.67   23.23    4.90    1.02    0.11    0.18    0.03    0.62    2.52    1.91    0.25    0.36    2.10
PSATSRM    -16.37  -45.07    7.75    9.34    0.73    0.00    0.00    0.01    0.03    0.22    0.35    1.30    1.35    0.97    4.00   13.03   26.05   19.46   16.78   19.88   13.48    7.85   20.08   17.80   17.32   19.65   16.64   12.41   12.81   12.77   11.51   15.40   21.07   52.35   38.61   13.37    4.60    0.58    0.30    0.07    0.15    0.49    2.25    1.03    0.27    0.49    1.43
PSATTMR    -18.16  -45.27   11.85   11.05    3.45    0.01    0.00    0.07    0.00    0.11    7.32   10.73   14.73    7.61   10.25   11.72   17.13    7.23    6.29   30.92   25.02   19.01   29.88   31.15   20.54   31.96   20.54    4.16    6.23    8.12   12.13   17.96   38.99   16.88   17.28   24.08   10.13    4.96    0.36    0.09    0.33    0.86    2.08    0.79    0.22    0.20    1.71
PSATBOQ    -11.35  -43.83    2.07    1.69    0.58    0.27    0.00    0.08    0.05    0.02    0.02    0.03    0.01    0.00    0.03    5.09   10.93    9.40   19.39   15.52    1.33    0.96    0.17    0.78    6.48   14.90   17.84   13.86    8.44    8.07   15.51   15.66   19.01   14.33   11.82    3.46    0.21    0.20    0.00    0.20    0.02    0.00    0.03    0.17    0.38    0.24    7.05
PSATBBO    -22.52  -48.55   15.38    8.45   11.47    4.50    0.00    0.17    0.96   15.57    0.78    5.67    3.96    1.42    5.57    2.61   16.88    2.37    0.21    0.12    0.69    9.61   20.49    3.92    1.67    7.46    9.43   11.24    1.51    4.55   14.24    8.77    0.29    0.45    0.33   10.85   25.49   20.57    4.44    1.81    0.64    0.23    0.47    0.17    0.20    0.35    1.84
PSATESZ    -23.46  -46.91   24.17   11.84    6.84    3.69    0.00    0.04    1.64   13.41    2.79    5.38    1.37    1.20    2.81    5.70   15.56    4.97    2.02    1.74    0.90    8.87   33.77   11.89    2.75   20.11   20.66   12.13    2.40    4.30   17.89    9.07    1.51    3.58    2.75    3.98   28.86   20.79   11.96    0.92    0.72    0.43    1.18    0.06    0.45    0.37    1.03
PSATIBT    -21.76  -48.99   22.26    9.86    6.80    7.31    0.01    0.91    2.10    9.37    3.16    9.08   11.91    0.84   10.20    2.77    7.62    0.86    0.01    0.16    0.66    7.36   13.38    1.16    0.58    2.75    4.99    6.89    2.50    4.32    9.77    5.97    0.05    0.00    0.01   12.52   17.89   17.26    2.94    2.11    0.91    0.12    0.38    0.15    0.13    0.60    1.30
PSATNAV    -21.12  -50.20   24.73   17.56    4.19    4.58    0.00    0.94    0.24    6.92   12.65    9.78    7.53    3.18   14.99    2.26   13.16    0.56    0.03    0.28    1.36   11.45    7.94    1.03    0.68    1.76    3.26    2.26    1.94    4.49   14.45   14.36    0.53    0.00    0.05    7.61   20.62   11.19    8.13    1.93    0.44    0.14    0.38    0.07    0.12    0.66    1.18
PSATSME    -13.40  -48.30    5.79    9.97    3.76    0.55    0.49    0.29    0.24    0.10    0.10    0.15    0.00    0.14    1.00   15.09   12.83   10.24   18.50   15.62   15.40   12.46   26.45   15.87   11.90   16.82   22.08   62.38   14.94    9.02    5.28   11.99    8.10   17.79   37.32   27.73    6.97    2.75    0.81    0.00    0.00    0.03    1.68    2.68    0.51    5.09   12.95
PSATBGR    -27.78  -51.20    1.81    1.31    0.92    0.67   22.51   60.03    4.96    0.49    0.37    4.87    4.66    1.26   10.49    1.98    0.91    0.85    0.24    0.25    0.01    1.01    0.76    0.30    0.46    0.16    0.06    0.56    3.55    7.68    8.63    0.00    0.11    0.01    0.61    0.51    0.04    0.85    7.25    1.23    1.84   12.90    1.08    0.27    1.19    6.74   12.64
PSATCNV    -27.60  -51.33    8.28    8.22    2.35    0.48    9.25   36.67   21.32    0.91    1.02    4.52   14.34    1.54    7.16    2.80    3.85    1.53    0.41    0.12    0.11    0.34    0.76    0.41    0.35    0.48    0.45    1.77    4.37    3.84    7.79    0.01    0.14    0.03    0.78    0.48    0.05    3.26    4.78    0.91    1.34   10.95    1.26    0.03    3.01    5.56   13.50
PSATFCH    -27.14  -53.04    0.96   11.38    2.89    3.56   12.69   56.82    5.57    0.26    1.25   19.80    8.61    5.66   28.87   14.87    1.16    0.04    0.00    0.02    0.01    0.11    0.02    0.01    0.02    0.03    0.02    0.29    1.75    9.84    4.84    0.00    0.00    0.00    0.00    0.05    0.00    0.44    0.20    1.01    0.66   10.47    0.03    0.09    0.00    0.08    2.03
PSATITA    -27.27  -52.38    5.71   11.50    3.62    0.79   10.09   37.13   16.23    0.07    1.46   10.38   18.38    2.78   14.35    6.97    7.57    0.29    0.16    0.00    0.02    0.02    0.38    0.14    0.05    0.25    0.12    0.59    2.60    5.51    6.35    0.01    0.03    0.01    0.06    0.04    0.00    3.90    2.32    1.27    1.39   11.13    0.06    0.30    0.15    1.85    4.16
PSATMCD    -27.52  -51.78    0.98    1.95    1.56    0.83   25.22   46.40    3.89    0.03    0.24   22.75   20.76    2.05    8.40    4.26    0.27    0.13    0.09    0.00    0.00    0.08    0.02    0.02    0.15    0.04    0.00    0.37    1.49   10.23    5.43    0.00    0.02    0.00    0.00    0.00    0.00    0.21    0.44    0.79    0.24    4.39    0.05    0.02    0.03    6.33    4.43
PSATMOJ    -27.35  -52.73    0.12    1.87    2.87    2.22   36.55   48.20    0.41    0.11    0.67   25.20   16.75    6.20   27.99    9.22    0.04    0.08    0.02    0.02    0.14    0.16    0.05    0.01    0.14    0.04    0.01    0.30    1.30    9.57    5.13    0.00    0.00    0.00    0.00    0.00    0.00    0.29    0.21    1.54    0.69    9.87    0.08    0.81    0.05    0.03    3.57
PSATQQX    -26.66  -52.54    4.21   24.23    3.60    2.94   11.38   39.76   33.02    3.91   11.75   14.12    5.41    4.43   12.29    5.57   13.08    0.02    0.10    0.05    0.00    0.07    0.46    0.08    0.02    0.32    0.01    0.85    5.10    3.97    8.42    0.02    0.05    0.00    0.00    0.03    0.00    4.53    1.60    1.63    1.56   10.65    0.21    0.20    0.06    1.24    4.71
PSATPSJ    -28.14  -55.05    0.45    0.00    6.54    2.96   65.59   24.61    0.00    0.00    0.28   23.76    2.42   20.71    6.43    1.77    0.00    0.00    0.00    0.00    0.19    0.23    0.05    0.16    0.02    0.05    0.00    0.66    0.18   22.86    2.13    0.00    0.00    0.00    0.00    0.01    0.00    0.00    0.23    0.60    1.88    5.10    0.60    0.11    0.03    0.13   12.93
PSATESP    -18.68  -51.87   10.20    4.80    2.20    1.40    0.18    0.57    0.18    1.21   11.35    4.13    8.67    4.46    5.29   13.93    7.93    1.62    4.23    7.37   10.83    3.25   14.74   10.77    3.16    6.90    1.69    4.24   11.11    2.90    9.12   17.33    4.43    1.50    0.79   15.66    9.80   13.58    3.02    1.77    0.09    0.09    0.06    2.26    0.37    4.97    1.46
PSATSRC    -19.16  -50.76   13.61   12.03    4.11    1.21    0.20    0.25    0.20    0.27    6.13    9.53    5.39    5.94   13.89   14.72    8.27    2.34    4.55    7.65   14.23    7.72   19.86    9.21    4.32    5.15    2.77    4.66    6.50    4.73   12.39   30.63    5.71    1.62    1.42   15.31   13.05   13.08   11.34    5.85    0.10    0.20    0.23    1.27    0.27    8.90    2.51
PSATFRCL   -19.12  -50.64   15.07   16.66    5.81    1.30    0.24    0.27    0.45    0.10    3.73    5.66    9.66    7.21   15.50    9.90    6.16    3.81    6.16   10.61   16.85    9.05   16.76    7.66    4.39    7.15    4.71    3.94    7.06    4.58   14.99   34.93   11.94    3.31    4.14   15.75    8.63    8.54   14.72    5.04    0.12    0.10    0.36    2.03    0.66    7.06    3.01
PSATISOT   -20.40  -51.35   29.28   18.05    8.37    1.61    0.03    0.42    0.26    1.40    2.94    5.70   13.52   12.60   12.90    5.83   15.26    0.61    0.79    1.02    4.61   12.62   22.66    2.08    1.29    1.56    1.79    1.80    2.16    5.35   14.12   28.77    2.94    0.28    0.79    6.01   21.15    9.63   10.37    2.73    0.09    0.31    0.57    0.26    0.08    2.06    0.93
PSATJUP    -20.86  -51.63   25.81   19.23    8.07    2.57    0.05    0.39    0.18    0.53    5.05    9.39   12.10   14.04    3.93   10.90   11.41    2.18    4.62    2.54    4.72   11.11   21.92    2.09    1.46    0.86    0.74    1.20    2.82    4.29   15.33   17.75    1.86    0.51    0.79    5.60   14.38    6.63    5.78    7.08    0.13    0.09    0.19    0.33    0.03    4.61    1.50
PSATSDG    -20.06  -53.18   20.82    8.54   16.73    3.93    0.34    0.16    0.16    0.34    7.56    1.86   14.93    3.80    0.96    6.20    5.48    3.32    9.57    2.37    5.34    8.08   15.52    1.82    1.68    0.58    0.53    0.27    4.03    2.63   20.88   13.71    2.46    0.39    0.26    2.69    5.75    2.48    4.16    8.51    0.02    0.02    0.19    0.19    0.04    5.76    0.84
PSATFZBT   -21.66  -52.87   12.08    3.15    4.48    6.60    0.70    0.59    0.50    7.62    3.04    1.44   24.66   15.07   11.80    0.75   12.28    1.56    6.63    0.68    1.43    2.88    2.91    1.05    0.88    0.15    0.29    0.64    2.26    2.74   16.32    7.15    1.27    0.02    0.02    0.20    4.10    5.82    2.59    2.54    0.64    0.21    0.01    0.10    0.07    4.25    2.35
PSATPPRA   -22.46  -52.91   22.88   17.71    4.34    7.27    0.06    0.54    0.26    8.49    1.61    0.88    5.31    8.37    9.61    2.17   19.54    0.43    0.34    0.16    0.65    3.01    3.41    0.91    0.32    0.25    0.58    1.02    1.21    4.84   11.01   10.24    0.76    0.00    0.05    1.01    7.54   14.20    6.34    2.84    0.79    0.19    0.24    0.06    0.05    2.71    0.68
PSATBTE    -13.69  -50.80   16.77   13.94    6.36    1.58    0.73    0.33    1.16    4.05    4.38    0.99    0.27    0.65    3.42   15.56   12.19    4.74   13.31   17.71   13.71   13.67   23.00   19.96    9.40   19.62   12.01    6.27    9.92   10.17   13.33   21.92   28.84   16.47   30.56   26.86   12.25    8.70    8.14    0.19    0.08    0.02    0.18    1.82    2.23    7.90    3.53
PSATARAG    -8.27  -49.26   10.84   12.81    7.24    1.97    0.32    0.23    2.81    1.95    1.94    0.52    0.91    2.16    7.55   10.65   17.75    9.71   14.81   18.34   15.91   15.77   16.97   17.13   17.07   13.91   20.44   16.26    7.09   13.94   14.86   17.36   15.44   22.57   23.65   22.06    7.85    6.00    3.62    0.09    0.23    0.03    0.04    0.61    5.03   10.55   12.36
PSATLAJ     -9.76  -48.37   20.69    8.28    2.72    1.01    0.07    0.46    0.27    0.16    0.97    0.47    0.01    0.35    2.12   11.55   14.71   15.64   19.99   20.34   10.67   15.85   16.78   14.52   12.75   18.08   20.73   26.31    9.70   13.93   13.10   11.01   11.84   18.92   28.16   26.09    4.58    0.75    0.04    0.07    0.05    0.02    0.20    0.56    2.50    5.76   13.60
PSATPTRL    -9.31  -47.39   12.30    7.50    2.33    0.93    0.01    0.22    0.73    0.48    0.47    0.45    0.01    0.34   10.81    7.51   17.58    4.33   21.15   24.77    8.15    6.53    3.82   11.67   19.53   19.33   26.51    3.53    3.41    9.78   17.44   15.23    7.82   10.85   22.63   18.50    6.61    0.14    0.01    0.02    0.01    0.00    0.01    0.36    3.33    3.50   10.78
PSATLJET    -7.33  -47.48   15.63    6.78    1.69    0.70    0.07    0.25    0.91    1.27    0.23    1.21    0.13    1.53   14.32    6.10   11.19    3.52   10.27   14.18    6.41   13.98    4.83   21.32   11.69   29.73   17.77    0.85    3.71    3.91   13.75   14.11    8.83    9.99   25.52    7.02    4.41    0.25    0.05    0.33    0.06    0.06    0.55    2.47   10.44    6.82    6.64
PSATUCR     -3.83  -49.65    5.81   11.38    8.39    1.45    0.54    0.31    0.83   10.76    1.16    2.46    0.84    2.03   11.63    8.38   11.36    4.13    7.36   11.34    5.89    7.90   13.99   18.96   18.67   35.98   13.10    2.90    6.63   10.53   10.07   11.52   10.58   19.95   39.95   16.45   10.78    3.63    4.00    1.66    2.31    2.42   12.50    3.67    9.55    7.70    6.81
PSATXIVJ   -29.07  -51.67    0.80    0.65    0.60    0.81   49.87   70.38    0.19    0.03    0.04    6.88    1.52    1.90   13.18    0.31    0.05    0.14    0.02    0.01    0.00    0.03    0.00    0.01    0.22    0.00    0.00    0.27    1.50   11.25    6.38    0.00    0.00    0.00    0.00    0.02    0.00    0.00    2.75    1.24    0.75    5.63    0.26    0.21    0.29   12.24   10.28
PSATDFRC   -29.45  -53.28    0.34    0.00   11.72   12.71   74.48    9.11    0.18    0.08    0.00    8.83    1.09   11.29    5.83    0.09    0.10    0.00    0.00    0.00    0.09    0.37    0.02    0.17    0.11    0.00    0.00    0.86    0.09   14.94    2.62    0.00    0.00    0.00    0.01    0.00    0.00    0.00    0.53    1.43    4.43    1.20    0.89    0.55    1.12    1.87   20.10
PSATREAL   -29.02  -53.19    0.99    0.03    5.22    6.45   60.35   37.56    0.05    0.02    0.01    7.97    1.68   15.25    9.57    1.10    0.02    0.00    0.00    0.00    0.14    0.23    0.04    0.03    0.11    0.01    0.00    0.11    0.38   19.41    3.81    0.00    0.00    0.00    0.00    0.02    0.00    0.01    0.34    0.60    2.30    4.20    2.55    0.37    0.21    1.39   12.81
PSATCTAV   -29.01  -51.39    1.35    0.25    1.82    0.98   37.84   83.44    1.49    0.79    0.39    1.33    1.24    1.53   14.85    0.22    1.38    0.20    0.00    0.06    0.30    0.53    0.90    0.47    0.58    0.17    0.02    0.40    3.60    6.69   16.21    0.00    0.09    0.08    1.17    0.18    0.01    0.09    5.09    1.14    1.57    3.66    1.68    0.38    1.14   11.63   12.27
PSATERNT   -28.56  -52.54    0.33    0.33    1.21    2.13   45.12   42.26    0.07    0.00    0.22   17.98   10.62    3.89    8.42    3.11    0.00    0.02    0.00    0.00    0.02    0.02    0.00    0.01    0.14    0.02    0.00    0.12    1.39   16.49    3.95    0.00    0.00    0.00    0.00    0.00    0.00    0.11    0.26    1.42    0.44    6.09    0.37    0.44    0.03    0.63    4.41
PSATSTPL   -27.14  -49.52   16.86    8.93    2.39    0.14    3.23   22.80   29.08    1.99    2.14    3.58    6.21    3.02    4.33    2.09    3.80    1.23    0.41    0.46    0.33    0.72    1.80    1.09    0.79    0.94    1.98    3.94    7.50    1.62   11.57    0.10    0.11    0.01    2.36    1.04    0.32    2.69    4.24    0.78    2.31    9.96    0.85    0.73    1.16    4.32   19.97
PSATCVCH   -25.14  -48.87   14.35    7.42    0.30   10.10    1.36    1.52    4.61    4.81    7.46    1.65    3.95    0.67    9.28    2.78   23.94    0.89    1.77    0.64    0.70    1.30    2.93    2.38    0.23    0.26    2.61    6.01   24.38    2.01    9.19    0.95    1.10    1.89    3.88    0.24    4.21    8.61    8.70    0.76    2.78    1.40    2.29    0.06    0.27    2.56    5.86
PSATAMY    -12.60  -69.12    8.88   11.38   10.18    7.67    6.79   10.37    9.65   14.21    9.47    7.63    3.74    4.57    6.36    3.81    5.42   17.98    3.19    3.14   10.48   14.18   16.92   10.75   21.01   20.89   23.59   22.67    8.29    7.11   23.84   33.57   22.85    8.89    6.68    1.29    2.20    3.50    4.28    7.97   13.51   12.02    4.60    7.58    1.30    5.96    8.42
PSATGJR    -10.73  -65.35   13.59    6.16    5.02    4.25    3.49    7.85   14.22    6.22    4.37    5.42    3.05    2.51    6.73    6.25   23.86    4.63    1.44    2.71   11.11    8.55    9.37    4.99   10.86    7.12    8.44   15.05    7.18    5.54   24.39   19.12    5.47    0.32    0.24    0.24    0.28    0.19    0.61    4.76    4.28    1.33    4.58    1.19    0.41    1.66    2.08
PSATPRNC   -12.43  -64.43   16.67   13.47    6.19    1.91    3.07    2.50    5.59    1.85    5.89    4.67    2.50    4.60    2.86    1.07   18.33    4.67    8.04    6.86    6.14    3.32    9.39    5.29    8.99    8.47    5.71   13.51    4.94    1.23    6.14   14.57    3.10    0.15    0.41    0.04    0.06    0.03    3.03    4.54    2.53    2.44    2.18    0.73    0.06    3.97    2.73
PSATSANT    -8.87  -63.97    8.92   11.36   13.87   12.79   15.19   17.65    6.28   10.32    5.39    8.88    7.80   10.21   11.61    2.89    1.97   12.23   12.05    6.16   12.54    8.40   10.48    2.87    8.93   19.78    3.03   17.62    4.69    6.80    7.92    2.04   16.14    1.95    0.12    0.25    1.02   10.12    8.03   15.59    6.30    2.01   14.34    4.77    0.82    2.51    5.67
PSATDARD   -10.16  -59.46   18.00   14.26    8.04    9.89    8.73    2.95    3.85    2.94    3.09    1.33    7.52    0.89    7.27    6.43    1.62   11.36   10.93    8.58   11.76   11.16   18.58    5.69    8.60    6.80    2.20    9.77    4.80    2.36    5.49   10.86   11.57   29.95   15.12    0.23    1.38   29.85   14.00   23.18    1.25    1.67    8.30    2.64    1.63    3.96    1.08
PSATGUAP   -15.12  -58.96    7.55    6.30   11.90    2.11    1.47    1.93    0.65    0.32    0.45    0.87    0.48    1.08    0.70    0.44    3.40    1.82    8.62    6.62    4.61   10.07    6.85    7.37   11.08    5.49    3.14   21.97    2.32    1.75    2.69   10.10    9.06    1.01    1.16    0.00    1.65    0.06    3.54   12.54    1.10    0.24    2.26    0.00    0.03    1.77    2.17
PSATJIRA    -9.25  -64.65   10.60   10.46    8.98    4.25    5.82    9.36   10.34    8.70    6.11    9.22    5.90    4.07    3.93    3.89   15.93   16.34    2.52    3.53    7.62    8.76    9.57    6.91   15.74   13.76    8.74   15.34    8.17    2.62   13.49   16.49   17.37    4.15    2.15    1.25    1.21    1.23    2.42    8.38   12.35    6.74    5.17    1.78    0.41    2.41    2.56
PSATROND   -11.99  -60.70   18.47    9.17   14.29    3.43   11.12    3.37    5.42    0.57    8.77    1.00    1.01    1.01    2.42    0.38    4.75    6.62    2.49    4.76    8.99    6.30   14.14    8.87    6.61    5.95    5.26    5.58   18.05    8.41    2.35    5.86   14.34    2.26    2.32    0.00    0.00    0.64    1.71   15.75    1.10    1.31   15.29    2.87    0.64    3.20    1.74
PSATSAMU    -8.75  -63.45    5.67    8.19    5.50   15.12    3.59   13.84    2.14    8.12    5.41    6.32    3.46   22.19    2.40    2.40    7.87   17.20   10.84    2.62   13.74    5.89   18.05    5.68   10.01    8.61    0.67    9.61   11.25    5.59    6.17    3.46   14.14    0.34    0.40    0.15    0.24   14.23   12.10   18.14    2.57    9.19    3.06    2.52    0.30    7.00    5.68
PSATBALB    -1.92  -59.47    5.64    9.17    3.21    7.07   13.48    7.19   11.47    7.80    4.62   23.25    4.29    0.55   14.44    5.55    1.89    2.14    6.54    5.77    6.59   12.34    5.73   12.70    8.35   12.77   19.50   11.76   21.23    5.42    1.26   11.77    6.70   10.25    5.40   13.27   12.26   10.97   22.18   19.51   16.71    7.79    1.79   16.13   25.65   26.24   20.79
PSATCUNA    -2.82  -54.30    2.92    4.64    5.69    5.62    3.98    0.46    0.38    6.80   13.79    6.98    4.81    7.57    4.12    1.25    1.70    5.58    1.61    1.16    4.58    2.89    3.28    4.70    3.98   13.74   22.81    7.26    9.13    4.89    1.21    2.22    4.97   17.62   14.10    6.39    6.09    3.93   11.04    1.58    3.41    1.56   20.84   15.32    7.69    7.73    1.59
PSATJARI    -0.65  -52.52    5.20    2.33    3.72   17.01   19.00    5.39    5.56    9.07   19.16   10.97    0.76    3.70    8.54    5.06    2.16    2.80    2.02    1.89    2.82    4.11    3.25    5.82    3.26    5.19   11.48    5.30    3.81    8.33    2.22    4.76    4.23   10.61   11.21   10.91    6.90    7.53    2.44    4.22    3.63    8.62    8.91    8.79   12.91   11.80    6.44
PSATFGOM     0.86  -51.20    6.52    4.90    7.70   19.28   22.19   10.87    8.38   10.45   15.97    5.93    2.66   13.22    7.29    4.77    2.79    3.57    2.30    2.53    5.44    8.55    6.99    7.76    9.17   10.94   11.10    9.10    7.74   10.19    5.37   12.26    6.56   11.69    7.80   15.81    6.27    7.49    2.04    6.95    3.89    6.39   12.96   10.82   15.99   11.84   12.87
PSATUBE     -6.75  -43.57    3.27    5.39    0.88    1.30    0.12    0.06    0.76    0.37    0.26    0.29    0.03    0.02    4.51   17.90   10.50    8.88   12.23    8.15    6.02    2.67    0.96   13.65   11.37   18.45    9.99    4.32    4.90    4.92    9.55    7.29   17.21   16.75   12.39    2.31    0.26    0.16    0.09    0.25    0.01    0.04    1.03    1.86    1.70    4.37    6.56
PSATBSOR    -6.74  -52.00   14.52   14.11    8.25    2.83    0.70    0.42    1.33    3.91    2.25    2.16    0.54    4.58    6.65    5.64    7.38    8.71   11.07   14.08   20.93   11.24    8.45   24.63   15.96   13.09   22.32   12.77    6.28    7.33    8.79   19.44   16.69   17.00   15.23   24.68    9.19    6.96   12.54    0.60    0.51    0.07    1.84    1.11    4.33   11.98   15.70
PSATBESP    -6.75  -51.77   11.24   12.47    6.41    1.62    0.75    0.77    1.22   12.23    2.01    9.28    0.70    9.36   12.42    6.98   12.16    3.75    8.22   21.37   24.57    5.06    5.95   15.50   20.71    9.81   18.55   10.84    2.54   12.08    8.27   11.09   16.11   20.39   19.61    9.63    1.45    3.84    0.87    1.07    0.82    0.37    8.12    2.43    5.82    5.42   16.91
PSATPIME    -3.41  -51.91    8.03   10.58    9.20    9.48    1.83    0.73    0.53    4.12    7.79    7.30    5.91    9.08   10.30    6.93    4.44    7.00    8.91    9.28   16.72    7.39    4.77   17.28   18.24   18.33   24.05   10.08    7.58    9.44    4.54    8.81   11.82   19.01   16.71   21.10    8.29    6.42   16.76    7.01    4.16    4.66   12.38   13.60    5.26   11.79   18.17
PSATIRAP   -16.74  -42.57    1.80    1.96    0.00    0.01    0.00    0.00    0.00    0.04    0.00    0.01    0.93    1.85    2.85   16.42   27.64   23.49   26.55   11.65    4.48    0.29    0.41    1.04    2.72    4.48    9.45    7.05   17.48    9.96    9.08   20.55   23.59   57.87   40.34    0.78    0.13    0.03    0.18    0.08    0.00    1.06    1.74    0.38    0.13    0.91    0.62
PSATITBI   -15.97  -39.59    1.31    0.21    0.05    0.29    0.01    0.09    0.00    0.06    0.09    0.08    0.07    1.59    2.41   17.31   10.08   21.93   17.38    5.41    2.55    0.47    0.20    0.25    1.32    4.73    8.69    7.53   14.50   17.08    3.54   10.27   21.48   40.61   16.52    0.40    0.11    0.23    0.45    0.09    0.11    2.32    2.28    0.60    0.27    0.22    0.30
PSATCOLI   -10.98  -55.77   31.86   12.71   16.53    5.44    1.03    0.94    0.98    1.52    1.69    1.13    0.06    1.96    4.43    2.31    4.33    7.27    8.99   17.95   21.49   11.16   14.43   18.36   18.23   12.53   23.57   18.78    8.61   10.37    6.11   15.59   13.89   14.37   27.01   25.36    8.44    4.41   14.22    1.37    0.12    0.02    0.03    0.10    1.85    8.92    5.11
PSATSAEL    -9.19  -57.04   10.61   11.97   17.29   11.47    1.72    0.86    2.45    0.79    3.51    1.73    2.23    1.64    7.75    5.55    5.17   13.90   14.96    9.97   21.92    8.00   11.35   27.85   20.87   10.57   38.34   12.48    8.41    4.58    6.87   26.18   24.36   17.64   14.25   28.42   17.94    5.07   27.65    2.21    0.77    0.15    6.90    6.72    4.71   14.19   10.04
PSATITQ    -17.09  -54.83   26.65    2.39    6.35    2.00    0.69    0.36    0.28    0.66    7.00    0.24    2.11    0.06    9.26   11.82   10.78    3.33    9.51    5.79   10.25    8.15   17.89    9.74    2.97    2.44    3.76    3.38    7.75    4.68   14.70   19.02   18.65    3.20    3.20    6.68    8.92    4.37    5.84    1.78    0.07    0.01    0.01    0.92    0.14    2.02    1.17
PSATJAU    -15.24  -58.73    8.45    6.26   10.40    2.33    1.67    1.41    0.65    0.48    0.56    1.23    0.64    0.62    0.47    1.44    5.88    1.44    9.44   10.05    7.32   11.54    8.94    8.17   11.89    4.53    3.25   20.02    4.06    2.07    2.98    8.75    9.88    1.56    1.08    0.06    1.40    0.11    3.54   14.26    1.63    0.18    1.73    0.00    0.01    0.74    1.98
PSATMAN    -14.87  -55.78   23.87    4.28   13.86    2.61    1.50    0.51    0.51    0.44    5.23    3.83    0.05    0.01    4.40    1.93   16.38    2.88    5.89    6.66   10.54   20.97   15.54    9.26    9.11    8.81   11.58    3.06    6.38    6.82    3.06   24.14   12.12   15.76   21.24   23.66    7.39    5.34    6.21    1.13    0.00    0.01    0.00    0.02    0.04    3.17    0.89
PSATPTP    -17.61  -54.83   19.01    4.03    3.61    1.22    0.42    0.17    0.20    0.62    2.78    0.41    3.99    1.38   18.00    9.70    8.82    2.18    9.38    6.68    8.21    8.29   16.53    6.92    3.16    5.70    3.65    3.38    6.55    3.87   13.69   16.56    8.41    3.11    0.92    2.72    9.86    3.08    3.37    3.82    0.00    0.00    0.01    0.25    0.07    1.98    1.44
PSATSTCL   -17.90  -40.20    1.42    0.00    0.00    0.20    0.01    0.00    0.00    0.03    0.05    0.01    0.01    2.38    0.65   27.04    2.84   25.08   22.55    7.70    2.85    0.42    0.19    0.09    0.75    3.51    3.47    3.33    1.13   16.25    1.55   10.90   45.11   40.63   16.19    0.92    0.11    0.05    0.89    0.72    0.02    2.87    3.10    1.00    1.31    0.09    0.28
PSATPDC    -12.58  -39.00    0.46    0.52    0.60    0.61    0.36    0.50    0.05    0.53    1.15    1.10    0.44    0.32    0.21    1.42    1.03    1.71    0.36    1.58    1.03    0.45    0.07    0.08    0.84    4.80   11.99   14.17    9.30    6.34    1.10    0.52    0.61    0.75    0.89    1.02    1.71    0.27    2.94    1.98    0.83    0.78    0.75    0.48    0.33    0.24    0.03
PSATROSA   -20.92  -41.72    8.43   10.57    0.16    0.04    0.00    0.00    0.15    4.00   13.73   17.96   13.54   17.97   14.26   23.03    6.53   46.47   42.42   28.87   12.74   12.14    0.63    5.23    3.86    2.35    2.14    1.01    3.13    2.91    6.58   21.80   51.91   18.78   20.13    2.11    2.22    0.31    0.34    0.19    1.07    0.89    1.90    0.18    0.34    0.42    0.97
PSATCAN    -20.21  -42.85    2.04   15.03    0.66    0.07    0.00    0.01    0.25    6.89   10.58   13.58   16.91   15.84   12.27   17.97   20.36   27.66   20.13   35.55   10.13   11.30   12.05   18.83    5.72   24.84    2.52    1.70    0.68    3.61    4.58   29.72   26.32   13.90   13.43    3.25    4.86    0.38    0.44    0.30    0.76    1.55    0.89    0.18    0.22    0.78    0.43
PSATSAC    -19.64  -42.85    1.64    6.64    0.40    0.08    0.01    0.01    0.22    2.39    6.58    8.18   12.69    5.89   23.06   17.42   26.07   15.82   22.68   24.19    9.72    3.23    8.35   25.48   12.67   26.58    7.31    2.97    1.70    7.87    9.64   20.24   46.43   23.58   29.50    4.89    1.80    0.43    1.17    0.27    0.40    1.18    0.50    0.40    0.64    1.48    0.84
PSATPES    -19.12  -42.66    0.60    6.11    0.04    0.18    0.02    0.00    0.00    0.76    0.96    1.41    2.44    4.24   13.54   28.55   33.30   17.50   37.00   12.93    5.73    0.88    1.46   11.67    8.09   15.09    9.31    4.64    3.87    8.70   13.36   26.12   39.99   78.53   39.91    4.28    0.91    0.14    0.72    0.76    0.42    1.61    2.13    0.68    0.59    1.21    0.89
PSATMAS    -19.50  -40.92    1.95    2.34    0.02    0.41    0.07    0.02    0.01    1.76    4.81    4.90    3.34    8.35   13.12   23.85   22.58   39.12   45.39   12.20   11.87    2.15    1.02    2.72    2.57    7.52    5.46    2.96    3.99    5.40   11.02   23.55   39.31   67.39   20.80    2.65    0.54    0.23    1.13    1.53    0.84    1.28    2.56    0.65    0.90    0.84    0.70
PSATSBR    -23.37  -45.87   16.90   21.92    9.13    1.61    0.00    0.07    0.68   24.47    3.42   10.44    2.01    2.72    6.87   10.87   27.45   13.58    3.44    2.75    1.24   13.16   36.67   53.21   12.12   26.91    5.89    8.30    2.70    2.18    8.16   27.39    2.36    7.10    3.85   18.74   17.44   17.36    8.84    1.33    0.68    0.34    1.00    0.09    0.26    0.69    0.09
PSATJAG    -23.20  -46.03   18.65   22.56   14.48    0.92    0.00    0.02    0.41   25.39    1.07    5.30    1.98    1.84    4.14    4.06   22.95    4.88    2.12    1.62    0.18   10.60   41.17   14.89    3.66   27.08   16.25    9.78    1.25    3.10    7.42   32.65    1.56    2.53    2.04    7.81   14.37   19.65   13.18    2.72    0.46    0.27    1.37    0.64    0.18    0.31    0.03
PSATFUNI   -22.53  -44.57   12.38   18.52   18.09    0.69    0.00    0.02    0.37   18.25    2.04   13.22    3.73    9.44    4.65   10.57   14.46   15.87    1.55    1.22    1.67   18.40   30.91   63.31   15.58   28.43   14.24    5.39    1.80    2.98    3.98   27.53    2.06    2.00    1.30   23.32   16.56   16.52    5.42    1.04    0.44    0.45    0.71    0.43    0.27    0.40    0.19
PSATSACE   -22.48  -43.84    3.82   31.04   19.02    0.05    0.00    0.01    0.34   10.88    4.95   11.02    5.73    6.87    7.59   25.34   25.41   13.18    2.40    1.50    5.08   27.89   35.26   84.84   49.40   33.78    2.72    1.19    0.97    4.30    3.68   13.20    2.44    5.81    2.62   24.58   13.26   20.17   13.57    0.41    0.44    1.04    0.03    0.02    0.00    0.14    0.17
PSATPIC    -21.91  -43.54    1.44   20.93   17.42    0.00    0.00    0.00    0.01    9.41    3.07   13.45    9.92    8.34    4.19   11.22   17.62   11.99    1.01    3.20   11.17   34.10   38.21   57.63   24.51   32.00    3.59    1.01    0.21    2.46    2.32   11.47    1.89    3.20    2.35   17.76    9.80   16.20    8.30    0.12    0.21    0.27    0.06    0.15    0.03    0.21    0.18
PSATSOGI   -21.94  -43.36    0.88   20.02   15.21    0.00    0.00    0.00    0.35   16.06    4.21   18.53   10.48    9.54    4.76   10.25   21.52   14.40    1.84   11.12    8.74   21.77   27.63   38.83   11.73   27.71    3.88    1.98    0.31    0.94    3.71   24.84    1.98    7.84    6.29   16.45    6.24   16.51    1.50    0.37    0.12    0.64    0.96    0.00    0.05    0.11    0.09
PSATIPSI   -21.84  -42.58    3.89   37.09   10.37    0.00    0.00    0.07    0.31   15.50    2.37   13.90    5.93    6.18    5.87   20.98   21.66   15.81    3.51    6.70    7.55   14.94   23.34   31.85   17.25   12.55    2.24    1.04    0.48    1.31    6.07   20.78    3.66    4.80    1.79   13.27    4.90   11.49    3.02    1.17    0.17    0.84    0.07    0.07    0.04    0.24    0.51
PSATTCLJ   -22.69  -43.83   15.90   32.10    8.52    0.00    0.01    0.01    0.31   12.10    4.38    5.94    2.88    1.95    3.52   13.06   12.82   13.70    3.02    0.37    3.14   13.44   45.06   68.05   51.28   43.79    0.32    0.08    0.14    1.43    1.92   11.87    1.10    9.00    2.53   22.58    8.27   21.48   13.34    1.34    0.58    0.24    0.00    0.00    0.00    0.00    0.03
PSATBIGU   -25.51  -53.67   11.90   26.18    1.63    8.44   12.94   42.92   35.56    5.61   12.82   13.04    9.86   14.83    7.06    3.78   22.11    0.00    0.04    0.05    0.00    0.03    0.17    0.28    0.05    0.56    0.04    0.66    2.57    3.91   10.42    0.01    0.43    0.02    0.00    0.01    0.08    1.41    0.28    1.11    2.53    1.74    0.11    0.05    0.02    0.22    3.39
PSATBRAU   -21.45  -42.41    1.66   21.06    1.84    0.00    0.00    0.03    0.35   21.41    3.59   13.69    9.96    9.74    6.67   14.47   29.62   24.27   12.00   19.09    2.83   16.67   15.18   26.39   13.32   37.17    5.64    6.34    1.77    1.69    3.95   38.86    5.71   13.31    7.31    4.46    3.97    2.75    0.22    0.76    0.57    1.27    1.22    0.25    0.06    0.56    0.26
PSATSUIC   -20.08  -40.58    5.73    0.03    0.06    0.99    0.21    0.22    0.14    0.83    7.19   14.96    5.33   15.45   12.95   17.03    8.74   77.50   57.48    7.55    5.23    4.39    3.51    3.88    3.89    5.51    7.78    4.27    7.34    4.47   15.08   36.62   61.80   59.78   23.93    0.73    1.04    0.55    1.59    3.45    1.40    2.32    2.26    1.10    3.72    1.40    1.40
PSATJRI     -9.30  -64.70    9.89   11.73   10.92    2.61    4.79    9.61   10.50    8.71    6.50   11.01    6.63    4.05    3.43    2.57   10.28   13.13    2.28    2.82    6.93    9.14    8.20    6.92   15.46   13.56    9.20   10.56    7.08    2.57   12.88   12.69   15.21    1.28    0.02    0.20    0.09    0.23    0.63    7.73   12.47    6.34    3.90    1.78    0.36    2.18    2.05
PSATBENI   -14.59  -67.53   12.52    7.28    4.49    8.82    7.64    9.93   11.66    9.41    5.14    3.71    4.33    3.48    5.82    7.08   31.89   25.00    3.07    4.29    9.74    9.26   13.85    7.80   16.09   13.83    8.84   28.76   11.00    3.47   16.57   26.42   21.52   12.47    8.01    4.11    4.30    4.30    7.55    9.71   10.43    6.06    9.43    2.23    0.51    3.24    4.54
PSATEPB    -12.42  -64.42   14.68    9.80    4.89    1.75    2.44    2.75    7.51    2.12    5.37    4.76    2.72    3.37    3.25    2.95   19.31    3.96    6.06    6.81    8.06    4.60    8.93    4.85    9.10    7.23    5.21   14.52    4.66    1.29   10.38   15.20    2.11    0.11    0.47    0.04    0.05    0.02    2.11    3.28    2.29    1.81    1.77    0.54    0.05    2.90    1.96
PSATEGM    -10.79  -64.35   14.93    7.96    6.17    5.22    4.23    9.50   14.81    7.58    4.37    5.64    3.06    3.07    7.55    5.79   25.03    5.55    1.49    1.18   10.58    9.16    9.94    5.44   11.52    8.18    9.99   14.57    8.39    6.90   25.80   19.77    7.85    0.43    0.13    0.30    0.38    0.25    0.83    6.62    5.26    1.65    5.97    1.55    0.55    2.04    2.78
PSATSTOA    -8.79  -63.95    8.66   11.37   13.21   13.03   15.25   17.79    5.58   11.15    5.33    9.23    8.23   10.93   10.81    2.52    2.05   11.92   12.55    6.44   13.03    8.19   10.91    2.92    8.65   20.24    2.92   17.04    5.17    6.38    7.73    2.04   16.12    1.91    0.13    0.26    1.07   10.16    8.30   15.40    5.85    2.08   12.38    5.07    0.83    2.75    5.64
PSATENC     -9.90  -66.62    5.97    8.06    9.43    3.39   10.83    5.61    5.27    4.29    7.20   12.81    4.51    9.02    3.78    6.63    1.36   18.86    4.33    8.60    8.09    3.74    8.55    3.11   15.75   18.83    5.65   10.05    7.15    1.02    5.04   12.52   22.01    0.08    0.00    0.39    0.02    0.00    0.90    8.00   18.80   16.52    1.22    1.43    0.64    1.73    1.31
PSATAMY1   -11.71  -70.63    3.23    2.93    6.17    2.32    1.77    8.50   11.90   20.55   16.04    7.58    4.02    7.32    5.35    5.29    3.94   27.87    1.91    4.58   12.69   19.28   13.96    8.63   17.14   12.16   12.67   22.60    7.87    6.01   10.69   12.26   24.01   12.05    0.81    0.02    0.00    0.01    2.07    5.15    8.51   16.42    3.61   11.64    0.17    2.99    4.68
PSATAMY2   -12.37  -71.17    6.78   10.43   12.81    8.07    6.78    8.89    8.73   15.47    8.41    5.86    2.96    2.96    8.19    3.93    5.52   19.30    0.87    2.08   14.33   15.34   16.81   10.93   19.79   21.59   23.48   25.96   10.69    5.61   15.60   32.92   25.57    8.67    3.37    0.22    0.12    3.01    3.91   10.65   16.34   15.30    5.32    7.81    1.84    6.64    8.20
PSATAMY3   -13.75  -70.18   18.13   21.93   12.86   13.47   10.94   11.50    6.31    6.83    4.28    6.60    2.91    3.26    4.63    2.63    5.29    9.04    9.10    5.04    6.38    7.98   20.98   14.93   28.66   28.17   34.57   20.86    8.43   11.49   45.58   51.72   22.94    8.18   18.95    4.48    7.38    7.47    8.15    8.75   12.36    5.33    5.92    4.97    2.05    9.68   12.91
PSATAMY4   -13.45  -69.47    8.32   10.26    4.84    6.58    8.72   13.54   13.27   14.23   10.04   14.09    7.05    6.47    6.80    3.06    6.28   14.01    1.70    0.60    4.36   12.21   13.48    7.05   18.15   19.13   21.96   17.72    3.51    5.46   28.12   40.76   15.35    6.44    5.20    0.92    2.79    4.43    2.94    4.98   15.99    8.49    2.64    5.06    0.73    3.29    6.85
PSATJRN    -13.37  -59.01    8.34    8.74   12.17    7.60   10.08    1.06    0.65    0.41    1.96    1.16    0.56    5.47    0.87    1.24    4.86    3.63    4.71    5.93    9.38    5.53    8.43    6.56    5.33    6.05    2.46   21.54    2.03    2.78    8.16   10.74   17.67    2.00    0.98    0.02    2.29    0.53    2.50   12.37    0.20    0.18    0.81    0.02    0.03    1.91    3.54
PSATAPI    -10.34  -56.98   13.47   13.20   16.09   19.27    1.88    2.51    2.34    0.44    3.05    0.94    0.39    3.41   14.67    1.91    6.54    9.06   15.03   12.30   20.87   15.03   14.51    8.44   40.28    7.19   46.17   11.37    8.36    7.56    5.87   24.37   10.96   20.33   17.24   23.52    9.96    3.04   41.17    7.09    0.40    0.60    1.91    1.16    9.82   11.59    6.07
