PSATAGV    -19.89  -50.35   20.92    5.87   12.16   18.97   26.50    4.20    1.25    7.70    5.22    2.16    6.68    9.94   16.81   12.03   24.66    6.15    0.05    4.68   10.65    4.51    8.01    6.41    0.65    1.01    8.32   15.53    8.50    4.36    9.35    9.09    7.56   14.08    3.92    6.48    0.69    0.95   11.82    4.22    6.20    2.29   11.62   18.24   18.85   28.17   27.46
PSATCMG    -21.28  -44.63   32.75   12.10   18.17   25.86   27.50    7.75    9.15    5.10    8.40    3.15    7.01   14.53   12.72   11.63    6.46    8.78    0.35    2.98   12.30    0.04    1.43    1.55    1.50    2.56    3.23    5.56    9.97    4.04    1.84    2.05    1.00    0.41    0.71    0.01    0.01    0.49   14.21   14.78   16.11   13.34   12.93   20.18    1.91   11.01   11.74
PSATCES    -20.25  -48.16   19.65   14.36   18.17   22.81   21.74   11.39    2.83    6.25   11.18   11.50    7.07    6.89   11.19   27.02   20.65   10.58    0.26    3.25    8.91    0.25    1.96    7.61    1.30    3.78   10.16   10.71   13.65    3.51    0.37    6.56    0.73    6.06    1.73    5.00    0.13    0.06   12.31    9.08    9.01    6.35   12.66   29.43   21.16   21.67   12.87
PSATELC    -21.60  -46.95   19.97    9.40    2.59    7.76   19.72   10.59    4.57    6.92   12.17    9.76   10.31    9.57    9.81   20.08   12.58   18.66    0.43    2.18   12.98    0.42    5.38    1.21    1.66   10.85    9.48    9.39   10.96    3.58    0.23    5.67    2.16    1.22    0.63    0.28    0.08    0.02    6.83   14.28   10.43   13.52   12.35   28.08   21.48   26.70   13.22
PSATFUN    -21.14  -45.04   25.74   11.71   20.67   18.31   24.03   11.53    5.00   13.75   13.98    4.17    5.43   10.84    6.27   17.58    5.26    3.44    0.67    2.51    3.81    0.04    0.81    0.28    0.69    2.50    6.45    9.89   11.96    1.57    0.66    0.53    0.49    0.54    0.15    0.00    0.01    0.79    7.84    3.14   13.83    9.55   12.92   17.05    3.07   15.42   12.05
PSATFUR    -20.67  -46.32   20.67   14.32   12.62   11.39   22.06   13.91    6.66   13.34   13.19    5.40    5.53   11.79   12.85   18.39   11.55    8.97    0.45    4.36   10.09    0.14    1.93    1.49    1.11    6.51    9.37    9.79    9.91    3.82    0.48    1.18    1.14    0.50    0.21    0.02    0.01    0.06    9.84    9.26   14.06    9.92   12.42   25.73   19.22   31.25   13.12
PSATMRB    -20.30  -49.18   24.70   11.75   10.59   18.45   36.10   11.12    3.52    5.69    6.88    7.05    6.19    6.20   16.59   20.60   20.17    9.57    0.15    4.06    8.19    1.56    4.12    5.62    1.19    1.83    9.36   11.23   17.88    4.75    3.41    5.93    0.89    8.19    3.30    4.94    0.61    0.10   12.51    7.52   10.49    6.79   11.42   23.94   16.43   26.33   14.18
PSATPRG    -21.59  -45.67   28.54   12.22    5.29   12.97   24.84    3.76    4.72    5.57   12.40    6.52    9.87   11.35   11.93   15.00    6.77    5.35    0.69    2.88   17.18    0.45    2.84    1.69    1.24   11.77    6.35    4.77    8.98    6.74    0.40    2.25    0.95    0.59    0.44    0.01    0.11    0.08   13.42   18.93   16.19    7.74    9.42   16.78   16.08   35.42   19.40
PSATPAS    -21.02  -48.18   17.41   17.01    6.48   15.34   19.55    8.44    4.28    5.01    9.59    9.20    9.57    4.65   13.82   24.57   15.49   10.29    0.27    1.03    9.03    4.16    7.72    6.69    1.84    5.06    8.77    5.41   10.36   11.19    0.43    6.27    2.10    5.32    2.78    2.40    0.21    0.16    6.79    8.51   11.18    6.05   13.28   24.30   15.65   19.37   22.63
PSATPTB    -21.61  -45.49   39.31    9.87   10.65    7.30   35.93    5.13    7.88   10.62    9.83    6.34    6.50    9.89   11.07   17.21    9.20    6.10    0.90    2.70   21.87    0.07    2.54    0.78    0.93    7.72    7.06   10.84   13.42    6.57    0.33    1.64    0.81    0.82    1.00    0.00    0.00    0.17    9.33   10.84   13.11    7.09    9.94   16.11    8.74   27.54   22.96
PSATPTC    -20.00  -48.55   24.94   18.00   24.73   19.86   34.91   16.11    3.08    9.88    9.95    8.85    7.71    6.20   14.78   22.71   19.47    7.43    0.35    4.73   15.11    0.09    1.93    6.02    1.89    3.58    9.36   18.25   16.34    3.70    2.58    6.20    1.24    1.78    1.25    3.29    0.06    0.04    6.82    7.84   12.50    7.29   12.56   30.38   18.04   25.33   20.80
PSATFZA    -26.00  -51.65    0.00    0.31    0.45    0.41    0.39    0.75    3.89   10.39    7.83    6.36   15.71    4.00   11.59    8.56    8.49   19.81    4.32    1.29    3.87   13.29    8.67    4.72    5.41   12.03    2.26    4.67    6.29    1.57    0.98    8.96    6.15    3.99    8.80    8.34    9.57   27.54   11.85    6.09   11.96    4.91    5.05    5.94    1.80    5.15    1.79
PSATJSG    -25.78  -52.00    0.00    0.06    0.11    0.08    0.07    0.56    7.35   19.79   11.94    7.67   15.01    6.21   13.89    3.06    9.67   12.93    4.22    1.22    3.15    8.11    9.46    4.84    6.03    7.07    2.85    3.92    9.13    1.65    1.15    7.31    3.68    3.69    7.30    5.98   15.44   21.62   17.09    8.52   14.83    7.42    9.12    2.76    1.93    2.23    1.44
PSATSCX    -25.53  -53.48    0.00    0.00    0.00    0.00    0.04    0.31   10.40   24.52    8.56    8.07    5.08   12.35   11.60    4.65   10.00    5.17    8.83    0.78    1.39   18.05    8.91    3.59    4.93    6.13    1.62    1.96    6.40    2.49    1.08    9.65    6.91    3.60    9.24   13.12   11.77   20.37   12.25    5.00    8.35    4.29    7.25    3.14    1.64    2.57    0.95
PSATSCL    -25.49  -51.74    0.00    0.00    0.02    0.02    0.54    0.60    8.42   12.70   13.92    6.54    9.61    3.52    9.74    8.54   11.47   19.47    5.52    1.30    4.96    9.49    9.64    6.75    4.33    4.97    3.27    4.25    5.96    3.30    1.53    8.96    6.29    3.81    8.91    3.62    9.12   20.75   14.11    7.51   20.11    6.35    7.45    3.40    5.34    5.69    1.04
PSATUVT    -26.23  -51.08    0.03    0.92    1.40    0.93    1.32    1.58    1.78    7.74   12.23   15.30   15.23    1.29    9.79   10.56    7.42   24.52    6.49    1.15    8.02    5.28    9.13    1.37    3.09    7.26    3.26    2.00    1.59    0.37    1.12    6.95    5.55    5.79   14.22    5.73   12.92   17.90    8.50    2.83    2.44    1.21    4.85    9.20    2.27    3.36    4.93
PSATBSM    -24.19  -53.74    0.00    0.00    0.00    0.05    0.14    0.62    9.31   40.43   17.50    7.77    2.09   14.52    9.75    3.97    9.14   11.39    7.90    0.78    2.16   15.29   17.24    1.66    2.85    3.03    1.09    1.58    5.52    2.67    1.32    8.84    6.12    4.82    7.87    9.97   14.80   23.21   11.08    5.62    8.21    3.44    4.15    7.74    1.08    2.65    0.88
PSATFLE    -22.97  -54.56    0.00    0.00    0.25    0.69    1.23    9.65   17.66   19.75   26.76   18.52   13.62    4.59    7.38    3.34   14.03    4.08    3.42    0.01    0.07    6.48   30.79   13.64    1.11    3.09    0.94    1.09    8.32    5.95    6.88   18.71    5.96    6.49    6.57   11.55   17.83   16.70    9.48    9.43   15.56    6.17    8.18    7.55    5.23    6.37    1.40
PSATITP    -25.42  -54.58    0.01    0.00    0.01    0.28    0.61    5.06   12.56   28.51   15.59   17.33    8.95    9.81    7.54    5.51    6.37    8.80    4.07    0.18    0.57   13.01   21.22    4.85    1.26    1.63    0.71    0.62    7.05    6.81    3.10   15.15    7.17    5.75    8.23   13.79   15.08   19.73    9.84   10.86   11.19    5.51    5.47    7.14    4.67    4.70    1.13
PSATIVM    -22.38  -53.53    0.00    0.00    0.23    0.72    2.99    5.77   13.43   17.54    9.86    7.56    2.58    7.61    8.47    1.86   12.26   12.53    2.30    0.05    0.84    5.17   36.38   14.12    0.50    1.02    0.78    0.69    8.34    7.69    5.32    6.17    7.29    6.34    7.23    5.86   17.03   13.95    6.69   11.30   11.40    8.96    6.58    9.75   11.92    6.19    2.23
PSATPTQ    -23.18  -53.17    0.05    0.01    0.09    0.32    0.70    1.60    8.98   24.62   33.42    9.34    3.80    8.83    7.26   12.79    6.04   35.12    4.69    1.07    4.72   13.68   15.07    1.75    1.31    1.77    2.19    1.44    4.36    3.63    1.43    7.13    5.29    5.11   10.20    6.40   10.72   17.22    9.06   10.04    7.06    1.69    5.46    7.72    3.73    3.48    1.68
PSATCBI    -17.99  -48.54   11.89   27.52   11.46   13.13   12.25   12.93    8.70   13.30   16.66    3.92    1.27    0.27   18.47   11.29    9.06    1.16    0.73    0.28    0.33    0.53    3.34    3.89    1.52    1.00    0.47    0.04    0.44    2.00    7.44    0.66    5.99    2.16    3.35    2.19    0.05    0.44    6.18    2.74    5.64    8.53   10.63    8.51    5.24   10.25   17.57
PSATCBIV   -16.15  -48.67   15.38   33.85   16.98   11.23    8.71    6.84   12.09   16.05   17.01    2.95    1.21    0.18   13.59    4.73    6.26    1.11    0.55    0.64    0.08    0.69    6.16    8.33    1.17    1.24    0.69    0.06    0.19    2.42   14.74    0.77    8.48    5.56   10.41    3.08    0.09    2.39    8.19    2.75    0.84   11.12    7.96    4.49    1.54    5.87   12.28
PSATEMB    -18.45  -47.98   20.65   27.94   17.44   12.44   20.98   12.25    5.84   26.93   18.33    3.41    1.07    6.23   16.40    9.30    5.11    4.54    0.53    1.48    2.10    0.39    1.54    4.87    1.50    0.64    1.76    2.92    1.44    1.62    3.66    0.34    2.03    0.59    1.20    0.34    0.06    0.07    3.68    1.52   14.91   11.82   10.80   14.99    8.21   12.11   17.97
PSATIMBR   -18.42  -49.10   22.37   24.87   11.56   18.15   22.03   11.38    1.72   12.10   14.84    3.66    3.41   12.03   19.36   17.04   17.31    3.87    0.48    1.89    4.86    0.07    1.95    4.23    2.20    0.93    0.89    7.79    1.40    2.11    6.00    1.24    4.44    2.66    1.80    3.77    0.13    0.08    8.86    5.09    7.92    4.30    8.31   19.46   15.96   23.51   24.74
PSATNPTE   -19.13  -47.70   25.90   31.91   15.28   11.04   29.68   15.96    5.13   16.69   12.88    5.62    1.76   13.52   23.06   15.48    9.77    4.80    0.43    3.14   13.14    0.05    2.20    5.36    2.38    1.24   12.82   13.63    6.98    3.19    3.10    1.91    1.60    0.74    0.70    0.50    0.12    0.05   11.05    2.25   16.47    9.41   13.01   17.30    7.31   14.10   20.24
PSATARV    -18.07  -50.16   22.64   22.30   13.77   11.12   14.45    6.36    2.77   15.22   14.83    5.34    7.65    4.77   14.44    8.82   10.72    0.50    0.15    0.35    2.17    1.26    3.65    6.22    1.38    0.26    0.37    1.34    2.63    1.39    6.77    3.96   13.09    7.19    3.23    4.30    2.04    1.62   12.35    5.93    1.69    4.13   11.81    2.32    7.00   14.37   23.05
PSATSFC    -18.05  -47.68   15.06   24.04    6.36    8.96   14.60    9.63    9.06   19.84   17.01    2.83    0.96    0.97    7.02    7.30    5.54    1.77    0.61    0.23    0.39    1.26    0.90    3.60    1.33    1.09    0.49    0.07    0.43    2.14    8.47    0.19    4.02    0.73    1.52    0.44    0.04    0.27    4.60    3.58    9.53   10.14    8.87    6.77    5.32    8.93   16.69
PSATSSM    -19.02  -50.50   29.83   19.18   18.94   12.42   23.34    7.37    3.47   11.32   10.86    2.99    6.25    8.97   17.44   15.49   19.73    1.54    0.26    2.84    5.91    0.89    3.76    5.67    1.66    0.79    3.48    8.36    4.32    1.64    6.92    3.84   11.15    8.92    4.15    7.16    0.69    0.72   14.40    8.79    2.50    2.76   12.24   10.07   17.55   24.20   25.07
PSATCNI    -22.94  -50.52    1.34    0.57    0.05    0.55    8.83    2.38    3.57    4.99    9.40    7.09    4.16    1.35    8.45   16.07   26.48   17.48    0.68    0.08   10.58    8.91   15.19    5.59    3.30    2.17    1.32    1.47    5.56   12.42    1.42    6.09    0.91   10.06    3.90    6.94    0.59    7.19    8.80    1.50    4.43    0.93    7.48    8.19   16.99   16.12   13.12
PSATCPV    -22.65  -51.33    0.05    0.01    0.05    0.32    6.39    1.74    6.30    6.46   15.03   11.76    6.74    3.53    7.38   10.22   24.65   29.64    2.17    0.75   10.10   14.39   16.00    3.49    1.91    2.03    2.56    1.20    1.91    6.23    2.12    5.19    2.12    8.06   12.65    6.25    3.12   10.43    9.91    2.03    3.40    0.62    6.53   10.31   11.17   10.89    7.73
PSATCHT    -23.01  -49.73    0.02    0.07    0.12    0.15    4.52    1.74    7.42    2.09    4.83    6.41   11.49    0.59    6.68   13.01   22.79   19.13    3.39    0.42    9.81   10.00   15.05    4.28    2.89    3.14    3.75    0.74    0.30    5.26    2.76    2.50    0.83    6.24    7.26    3.17    1.65   16.65    5.06    0.67    2.74    0.87    4.58    3.86    6.99   14.02    8.47
PSATJUR    -23.22  -49.23    0.96    0.67    0.41    0.35    5.34    1.81    5.58    3.08    3.94    3.14   10.72    1.15   13.77   28.66   13.94   18.51    1.37    0.21    8.50    9.95   10.47    3.30    4.60    2.58    5.24    0.77    0.40    3.43    2.24    3.67    1.71    5.72    3.43    2.41    0.73   14.98    1.60    1.15    3.40    1.98    6.11    4.74    8.86   20.85   12.04
PSATMAU    -24.06  -50.71    0.07    0.04    0.15    0.22    2.87    1.47   10.43    9.23   18.48    8.45    8.29    1.08    5.44    9.34    8.97   45.68    4.96    1.44    6.50   12.65   15.09    8.31    2.56    4.58    2.44    1.21    1.02    2.61    2.23    4.29    2.37    4.22    6.08    4.02    6.68   15.73    7.54    2.50    8.50    1.43    8.14    5.79    5.70    3.31    4.07
PSATROS    -22.50  -52.87    0.13    0.00    0.13    0.43    1.41    4.16    7.18   13.25   28.81   12.25    4.10   12.87    9.98   12.46   15.52   24.22    1.39    0.38   11.95    8.07   18.22    3.71    0.56    0.75    0.96    1.13    3.53    4.80    1.60    9.72    3.52    7.95   14.82    9.45    7.80   12.27   12.43   11.02    5.85    0.92    3.85   10.39   11.16    8.68    4.03
PSATQMD    -16.21  -47.33   10.45   23.57    2.92    7.48    9.54    9.62   20.13   24.28   16.81    0.77    0.62    0.00    0.81    3.58    1.13    0.45    0.63    0.27    0.68    0.72    0.45    5.60    1.13    1.48    0.59    0.10    0.44    1.59    7.05    0.27    1.83    0.99    2.72    0.61    0.06    0.40    1.05    4.32    3.63   15.66    6.39    1.86    2.44    4.65   11.38
PSATRBX    -18.95  -44.76   23.23   22.38   20.73   19.31   17.14   20.67   20.53   18.20    5.93    1.51    3.98    2.01    0.65   13.74    3.34    5.41    0.33    1.75    0.19    0.21    0.40    0.71    0.64    0.53    0.69    2.28    9.26    0.62    0.74    0.91    0.40    0.51    0.14    0.00    0.01    1.33    7.46    3.12   13.79    8.98   11.94   18.04    1.13   13.02   12.05
PSATSFR    -15.93  -44.86   27.95   16.55    8.56   12.78   22.08   12.82   14.87   14.96    6.71    1.09    0.60    0.00    0.21    1.15    1.78    1.07    0.59    0.04    0.62    0.28    0.21    2.75    1.01    0.69    0.40    0.05    0.46    1.47    2.22    0.39    1.63    1.56    3.06    0.32    2.45    0.23    0.33    3.44    8.90    6.07    2.73    3.28    1.86    6.58    4.59
PSATSRM    -16.37  -45.07   20.93   27.05   15.30   18.55   21.78   16.83   10.89   17.34    6.99    1.20    0.91    0.43    1.55    2.35    1.14    1.78    0.38    0.30    0.29    0.27    0.15    2.93    0.78    0.62    0.36    0.23    1.61    0.75    3.00    0.90    0.64    0.56    0.62    0.03    0.02    0.22    0.87    3.27   12.81    7.68    9.21    7.65    2.07   11.69    6.96
PSATTMR    -18.16  -45.27   25.27   33.75   25.08   21.64   24.63   20.25   13.60   18.64   11.49    2.92    2.31    8.50    9.50   13.77    6.57    3.86    0.49    2.35    0.81    0.21    0.55    2.50    0.83    1.28    4.74    7.21    8.04    0.65    1.01    0.52    0.45    0.63    0.30    0.01    0.02    0.36    3.93    5.26   16.16    8.34   14.63   16.68    3.29   17.69   14.03
PSATBOQ    -11.35  -43.83   11.23   11.54    5.72   12.85    8.47    2.76    9.49    9.44    2.46    0.36    0.34    6.49    1.84    2.69    2.77    0.41    0.05    0.26    0.35    1.23    4.51    2.46    1.17    1.18    6.64    4.55    6.11    5.47    5.77    0.54    0.70    9.54    2.45    1.33    4.84    3.24    6.43    6.07    5.49    5.43   12.45   11.08    9.42    5.89    4.69
PSATBBO    -22.52  -48.55    6.36    5.15    1.09    3.05   16.48    5.61    4.02    6.05   10.65   16.05   10.25    2.32   10.45   27.43   18.48    9.58    0.98    0.68    6.99   10.83    6.91    5.66    6.25    4.65    3.60    1.32    2.56    7.64    1.52    5.20    1.65    1.71    3.54    3.08    1.18    5.40    4.75    7.99    9.37    4.24    8.84   12.39   17.25   17.32   13.41
PSATESZ    -23.46  -46.91    6.57    2.20    1.59    1.34   17.92    6.11    1.40    3.09   17.78   11.89   13.22    2.95    6.11   12.88   22.87    8.52    0.61    2.77    7.16    9.57    4.28    4.57    6.96    6.48    6.21    3.84    1.41    5.70    3.13    3.84    2.76    0.19    1.59    4.40    1.62   16.58    6.39    7.95    8.06    3.96    5.93   14.30   23.43   25.75   14.92
PSATIBT    -21.76  -48.99   24.10   18.13    0.98    5.58   12.97    2.03    2.68    3.43    4.17    3.90    7.55    4.55   12.63   21.73   22.13   13.54    0.60    0.06    7.57    8.44   10.38    4.31    1.58    2.82    4.20    2.30    6.54   12.79    0.31    5.39    2.91    8.85    5.97    3.20    1.34    2.77    6.00    4.30    6.98    2.93    8.79   13.29   22.13   17.19   16.20
PSATNAV    -21.12  -50.20   27.09    3.24    1.09   10.35   15.84    1.79    1.21    6.77    7.11    1.87    4.68   12.54   15.25   19.56   24.40   12.26    0.35    0.14   10.80    7.40   11.90    9.20    0.81    0.31    5.93    7.14   14.80   11.15    2.73    9.77    3.36   13.85    2.66    6.53    0.74    1.87   14.01    6.21    5.17    2.86    9.65   18.79   16.92   16.65   21.79
PSATSME    -13.40  -48.30   27.09   31.81    6.39   17.21   11.17    2.73    6.94   18.79   20.31    3.91    3.82    0.44   17.47    4.69    5.75    0.77    0.14    0.17    0.57    1.48    1.86    5.17    1.17    0.56    0.29    0.68    0.49    7.16   17.47    2.83    9.21    8.24    7.11    2.31    4.28   10.15    8.09    1.60    3.36   15.59    8.46    5.22    4.21   10.91    6.74
PSATBGR    -27.78  -51.20    0.00    0.42    0.99    0.28    0.33    0.67    1.77   21.06   15.92   15.38   16.46    3.08   11.73    2.45    4.81    3.33    6.60    3.07    2.01   10.18    3.85    0.49    0.94    8.79    2.26    1.81    0.64    0.14    0.25    4.82    8.08    5.99    8.72   29.79    9.50    3.59    3.46    3.72    6.95    2.22   11.91   12.47    2.56    2.00    2.11
PSATCNV    -27.60  -51.33    0.02    0.36    0.85    0.68    0.48    0.85    2.62   15.71   12.35   20.12   10.05    3.15   11.30    7.08   10.85    4.67   11.41    2.36    6.14    8.70    4.24    0.69    0.36    8.68    3.23    2.71    1.51    0.47    0.48   12.87    9.82    4.78   15.39   18.69   11.07    8.68    7.69    5.04    3.94    0.80    7.62   10.85    3.51    2.28    3.35
PSATFCH    -27.14  -53.04    0.00    0.00    0.00    0.00    0.00    0.01    4.18   20.59    9.10    3.11   21.84   22.78    9.19    2.98    0.53    7.42    3.66    0.37    0.07   13.35   14.86   11.92    5.43   11.61    0.56    1.51    1.85    1.63    0.14   10.86   14.31    2.37   14.83   18.52   10.19    2.82   13.08    9.29   12.73    4.58    3.46    5.86    1.40    1.65    1.24
PSATITA    -27.27  -52.38    0.00    0.05    0.08    0.05    0.01    0.33    3.13   12.36   10.33    8.28   11.87    8.28   12.77    5.26    4.97    7.11   10.56    0.92    2.19   13.67    9.83    4.29    9.49   12.41    1.56    3.03    2.67    0.88    0.53    9.37    8.86    5.87   13.09   15.97   11.93    7.02   11.88   11.04   12.79    4.43    5.65    7.92    1.79    1.65    2.55
PSATMCD    -27.52  -51.78    0.00    0.00    0.01    0.00    0.00    0.02    5.34   20.79   11.38    7.18    9.83   13.47   12.30    1.13    0.92    4.36   13.41    0.85    0.07   12.79   11.36    2.92    6.10    5.79    1.13    2.01    4.39    0.85    0.12    5.84    9.70    4.93    9.06   27.92    6.88    2.61    9.81    7.72   12.10    1.08    5.42    7.92    1.37    0.99    1.48
PSATMOJ    -27.35  -52.73    0.01    0.00    0.00    0.00    0.00    0.16    2.13   20.94   14.76    4.97   14.79   31.88    8.49    0.02    0.02    3.66    3.89    0.47    0.02    3.84    4.88    3.98    8.54    9.76    1.08    2.14    1.34    0.68    0.09    5.39   10.03    4.07   15.87   14.08    4.15    0.58    8.07    4.78   10.39    5.63    6.68    2.81    1.22    2.32    0.49
PSATQQX    -26.66  -52.54    0.00    0.01    0.01    0.01    0.00    0.40    7.28   11.94    6.77    8.58    6.67    6.59   12.92    9.73    8.93    6.82    7.74    1.05    1.73   12.59    8.70    5.91   11.58   15.82    1.36    4.10    6.73    3.73    0.71    5.83    6.10    5.65    6.15   12.39   13.69    9.66   12.42   11.15   10.04    7.63   10.27    7.17    1.77    3.23    2.38
PSATPSJ    -28.14  -55.05    0.00    0.00    0.00    0.00    0.00    0.06    6.81   12.37    1.32    1.95   89.11    4.65    0.96    0.01    0.00    0.34    2.66    0.33    0.27   14.06    7.83    5.10    6.83    5.45    0.83    0.76    2.24    0.56    0.17   13.88   13.09   15.38   17.91   21.02    0.78    0.02    1.10    6.24   16.17    7.51    5.20    1.18    0.89    0.76    1.37
PSATESP    -18.68  -51.87   17.85   20.79   13.52   36.45   10.98    0.77    0.82    4.87    3.95    3.13    5.58    1.04   14.18   10.67   51.22    0.73    0.18    4.49   21.15   16.20    3.45    9.74    0.40    0.17    4.53    2.69    9.90    1.05    3.74   10.62   10.22   11.23    9.22    5.31    8.70    0.79   13.18    6.59    1.01    1.95   19.23    8.36   11.20   16.48   19.10
PSATSRC    -19.16  -50.76   24.55    8.63   16.62   28.28   21.84    0.82    0.65    7.15    4.53    3.01   11.48    3.38   15.06   14.47   13.57    0.77    0.26    2.49   16.81    8.96   11.85    6.32    0.72    0.24    1.82    3.30    7.08    0.70    3.33   11.23   12.53   11.17    6.90   10.24    7.75    0.97   12.91    7.34    0.86    2.98   13.61    8.13   15.58   29.81   15.02
PSATFRCL   -19.12  -50.64   28.55   13.56   22.43   20.76   20.03    1.27    1.09    6.22    4.88    4.21    5.28    2.48   12.15   13.23   10.13    0.36    0.21    2.80   13.15    4.91    5.81    5.68    0.76    0.26    2.75    5.66    8.23    0.23    4.94    8.14   17.26    9.94    4.01   11.12    6.27    1.22   13.09   10.13    0.74    3.91   11.63    4.51   11.11   30.63   18.50
PSATISOT   -20.40  -51.35   19.92    1.25    8.16   23.70   22.73    2.55    2.93    8.08    8.52    2.78    6.00    8.54   12.47   15.92   23.98    4.87    0.27    1.21   13.28    9.81   12.32    6.35    0.55    0.60    2.37    6.24    6.22    4.77    7.62   11.38    9.80   11.19    5.75   12.89    5.76    2.54   11.61    7.77    3.11    1.25    9.23    9.25   23.03   30.91   21.46
PSATJUP    -20.86  -51.63   16.32    1.39    6.94   14.02   19.29    1.61    1.47    3.40    5.82    2.29    7.22    7.04   16.98   11.47   26.01    6.31    0.38    1.36    8.94   14.37   19.24    8.31    1.22    0.29    1.32    3.72    5.05    6.42    5.43   12.37   15.96   14.44   13.36   11.94   10.27    1.07    8.93   10.46    3.89    1.67   12.64   11.10   18.60   20.94   21.41
PSATSDG    -20.06  -53.18   10.56    0.14    2.53   11.91   14.49    1.16    1.15    3.04    4.67    0.55    3.27    4.54   12.44    2.83   30.68    7.82    1.35    0.26    6.83   14.71   23.97   15.13    1.14    0.29    0.28    2.66    7.36    9.42    8.91    5.38   18.51   12.49    9.11   14.93    7.41    0.77    8.97   12.19    3.68    3.24   12.32    8.77   15.80   25.41   17.01
PSATFZBT   -21.66  -52.87    0.47    0.01    0.17    3.12    6.58    3.05    9.11   11.34    5.42    5.82    2.17   11.34   11.45    5.36   22.94   12.49    1.85    0.13    6.79   12.02   24.08   13.58    0.64    0.34    0.94    1.37    7.42    6.11    3.09   11.01   14.02   10.63    7.17    9.64   11.22    6.62    4.11   11.91   12.29    4.88   11.11   11.27   18.14   17.44    9.90
PSATPPRA   -22.46  -52.91    5.22    0.06    0.28    3.39   11.97    3.33    3.03    7.49   11.41    9.65    8.51   16.06   10.23   12.87   23.92    9.96    0.63    0.10    9.65    9.84   17.28    7.88    0.74    0.44    1.55    2.15    4.83    9.43    2.43   10.60    5.80   14.09    6.83   11.17    7.51    7.38   12.06   10.13    8.61    1.96    6.93   12.92   16.42   15.86   10.45
PSATBTE    -13.69  -50.80   27.20   20.26   23.56   23.34   19.86    7.89    3.37    9.89    6.80    5.84    5.36    1.44    9.91    8.48   12.57    1.48    0.27    0.91    1.86    3.18    4.35    7.64    0.79    0.23    0.27    0.42    2.21    2.25    5.06    4.99    8.74    9.09    6.70    4.19    5.53    2.87   11.26    5.32    1.10   13.43   14.28    5.11    8.81   15.38   21.85
PSATARAG    -8.27  -49.26   25.07   20.26   11.58   12.53    9.26    1.91    3.11    7.86   13.12    8.16    5.25   11.33    9.54    9.70    8.33    2.63    0.57    0.52    0.53    2.88    8.67    5.27    2.62    0.92    4.32    5.13    4.25    8.76    6.57    4.67   11.52    5.78    7.11    3.95    9.51   10.90   13.24    5.46    4.43    7.84    7.05    5.88    5.44    9.45   10.15
PSATLAJ     -9.76  -48.37   19.55   17.06    9.61   15.53   10.17    2.11    7.45   18.62   14.21    2.91    2.79    3.13   11.59    1.82    2.35    0.69    0.17    0.14    0.54    2.47    7.84    5.18    3.27    0.64    3.55    3.61    2.51    8.49   10.52    1.69    2.83    7.27    8.07    3.42   12.88    5.24    5.61    5.68    7.38    5.93    8.20    7.58    8.34    7.81    8.81
PSATPTRL    -9.31  -47.39   20.29   13.07    9.46   14.05    6.61    4.32    9.31    5.31   17.58    0.55    0.32    8.64    8.66    1.75    3.38    3.12    0.22    0.26    0.12    8.91    9.98    4.91    5.14    0.84   10.12    5.56   12.52   10.64    3.71    2.89    2.70    6.59    4.06    3.30    7.74    5.78   12.74    6.76   12.16    3.65    8.83    5.61   12.68   13.06    6.70
PSATLJET    -7.33  -47.48   19.42    6.85    7.24    8.61    2.02    1.68   16.87    2.33   13.69    1.78    3.60    5.09    8.88    7.70    5.78   14.13    7.34    0.63    0.64    9.54    5.31    7.94    5.56    0.59    6.36    5.61    7.26    6.36    4.22   10.69    6.06    5.16    7.17    1.58    6.35   10.84   10.75    9.20    8.44    5.40    6.94    8.26   11.26   14.29    6.40
PSATUCR     -3.83  -49.65   12.25    7.01    3.49    3.42    1.53    1.26    6.40    2.21    4.21    3.68    8.52    5.20    3.97    5.97   14.58    5.80    6.52    2.65    1.71    5.24    9.36    4.62    6.87    3.44    5.85    3.84    6.10    7.66    3.90    5.92    8.23    6.03    9.74    1.52    4.76   14.00   14.75   13.62    8.24    5.12    3.65    7.25   12.20   16.19    4.61
PSATXIVJ   -29.07  -51.67    0.00    0.00    0.00    0.00    0.00    0.24    1.83   15.21   18.03    7.35   11.92   26.76    7.29    0.10    0.11    4.24    3.56    0.85    0.76   12.79   12.47    1.50    4.52    5.04    1.58    1.17    0.86    0.03    0.18    2.82   11.89    8.67    7.61   32.58   11.67    0.18    3.02    3.37   13.61    3.95    7.64    8.07    2.14    0.50    1.28
PSATDFRC   -29.45  -53.28    0.00    0.00    0.00    0.02    0.00    0.17    1.61    9.46    1.93    4.20   47.76   12.48    0.92    0.00    0.00    0.24    2.31    1.18    5.31   10.70   10.03    2.76    9.87    2.64    0.24    0.18    2.72    0.49    0.04    8.89   16.51   21.93    7.58   32.19    1.40    0.17    2.88    2.43    6.04   17.86    8.80    2.94    1.04    1.13    1.52
PSATREAL   -29.02  -53.19    0.00    0.00    0.00    0.00    0.00    0.05    5.74   20.70    4.86    2.91   50.88   37.49    3.43    0.03    0.00    1.80    2.07    0.57    0.31    6.05    5.83    3.25    6.37    4.61    0.54    0.66    2.24    0.75    0.02    5.44   13.24   13.07   11.87   29.33    1.10    0.04    0.92    2.82   12.07   15.97    8.52    1.98    1.32    0.64    1.17
PSATCTAV   -29.01  -51.39    0.00    0.40    1.10    0.23    0.54    1.18    2.37   22.06   15.60   14.37    7.69   17.09    8.11    0.46    0.97    4.83    2.34    3.65    0.92    6.73    7.14    0.63    4.64    6.55    2.50    1.16    0.42    0.13    0.09    3.80   10.09    9.97   12.84   27.99   11.34    1.34    3.38    1.59    3.02    4.20   12.81   15.17    2.71    2.05    2.52
PSATERNT   -28.56  -52.54    0.00    0.00    0.00    0.00    0.00    0.06    5.70   19.77   12.44    5.78   19.23   50.99    8.81    0.05    0.10    1.58    6.44    0.76    0.04    7.44    9.52    5.08    7.16    5.81    1.21    1.67    4.41    0.47    0.02    3.34    9.35    6.84   13.52   15.47    3.52    0.05    4.06    4.82   13.90    3.94   10.22    3.31    0.85    0.87    0.84
PSATSTPL   -27.14  -49.52    0.19    0.75    0.93    0.89    1.13    1.36    0.82    8.34   14.70   19.37    5.72    0.41    7.82   11.07    9.52    3.09    8.59    4.48    6.84    5.08    7.24    0.76    0.16    3.51    3.33    2.23    1.78    1.32    0.77   11.41   14.33    9.45   18.47   13.98    5.99   11.21    6.25    2.68    1.27    1.28    4.88    9.07    6.39    2.62    5.48
PSATCVCH   -25.14  -48.87    0.18    1.43    1.48    0.71    4.17    1.94    2.72    6.03    7.20   17.06   11.34    1.40    3.13   16.54   12.47   25.50    5.52    0.53    5.02    6.16    8.87    2.59    2.23    8.77    7.37    3.23    0.56    0.55    2.01    5.46    3.63    9.12    4.52    0.58    2.62    8.12    1.04    1.22    1.28    1.71    3.27    3.42    8.51    3.85    8.67
PSATAMY    -12.60  -69.12    1.14    0.70    2.55    9.79    3.72   26.18   11.68   20.37    7.86    8.65   18.66    8.40    3.84   10.11    2.36    7.47   20.93   21.93    5.78    5.68    9.84   21.82   18.64    8.61    3.99   15.67    6.51   12.49   18.27   20.70   20.38   10.20    9.25   10.62   18.39   25.89   23.79    8.22   10.94   14.13    3.68   11.49   15.25   10.21    6.52
PSATGJR    -10.73  -65.35    0.47    0.44    1.51    4.22    6.49    8.24    4.61    7.92    9.85    4.01   17.91    5.92    3.44    1.32    2.98    3.88    9.62    3.81    2.81    4.70   14.15   11.13    6.43    5.42    5.07    5.97    5.44   10.44    8.23    8.36    8.54   13.30    3.95    9.61   16.87    9.08    9.31    6.74    5.53    7.19    5.43    4.66   10.67    7.11    3.44
PSATPRNC   -12.43  -64.43    1.42    0.75    1.47    0.75    3.02    4.96    4.36    3.75    7.79    3.96    7.53    7.82    1.91    0.65    1.39   10.64    8.52    2.97    1.42    2.38    8.64   12.93    7.96    6.25    7.16    7.95    4.49   10.19   12.42    7.97    5.37    8.14    2.55    5.23   18.51   12.33    9.20    6.28    4.57    4.94    6.00    2.31    6.39    7.45    5.34
PSATSANT    -8.87  -63.97   15.48   14.80    6.30   14.72    8.20    6.13    3.68    5.39    2.27    7.18   10.42    9.59   13.12    4.09    3.10    2.93   12.59    7.70    5.17    9.51    5.36    4.70   11.87    4.80    8.04   11.26    1.49    9.95   12.94   18.81    6.87    9.53    9.15    2.08   12.30   18.35   29.35    8.41    5.01   13.63    9.09    6.03    2.97    2.38    2.09
PSATDARD   -10.16  -59.46   26.06   20.98   12.15   16.16    1.86    0.84    0.44    1.08    8.69   15.63   12.65    6.89    3.61    1.58   14.85   15.50    3.86    1.04    5.44    2.45   12.02   20.45    1.94    4.70    6.52   10.04   10.02   17.37    9.00   15.78    3.05    9.38    6.92   19.64   26.12   12.04   11.48   12.62    2.01    4.08    3.92    3.28    4.93   11.84    7.65
PSATGUAP   -15.12  -58.96    3.64   10.88    0.25    0.09    0.38    4.36    4.48    0.85    4.56    8.26    6.96    7.93    0.90    1.40    6.45   11.61    0.93    0.21    0.49    7.29    8.00    6.20   11.38    0.87    0.32    9.70    6.64   11.84    3.40    7.57    2.50    5.83    5.19    7.39   29.27   17.24   13.43    3.81    2.84    3.33    6.04    7.32   20.81   15.20    3.72
PSATJIRA    -9.25  -64.65    2.75    2.51    2.19    4.21    6.51   10.07    5.42    6.01    5.65    5.06   14.96    7.15    4.34    2.74    4.16    3.46   13.75    7.21    3.38    6.62   12.07   14.21   12.52    5.53    5.46    8.63    5.04    7.97   12.00   15.11   12.36    8.79    4.65   10.50   12.13   20.99   15.21    9.86   10.74   10.36    4.44    4.10    7.21    7.33    2.24
PSATROND   -11.99  -60.70    3.01    4.73    2.91    3.90    2.91    0.85    0.45    0.31   12.18    4.85    5.10    4.62    3.10    0.82    1.94   30.49    2.91    0.96   14.82    0.90   11.17   22.49    5.07    4.14    1.59   19.00    3.81   22.74    8.99    5.37    1.13    1.43    0.79   18.83   10.68    8.61    5.25   10.41    1.22    3.54   10.25    1.25   11.32    4.46    4.36
PSATSAMU    -8.75  -63.45   19.09   20.24   14.48   15.45    3.58    1.02    3.16    0.78    4.14    6.87   13.76    8.07    7.22    6.66    3.10    4.01   14.50   10.22    3.62    3.14    2.51    8.85    9.82    3.65    6.73   11.42    2.84    8.26    9.07    8.65    2.23   13.15    5.92    4.17   16.32   15.25   24.64   19.77    4.45    8.30   13.47    6.53    5.36    4.41    1.46
PSATBALB    -1.92  -59.47    8.73    3.36   10.16    4.44    9.73   14.02    6.35    7.61   25.22   13.29    0.97    9.03   10.52    7.27   10.76   22.44   10.80    3.04   18.89   31.01   10.21    8.87    4.22   13.52   14.15   16.49   10.45   10.37   15.52   13.09    9.46   16.88    8.58   12.89   17.38   19.38   14.76   14.11    6.38   10.98   13.31   12.01   13.49   13.91   13.05
PSATCUNA    -2.82  -54.30    5.84   12.57   14.18    1.94    1.92    1.09    1.30    1.39    2.34    7.86    1.67    3.26    6.46    4.48   18.13    6.15    2.63   24.78    8.74    5.02   10.80    4.59    4.35   10.77   13.03    4.89    1.35    5.68   11.73   10.74    6.75    4.71    6.74    2.46   10.70   12.78   27.37    3.94    3.82    1.46    5.64   11.30    8.54   12.07   11.59
PSATJARI    -0.65  -52.52    4.93    1.02    2.77    2.39    3.74    4.36   10.53    4.74   13.73   10.28    4.48    4.82   14.00    8.41   11.96    3.68    8.06    7.07   17.74   13.12   18.58    8.98    3.76    5.39    6.48   11.77    8.12    4.37    7.31   10.95    4.02    9.69   13.85    6.71   13.39   27.39    5.25    5.86   11.47   14.20   20.02   12.16   13.32    6.59    2.57
PSATFGOM     0.86  -51.20    6.88    1.65    6.66    2.62    5.80    8.38   15.58    7.58   15.87   13.87    8.34    6.92    8.77    9.40    9.63    5.74    7.48    4.35   22.14   11.47   11.92    2.18    6.72    3.10   10.84    8.23   13.36    5.35    9.56   14.79   10.87   10.48    9.45    9.23   18.00   23.98   11.97    7.11   10.32   13.10   19.47   20.05   10.78    7.27    2.11
PSATUBE     -6.75  -43.57   11.42    6.45    6.10    8.98    2.35    1.78   12.45    4.28    5.08    0.74    5.45   10.71   10.18    8.92    1.96    2.54    5.46    0.40    0.73   16.20    5.73    7.06    2.12    0.64    8.58    6.79    7.17    5.60    1.58    9.50    3.21    4.11    8.07    1.21    2.91   11.18   10.75   10.76   17.80    4.13   13.02    8.74    9.99    4.95    2.69
PSATBSOR    -6.74  -52.00   19.37   14.91    9.11   12.17    7.14    1.05    1.13    5.22    6.45   10.19    4.61   10.52    4.79   10.02   17.22    2.16    1.19    1.33    0.47    3.75   10.04    5.34    1.13    1.20    3.92    2.72    4.50    8.16    6.15    6.03    8.76    3.36    5.31    2.52    5.98    5.77    8.45    7.14    3.39    4.81    9.40    8.87    5.10    8.84    9.51
PSATBESP    -6.75  -51.77   11.92   19.04    8.73    2.86    2.00    1.22    4.22    2.86    2.05    4.49    3.20    5.72    2.48    3.20   12.60    2.08    1.75    2.78    0.50    6.85   10.99    2.63    3.21    1.98    8.13    3.39    5.71   14.80    5.81    5.49    9.67   10.14   12.43    3.51   11.00    7.43   16.38   11.25    7.28    6.55    6.62    6.22   10.00   10.92    6.89
PSATPIME    -3.41  -51.91   18.26   19.33   17.47    3.04    3.00    1.40    1.05    2.06    2.25    5.84    2.45    5.29    4.43    2.21   17.44    3.80    3.36    6.85    1.00    3.22    6.95    2.27    3.35    5.61    7.09    2.91    3.97    7.37    7.97    6.95    5.10    7.72    8.29    3.09    9.36   13.59   18.14   12.22    3.92    1.61    4.69    9.90    8.85   13.99    8.01
PSATIRAP   -16.74  -42.57   13.49   16.67   11.85   12.77   14.00   14.28   11.23    7.98    2.39    1.36    0.04    0.01    0.97    0.90    0.70    0.92    0.37    0.14    0.69    0.22    2.34    2.20    1.05    0.91    0.14    1.52    0.89    1.32    2.79    1.01    0.86    0.51    0.21    0.03    0.26    0.17    0.09    0.69    4.06    1.43    1.13    4.01    0.64    6.97    7.86
PSATITBI   -15.97  -39.59   15.62   12.94   12.51   10.84   12.06   17.02    8.51    2.74    1.39    0.41    0.14    0.57    0.58    1.08    0.66    0.38    0.57    1.18    2.67    0.96    5.92    1.61    1.36    1.44    1.55    2.49    1.15    2.25    7.29    3.25    1.77    0.72    0.06    0.79    0.51    0.12    0.39    0.81    1.56    0.39    0.48    0.82    0.66    1.15    2.15
PSATCOLI   -10.98  -55.77   19.65   13.42   13.81   14.62    5.29    1.08    0.23    4.71   11.06   12.87    6.06   12.22    1.72   10.88   16.25    4.82    0.52    0.79    0.70    5.28    4.39   10.10    1.57    0.20    3.67    2.21    4.01    4.53    3.35    2.67    2.42    6.08    4.82    5.88   12.96    7.17    9.54    6.69    2.34    9.74   14.40   16.79    9.33   11.54   10.37
PSATSAEL    -9.19  -57.04   17.27   12.09   13.80   13.75    5.29    1.43    0.37    7.55    8.91   18.31    4.26   24.23    4.54    5.60   17.21    5.12    0.64    1.66    0.82    1.86    5.61    6.39    2.07    3.47    2.72    4.77    5.73    9.13    8.02    7.68    2.54    6.08    5.63    6.20   10.52   11.91   10.52   14.46    3.73    2.82    5.69   11.45    8.91    7.58    8.25
PSATITQ    -17.09  -54.83   35.61    9.59   20.59   18.43   14.58    1.01    3.00    6.58   12.31    3.56    6.73    2.13    9.15    4.65   30.46    4.65    2.89    1.17    1.55   12.52    7.53    9.46    1.71    0.08    1.20    1.18    4.90    3.68    9.77    6.09   12.71   15.40    4.63    4.52    6.76    0.96    5.58    5.00    1.11    5.07    8.05    4.72   16.46   16.49   10.46
PSATJAU    -15.24  -58.73    3.25    6.57    0.39    0.18    0.20    2.82    5.68    1.14    6.87    5.86    8.34    7.25    0.85    1.80    5.28   12.16    1.82    0.22    0.84    5.39    7.97    6.33   12.86    1.07    0.17    6.59    6.03   10.70    3.99    7.58    3.68    4.73    3.42    5.97   32.11   15.28   13.36    4.84    2.34    4.96    6.45    8.98   18.73   13.96    3.35
PSATMAN    -14.87  -55.78   15.27   11.44   13.47   17.67    5.42    1.48    0.20    3.19    8.12    4.32    9.99    1.21    1.77    3.34   15.95    8.38    1.50    0.62    0.60    5.81    3.91   12.48    1.43    0.05    1.16    1.72    2.60   10.92    1.46    2.15    5.03   12.68    7.24    8.15    8.95    1.26   17.44    4.43    1.11   18.61   13.57   16.79    7.17   17.93   11.10
PSATPTP    -17.61  -54.83   15.45    8.96   19.60   25.60   17.79    0.63    1.74    7.24   11.56    4.15    7.35    5.27    5.18    6.91   27.06    9.71    1.82    2.05    4.17   11.55    6.68   11.23    1.86    0.10    0.46    2.88    6.13    7.08   12.54    9.81   18.34   14.36    7.93   12.76   11.23    1.49    9.31   11.00    0.63    6.89    6.96    5.18   20.85   15.70   16.37
PSATSTCL   -17.90  -40.20   21.70   18.87   13.35   14.38   14.67   20.25   13.59    1.32    0.32    0.12    0.06    0.20    0.41    0.63    0.23    0.05    0.28    1.33    1.73    1.30    4.11    2.24    1.23    2.14    1.06    2.51    1.57    2.87    4.98    7.61    2.39    0.62    0.18    1.15    0.32    0.05    0.19    0.38    1.01    0.19    0.27    0.15    0.55    0.23    0.39
PSATPDC    -12.58  -39.00    1.09    0.63    4.73    6.63    6.53    6.61    4.63    1.62    0.32    2.71    2.55    0.62    0.53    2.27    1.53    0.78    1.76    1.69    2.81    1.78    4.58    2.53    2.65    1.99    4.04    3.14    5.12    2.68    4.48    1.45    2.76    2.45    2.27    3.83    4.45    5.97    3.14    4.23    7.74    6.72    5.99    5.56    4.30    1.20    1.53
PSATROSA   -20.92  -41.72   19.94   33.08   14.22   13.37   14.16   10.33    5.99    6.36    0.72    3.41    0.14    0.51    0.77    0.95    0.50    5.88    1.07    0.79    0.00    0.33    2.74    3.00    0.58    0.44    0.21    0.33    1.30    1.47   12.65    8.00    2.44    0.01    0.02    0.01    0.19    3.71    5.59    0.95    2.04   10.76   10.54    4.71    3.81    4.73    1.45
PSATCAN    -20.21  -42.85   23.26   17.50   20.20   48.37   18.07   24.75   19.29    8.52    3.94    7.02    7.69    0.38    0.33    1.98    2.01    2.98    0.71    1.60    0.15    0.09    0.34    1.51    0.87    1.80    0.46    2.21    5.14    1.21    1.88    2.58    0.95    0.23    0.01    0.01    0.02    1.36   10.53    7.12   10.59    8.21   15.63   15.78    4.94   20.27    9.74
PSATSAC    -19.64  -42.85   18.73   21.74   43.72   26.01   17.30   22.28   16.30    9.93    4.78    3.22    3.55    0.01    0.63    3.72    1.85    3.45    0.35    0.82    0.28    0.09    0.37    2.69    1.06    1.22    0.39    0.92    7.59    1.80    3.59    4.00    2.48    0.54    0.03    0.01    0.01    0.48    7.08    4.74    8.57    5.86   12.54   11.38    3.03   18.95   16.64
PSATPES    -19.12  -42.66   12.38   27.73   32.89   21.58   14.65   17.60   20.85   11.12    6.08    1.12    0.43    0.01    0.13    0.69    0.71    2.42    0.47    0.30    0.31    0.08    0.36    1.68    1.45    1.41    0.36    1.63    2.38    1.92    5.06    1.74    1.27    0.28    0.01    0.05    0.35    0.44    1.41    1.14    5.11    2.63    3.15    4.94    5.42   21.36   23.97
PSATMAS    -19.50  -40.92   23.70   33.26   20.10   16.85   15.97   17.76   18.63    7.72    5.78    1.21    0.38    0.28    0.84    0.80    0.65    3.49    0.61    0.35    0.35    0.40    2.96    1.69    1.16    1.16    0.38    2.12    2.78    2.21    3.66    5.50    2.44    0.28    0.11    0.31    0.25    2.19    0.89    0.64    2.39    2.49    3.51    1.70    2.89    6.82    5.50
PSATSBR    -23.37  -45.87   14.58    7.33    2.94    2.76   23.41    4.61    3.06    3.97   14.15   15.99    9.75    4.78    4.69    9.40   15.13    9.01    0.60    2.94   10.73    3.63    2.92    1.88    9.75    6.79    4.94    8.18    5.15    6.61    2.51    4.46    1.26    0.63    0.62    0.34    0.50    3.57   10.71   13.29   16.10   10.65    6.82   18.14   23.35   18.89    9.42
PSATJAG    -23.20  -46.03    7.00    2.89    1.93    1.72   22.26   16.43    1.50    9.55   15.87   30.82   12.74    2.47   18.62   17.79   27.97    8.42    0.40    1.54   16.37    7.22    2.52    2.26    6.44    8.36    3.34    2.78    3.14    6.26    2.98    7.87    2.99    0.06    0.79    1.56    0.64    1.07   10.65   13.92   10.89    8.21    6.07   22.43   23.41   24.54    4.73
PSATFUNI   -22.53  -44.57   21.51    7.64    5.98    5.40   32.17    5.70    2.75    6.09   12.90   18.78   13.61   10.12   13.13   14.31   19.02    3.77    0.55    2.73   18.64    4.72    3.36    2.17    3.63    8.08    3.57    6.25    5.93    7.75    2.20    5.68    1.42    0.09    0.38    0.40    0.22    0.57   12.12   20.05   16.01   14.06    7.40   16.45   20.07   17.04    8.60
PSATSACE   -22.48  -43.84   32.48   17.05   18.37   18.88   30.80    7.44    7.03    7.35   12.44   18.45   14.92   20.25    7.00   17.96   26.02    4.58    0.37    8.16   21.59    0.02    1.72    2.97    4.35    2.35    2.55    6.40    7.66    4.33    2.93    6.64    1.31    0.09    0.27    0.00    0.02    2.11   20.32   23.53   12.18   14.11    7.11   28.00    4.44   10.38    4.33
PSATPIC    -21.91  -43.54   39.39   18.51   27.86   43.15   24.04    9.81   14.35    5.31    3.57   12.85    7.58   27.02   13.53   13.90   11.06    8.91    0.31    7.05    5.97    0.02    0.26    1.33    1.85    2.67    1.83    3.57    5.02    4.00    1.80    2.56    0.58    0.09    0.21    0.00    0.03    0.76   16.30   24.20   14.01   15.41    8.30   23.32    2.38   12.08    4.03
PSATSOGI   -21.94  -43.36   27.15   16.91   25.13   35.08   28.76   27.97   14.29    5.73    2.94   11.22   13.24   21.93   11.63    7.42   16.42    2.88    0.77    7.87    2.25    0.11    0.24    1.30    1.50    1.81    2.65    3.90    8.21    1.96    3.19    0.50    0.44    0.11    0.00    0.00    0.00    1.89   16.40   25.86   15.20   14.36   10.03   23.22    5.05   19.26    5.17
PSATIPSI   -21.84  -42.58   38.69   17.18   21.60   28.96   33.82   24.26   15.83    9.48    8.18    6.90    9.40   14.43    8.13    8.79    7.03    6.76    0.91   10.71    2.27    0.10    0.20    1.49    1.68    2.71    2.67    3.86    3.93    1.91    1.70    0.79    0.49    0.13    0.04    0.00    0.01    1.16   13.16   14.87   12.01   11.44    5.86   15.77    9.23   13.34    4.64
PSATTCLJ   -22.69  -43.83   25.09   23.27    7.74    9.93   33.68    7.58    2.85    1.47   22.02   13.17    5.77    8.76   11.12    9.17   17.46   14.94    0.46    7.22    5.33    0.00    0.93    2.69    5.00    2.47    3.31   10.30    2.61    0.93    1.50    1.22    0.24    1.62    0.09    0.00    0.00    0.95   12.73   14.40   17.09    7.11    4.21   24.05    7.32    8.58   10.89
PSATBIGU   -25.51  -53.67    0.00    0.00    0.00    0.00    0.04    0.34   11.52   25.33    7.62    9.44    5.74   14.76   11.34    4.84    9.13    5.11    8.79    0.77    1.14   16.13    8.48    3.68    4.68    5.55    1.67    1.76    6.82    2.92    1.09   10.46    8.07    3.51    9.36   15.45   11.81   19.36   11.90    4.52    8.81    5.21    7.46    3.18    1.67    2.42    0.96
PSATBRAU   -21.45  -42.41   40.60   17.13   15.56   69.91   34.39   28.32   14.50   10.77   10.75   10.85   18.86    3.83    1.44    4.41    1.70    3.34    1.99    4.10    0.08    0.48    0.37    1.48    0.47    1.79    1.58    2.53    6.61    0.94    2.69    1.79    0.26    0.13    0.00    0.00    0.03    0.50   13.95   12.85   10.47   10.22   14.04   17.30   10.56   21.00    3.43
