PSATAGV    -19.89  -50.35   30.50   24.80   10.87    3.83    0.27    0.52    0.14    0.20    2.08    7.32    2.70    0.18    0.20    1.47    8.68   11.45   11.87    0.99    0.10    0.00    0.13    2.28    0.45    4.38    0.80    8.47    7.63    5.75    4.31   19.43   20.89   26.83   15.45    7.12    5.39    3.22    1.89    7.15    8.06   11.25   14.46   19.99   11.79    0.05    0.11
PSATCMG    -21.28  -44.63   12.97   20.71   13.55    0.25    0.00    0.72    1.20    1.24    0.72   11.19    8.29    2.26    1.26    6.83    2.19    1.74    4.59    0.70    1.92    0.41    4.10    1.93    0.66    0.24    0.51    8.19   19.29   41.56   18.43    0.61    0.14    4.85    1.74    0.76    0.68    1.49    9.89    9.55    8.66    9.64    5.75   16.70   39.93    5.15   10.94
PSATCES    -20.25  -48.16   15.59   16.95   17.07    3.58    0.00    0.10    0.01    1.32    2.90    4.12    5.11    0.59    0.76    1.38    3.01    5.46    5.08    0.59    0.17    0.15    0.59    1.17    0.03    0.14    0.15   16.60   11.05   25.17   16.08   16.43   11.75   15.01   20.05    8.05    8.64    4.04   13.79   14.30   17.32   19.05   24.86   21.03   29.43    0.61    0.98
PSATELC    -21.60  -46.95   14.12   16.79   19.78    3.87    0.00    0.94    0.06    1.58    1.39   10.09   13.51    2.21    7.79    1.20   10.96    8.94    7.80    1.63    0.00    0.63    0.56    0.11    0.06    0.04    0.08    5.00   19.85   32.93   23.05    9.12   24.48   20.88    9.65    5.36    4.75    3.90   11.40   25.08   17.80   13.40   23.79   31.51   76.76    3.23    0.84
PSATFUN    -21.14  -45.04   13.76   22.75    9.53    0.13    0.00    0.13    0.44    0.25    0.07   11.15    9.44    2.73    0.95   12.70    1.71    0.77    1.95    0.61    0.39    0.48    2.49    0.76    0.19    0.12    0.49   14.84   15.21   37.73   13.51    1.46    0.60    4.77    1.11    0.49    0.47    0.32    9.60   12.54   10.92   14.47    7.40   14.53   30.11    2.61   15.99
PSATFUR    -20.67  -46.32   21.14   24.51   13.79    0.63    0.00    0.60    0.35    0.83    0.23    9.39    6.80    1.98    6.50   10.45    5.31    3.40    4.90    1.02    0.04    0.34    0.90    0.83    0.07    0.08    0.34    9.51   16.98   39.84   35.13    7.75    9.87    8.21    2.09    1.16    3.72    1.17   13.50   17.70   13.94   14.54   15.57   20.06   46.12    3.46   20.00
PSATMRB    -20.30  -49.18   21.74   19.60   12.33    2.85    0.14    0.13    0.02    0.58    2.49    2.90    4.84    0.39    1.09    1.41    7.19    8.73    8.12    1.23    0.08    0.08    0.17    0.83    0.26    0.59    0.07   14.54   10.65   17.18   11.18   17.50   17.18   18.55   13.77    6.99    7.28    3.56    9.48   15.00   12.03   20.66   20.43   23.25   31.14    0.48    0.59
PSATPRG    -21.59  -45.67   21.26   22.25   13.71    1.50    0.00    4.60    0.38    4.13    2.25   10.74    9.44    3.60    7.92    8.32    9.88   11.75    7.68    1.99    0.03    2.51    3.56    0.18    0.11    0.11    0.16    1.21   19.96   41.63   34.31    9.68   21.98    9.71    3.65    3.24    6.32    6.31    9.74   12.71   13.01    7.49   22.85   23.13   89.72    4.49    0.46
PSATPAS    -21.02  -48.18   23.59   15.93   11.28    5.91    0.06    7.32    0.07    1.51    5.71    6.12   11.45    1.41    2.57    0.71   12.44   11.93    7.81    1.01    0.01    0.48    0.32    0.27    0.08    0.06    0.04    8.95   17.63   17.76   13.51   18.59   16.10   12.64   10.63    5.05    6.95    4.66   12.15   19.07    8.58   15.40   33.69   40.43   74.14    1.50    0.88
PSATPTB    -21.61  -45.49   16.62   16.36   17.02    1.06    0.00    0.53    0.26    3.19    0.52    7.17    9.09    3.21    3.23    7.23    6.41    5.47    5.22    1.74    0.09    1.67    2.34    0.30    0.08    0.06    0.19    3.33   15.99   47.20   23.97    6.36    7.98    6.22    1.12    0.91    2.99    4.17    9.47   12.36   11.03   13.70   14.93   21.39   51.99    4.55    1.05
PSATPTC    -20.00  -48.55   22.17   16.38   19.52    1.20    0.00    0.00    0.01    0.80    0.09    1.88    2.66    0.26    1.92    2.55    8.37    2.55    4.42    0.62    0.13    0.11    0.52    2.49    0.33    1.46    1.94   14.02   21.12   25.25   24.99   19.20   12.94   12.43    7.00    5.15    6.83    1.32    8.23   16.27   12.06   17.14   21.59   12.13   17.85    0.52    9.76
PSATFZA    -26.00  -51.65   15.07    3.83    1.97    5.78   68.75   20.79   17.40   12.46    4.42    4.99    0.32    4.01   13.09    4.21   28.48   18.79    9.07    1.74    1.01    0.70    0.19    4.15    2.93    7.61   19.98   13.73    0.55    0.09    0.03    0.14    0.15    7.71    8.56    2.46    1.83    8.64    8.29    4.87    9.62    6.15   16.08    2.27    0.29    0.02    0.82
PSATJSG    -25.78  -52.00    8.39    5.33    2.64    8.63   63.90   19.59   21.00   13.79    3.05   10.19    0.81    6.97   16.05    9.88   42.82   17.39   10.57    1.67    1.11    1.63    0.42    3.40    3.90    8.53   16.95   12.44    0.20    0.02    0.32    0.03    0.80    5.35    7.41    3.23    2.63    4.12    7.52    5.59   21.94   11.71   13.44    5.59    0.10    0.10    1.27
PSATSCX    -25.53  -53.48    4.43   12.64    2.12    3.72   57.08   17.95   14.73   16.39    3.64    9.83    0.83   10.84   19.36   11.52   46.19   17.62    8.93    2.27    2.12    1.94    0.94    1.47    1.46   15.45   20.65   12.42    0.08    0.00    0.53    0.18    1.44    5.00    3.26    2.34    2.26    4.56    7.68    5.42   26.15   16.54   21.87   12.24    0.02    0.43    2.16
PSATSCL    -25.49  -51.74   16.97    2.80    2.57    5.45   74.12   44.04   21.28   23.91    2.96   12.89    0.42    5.87   19.26    8.35   24.28   20.55    9.92    3.74    0.70    2.48    0.27   11.16    3.16    7.84   21.54   11.85    1.01    0.02    0.10    0.00    0.11    3.58   10.47    2.26    2.66    7.40    9.49    5.86   11.54   17.23   39.02   17.09    0.02    0.24    1.98
PSATUVT    -26.23  -51.08    6.43    1.93    0.88    3.21   55.39   35.97   16.49   13.23    9.17    3.52    0.14    5.31   18.88    9.92   24.51   33.81    8.13    7.77    0.57    2.81    2.56    2.85    0.17   11.01    8.92   11.27    2.36    0.22    0.53    0.21    0.48    5.75    6.69    2.83    3.42   13.32   10.23    4.56    8.32    4.06   23.53    1.76    0.99    0.26    0.51
PSATBSM    -24.19  -53.74    8.80    3.08    1.74    5.34   43.61   36.14   24.21   18.18    4.49    8.04    0.87   10.11   17.43   11.99   39.58   30.36    8.92    3.07    1.21    0.50    0.21    1.32    0.62   13.91   17.94    6.57    0.11    0.33    0.67    0.20    1.10    5.11    2.12    2.31    2.03    6.88    3.58    4.68   25.13   32.85   35.53   58.58    0.18    0.85    0.44
PSATFLE    -22.97  -54.56   24.13    5.75    2.08    3.65   10.70   18.02   11.65    4.23    5.62    1.73    0.70    6.40   12.72    9.74   29.04   25.43    6.91    3.76    0.11    0.00    0.00    0.00    1.43    7.22   41.18    8.75    0.00    0.24    0.13    0.57    0.74    3.07    2.31    1.60    1.40    2.69    2.77    0.78    3.55   28.68   57.53   55.75    0.63    0.35    0.22
PSATITP    -25.42  -54.58   23.75    6.24    2.00    3.87   28.91   16.45    8.15    5.16    4.33    4.55    0.82   11.86   13.74   10.36   33.37   24.49   10.87    2.78    0.82    0.01    0.01    0.16    0.27   11.18   28.75    9.25    0.04    0.20    0.11    0.36    1.31    4.87    1.16    4.06    2.21    5.34    2.21    2.47   15.48   34.83   61.49   62.69    0.99    0.75    0.38
PSATIVM    -22.38  -53.53   20.01    3.34    2.59    1.22    3.27   16.40    3.43    2.44    4.49    3.09    2.29    4.52    5.69    2.01   11.83   13.01    5.26    2.29    0.36    0.00    0.01    0.09    7.05    2.57   35.31   11.20    0.05    0.31    0.24    0.42    0.30    3.94    4.25    4.00    4.55    3.52    2.50    1.71    1.86   12.83   29.99   34.12    1.13    0.82    0.33
PSATPTQ    -23.18  -53.17   20.46    1.68    1.73    9.72   25.87   49.06    8.66   18.22    3.82    7.15    0.55   10.63   13.51   10.45   27.07   31.46    8.96    3.22    0.32    0.24    0.06    7.22    0.58    8.00   16.13    4.81    1.95    0.82    0.05    0.11    0.93    4.78    3.58    3.64    3.19    7.98    5.73    3.35   13.61   29.83   58.02   47.38    0.79    0.21    0.54
PSATCBI    -17.99  -48.54    5.74   13.59    4.19    1.02    0.00    0.02    0.14    0.01    0.00    0.00    0.06    0.04    0.05    0.01    0.01    0.11    1.29    2.46    0.01    0.17    0.05    2.21    3.73   15.96   15.24   15.39   40.98   22.26   15.50    3.60   24.73    5.32    0.59    3.56    2.48    0.01    0.04    0.01    1.64    9.61    7.55    3.89   47.27   43.98   13.79
PSATCBIV   -16.15  -48.67    4.34   12.97    6.94    1.10    0.00    0.06    0.09    0.00    0.00    0.00    0.01    0.09    0.00    0.00    0.00    0.02    0.93    4.18    0.02    0.36    0.13    1.65    5.83   17.60   16.08   16.10   62.59   21.36   19.34    4.92   24.28    1.53    0.21    3.23    1.94    0.00    0.11    0.01    1.02    4.91    4.23    1.87   49.47   89.79    8.45
PSATEMB    -18.45  -47.98   14.05   16.34    3.72    0.17    0.00    0.00    0.03    0.37    0.00    0.00    0.12    0.16    0.03    0.09    0.04    0.33    0.54    0.95    0.83    0.32    0.22    2.62    2.71    5.10   21.74   11.34   11.91   25.79   15.29    6.13    3.11    2.50    1.26    2.89    0.99    0.03    0.06    6.53    7.96   13.86    8.59    7.63   14.76    1.72   36.91
PSATIMBR   -18.42  -49.10   10.81   15.79    5.78    1.35    0.00    0.00    0.10    0.15    0.02    0.06    0.42    0.05    0.20    0.38    1.33    0.42    3.95    1.14    0.11    0.08    0.09    4.40    3.75    6.29   11.91   11.14   23.47   20.42   10.21    8.08   23.65    8.97    3.82    5.48    3.69    0.15    0.23    2.75    5.57   18.74    9.69    9.16   23.91    3.12    8.79
PSATNPTE   -19.13  -47.70    9.23   11.94    9.35    0.37    0.00    0.00    0.03    0.59    0.03    0.37    0.72    0.62    0.88    0.74    0.90    1.49    3.46    1.60    0.53    0.28    0.19    4.68    1.27    2.28    6.61   11.13   25.83   25.96   20.96   10.06    3.43    5.23    4.75    5.10    1.93    0.38    1.67   10.63    7.69   14.93   11.67    5.35    8.59    0.79   38.51
PSATARV    -18.07  -50.16   16.85   14.57    6.86    1.24    0.30    0.00    0.09    0.01    0.35    0.01    0.24    0.36    0.61    0.21    0.07    8.13    3.82    0.92    0.03    0.84    0.44    8.51    0.72    9.99   12.98   12.55   20.20   15.44    2.51   17.28    8.58    6.70    6.92    8.61    5.40    0.53    0.00    0.36    0.49    6.03    5.36    4.20   22.06    7.80   23.95
PSATSFC    -18.05  -47.68   10.26   16.04    3.97    0.32    0.00    0.00    0.09    0.04    0.00    0.00    0.03    0.18    0.00    0.00    0.01    0.00    0.06    0.58    0.17    0.03    0.05    0.53    5.37   19.54   18.17   16.51   30.69   24.81   12.78    5.31   10.38    1.47    0.70    3.46    1.17    0.00    0.05    0.04    1.14   10.63    7.07    4.98   37.60   40.83   29.14
PSATSSM    -19.02  -50.50   20.07   17.91    5.17    1.52    0.12    0.01    0.11    0.05    0.43    0.16    0.81    0.17    0.41    1.33    3.48    4.40    5.00    1.04    0.09    0.16    0.16    6.20    1.66    5.74   10.82   10.09   19.01   14.21   16.22   19.82   18.10   10.65    5.96    6.33    4.89    0.25    0.01    2.06    6.60   15.19    8.04   11.48   28.23    3.56    4.70
PSATCNI    -22.94  -50.52   21.77    2.93    9.33    9.30    8.03   40.71    0.32    0.75    6.16    4.69    5.14    5.45   13.93    5.16   26.67   18.63    6.61    4.18    0.01    0.01    0.57    5.58    0.05    1.17    2.37    1.16   12.41    0.49    0.70    0.85    8.35   26.91   12.88   11.69   10.44    4.56    7.80   10.09    4.73   25.68   22.64   85.11   90.09    0.06    0.46
PSATCPV    -22.65  -51.33   22.35    1.39    3.87   10.19   22.55   49.68    0.54    3.19    4.12    6.38    1.26    6.01   12.52    7.62   21.58   25.45    5.90    2.54    0.16    0.01    0.03   12.33    0.08    3.42   10.76    0.67   12.54    0.36    0.13    0.20    2.46   10.72    8.59    6.05    7.72    3.95    4.67    5.45    4.73   25.79   35.19   99.00   28.86    0.04    0.37
PSATCHT    -23.01  -49.73   18.31    0.32    3.25    9.49   15.36   44.09    0.66    0.88    3.82    4.66    0.83    3.12   14.82    4.09   23.38   20.40    6.52    1.14    0.01    0.04    1.26    7.43    0.01    2.45    0.29    0.27    6.60    1.02    1.10    0.10    2.83    9.62    6.01    2.67    7.39    3.04    4.03    8.58    3.18   15.57   34.01   56.55   41.77    0.18    0.34
PSATJUR    -23.22  -49.23   31.99    1.04    6.63    6.92   10.48   40.92    0.37    0.26    5.56    2.90    0.98    3.64   12.23    2.89   16.91   19.95    5.96    3.63    0.01    0.06    1.11    0.90    0.04    0.01    0.13    0.25    3.37    3.91    2.54    2.00   12.27   16.03   18.96    6.78    6.37    5.91    4.49   11.01    4.85   12.63   31.89   61.50   77.74    0.81    0.21
PSATMAU    -24.06  -50.71    7.37    0.29    1.15    7.93   25.62   47.61    6.24   10.68    5.92    7.86    0.25    6.22    9.72    7.73   12.48   29.00   10.13    1.87    0.01    0.09    0.11    7.35    0.21   12.28   14.38    3.55    8.17    0.40    0.30    0.09    1.57    8.33    3.45    4.15    3.06    6.81    5.14    4.63    4.18   20.63   67.14   14.54    2.27    0.06    0.80
PSATROS    -22.50  -52.87   23.35    4.88    2.47   12.41    7.32   40.01    2.41    7.86    5.12    5.16    0.53    6.32   13.28    8.45   16.43   26.55    7.04    2.28    0.29    0.00    0.00    6.43    0.31    3.14   15.29    2.22    1.29    0.43    0.03    0.10    1.21    9.80    6.53    7.78    3.98    4.32    3.52    4.47    9.17   28.75   45.74  108.07    9.51    0.07    0.07
PSATQMD    -16.21  -47.33    5.60    8.51    2.76    0.26    0.00    0.00    0.05    0.00    0.00    0.00    0.00    0.26    0.00    0.00    0.00    0.00    0.00    0.02    0.00    0.00    0.09    0.24    3.35   16.84   11.60   13.22   35.92   34.16   18.16    6.17    8.41    0.01    0.08    4.59    0.59    0.00    0.43    0.03    0.41   10.67    5.04    2.69   15.11   64.03   14.79
PSATRBX    -18.95  -44.76   13.18    9.34    4.10    0.00    0.00    0.01    0.31    0.38    0.01    2.29    2.11    1.52    0.09    2.83    0.29    0.25    0.48    0.71    0.47    0.15    4.34    1.31    0.27    0.17    5.30   12.45   17.98   29.24   10.33    0.21    0.16    0.87    0.75    0.57    0.34    0.00    4.35   15.18   13.03   13.75    7.56    7.29   20.80    2.35   27.76
PSATSFR    -15.93  -44.86    9.29    4.72    1.80    0.01    0.00    0.00    0.02    0.00    0.00    0.00    0.01    0.08    0.00    0.00    0.00    0.00    0.05    0.01    0.00    0.00    0.03    0.11    4.29   14.42   16.43   20.49   15.66   31.77   21.40    3.28    0.84    0.06    0.19    1.41    0.36    0.05    0.35    0.04    0.47    5.55    9.10   11.82   19.20   42.40   24.03
PSATSRM    -16.37  -45.07   14.35    6.98    1.07    0.00    0.00    0.01    0.10    0.23    0.00    0.05    0.11    0.37    0.07    0.17    0.00    0.00    0.08    0.07    0.06    0.05    0.35    1.11    2.40    3.43   27.37   24.70   21.83   31.99   19.99    2.19    0.53    0.67    0.38    1.50    0.23    0.02    0.36    3.58    7.96   15.21   11.65   12.37   20.70   11.55   32.18
PSATTMR    -18.16  -45.27   17.49   16.07    6.06    0.06    0.00    0.00    0.12    0.20    0.00    1.18    0.49    0.45    0.87    2.16    0.70    0.86    0.79    0.31    0.24    0.31    0.79    3.28    0.30    0.51    7.06   11.92   16.45   34.56   25.63    2.58    0.92    1.79    0.72    1.10    0.87    0.07    3.74   13.68    9.69   15.79   12.25    8.73   18.51    1.61   60.50
PSATBOQ    -11.35  -43.83    4.87    3.79    0.92    0.17    0.05    0.57    0.43    0.00    0.00    0.02    0.37    0.00    0.00    0.00    0.00    0.01    0.27    0.67    0.17    0.07    0.06    1.26   13.03   11.12   14.41   23.27   42.56   44.66    3.73    0.25    0.03    0.30    0.68    0.11    0.04    0.00    0.00    0.13    1.72    7.66   10.27    8.64    7.43   13.85    8.46
PSATBBO    -22.52  -48.55   30.22    5.20   13.66    6.24    1.25   24.93    0.68    2.29    7.03    3.85    5.64    1.83    8.73    1.61   18.42   13.06    9.09    1.63    0.00    0.30    1.24    0.21    0.02    0.04    0.04    0.83   12.96   19.86   20.08   19.77   19.65   16.58   20.82   10.77   10.25    5.07   10.14   12.71   10.02   23.03   34.89   54.97  114.91    2.38    0.34
PSATESZ    -23.46  -46.91   31.24    4.98   14.99    4.04    3.40   18.56    0.78    5.89    5.21    7.72    1.83    0.78    4.48    4.65    8.41   17.22    7.84    0.44    0.20    1.35    2.56    0.66    0.65    0.25    0.05    1.84   14.30   23.96   45.24   41.39   38.46   18.41    6.32    2.54    5.88    6.25   10.43   11.33    4.15    6.06   48.85   78.70   92.01   10.39    0.25
PSATIBT    -21.76  -48.99   24.45    9.05   13.23    7.57    1.96   20.27    0.11    2.09    5.99    4.55   10.69    0.59    4.24    1.34   17.71   11.67    7.42    0.89    0.00    0.01    0.54    1.40    0.07    0.00    0.01    5.36   14.35    5.07    3.09   15.37   22.07   27.66   23.77   11.81    4.54    1.99    7.98   15.89    3.51   20.46   24.17   62.27   99.54    0.19    0.33
PSATNAV    -21.12  -50.20   41.22   18.77    9.77   11.48    0.66   10.31    0.09    0.29    3.56    9.51    7.51    0.54    1.63    1.74   10.28   19.85   11.49    1.36    0.00    0.00    0.02    3.10    0.21    0.13    0.33    4.19   10.86    1.52    0.73   10.24   26.79   33.81   23.52   10.40    5.26    2.82    4.73   10.41    4.18   15.30   25.15   49.16   22.78    0.05    0.04
PSATSME    -13.40  -48.30    9.79   14.04    5.12    1.09    0.15    0.04    0.14    0.01    0.03    0.00    0.01    0.23    0.00    0.00    0.00    0.11    1.21    0.76    0.07    0.34    1.30    0.29    5.93   17.83   16.19   26.78   57.48   26.70   19.23    9.42   16.21    0.69    0.12    4.14    1.21    0.00    0.01    0.02    2.23    4.51    2.56    4.79   17.11   45.88   16.90
PSATBGR    -27.78  -51.20    0.53    2.59    1.56   23.43   43.38    5.40   21.58   17.32    4.99    0.14    0.35   18.50   11.53    2.53   31.25    3.37    2.20    9.38    5.02   23.69    1.29    0.14    0.71    6.87   41.27   44.38    1.42    0.04    0.01    0.08    0.20    9.38    5.56    2.81    6.78   18.07    8.82    4.57   13.84    4.22    1.38    0.21    0.29    0.18    0.13
PSATCNV    -27.60  -51.33    2.54    5.44    0.97   16.74   24.31    6.98   22.64   16.35    5.08    0.84    0.18   10.98   12.44    7.34   34.56   10.62    2.68    5.24    3.01   13.01    0.77    0.47    0.39    6.55   27.13   36.22    0.15    0.05    0.03    0.08    0.15   10.02    7.93    1.60    2.77   11.32    8.48    3.51   13.46    2.56    1.84    1.42    0.16    0.16    0.27
PSATFCH    -27.14  -53.04    5.09   17.31    1.55   12.65   25.95    3.87    8.48    7.61    3.28    0.30    1.66   28.55   12.15   12.74   49.01    1.46    8.55    3.37    0.78    0.50    0.38    0.08    3.43    9.78   32.31   33.81    0.00    0.00    0.00    0.08    0.24    1.20    1.01    1.41    0.60    3.80    3.63    3.37   12.08    4.68    1.14    0.03    0.00    0.02    0.15
PSATITA    -27.27  -52.38    2.37    8.38    1.42   14.75   23.14    8.60   21.55   14.37    5.36    0.42    0.93   14.56    8.96   11.74   43.85    3.38    6.71    6.22    1.51    3.22    0.86    0.05    3.27    5.34   27.99   34.69    0.17    0.03    0.00    0.02    0.37    5.91    4.54    2.28    1.69    9.46    8.04    1.74   12.09    4.43    3.33    0.26    0.02    0.03    0.17
PSATMCD    -27.52  -51.78    1.06    1.63    0.42   23.39   22.67    7.14   18.02    8.75    4.63    0.06    1.37   24.51   12.39    4.04   50.55    1.00   10.10    6.14    1.02    9.79    0.66    0.01    3.17    5.00   39.96   45.07    0.07    0.00    0.00    0.00    0.47    4.01    1.17    1.46    1.54    9.39    5.33    0.93   20.94    5.75    0.29    0.14    0.00    0.03    0.06
PSATMOJ    -27.35  -52.73    0.58    5.82    1.10   31.48   24.65    9.05   15.19    7.74    4.06    0.09    2.21   32.78    8.06    7.57   62.19    0.83    6.46   15.50    0.21    0.72    1.06    0.02    1.03    5.66   35.77    8.60    0.04    0.00    0.01    0.09    0.85    1.14    0.72    1.70    1.57    5.19    8.15    3.11   13.67    6.00    0.14    0.00    0.00    0.06    0.09
PSATQQX    -26.66  -52.54    4.36   13.93    2.38    5.31   38.00   16.22   22.76   22.69    4.99    5.23    0.89    7.10   11.41   11.77   48.24    8.43    8.11    3.14    2.54    2.97    0.60    1.26    4.59    9.31   23.98   29.21    0.18    0.00    0.00    0.01    1.58    6.05    7.11    3.88    2.63    6.69    9.40    3.08   19.55    5.75    5.58    0.31    0.02    0.14    1.48
PSATPSJ    -28.14  -55.05    0.20    0.49    0.79   67.94   51.75    1.43    5.09    1.36    2.04    0.02    6.38   47.13    3.28   38.69   76.72    0.00    7.08    7.39    4.21    0.29    2.57    0.10    0.07   11.15    5.68    0.08    0.81    0.00    0.21    0.77    2.30    0.31    0.87    1.53    1.22    4.80    8.31    6.36   16.46    2.07    0.04    0.00    0.00    0.03    0.06
PSATESP    -18.68  -51.87    6.92    8.77   12.74    1.32    0.36    0.00    0.14    1.98    0.96    0.42    0.34    0.41    0.44    0.09    1.21   14.31    4.61    1.46    0.70    8.07    0.93    0.21    7.52   17.90   31.04   20.75    2.12    2.29    0.05    5.28   18.62   14.28   23.79    8.35    2.47    0.29    0.34    0.03    0.00    2.96    1.86    3.60    2.01    0.52    6.20
PSATSRC    -19.16  -50.76   18.01   21.43   12.90    1.94    0.32    0.00    0.20    0.81    1.34    0.25    3.66    0.36    0.50    0.39    0.28   14.52    6.09    1.17    0.26    5.55    1.82    1.06    2.13   13.20   14.73   11.08    1.83    2.00    4.49   10.03   17.38   15.92   21.48   13.61    4.90    0.91    0.03    0.19    0.10    6.22    3.66    5.15    3.59    1.05    2.21
PSATFRCL   -19.12  -50.64   21.46   22.00    7.31    1.25    0.43    0.02    0.18    0.30    1.04    0.08    0.99    0.43    0.50    0.30    0.22    8.85    5.10    0.71    0.27    2.67    1.75    5.38    2.01   10.33   16.47   10.77    5.29    3.59    7.34    7.81    8.41   12.72   19.47   11.09    5.84    0.86    0.00    0.77    0.47    5.20    3.26    5.06    5.97    1.38    2.94
PSATISOT   -20.40  -51.35   37.60   34.07   10.36    5.60    0.27    0.07    0.27    0.68    2.54    6.01    3.99    0.68    1.46    1.57   11.38   15.09   15.08    2.39    0.05    0.04    0.29    3.02    0.67    7.25    8.10   10.01    2.42    3.70    2.90    7.69   21.62   22.83   25.81   15.45    6.99    1.56    1.15    4.18    6.48    8.37   15.19   22.50    5.18    0.73    0.23
PSATJUP    -20.86  -51.63   24.42   21.57   16.89    2.94    0.38    0.06    0.46    2.25    2.65    5.60    7.11    0.33    1.43    1.52    4.59   14.36   11.35    5.11    0.22    0.17    2.66    1.31    3.77    5.72   13.99   16.59    1.02    0.94    1.08    2.78   13.66   16.27   22.56   19.97   10.54    3.40    2.55    2.76    1.80    4.19    8.71   14.20    9.78    1.11    1.58
PSATSDG    -20.06  -53.18   30.62    9.08    9.79    1.61    0.88    0.57    1.16    1.34    2.59   14.90    4.23    0.20    0.30    0.98    1.51    6.71    7.12    1.61    0.05    0.31    3.17    0.05    4.56    5.41    8.98   13.04    0.78    0.11    0.49    1.16    6.85   13.65    9.27   12.56    6.65    5.03    2.45    0.08    0.02    1.59    7.56    9.88    5.22    0.98    2.24
PSATFZBT   -21.66  -52.87   21.17    4.68    6.42    0.66    1.73    5.12    1.82    3.59    4.27   11.32    2.30    3.26    1.48    1.24    5.21   10.79    7.18    2.36    0.16    0.02    0.52    0.49    8.89    3.18   15.31   19.14    0.06    0.71    0.11    0.17    0.81    9.50    8.83    6.36   10.76    5.37    2.81    1.35    4.85    3.58   11.47   24.85    4.17    0.79    0.16
PSATPPRA   -22.46  -52.91   35.25   17.92    8.99    4.67    2.76   11.17    1.67    2.35    4.82    6.48    3.69    3.03    8.27    4.73   13.36   18.13   11.29    4.29    0.11    0.00    0.13    2.70    0.52    3.85   14.36   10.41    1.98    1.22    0.12    0.51    3.81   14.58   12.28   13.92   10.79    3.84    4.40    4.67    8.23   21.85   23.31   59.08   10.59    0.20    0.13
PSATBTE    -13.69  -50.80   14.88   16.07    8.37    1.60    0.55    0.15    0.48    0.06    0.23    0.09    0.12    0.20    0.06    0.01    0.25    3.01    2.91    1.23    0.20    2.73    5.99    0.70    0.62   14.72   23.65   21.19   16.50    7.91   10.46    9.10   11.14    5.21    6.61   12.34    3.33    0.53    0.25    0.03    0.79    4.82    2.80    8.98   26.83   16.42   14.68
PSATARAG    -8.27  -49.26    8.30   12.39    7.44    2.74    0.55    2.63    0.37    2.98    0.25    0.14    0.59    0.93    2.21    0.19    0.88    7.12    4.27    1.55    1.16    7.27    4.68    3.34    0.12    6.64   19.25   23.22   23.60   19.10   26.28   11.06   12.99    6.55    7.95    9.76    1.13    0.22    0.13    1.21    1.70    4.69    3.19    3.23   14.62   29.21   19.69
PSATLAJ     -9.76  -48.37    6.61    7.60    4.17    0.80    0.19    1.78    0.44    0.01    0.02    0.02    0.22    0.18    0.29    0.04    0.66    0.99    2.17    1.70    1.17    1.80    3.35    0.97    4.58   11.94   20.55   24.49   43.92   35.45   22.14    7.39    1.92    0.77    2.16    1.96    0.14    0.01    0.02    0.07    2.70    7.13    5.01    8.26   10.52   22.83   22.94
PSATPTRL    -9.31  -47.39    9.96    8.65    2.28    1.12    0.06    4.28    0.30    0.11    0.03    0.41    0.36    0.19    0.17    0.13    0.97    1.28    2.76    3.94    1.90    1.14    0.71   10.78    1.41    8.17   16.23   19.32   38.73   18.80   13.44    3.33    0.16    3.75    0.25    0.11    0.01    0.00    0.01    0.92    1.76    4.14    9.21    5.43    2.43   13.64    3.27
PSATLJET    -7.33  -47.48    6.05    5.32    2.12    2.96    0.31    7.56    0.14    1.06    0.48    0.61    0.76    2.78    7.24    0.72    2.80    8.05    4.04    3.16    4.21    1.85    1.31    7.87    2.99    7.57   11.25    6.10   24.04    9.50    2.75    3.56    3.03    1.66    8.53    2.24    2.05    1.64    0.98    7.67    4.45    4.14    3.89    7.48    2.84    6.83    7.16
PSATUCR     -3.83  -49.65    6.28    9.96   13.50    8.07    0.53    2.36    0.23    6.19    8.79    0.72    1.47    2.77    8.67    1.76   13.82   18.43    8.11    4.11    2.99    2.91    2.48    6.24    1.93    6.68    6.74    4.53    6.26    3.94    4.04    5.42    7.53   15.21   12.69    3.92    5.90    3.17    7.39    7.70    4.19    4.15    1.58    6.15    2.72    3.66    5.47
PSATXIVJ   -29.07  -51.67    0.07    5.36    0.69   32.77   67.93    3.89   17.98   11.25    2.56    0.00    1.99   18.34    5.85    4.26   30.61    0.51    3.17   15.11    4.78   14.41    1.73    0.08    1.94    7.58   30.29   25.02    2.28    0.00    0.00    0.00    1.22    1.08    0.96    1.46    2.16   12.10    6.55    1.17   15.37    4.61    0.61    0.05    0.00    0.00    0.02
PSATDFRC   -29.45  -53.28    0.03    0.06    1.05   66.08  102.21    0.08    7.58    0.42    1.53    0.00    3.74   33.25    0.62   21.09   22.50    0.02    3.64   11.50   16.68   10.62    7.49    1.28    0.97   16.03    3.49    0.73    1.46    0.00    0.03    0.51    1.93    0.84    1.27    1.17    4.76    9.01    8.34    1.83   11.38    2.11    0.01    0.00    0.00    0.02    0.00
PSATREAL   -29.02  -53.19    0.28    0.45    0.58   56.86   60.61    2.39    8.17    1.74    1.25    0.00    3.84   30.08    3.09   14.25   54.29    0.04    5.62   20.10    5.39   13.94    5.29    0.04    2.41   11.40   11.46    0.98    1.65    0.00    0.03    0.19    2.36    0.74    1.20    1.26    3.43   12.69    9.86    1.41   12.56    2.50    0.23    0.00    0.00    0.04    0.04
PSATCTAV   -29.01  -51.39    0.26    1.26    1.81   29.81   93.47    2.17   31.41   12.42    5.21    0.33    0.95   27.58    5.79    1.74   19.37    1.31    3.31    6.41   11.18   26.99    2.68    0.04    1.55    9.88   45.77   35.15    2.73    0.00    0.00    0.02    0.54    3.19    2.08    4.04    4.55   17.88    8.68    4.12   14.67    6.57    0.57    0.09    0.78    0.24    0.06
PSATERNT   -28.56  -52.54    0.55    3.65    0.86   46.12   35.28    6.82   16.76    5.45    2.62    0.00    4.11   30.25    7.53    9.36   59.56    0.56    5.52   14.95    0.42    8.49    1.50    0.05    1.64    7.32   22.56   13.34    0.76    0.00    0.00    0.05    0.53    1.28    0.79    1.83    2.21   14.46    9.86    1.25   15.59    4.62    0.24    0.02    0.00    0.02    0.08
PSATSTPL   -27.14  -49.52    2.59    3.21    0.62   13.69   18.66   18.49   20.52   16.79    8.11    2.57    0.54    3.91   21.05    1.93   22.33   22.58    1.19    8.21    3.17   19.03    1.12    1.80    0.60   13.32    4.99   21.31    0.30    0.04    0.03    0.09    0.10    9.67    7.73    2.30    2.91   14.00   12.97    7.51    9.63    0.57    3.69    0.49    0.17    0.42    0.54
PSATCVCH   -25.14  -48.87    3.93    0.84    0.82    3.86   23.55   22.38   11.54   13.52   14.58    3.07    0.22    8.33   21.63    3.32   20.29   37.05    5.19    1.72    0.14    2.87    3.83    4.62    0.35    5.57    1.60    1.05    6.45    1.25    6.84    0.26    0.43   11.47    4.65    2.67    7.37   11.26    6.65    7.14    9.03    6.29   62.35   33.87    2.14    1.19    0.24
PSATAMY    -12.60  -69.12   13.07   15.18    8.31    8.19   12.22   14.46   10.00   14.33    6.82   18.99    4.22    7.48    6.43    2.93    2.75   11.01    6.93   14.92    8.25    2.19    2.67    1.94    5.47   14.45    7.14   47.99   10.61    2.41   10.74   27.11    5.23   10.23   12.08    6.17   12.78   10.47   10.53    4.36    4.76    8.35   12.83    8.37    2.71    5.45   11.87
PSATGJR    -10.73  -65.35   14.52    7.52    4.78    4.57   20.01   13.19    4.41    4.82    2.75    7.37    2.47    2.35    7.01    1.71    9.89    5.25    5.05    5.38    1.81    1.62    2.13    0.89    1.13    9.49    8.87    6.97    1.00    0.77    5.85   14.62    4.16    9.22    3.87    4.38    8.99    7.17    4.69    2.58    4.93   11.02   17.90   13.45    5.81    7.88   34.75
PSATPRNC   -12.43  -64.43   18.98    9.06    4.43    1.32   11.70   20.27    4.80    5.09    4.04    6.35    0.71    1.66    3.45    5.36    3.94    7.31    4.11    5.51    1.52    4.08    7.93    0.74    0.85    2.82    7.53   10.40    0.34    1.84    7.91   12.72    4.40    6.93    4.38    8.22   11.36    8.43    5.05    2.24    1.63    2.98    2.84    5.74    1.73    0.84   20.84
PSATSANT    -8.87  -63.97    1.02   10.63    9.52    5.62    9.90   28.83    5.74    6.23    6.17    5.54    3.92    1.99    2.66   26.98    4.18   12.68    4.42    2.84    6.88   10.86    5.98    0.73    2.57    5.21    9.92   18.07   10.47    8.38    8.50   13.40    9.18    3.00    4.51    2.08   14.97   17.65   13.80   12.32    5.84    4.84    4.57    5.08    5.58    5.44    0.98
PSATDARD   -10.16  -59.46    0.36   11.76   17.58    1.61    1.39    1.16    1.64    5.85   19.22    1.01    0.49    4.37    5.27    4.93    5.81    4.85    5.38    2.46    0.49    4.20   16.31    1.37    0.68    4.24    5.00   18.53   19.44   25.88    7.38   19.82    5.53   16.39    9.90   10.25   14.06    7.58    3.19    3.03    4.24    1.77    0.85    3.82    5.01    1.38   18.36
PSATGUAP   -15.12  -58.96   11.61    6.49    8.25    3.67    1.79   18.56   10.17    0.67    0.21    1.37    0.01    1.93    0.66    1.86    1.46    5.98    2.37    2.14    0.76    0.47    8.83    1.25    4.75    0.78    7.49    7.42    0.00    0.00   14.92    8.48    6.26   10.18   11.63    4.97   11.40   11.41   12.63    0.27    1.40    0.31    2.72    1.25    0.67    1.13   27.53
PSATJIRA    -9.25  -64.65   12.68    9.19    4.16    5.26   15.77   23.54   10.39   11.70    6.68   10.60    2.69    3.51    3.37    1.80    4.12    5.86    6.83    7.76    5.12    2.24    1.44    1.43    2.79   12.08    7.61   24.29    8.11    0.80    4.82   17.38    5.85    9.50    7.65    5.69   13.02   12.80    7.61    4.56    3.86    5.63    8.79    7.70    3.00    2.95   11.91
PSATROND   -11.99  -60.70    9.77    6.96    4.37    4.31    4.89   14.13    6.59    1.62    0.69    0.40    0.26    1.85    2.45    6.14    3.91    2.85    6.61    4.85    0.76    3.31   17.30    0.64    1.04    1.56    7.14   12.76    4.41   27.11    3.75   10.76    1.89    6.59    7.14   13.69    4.03    3.78   10.86    3.63    2.93    2.50    4.88    7.17    0.76    1.43    8.15
PSATSAMU    -8.75  -63.45    0.67    9.85   17.69    5.46   15.87   10.45    6.77   11.77    9.02    4.95    2.76    1.98    1.28    5.84    5.51    9.81    3.90    5.16    3.26    9.25    7.74    0.38    2.86    1.41   11.71   14.71   11.07   12.54    5.67   17.51    4.65    5.32    4.92    5.89   12.55   20.82    5.84   11.57    4.44    4.83    5.89    7.63    4.30    2.16    4.44
PSATBALB    -1.92  -59.47    2.84   30.35   20.79   18.64    7.94   20.83    8.25   12.03   14.30   17.20    9.19    0.48    1.28   16.29    7.82    8.40    9.36    2.07    1.59    1.21    1.27    2.65    0.28    7.45   17.07   10.86    2.51    6.33    6.49    3.16    5.16    8.05    3.61    2.75    7.55    9.34    0.92    1.17    2.65    0.19    1.24    1.89    1.23    0.33    0.80
PSATCUNA    -2.82  -54.30    2.23   30.35   18.00   14.76    0.74    0.65   30.11   15.20   10.80   11.45    1.38    0.77    8.70   11.22   16.49   24.12    7.62    4.05    1.27    2.71    0.88    1.18    0.61    4.54    4.92    7.15    1.71    0.57    0.82    1.16   14.31   18.23    3.47    2.28    5.09   10.10   23.00    3.55    4.82    4.02    1.64   10.75    4.96    3.62    1.97
PSATJARI    -0.65  -52.52    3.59    4.29    2.62   10.97    4.44   10.57    8.19    7.62   17.98   10.97    2.07    0.90    3.63   10.63    8.15   13.08   14.98    9.09    3.61    1.43    1.53    4.28    1.34    1.36    5.07    6.61    4.06    2.29    0.85    4.10    7.13    6.66    3.44    8.63    4.63    4.24    3.47    5.42    2.16    1.53    5.11    6.04    7.11    3.81    2.98
PSATFGOM     0.86  -51.20    5.04   11.04    6.08   16.24   18.51   16.06   15.60   17.82   26.10    6.54    2.16    1.40    3.37   10.67   11.47   11.10   14.61   13.37    4.92    1.04    2.00    4.77    2.86    1.38    4.29    9.69    5.40    1.98    1.27    7.46   10.45   11.48    4.31    8.69    6.99    4.55    5.33    3.40    1.86    1.39    7.57    9.98    9.72    8.65    6.54
PSATUBE     -6.75  -43.57    6.62    8.64    2.60    0.70    0.15    2.90    0.49    0.26    0.04    0.20    0.06    0.15    0.43    0.35    0.32    0.53    2.32    3.61    1.85    0.82    0.67   12.01    2.74   11.15   13.49    5.04   16.89    8.87    2.07    0.22    0.54    0.67    0.32    0.22    0.39    0.43    0.97    7.87    1.82    3.29    4.24    7.74    2.85    9.20    6.42
PSATBSOR    -6.74  -52.00    8.28   16.95   11.51    4.64    0.88    1.02    1.44    5.99    1.38    0.51    1.10    1.33    2.70    0.70    2.38    8.87    6.82    2.72    0.80    5.72    3.75    1.67    0.19    7.96   12.11   16.77   12.93   19.49   21.95   13.35   14.57   13.86   20.78   17.47    2.43    0.66    1.09    1.11    4.07    2.72    9.32    1.86   18.90   34.56   15.17
PSATBESP    -6.75  -51.77    8.99    7.23   11.16    6.15    0.62    1.21    1.38   12.31    2.33    1.82    1.89    2.87   11.78    2.32   11.10   11.93    9.63    5.11    3.26    3.22    1.83    6.65    1.03    6.32   10.59   11.07    9.23   10.61   16.97    5.29   18.79   13.52   19.00    9.68    6.25    0.38    3.61    2.98    2.62    4.37    1.16    3.99    1.38    6.53    9.97
PSATPIME    -3.41  -51.91    6.95   12.70   13.34   14.87    1.11    2.08    4.08   16.78   13.42    8.54    3.02    1.97    8.37    4.66   14.70   14.31    7.43    4.60    1.81    2.27    2.70    2.28    1.01    5.74   11.97    7.85    7.38   11.54    9.03    5.11   11.11   13.33   22.39   17.04    3.69    3.47   11.62    4.59    4.98    3.88    2.41    3.05    5.45    5.71    6.33
PSATIRAP   -16.74  -42.57   10.73    2.74    0.01    0.00    0.00    0.00    0.03    0.01    0.00    0.00    0.23    0.09    0.00    0.00    0.00    0.00    0.00    0.00    0.01    0.00    0.01    0.90    4.16    3.40   18.70   41.90   24.65    7.88    2.42    0.06    0.28    0.67    0.96    0.94    0.03    0.23    0.10    2.40    9.36   18.19   12.77   12.41    5.18   15.10   11.62
PSATITBI   -15.97  -39.59    4.11    0.63    0.09    0.05    0.02    0.02    0.08    0.17    0.11    0.11    0.14    0.03    0.00    0.00    0.00    0.01    0.02    0.03    0.04    0.30    0.01    0.60    5.14    8.81   13.36   35.67   21.43    2.62    0.18    0.18    0.66    0.86    1.59    0.56    0.36    0.68    0.38    1.84    4.50   14.32   12.57   11.17    7.88   16.93    9.88
PSATCOLI   -10.98  -55.77   16.15   16.01   14.62    4.78    1.20    0.93    0.96    1.03    0.51    0.14    1.35    1.86    2.75    0.47    0.72    5.23   10.62    1.08    0.33    7.88    4.89    0.50    0.53    6.37    7.80   22.00    5.81   16.20   15.42   15.17    9.34   14.20   11.08   13.38    3.52    0.32    0.14    0.03    2.26    3.12    7.17    3.43   21.40   31.10   27.33
PSATSAEL    -9.19  -57.04   13.21   17.77   15.45    5.70    0.74    0.32    1.70    5.83    5.54    1.14    5.21    1.10    2.46    0.81    4.65    3.76    9.03    1.88    0.69    4.87    5.89    1.48    0.73    7.44   18.89   14.08   18.06   18.21   15.33   22.55   13.05   22.68   20.36   15.59    2.34    1.23    0.42    3.53    6.51    3.82   15.53    4.44    7.47   17.09    6.49
PSATITQ    -17.09  -54.83    8.81   10.04   12.90    1.60    0.76    1.48    3.09    0.45    0.65    2.23    0.93    0.10    0.54    0.26    4.14   17.04    3.10    0.85    0.34    7.54   18.93    0.69    0.02    3.21   27.95   25.08    0.90    0.24    0.00    0.05    8.24    9.74   11.37   16.59    5.83    0.55    3.43    0.00    0.02    0.82    5.71   11.17    9.13   17.59   72.33
PSATJAU    -15.24  -58.73   15.18    7.63   11.00    3.38    1.54   19.50    7.01    1.00    0.14    1.64    0.03    1.55    0.54    1.56    3.46    7.77    4.52    3.64    0.57    0.44    8.51    0.95    4.43    0.57   12.88   13.21    0.00    0.00   12.06    9.49    2.80    7.06   10.15    5.09   15.01   12.29   10.53    0.28    0.78    0.25    2.78    2.05    1.99    1.60   22.57
PSATMAN    -14.87  -55.78    4.22    8.59   17.88    1.84    3.48    3.60    0.76    0.57    2.07    0.17    0.00    0.11    0.15    0.07    2.70   10.53    4.85    0.36    1.99   15.37    5.18    0.36    0.85    2.04   14.24   18.51    0.24    0.05    3.27    0.27    7.27    5.71   13.18   10.95    6.07    0.62    0.34    0.00    0.52    1.54    0.80    0.61   27.97   48.70   41.72
PSATPTP    -17.61  -54.83   12.70    9.89   12.80    0.73    0.62    3.81    1.48    0.91    0.37    5.81    1.61    0.20    0.43    0.11    6.35   10.06    3.22    0.52    0.23    2.55   16.72    0.27    0.01    2.04   29.76   24.03    0.74    0.04    0.00    0.00   12.06    7.93    6.81   21.39    9.87    1.23    5.39    0.02    0.01    0.30    4.80    7.43   11.29   17.21   54.75
PSATSTCL   -17.90  -40.20    1.96    0.15    0.00    0.00    0.00    0.00    0.05    0.01    0.00    0.00    0.10    0.00    0.00    0.00    0.00    0.00    0.07    0.01    0.01    0.08    0.00    0.50    5.72    1.95    3.58   13.59   13.88    0.70    0.19    0.03    0.79    1.04    1.34    0.05    0.06    0.55    0.13    1.74    9.57   17.71    7.52    9.36    9.52   11.83   11.75
PSATPDC    -12.58  -39.00    0.70    0.37    0.26    0.22    0.35    0.40    1.21    1.18    0.51    0.25    0.71    0.14    0.05    0.09    0.06    0.07    0.08    0.22    0.43    0.05    0.01    0.00    6.90   15.75    7.14   18.29    4.48    0.15    0.07    0.23    0.57    0.28    0.69    0.35    0.32    0.83    1.12    0.41    2.62   10.57    0.98    0.23    4.33   18.98    5.00
PSATROSA   -20.92  -41.72   23.57    4.45    0.02    0.02    0.00    0.50    3.10    0.12    0.00    2.43    4.15    2.60    0.12    7.41    0.13    0.03    3.48    0.11    1.13    0.41    0.15    2.67    2.21    0.58    0.26   10.51   19.39   12.31    0.08    0.04    0.21    1.50    1.69    0.74    0.04    0.22    3.82   21.03   11.07   16.45    7.00   18.23   24.34    3.20   16.24
PSATCAN    -20.21  -42.85   22.39   14.61    1.41    0.00    0.00    0.06    2.00    0.40    0.00    0.55    5.34    0.65    0.98   17.80    0.56    0.46    1.57    0.09    0.00    0.08    0.13    4.65    0.49    0.40    0.91   11.29   27.14   37.30    1.23    0.14    0.23    0.48    2.31    0.80    0.10    0.11    4.99   17.82   14.25   18.77   18.57    7.07   28.49    1.50   41.96
PSATSAC    -19.64  -42.85   15.75   10.75    0.86    0.00    0.00    0.03    2.00    0.48    0.00    0.12    0.47    0.75    0.49    1.35    0.03    0.00    0.24    0.10    0.25    0.15    0.45    4.45    1.92    0.89    2.41   15.52   34.97   25.02    1.21    0.35    0.59    0.85    2.53    1.44    0.12    0.17    1.25   21.06   15.45   17.74    6.52    6.89   23.91    2.09   26.40
PSATPES    -19.12  -42.66   17.81    3.79    0.10    0.01    0.01    0.04    0.58    0.08    0.00    0.01    0.44    0.03    0.38    0.07    0.03    0.00    0.00    0.00    0.00    0.09    0.01    4.02    2.91    0.62    1.83   10.69   30.73   13.17    0.25    0.17    0.72    1.14    2.76    1.37    0.20    0.32    0.39   12.73   16.08   30.62    4.66   12.81   16.02    1.77   39.89
PSATMAS    -19.50  -40.92   14.35    2.83    0.04    0.08    0.04    0.04    1.83    0.07    0.01    0.06    0.70    0.59    0.03    0.14    0.01    0.00    0.15    0.00    0.07    0.14    0.02    2.54    1.74    0.77    2.00    7.45   26.87    7.16    0.36    0.28    1.24    1.40    2.35    0.65    0.07    0.14    0.51    9.05   19.16   23.41   15.63   17.59   12.51    5.18   23.00
PSATSBR    -23.37  -45.87   24.41   15.68    8.78    2.44    0.19    6.85    1.64   12.33    8.83   12.00    2.15    2.95    3.85    8.33    9.56   13.66    9.87    2.82    0.37    4.39    6.02    1.60    0.69    0.23    0.37    1.88   30.17   35.57   37.43   13.25   33.83   12.92    4.45    3.13    9.19   10.56   20.63   11.65    6.77    6.90   35.20   57.55  115.62   10.99    1.34
PSATJAG    -23.20  -46.03   23.02    7.17   16.30    5.29    0.03   14.52    4.98    9.48    7.96    5.16    2.46    2.65    5.53    3.97   10.70   16.51   10.09    0.64    0.03    1.74    4.26    1.48    0.11    0.15    0.08    2.94   19.10   19.76   51.48   17.49   56.49   16.77    5.13    1.94    8.91   10.76   12.18    7.75   10.99   11.02   37.45   41.72  100.92   10.41    1.40
PSATFUNI   -22.53  -44.57   19.02   16.50   12.88    2.48    0.01    6.74    3.22   12.83    6.02   10.29    2.95    3.18    6.51    6.26    5.12   10.92    9.35    1.35    0.08    4.46    7.39    1.05    0.12    0.18    0.34    2.46   27.15   40.09   33.73   10.91   33.15   10.57    4.05    2.83    6.60    8.76   15.34    7.67   13.34    8.42   28.84   28.89  103.21    7.85    0.51
PSATSACE   -22.48  -43.84   13.49   35.79   14.52    0.06    0.00    3.88    1.56    6.50    3.75   13.34    3.07    3.21    3.60   24.17    1.78    9.30   10.47    1.23    2.19    1.37    7.32    2.84    2.07    0.11    0.76    3.80   34.07   48.81   15.85    0.95    0.11    1.22    1.46    0.27    2.17    7.11   16.88   17.87   12.34   19.71   14.94   25.54   51.36    9.83    1.77
PSATPIC    -21.91  -43.54   10.11   25.81   15.06    0.08    0.00    1.28    1.28    0.53    0.91    9.41    2.55    1.88    1.08   11.44    0.79    0.87   11.60    0.63    1.89    0.76    4.09    2.01    1.02    0.24    0.32    6.79   26.96   52.52   16.66    0.27    0.02    1.45    4.88    0.46    0.31    0.95    8.39    8.97    8.51    6.41    6.71   12.66   30.88    6.87    7.51
PSATSOGI   -21.94  -43.36   13.60   25.47   11.54    0.00    0.00    0.84    1.06    0.28    0.03    7.35    6.00    2.54    2.03   22.21    2.09    0.18   10.12    0.33    2.37    0.63    3.62    3.22    3.16    0.24    0.56    2.40   34.58   88.13   10.34    0.02    0.11    0.63    7.81    1.40    0.46    0.22   10.76   20.95   13.46   14.34    4.46   12.59   28.90    6.30   23.22
PSATIPSI   -21.84  -42.58   20.45   26.26    7.42    0.02    0.00    0.97    1.67    1.05    0.19    6.89    3.25    2.05    2.22   21.09    1.36    3.01    8.60    0.43    0.71    0.84    2.08    2.69    2.59    0.12    0.43    1.92   23.58   74.79    6.67    0.12    0.41    0.93    2.72    0.92    0.33    1.04   12.87   18.49   21.30    9.39   20.43   27.65   22.24    9.08    8.21
PSATTCLJ   -22.69  -43.83   20.69   39.06   11.77    0.01    0.00    3.20    1.69    3.53    1.64   15.59    3.00    0.27    9.30    7.28    0.74   21.61    5.40    0.76    0.41    0.18    1.50    0.70    2.29    0.21    0.47    0.66   44.91   54.26   11.23    1.04    2.37    0.41    0.95    0.00    1.46    4.62   18.55   24.38   18.74   12.85   28.59   68.05   66.56   17.40    1.59
PSATBIGU   -25.51  -53.67    4.91   15.81    2.01    3.34   56.74   16.08   12.49   15.83    3.61    9.86    0.91   10.99   19.08   12.53   46.14   18.51    9.34    1.93    2.53    1.54    0.98    1.16    1.20   16.78   21.50   11.61    0.07    0.00    0.53    0.30    1.46    5.52    2.89    2.27    2.30    4.22    6.58    5.82   28.27   16.89   23.40   12.96    0.03    0.50    1.99
PSATBRAU   -21.45  -42.41   27.34   21.95    1.14    0.00    0.00    0.09    0.84    0.12    0.00    4.73   11.97    1.48    1.43   27.53    2.24    1.46    4.86    0.05    0.05    0.05    0.02    5.39    2.83    0.35    0.40    4.20   25.83   73.39    1.84    0.04    0.75    1.01    2.96    0.82    0.14    0.07   11.78   21.18   19.78   14.46   16.83   14.54   22.35    1.64   32.21
PSATSUIC   -20.08  -40.58    3.83    0.91    0.14    0.23    0.02    0.78    5.26    0.05    0.05    0.05    1.28    3.29    0.01    0.32    0.00    0.00    1.05    0.05    0.03    0.21    0.02   13.55    4.59    3.14    2.90    6.39   29.72    0.41    0.55    0.82    1.74    1.68    3.60    1.33    0.35    0.20    1.56    5.10   17.52   25.21   12.57   10.53    8.06    9.77   19.47
PSATJRI     -9.30  -64.70    9.25   10.93    4.34    4.88   13.28   21.90    9.38   10.82    5.58   12.39    2.57    2.25    3.22    1.67    3.64    6.43    6.13    8.11    4.95    2.12    1.67    1.57    2.02   12.00    7.88   26.71    9.50    0.71    5.27   19.14    6.95   10.06    7.64    6.09   14.79   13.49    7.83    4.58    2.71    3.56    4.65    3.24    1.63    1.12    6.68
PSATBENI   -14.59  -67.53   22.21    5.64    3.83    6.18   21.28   28.84   12.93   12.16    8.68    4.98    2.27    6.61    3.85    3.01    5.76    4.85    8.94    6.59    6.65    3.01    0.92    1.16    5.27   12.58    6.46   19.93    5.03    0.89    3.47   14.09    3.42    7.77    7.15    3.92    7.73   10.39    8.09    5.13    7.50   11.29   19.93   20.46    6.98    8.15   27.09
PSATEPB    -12.42  -64.42   16.09    8.03    4.37    1.44   14.10   14.81    4.26    4.14    2.85    5.21    1.17    1.53    4.44    3.96    4.60    6.39    3.49    4.61    1.13    2.77    6.92    0.58    0.63    3.32    5.56    7.28    0.22    1.29    7.53   12.64    3.94    8.69    3.47    6.28    8.78    6.43    3.85    1.71    1.51    5.33    8.30    7.71    2.35    3.58   22.89
PSATEGM    -10.79  -64.35   16.51    8.11    4.98    5.66   19.80   17.52    4.79    5.64    3.71    9.16    2.53    2.69    6.88    2.02   11.07    5.73    6.11    6.33    2.36    2.27    1.17    1.18    1.52   11.31   11.70    9.60    1.41    1.05    5.50   15.35    4.76    8.06    4.86    5.30   11.23    9.18    6.09    3.38    6.16   10.86   16.87   13.55    6.42    7.08   37.07
PSATSTOA    -8.79  -63.95    1.02   11.04    9.83    5.24   10.36   29.28    5.41    6.80    5.61    5.16    3.18    2.11    2.25   27.30    3.72   13.40    4.56    2.91    6.62   10.85    6.22    0.69    2.62    5.13    9.71   18.67   10.70    9.06    9.04   12.33    8.98    2.92    4.86    2.06   15.22   17.29   13.05   11.26    5.73    4.52    4.44    4.69    5.49    5.76    1.06
PSATENC     -9.90  -66.62    5.68    6.03    3.79    6.35   19.71   15.52   11.49   18.73   13.05   15.70    7.25    4.54    4.62    0.65    3.37    4.59    4.79    9.85    2.73    1.56    2.43    0.78    1.09   12.24    9.40   21.74    9.65    1.25    6.95   12.20    5.56    9.00   10.13    9.67   17.97   17.36    8.05    4.29    2.10    4.96    6.85    2.63    1.37    0.67    0.69
PSATAMY1   -11.71  -70.63    6.52   12.85   10.77    2.68    9.10   11.81    9.31   14.52    9.40   22.56    3.99    8.61    5.78    1.03    0.96    7.55    4.32   10.58    4.17    2.77    5.04    1.36    3.86   25.25   10.09   66.15   11.55    0.34    8.14   21.66    5.12   11.66   16.25    5.70   17.12   13.85   11.17    5.44    2.25    3.46    4.89    5.28    0.43    0.54    5.23
PSATAMY2   -12.37  -71.17    9.34   11.59    8.47   11.06   14.83   13.54   10.95   19.20    8.22   20.43    3.16    5.80    7.83    2.38    3.94   12.91    6.17   11.83   10.23    2.55    2.37    2.00    5.72   14.87    8.37   61.99   11.51    2.92   11.39   36.33    5.07   12.21   12.25    6.54   13.89   11.05    9.29    4.39    4.50    6.13   11.24    7.72    4.17    4.57   11.53
PSATAMY3   -13.75  -70.18   22.76   22.73    7.79   10.89   10.50   14.23   10.73   11.21    3.23   17.26    5.32    8.39    5.28    6.83    3.65   13.14   11.27   26.78   10.72    1.76    0.96    2.92    7.27    7.31    4.75   27.14   10.03    3.99   17.85   21.50    4.88    7.65    9.96    6.39    8.10    6.53    7.57    2.98    7.36   18.70   23.54   13.50    2.94   12.96   18.75
PSATAMY4   -13.45  -69.47   16.78   16.00    5.34    5.86   14.19   20.82    8.29    8.49    5.62   12.67    5.50    8.66    6.26    1.25    0.82    7.86    5.46    9.68    6.56    1.14    2.68    1.27    4.41    5.79    3.38   17.58    6.71    2.29    1.98   21.24    5.50    7.66    8.39    5.11   10.58    9.75   17.26    4.95    4.55    5.02   11.51    6.57    2.76    3.82   10.12
PSATJRN    -13.37  -59.01   14.73    5.08    6.17    4.31    2.63   11.95   10.20    1.64    0.14    0.49    0.47    2.12    1.55    2.86    1.60    6.33    4.62    3.38    0.60    0.71   10.63    2.79    0.64    0.60    1.50    6.20    0.02    0.31   10.20   13.07    6.01    7.71   14.26    9.05   12.42   15.69    4.73    0.18    1.28    2.64    6.48    0.46    2.38    1.60   17.38
PSATAPI    -10.34  -56.98   16.82   16.08   23.36    4.35    1.09    0.37    0.37   14.36    5.09    0.14    8.76    1.04    1.05    0.29   10.16    3.53    5.93    1.82    0.87    9.44    5.88    1.13    0.32   13.43   29.29   23.17   23.25   20.49   17.71   25.94   10.39   19.60   22.51   12.71    4.21    2.08    0.79    1.07    8.82    2.48    4.28    3.15    3.89    5.37    5.50
