PSATAGV    -19.89  -50.35   31.32   10.64    6.16    2.86    0.05    0.37    2.09    7.73   35.41    9.16   26.39   20.97   14.63   13.26   10.45   16.48   10.04    2.98    8.01   16.09   15.06    7.96    3.26    2.20    3.38    3.08    3.29   10.88    9.06    2.29   15.11   11.16   25.69    8.25    2.31    6.68    1.77    1.12    2.08    7.31   11.34    3.52    5.56   10.84   11.44
PSATCMG    -21.28  -44.63    8.66   30.50   19.81    1.11    0.00    0.00    0.85    6.43   11.58   48.31   24.88    4.14   34.94   33.28   19.01   17.14   14.98    4.16    8.64    3.20    3.30    1.15    4.51    1.44    7.17   33.06   17.24   13.76    1.83    5.30   14.65   11.66   47.26   81.41   79.54   29.05   21.85   16.96   12.25    8.10   10.17    3.16    0.09    2.82    7.25
PSATCES    -20.25  -48.16    8.90   11.44    6.91    3.12    0.00    0.00    0.93   20.71   21.01    1.27   15.03    8.25   20.19   11.90   10.60   19.41    8.25    1.19    8.97   27.55   16.39    5.80    2.47    2.93    5.59    3.01    3.88   21.63   11.02    0.63    3.98   23.06   45.89   37.25    2.61   21.61    6.13    5.14    6.51   12.03    9.91   11.97   11.36    2.85    9.58
PSATELC    -21.60  -46.95   11.89   10.05   21.54    5.27    0.00    0.03    0.95   15.55   13.84   22.13   20.28    2.42   17.22   14.67    9.29   15.57    8.24    1.96    2.08   13.36    2.86    2.01    3.63    7.50    9.34    6.98   11.57   16.33   18.89    0.73   12.24   26.17   33.98   87.08    3.33   17.90   23.09    8.82   14.62   23.72    3.65   13.67    7.27    1.46   11.53
PSATFUN    -21.14  -45.04    7.00   21.54   11.19    0.33    0.00    0.00    0.72    4.18    8.60   41.51   23.14    2.81   27.22   34.12   20.75   26.87   14.44    6.30   10.64   12.19    3.38    1.29    3.04    1.07   11.68   61.29   12.42   15.02    0.85    3.39   10.12   13.70   38.30   57.70   53.11   21.42   19.51   16.67   11.59   10.48    5.96    3.78    0.32    2.44    5.09
PSATFUR    -20.67  -46.32    6.42   21.28   21.30    1.18    0.00    0.01    0.73   15.73   11.96   17.83   18.68    9.45   30.44   24.82   14.05   22.72   11.98    3.64   11.18   18.83    8.85    2.22    2.42    3.43   18.88   34.57   17.08   10.26    5.20    1.94    9.72   23.48   39.58   48.75   39.12   15.00   22.30   10.71   11.95   14.00    5.11   10.35    1.17    0.86   12.28
PSATMRB    -20.30  -49.18   18.70   12.64    8.89    2.57    0.00    0.02    2.92   15.04   23.53    6.45   23.91    9.52   19.97   12.21   10.24   16.18    7.57    2.41    7.61   20.38   20.44    4.91    2.83    3.17    3.85    2.93    4.38   13.59    7.80    2.12    5.63   23.28   40.63   30.06    2.46   16.96    5.79    2.73    4.06   13.47   10.67    8.06   10.23    7.72    7.66
PSATPRG    -21.59  -45.67   17.90   14.28   19.52    3.93    0.00    0.03    1.40   14.18   10.12   27.92   22.37    2.68   24.08   21.50    5.05   13.54   10.90    2.89    4.93    5.28    3.27    2.91    3.36    4.44    8.66    9.20    7.54    8.79    9.03    5.19   12.41   34.42   53.50   79.29   14.00   12.04   28.28    5.81   11.55   12.49    6.46    9.12    1.09    2.01   11.90
PSATPAS    -21.02  -48.18   15.78    7.52   10.79   13.05    0.00    0.07    3.93   10.88   20.20   26.20   28.01    2.11   16.02    8.42    6.86   13.81    8.92    1.71    2.19    7.53    9.23    2.08    1.96    3.39    4.37    3.85    6.35   14.47    8.36    2.25    9.53   33.15   40.91   13.76    2.19   15.05    9.22    2.32    5.76   12.59    9.17    8.10   11.04    5.93   10.93
PSATPTB    -21.61  -45.49    8.20   12.33   27.43    1.21    0.00    0.00    0.37    7.94   13.74   30.62   17.51    4.70   29.07   32.67    7.68   15.75   13.42    2.31    7.32    6.80    3.33    2.54    4.54    1.52   12.06   10.89   11.83    9.11    2.38    8.09   14.58   34.31   49.94  119.77   51.32   17.44   26.13    9.03   12.43   10.96    8.77   16.60    0.56    1.32    9.47
PSATPTC    -20.00  -48.55   10.94   25.10    6.46    1.01    0.00    0.00    1.47   14.21   20.89    0.66    8.41   14.95   23.52   16.91   10.71   18.82    9.35    2.54    6.52   25.20   17.01    7.82    3.41    4.28   16.73    6.17    7.09   11.22    9.81    1.51    4.59   12.52   36.16   23.11    6.46   18.83    4.10    6.04   10.91   10.46    9.48   12.98   10.97    3.13   15.28
PSATFZA    -26.00  -51.65   24.30   11.25    2.66    6.38   12.98   38.81   55.77    5.39   12.87    7.55    0.84    0.99    0.40    0.27    1.37    1.01    0.89    6.14   10.52    0.41    0.48    1.41    0.83    0.51    0.20    0.14    0.28    1.67    6.03   18.10   16.01    6.71    5.02    1.72    0.26    4.48    0.03    1.73   10.20   11.84    6.82    3.42    2.53    7.09   18.82
PSATJSG    -25.78  -52.00   19.73    9.38    3.40    5.94   19.61   44.01   57.01   10.12   10.14   10.53    0.74    0.09    0.08    0.34    1.95    0.63    1.37    4.25    2.35    0.58    1.00    3.19    2.12    0.63    0.21    0.02    0.05    1.79    5.05   15.16   12.31    4.37    5.62    0.53    0.04    2.74    1.54    1.64    3.87    8.02    3.43    2.38    1.44    5.20   15.32
PSATSCX    -25.53  -53.48   16.43    8.77    1.92    7.16   18.04   58.82   33.05    9.68    7.09   15.16    1.59    0.50    0.39    0.65    1.69    0.41    1.89    6.42    2.51    1.20    0.62    3.19    4.86    0.62    0.39    0.01    0.00    0.82    2.17   17.44   10.78    2.18    2.18    0.27    0.01    1.01    2.67    2.63    1.49    3.98    1.66    0.93    1.18    9.47    8.45
PSATSCL    -25.49  -51.74   22.76    9.20    2.28    6.41   15.99   31.54   34.29    4.33    4.23    9.90    1.02    0.24    0.11    0.27    1.09    1.02    1.39    5.78    9.06    0.53    0.66    0.76    3.20    0.24    0.27    0.05    0.03    0.63    4.79   20.19   15.66    7.90    5.23    1.31    0.18    3.33    2.08    1.97    9.34   11.05    4.27    3.27    3.74    9.03   15.47
PSATUVT    -26.23  -51.08   11.75    9.73    0.95    8.22    8.85   37.47   39.85    6.35    8.53   17.17    2.11    1.69    1.46    0.76    0.78    0.99    0.64    6.72    4.18    0.53    0.19    0.29    0.97    2.62    0.55    0.35    0.61    2.30    3.97   18.42   19.87    8.03    1.96    3.27    1.42    6.53    0.00    0.39    5.07    9.59   11.05    3.51    3.68    8.49   15.34
PSATBSM    -24.19  -53.74   13.07    5.68    2.31   10.60   20.28   35.41   24.24    5.99    3.58   18.37    3.51    1.07    0.56    0.61    0.75    1.16    1.35    3.85    5.13    7.10    0.14    0.23    2.52    0.36    0.22    0.03    0.09    0.47    4.19   13.06   10.44    2.31    1.54    0.05    0.04    0.81    2.86    2.51    2.92    2.65    1.67    1.36    1.08    8.72    4.16
PSATFLE    -22.97  -54.56   12.91    2.15    2.08   15.84    6.84    8.63   14.91    5.76    4.63   13.90   17.92    6.77    2.44    2.18    4.36    6.47    2.49    5.08    9.72    9.60    0.95    0.87    0.67    0.11    0.30    0.19    0.39    0.78   10.50    8.07    3.14    2.69    0.74    2.00    0.40    0.01    0.42    1.23    0.14    0.00    0.15    0.25    0.50   14.07    7.15
PSATITP    -25.42  -54.58   16.83    5.79    2.79   14.76   12.16   29.54   17.29    8.06    8.99   16.41   11.12    1.33    0.72    0.51    1.86    5.24    2.14    2.47    6.12    7.21    0.27    0.13    1.57    0.18    0.17    0.11    0.28    0.65    5.18    8.00    9.97    2.26    1.44    0.77    0.15    0.16    1.08    1.65    0.63    0.29    0.25    0.37    0.40    6.84    5.49
PSATIVM    -22.38  -53.53    9.81    3.86    4.57   15.09    4.04    6.82    6.93    5.28   10.31   17.21   17.95   11.21    6.26    5.62   11.86    8.28    2.64    3.39    7.74   15.97    4.39    1.61    0.33    0.22    0.61    0.56    0.46    1.85   12.52   14.96    9.84    6.47    3.18    2.21    0.81    0.55    0.70    1.85    0.23    0.03    0.34    0.86    0.26    7.81    4.93
PSATPTQ    -23.18  -53.17   14.72   13.53    2.53   16.49   23.59   16.74   21.11    4.85    5.50   10.93    6.00    1.01    0.52    0.21    0.45    2.21    1.00    1.96    9.50    4.43    0.09    0.03    0.46    0.09    0.33    0.17    0.15    0.71    7.17    8.04   10.84    5.54    1.72    0.30    0.17    1.33    1.71    1.93    3.93    4.17    2.71    1.81    2.40    6.87    4.89
PSATCBI    -17.99  -48.54   14.85   12.14   10.60    0.04    0.00    0.06    0.65    0.38    0.13    0.00    0.01   22.76   18.43   17.07    9.65   13.78   10.41   17.71    4.75    5.34   13.18   13.29   12.51   11.58   24.57   18.10   16.71   10.37    5.29    1.62    4.87    7.51   14.53   13.89   23.55   17.13    8.18    6.56    8.64    4.70    4.31   11.56   11.13    9.59   18.09
PSATCBIV   -16.15  -48.67   13.11    8.00   11.20    0.01    0.00    0.16    0.81    0.49    0.17    0.00    0.02   19.92   18.04    8.01    7.58    5.39    7.47   14.65    1.96    2.82    6.24   10.38    9.85    5.83   18.85   11.16   16.64   11.28    7.09    2.65    4.37    8.29   12.80   11.69   14.92   15.19    8.81    5.80    9.29    5.46    3.50   10.67   12.46   11.95   13.61
PSATEMB    -18.45  -47.98   14.19   17.95    6.15    0.08    0.00    0.01    0.34    1.94    1.70    0.01    0.18   24.31   29.50   10.75   12.03   25.80   13.60   14.78    5.18   17.25   15.13   10.61    8.35   13.15   25.26   35.73    7.69    7.01    4.32    0.83    1.66    5.67   25.17   23.33   30.12   37.59   11.38   19.36   10.72   15.11    4.96   18.40    6.14    0.47   13.55
PSATIMBR   -18.42  -49.10   15.07   13.67   22.79    0.37    0.00    0.12    0.57    4.02    3.23    0.04    1.75   32.53   16.86   18.24   13.50   22.30   10.81    8.78    4.42   15.16   15.87   14.10    8.95   10.46   22.05   18.01   10.47   11.32    4.39    0.95    2.98    6.66   22.00   22.56   17.57   19.44    3.77    3.38    6.46    7.44    5.01   13.35   14.51    7.28   11.30
PSATNPTE   -19.13  -47.70   15.41   22.09    5.20    0.57    0.00    0.02    0.72    5.34    8.73    0.30    1.05   31.34   17.67   12.38    7.03   20.14   13.50    5.32    3.30   14.55   10.84    6.52    4.74    5.62   34.69   19.19    9.65    7.73    6.98    0.89    2.55    5.24   25.05   25.10   11.79   20.06    4.03   10.59    8.54   11.57    7.79   18.21    7.72    0.58    7.00
PSATARV    -18.07  -50.16   17.83   13.96   16.88    0.84    0.03    0.44    0.87    3.43    3.03    0.35    0.57   26.05   19.75   19.56   10.87   13.21   15.40   10.33    5.09    7.91   11.03   18.00   13.69   14.83   19.80   15.55    8.11   11.21    9.88    8.08    6.08    8.17   19.38   20.24   12.11   16.43    3.46    4.42    3.70    4.34    8.32    6.03   10.88   11.84    7.68
PSATSFC    -18.05  -47.68   17.60   15.54    5.28    0.01    0.00    0.01    0.48    0.71    0.24    0.00    0.01    7.84   27.13   22.42   11.55   20.37   18.81   21.91    4.10    8.55   25.33   22.39   14.27   15.28   21.89   26.54   18.97    4.14    4.29    1.54    2.90    4.92   16.85   11.91   21.99   16.11   17.01   18.45    7.82    8.15    8.17   10.46    6.25    1.58   12.29
PSATSSM    -19.02  -50.50   25.65    8.17   10.79    0.66    0.04    0.25    1.21    5.99   15.28    2.03    7.99   24.38   14.61   14.61   12.80   15.15    9.85    6.55    6.31   12.68   17.03   15.41    7.87    8.18   11.14    8.30    8.31   16.18    5.47    3.95    5.65    7.94   24.29   18.21    5.74   17.15    2.34    1.95    3.37    4.05    8.88    6.51    8.83   12.66   11.90
PSATCNI    -22.94  -50.52   27.01    3.75    9.70   26.92    1.32    0.10    4.24    5.36   18.52   22.74    3.52    0.32    0.38    0.48    1.29    1.39    0.95    0.62    0.57    0.74    0.07    0.03    0.10    0.63    0.37    0.65    1.32    2.41    7.61    9.49   22.73   32.20    4.65    0.19    0.37    1.95    0.36    2.04    3.45    7.61    7.03    2.36    4.50    5.72    6.18
PSATCPV    -22.65  -51.33   23.53   10.34    4.38   25.49    6.85    3.65   17.04    6.77   15.69   16.45    2.02    0.31    0.56    0.62    0.67    1.30    1.14    0.48    0.79    0.46    0.10    0.06    0.15    0.32    0.52    0.39    0.48    1.85    9.15    9.88   16.95   16.31    3.61    0.84    0.50    3.48    0.18    1.70    4.10    7.44    3.93    1.62    3.84    8.23    5.39
PSATCHT    -23.01  -49.73   19.38    1.02    3.06   23.30    2.04    2.26   16.20    2.11    5.04   31.74    1.16    0.66    0.60    0.81    0.60    0.66    0.74    0.21    0.08    0.03    0.49    0.05    0.13    0.51    0.40    0.80    0.75    1.69    9.81   10.36   10.72   21.39    4.58    0.97    0.16    4.36    0.02    1.60    3.29    9.70    5.72    3.09    7.19    8.04    6.65
PSATJUR    -23.22  -49.23   29.28    1.24    3.44   22.81    1.44    0.93   10.98    1.56    5.07   51.24    2.88    1.69    1.44    1.08    0.71    0.87    0.79    0.37    1.02    0.35    1.48    0.28    1.34    1.36    1.23    1.67    2.85    2.89   17.97   12.44   15.77   27.49    8.65    3.04    1.22    2.61    0.87    1.82    3.02   10.70    6.35    2.39    3.93    4.30   18.95
PSATMAU    -24.06  -50.71   17.24    7.10    2.18   10.45   10.66   13.57   16.92    4.48    5.13    5.71    1.03    0.51    0.68    1.10    0.35    0.96    1.15    0.37    5.12    0.27    0.09    0.11    0.22    0.67    0.37    0.38    0.10    1.12    9.16   13.15   17.64    8.32    4.12    1.36    0.44    6.82    0.03    0.43    6.30    7.41    5.88    3.15    5.07    5.80   10.79
PSATROS    -22.50  -52.87   26.97   16.91    4.93   21.91   19.01    7.20   34.15    3.82   24.33   15.35   10.46    0.31    0.81    0.19    0.98    3.06    1.20    1.12    3.66    1.03    0.05    0.07    0.04    0.05    0.80    0.34    0.44    1.05    6.69    6.52   12.11   13.01    2.00    0.99    0.67    0.58    2.05    2.44    2.18    2.81    2.04    0.59    2.27    5.92    2.62
PSATQMD    -16.21  -47.33   18.93   17.12    1.10    0.00    0.03    0.02    0.26    0.07    0.13    0.00    0.00    0.04    3.92    9.04    7.61   10.16   23.15    9.03    3.75    3.06   17.13   23.20   11.34    9.29   12.31   17.11   18.28    1.01    3.95    2.85    2.17    3.42   10.86    9.35    6.61    6.62   14.45   18.28   13.20    3.42    1.60    6.24    0.98    1.11   10.62
PSATRBX    -18.95  -44.76    9.60   11.28    3.50    0.00    0.00    0.00    0.23   14.10    5.21    4.46    7.80    3.98   20.75   22.56   23.31   27.62   22.60   14.93    9.60   17.85   18.33    5.63    6.92    2.76   30.96   36.14   14.66   11.33    0.68    0.16    1.16    7.90   15.26   32.91   32.67   21.79   17.58   17.44   13.46    6.43    2.99    0.05    0.09    1.09    0.95
PSATSFR    -15.93  -44.86   17.22    5.09    0.77    0.00    0.00    0.03    0.11    0.02    0.00    0.00    0.00    0.06    1.33    6.50    2.95   17.18   27.27   16.07    8.52    3.90   18.35   27.88   13.36    9.17   15.64   17.93   13.73    0.33    2.02    2.04    2.18    2.76    8.93   14.19    8.88    6.78   11.04   19.71   14.79   10.90    7.05    2.42    0.24    0.48    6.57
PSATSRM    -16.37  -45.07   22.24   14.48    1.01    0.00    0.00    0.00    0.09    2.01    0.61    0.42    0.30    3.19   17.31   21.14    7.52   19.01   20.55   17.37   14.95   13.94   28.31   23.29   13.83   11.78   11.84   18.08    9.29    2.83    1.19    0.57    1.10    4.40   17.45   23.47   22.86   23.84   18.01   15.57   12.75    5.92    3.64    2.91    0.45    0.59    2.87
PSATTMR    -18.16  -45.27   19.79   16.63    3.50    0.14    0.00    0.00    0.26   14.54    5.13    1.87    5.15   14.99   23.26   22.86   20.39   26.46   24.70   15.92   10.57   20.73   20.65    9.76    7.31    3.55   29.32   28.22   15.01    2.87    1.37    0.41    4.06   12.47   21.22   26.55   33.39   30.58   19.40   16.24   13.10   11.51    9.97    5.19    0.44    0.38    6.56
PSATBOQ    -11.35  -43.83    1.99    4.44    0.08    0.00    0.01    0.03    0.40    0.06    0.00    0.06    0.02    0.01    0.84    0.56    0.99    0.39    7.82    9.87    7.53    1.35    0.82    2.87   16.44    8.04   21.83   20.35   10.10    2.03    4.12    0.55    4.07    3.16    9.82   15.80    4.55   23.98    6.47   29.21    2.48    4.28    1.64    0.53    0.19    1.86    3.76
PSATBBO    -22.52  -48.55   36.02    1.73   13.83   17.71    0.10    0.35    2.79    3.23    7.45   35.38   14.28    0.59    5.77    3.03    1.74    5.02    2.65    1.09    1.49    0.80    3.26    0.69    1.05    1.57    1.73    1.67    7.25   12.34   12.02   11.55   11.55   39.74   27.80    2.54    2.41    9.79    8.87    1.59    6.72   11.61    9.23    6.61    9.17    4.24   11.29
PSATESZ    -23.46  -46.91   43.36    4.33    7.70   10.45    0.02    0.52   10.14    2.22    2.25   42.32   16.52    3.81    9.49    5.25    4.25    3.05    1.87    1.67    3.41    3.25    3.86    1.75    2.70    2.07    3.98    3.69    9.24   19.12   12.76   16.09   13.23   32.79   17.31    4.70    6.87   18.02   12.93    3.57   11.37    8.66    8.92   14.61    9.95    1.60   17.36
PSATIBT    -21.76  -48.99   21.90    4.81   17.60   16.48    0.25    0.33    2.22    4.49   20.56   29.17   13.60    0.64    5.21    1.69    2.59    7.53    3.62    1.09    1.23    0.50    0.21    0.28    0.51    1.01    2.21    0.83    1.98    8.55    6.90    6.44    9.64   36.90   15.12    1.11    1.69    2.60    2.61    1.58    2.81    7.11    6.95    2.53    4.10    5.62    7.81
PSATNAV    -21.12  -50.20   21.74    7.13   12.68   11.25    0.29    0.55    3.72    8.82   31.89   18.23   17.10    1.75   13.17    5.28    8.13   14.55    6.48    1.86    2.68    2.16    2.18    0.66    0.50    1.07    4.51    1.22    1.95    5.78    4.18    3.86   11.32   19.57   31.16    2.71    1.47    2.04    1.09    2.02    2.99    6.68    9.83    2.51    5.53   10.35    5.87
PSATSME    -13.40  -48.30   16.13   12.21    7.05    0.05    0.01    0.07    0.40    0.15    0.02    0.01    0.75    8.35   23.36   10.38    8.91   11.38   13.11   13.00    3.74    4.14    7.55   15.34   18.11    7.75   19.13   15.41   13.69    8.16    9.26    4.74    5.14    8.60   19.86   21.10   18.61   17.26   12.45    6.74   12.50    4.85    4.20    7.30    7.78    9.39    7.71
PSATBGR    -27.78  -51.20   11.69    3.52    1.49    3.17   21.55   15.24    3.50    6.08   37.55    5.01    0.85    0.95    0.79    4.10    1.78    1.69    1.46    6.64    0.70    0.01    0.15    0.41    1.18    0.16    0.00    0.03    0.21    0.55    5.96    0.85    2.79    4.46    0.91    2.64    2.29    1.41    0.01    0.21    5.89   15.25    9.93    1.48    0.37    8.29   15.47
PSATCNV    -27.60  -51.33   24.87   12.48    0.74    2.65   15.59   23.00    3.53    6.21   41.23   11.41    0.77    1.32    0.79    1.66    1.31    1.01    0.74    7.03    1.90    0.12    0.16    0.34    1.92    0.82    0.05    0.09    0.80    1.62    2.92    6.98    6.88    4.38    1.62    2.43    0.78    5.78    0.00    0.07    3.46   12.89    9.05    1.75    0.45    3.77   16.99
PSATFCH    -27.14  -53.04   22.72   13.05    2.12    4.91   32.66   37.16    0.56    8.16   33.07    8.56    0.44    0.14    0.15    1.98    3.49    0.45    3.44    4.54    0.49    0.45    0.21    5.38    1.27    0.47    0.22    0.00    0.00    0.06    0.24    3.17    3.49    1.27    0.29    0.90    0.00    0.41    0.03    0.02    0.29    1.01    0.47    0.11    0.09   11.80    3.95
PSATITA    -27.27  -52.38   22.69   15.19    1.80    4.90   17.69   35.53    5.00   11.34   38.56   14.42    0.35    0.33    0.14    2.31    1.51    1.39    2.17    4.93    1.32    0.42    0.15    1.99    1.89    0.66    0.03    0.00    0.06    0.74    1.67   11.76    9.84    1.52    0.89    1.71    0.07    2.17    0.01    0.02    4.91   10.93    5.86    0.80    0.33    2.72   13.54
PSATMCD    -27.52  -51.78    9.85    4.26    2.00    4.49   18.84   17.59    0.45   14.00   62.37    7.85    0.29    0.01    0.00    3.15    1.14    1.34    2.79    3.59    0.49    0.00    0.00    0.52    0.92    0.14    0.00    0.00    0.00    0.05    0.67    1.01    4.07    0.99    0.21    1.33    0.00    2.87    0.00    0.00    6.41    9.89    3.98    0.46    0.03    2.08    5.17
PSATMOJ    -27.35  -52.73    6.96    1.19    2.43    5.83   22.90   19.93    0.04   14.62   36.26    3.65    0.11    0.13    0.40    3.56    2.55    1.90   11.59    1.16    0.05    0.04    0.00    5.20    1.66    0.37    0.08    0.00    0.01    0.00    0.58    1.10    2.76    0.58    0.20    0.96    0.00    1.10    0.05    0.00    1.22    4.35    0.61    0.14    0.02    6.53    4.35
PSATQQX    -26.66  -52.54   20.46   18.34    2.75    7.32   12.86   56.63   22.21   11.97   20.83   18.87    1.16    0.17    0.28    1.02    1.77    0.83    1.66    4.36    2.08    1.37    0.92    8.25    3.97    0.82    0.35    0.01    0.00    1.39    4.14   16.22    8.88    4.07    2.29    1.25    0.03    2.04    0.24    0.69    3.23   13.26    5.54    0.96    0.78    3.74   16.72
PSATPSJ    -28.14  -55.05    0.58    0.09    2.70    5.79   57.41    3.31    0.01   33.11   23.42    0.75    0.25    0.35    3.41    1.76   16.15   15.65    8.43    1.13    0.00    0.00    0.35    2.90    1.02    0.58    0.62    0.00    0.00    0.05    0.16    0.03    0.44    0.49    0.02    0.37    0.00    0.04    0.00    0.00    0.00    0.02    0.08    0.00    0.00    7.39    1.31
PSATESP    -18.68  -51.87   20.90   16.79   26.86    6.75    0.02    1.40    0.85    0.79   16.91    1.74   13.18   12.36    7.58    7.98    5.39    6.35    4.79    3.56    1.97    6.20   11.58    7.55    8.76    6.39    4.20    4.84    2.99    7.63    7.51   15.01    5.58    5.55   18.40    7.84    3.54    4.09    1.43    0.89    0.03    3.45    4.27    3.48   11.44   17.46   11.60
PSATSRC    -19.16  -50.76   26.83   14.52   21.10    1.90    0.01    0.50    0.82    3.28   26.86    5.19   12.40   16.53    9.26   10.78    9.86    7.35    9.36    8.95    6.28   10.92   13.25   11.73   11.05    9.06    5.76    4.98    6.84    7.06   12.18   10.74   10.31    9.58   22.04   12.99    2.37    2.64    1.78    1.58    0.48    2.86   10.84    3.12    6.26   12.26   16.76
PSATFRCL   -19.12  -50.64   22.58   11.14   22.10    1.16    0.01    0.49    1.51    4.69   17.43    5.57    7.57   20.05    7.89   13.26   11.67    6.65    9.54    7.55    6.19   12.89   11.95   12.74   12.89   11.03   12.99    7.18    9.28    5.95    7.02    7.89    7.96    7.66   17.91   17.20    2.99    6.55    2.04    3.20    0.92    3.90    9.58    3.63    8.74   13.05   10.44
PSATISOT   -20.40  -51.35   31.93   15.89    8.15    4.26    0.12    0.33    3.80    6.42   22.25   13.49   27.70   16.31   10.56   11.76   10.99   13.48    9.90    3.92    5.67   11.30   14.73    5.99    3.56    2.20    4.08    3.01    4.28   11.06    6.43    8.01   16.33   11.46   24.15    7.45    1.81    2.84    2.06    1.45    1.98    2.45   10.84    1.78    2.29   12.09   12.41
PSATJUP    -20.86  -51.63   24.44   18.09   11.76    5.37    0.44    1.45    3.39    4.16   15.51   12.75   17.47   14.98    8.80   13.14   10.23   10.23    7.37    2.65    2.54   11.84   18.60    5.55    5.10    2.93    2.99    3.60    2.94    9.84   19.94   12.47   19.54   12.63   15.67    5.86    2.32    1.67    1.23    1.18    0.68    0.62    4.69    1.71    3.71   15.33    7.69
PSATSDG    -20.06  -53.18    9.24   19.61   14.61    9.59    1.75    2.23    2.69    2.58   10.55    4.68   11.28   12.25    9.27   10.17    5.48   10.34    4.97    1.46    2.40    7.91   17.07    5.83    2.79    2.06    2.50    1.55    2.32   10.58   22.71   22.72   14.93   13.89   11.67    4.73    1.73    1.30    1.07    1.24    0.47    0.38    1.75    0.97    1.35   11.57    5.66
PSATFZBT   -21.66  -52.87    6.27    8.97    8.96    9.69    2.91    6.56    3.97    4.42   12.83   11.60   20.60   14.01    6.84    6.98   13.82    9.85    4.56    1.67    4.86   15.83   10.53    2.21    0.96    0.48    0.91    0.60    1.07    4.34   22.09   20.18   19.70   14.37    4.48    3.01    1.36    0.70    1.04    1.75    0.28    0.10    0.58    0.84    0.20    8.18   12.11
PSATPPRA   -22.46  -52.91   18.30   13.91   13.20   11.04    3.20    1.51   11.66    7.69   26.53   14.75   18.67    3.35    3.82    2.05    7.82   10.17    4.62    1.35    2.45    6.61    2.46    0.44    0.40    0.47    0.86    0.49    1.32    6.08   12.91   10.40   16.83   16.57    6.00    3.17    0.97    1.26    1.29    1.71    2.26    1.84    2.98    0.93    1.94    6.12    5.57
PSATBTE    -13.69  -50.80   20.96   12.63   20.10    3.04    0.06    0.89    0.39    3.47    3.03    0.39    1.55   10.77   18.99   18.26   12.50   12.63   14.55   15.14    7.43   11.39   10.59   16.66   16.17   13.27   21.26   10.56    8.45   12.56   13.33   12.97    6.21   13.59   30.70   19.78   12.99    8.64    2.77    2.46    1.78    6.47    5.42    4.95    9.78   12.67    9.26
PSATARAG    -8.27  -49.26    9.41   13.06   10.38    1.85    0.16    0.45    0.68    4.89    1.96    1.40    2.04    4.32   14.83   11.47   12.66    8.54   20.06   17.25    6.83    5.40    5.24   11.76   14.20   16.56   27.96   22.86   26.75   17.70   25.29   12.03    8.10    7.63   17.22   25.56   15.30   11.50    6.94   12.07   11.53    6.26    6.84   13.38    8.61   15.46    5.61
PSATLAJ     -9.76  -48.37   12.59    7.14    2.06    0.03    0.02    0.10    0.93    0.42    0.64    0.97    0.47    0.86    8.45   10.87    7.22    6.04   20.02   12.84    5.62    2.86    7.80   18.36   13.76   22.40   23.81   26.02   21.76   10.06   14.24    2.56    4.05    6.13   15.99   20.25   14.40   10.40    7.86   18.27   10.58   11.37    5.68   11.32    3.63    9.82    2.64
PSATPTRL    -9.31  -47.39    8.53    8.96    0.99    0.03    0.01    0.01    1.68    0.56    0.52    0.51    0.37    1.12    4.44   10.90    7.39    3.55    7.71   26.53    4.44    3.49    9.71   10.52   13.62   15.35   13.47   25.78   21.23   10.70   10.04    1.65    4.80    5.15   10.58   18.43    5.99    6.01   12.60   37.10    4.81   10.00    2.44    5.66    3.41   12.71    3.50
PSATLJET    -7.33  -47.48    6.56    7.36    1.56    0.28    0.30    0.12    1.54    2.39    1.67    0.51    3.92    2.52    4.82    5.12    5.90    2.24    5.68   10.76    2.70    2.71    4.27   12.85   13.39   13.14   27.29   27.99   26.77   16.28   14.69    6.78    8.49    4.11    7.89   21.42    7.23    9.36   23.29   36.31   11.03    9.22    3.56   10.15    9.12   21.34    6.42
PSATUCR     -3.83  -49.65    4.35   11.11    7.39    0.76    0.65    0.14    2.48    6.22    2.10    1.40    3.10    6.22    2.86    2.48    5.46    1.46    2.33    3.35    4.75    2.52    5.97    8.85    8.14   11.72   13.00   18.30   25.46   23.68   22.39    5.26   15.95   10.06    9.66   23.74    6.51   12.33   13.29   28.98    9.93   10.60    5.71   17.87   22.53   26.50    8.47
PSATXIVJ   -29.07  -51.67    2.12    1.02    1.46    4.53   38.11   10.08    0.90    4.43   19.79    2.35    0.53    0.02    0.06    6.75    0.71    9.62    7.32    2.12    0.02    0.00    0.00    0.23    0.91    0.00    0.00    0.00    0.01    0.00    0.50    0.08    0.67    0.61    0.11    0.52    0.00    0.76    0.00    0.29    6.06    9.40    3.95    0.61    0.02    5.58    4.21
PSATDFRC   -29.45  -53.28    0.69    0.02    0.89   13.38   69.91    1.83    0.13    5.62    3.92    0.90    0.02    0.32    7.08    2.18    9.03   16.98    5.36    1.43    0.00    0.00    0.07    0.90    0.20    0.29    0.04    0.00    0.00    0.01    0.04    0.16    0.49    0.16    0.55    0.60    0.00    0.22    0.00    0.05    0.09    1.14    0.24    0.00    0.49    2.69    0.42
PSATREAL   -29.02  -53.19    1.65    0.54    1.85    4.13   40.88    6.53    0.04   15.06   29.53    1.00    0.18    0.23    1.49    5.89    5.46   13.46    6.29    1.37    0.00    0.00    0.02    2.80    1.04    0.14    0.02    0.00    0.00    0.01    0.26    0.09    0.87    0.38    0.07    0.69    0.00    0.35    0.00    0.07    0.25    1.97    0.32    0.00    0.01    5.67    1.81
PSATCTAV   -29.01  -51.39    2.48    0.30    2.43    4.90   36.80   12.79    1.43    0.80    7.04    4.31    0.76    0.88    1.07    8.66    1.86   13.38    3.50    3.84    0.00    0.00    0.05    0.99    0.76    0.25    0.02    0.05    0.25    0.26    6.95    0.42    1.48    1.76    1.85    2.61    2.90    2.48    0.03    2.01    7.18    7.27   10.44    1.22    0.03    8.56   13.05
PSATERNT   -28.56  -52.54    3.22    0.71    1.70    3.24   32.43   14.23    0.06   14.30   39.71    4.18    0.22    0.06    0.35    8.84    1.27    6.49    7.67    1.29    0.03    0.00    0.00    1.75    1.21    0.14    0.00    0.01    0.00    0.00    0.40    0.32    1.36    0.98    0.23    1.40    0.00    1.39    0.02    0.02    3.59    8.56    1.30    0.31    0.05    6.03    6.27
PSATSTPL   -27.14  -49.52   15.86   16.83    1.58    1.84   11.55   19.40    6.70    5.04   21.68   19.40    2.00    2.01    1.06    1.79    1.75    2.24    0.73    8.74    1.06    0.12    0.25    0.56    1.35    1.94    0.21    0.21    1.58    2.58    3.86   15.40    6.23    5.51    1.35    2.23    0.82    6.93    0.01    0.08    2.39    7.82    8.58    2.22    1.70    9.54   17.68
PSATCVCH   -25.14  -48.87    7.37    7.90    0.79    8.28    3.02   27.82   12.08    6.58    1.82   21.03    2.88    2.53    2.46    1.69    0.46    1.34    1.07    0.72    1.63    0.92    0.49    1.02    1.79    4.09    1.07    1.95    1.14    2.11    5.34   16.36   16.54   32.26   10.47    3.11    1.10    4.64    0.00    0.06    1.28    5.31   15.53    3.02    3.72    8.91   18.71
PSATAMY    -12.60  -69.12    9.68   17.01   15.05   21.56   17.69   12.14   12.59   14.96   13.77   10.35    9.20    8.61   10.69   16.43   11.78    5.90    7.44   11.12    9.86   11.04   11.74   14.80   21.74   24.77   27.01   17.48   12.05    5.83   15.13    5.99   14.32   13.25   17.63   11.81    7.59    2.01    4.17   21.78   13.57    6.59    6.98    8.85    7.73    9.20    6.87
PSATGJR    -10.73  -65.35   23.73    9.06    7.12    8.52    6.53   26.95   12.18    5.89    2.97    5.50    5.97    9.84    9.01   10.63    9.10    4.12    7.42   13.53    8.64    8.38    9.64   18.73   24.05   18.47   15.38   14.81    5.86    9.57   11.60    8.68   11.93    9.42   16.56    9.40    4.18    0.56    1.07    6.56    4.14    5.95    8.03    4.50    3.37    3.60    4.85
PSATPRNC   -12.43  -64.43   15.04   18.55   12.83    9.53   15.65   27.09   13.15    8.08    3.68    4.24    3.07    6.44    9.18    6.27    6.97    4.24    4.05    9.49    7.90   11.80    9.13   13.77   20.59   20.39   19.88   16.10    7.53   17.30   24.29   16.60   15.07   12.01   25.48   10.18    2.35    0.29    0.14    1.72    2.79    4.64    4.73    3.43    0.94    4.70    7.61
PSATSANT    -8.87  -63.97    1.53   33.83   18.50   20.37   21.94   42.54   18.57    8.28    7.19    8.64    4.50    6.33   13.39    6.51    8.84    6.97    3.20    8.95    6.87   10.02   14.57   11.40    7.42   27.66   19.49    9.97    4.66   29.25   18.07    8.23   13.85   12.25   12.22   16.59   33.80    5.18    2.74    5.34    4.63    3.30    7.40   20.14   15.45    7.97    9.55
PSATDARD   -10.16  -59.46    0.30   33.17   21.79   23.97   16.92    6.64   12.94    6.55    6.20    4.68    1.18    2.70    7.49    7.66    9.11    3.91   10.79   12.38    8.25   11.18    9.01   14.02    4.67   19.47   11.58   14.99   10.16   26.78   25.68   16.18   16.80   10.72   10.10   29.97   15.70    9.08    6.52    3.14    3.09    5.52    6.98    6.45    2.57    9.66    8.79
PSATGUAP   -15.12  -58.96    0.29   16.70   46.33   13.24    4.14    6.70   15.21    1.27    3.68    3.20    1.92    6.59    7.42    4.68    5.37    6.59   11.61   16.30   12.33   19.01    8.68   13.24   18.30   16.10    3.36    5.69    2.67   22.49   18.98   10.22   30.67    9.49   28.35   21.15    2.38    0.55    0.09    0.92    1.43    1.86    1.01    2.11    5.95   17.03   11.66
PSATJIRA    -9.25  -64.65   12.95   13.92   13.79   14.86   10.66   22.75   17.66   10.91    7.93    7.48    6.61    7.54   10.81   10.63    8.47    5.90    4.39    8.29    9.39   11.72   11.87   14.09   18.00   25.09   20.79   14.62   14.01    9.97   12.65   17.84   19.55   16.33   22.76   23.81    8.58    1.66    2.78   10.24    9.36    4.99    6.38    8.82    7.58    7.21   10.03
PSATROND   -11.99  -60.70    1.26    7.98    1.91    8.06   12.25   15.51    5.71    8.16    6.73    2.37    4.58    2.21    4.53    5.13    6.00    4.81   12.63    7.13    7.10   13.02    5.14    2.53   12.70    4.15   26.37   13.78    9.80   20.14   21.61    6.10   10.13    1.56   21.06   31.46   15.38    3.02    0.52    0.64    5.52   13.28    6.68    1.89    2.26    6.68   12.15
PSATSAMU    -8.75  -63.45    0.71   32.88   14.85   15.86   27.65   22.12   16.98    9.12    5.43    6.97    3.95    5.92   10.48    6.44    7.02    5.69    6.08    5.79    7.39    9.56    8.34    6.80    8.84   28.65   19.17    6.49    1.91   24.41   18.51    9.00   10.75   12.87   16.53   19.37   31.75   22.88    1.91    3.17    3.81    4.67    9.34   15.33    7.23    8.45    6.95
PSATBALB    -1.92  -59.47    7.75    2.15    6.63    8.32    9.08    4.28   42.46   32.02   16.35   18.21    2.90    5.99    8.45   11.77   20.07   13.94   24.03   19.40   15.42   16.08   11.33    6.45    1.70    2.13    8.89    5.47    2.43    5.18    5.56   13.88    3.68    4.68    4.91   12.95   18.95    5.83    0.19    1.50   11.46   14.40    9.18   10.68   12.43    9.90    0.83
PSATCUNA    -2.82  -54.30    6.66    3.74   14.09    9.41    3.82    1.09   11.12    8.71   11.83    1.48    1.78    6.14   10.94    4.80    2.10    1.55    3.34    2.30    1.99    2.43    7.37    8.84    7.84    3.41   10.31    8.57    4.16    9.53   12.86   13.69   10.24   13.51    8.31   13.46    9.08    8.36    7.11   11.89   22.08   28.40   21.37   13.95   18.71   12.53   11.03
PSATJARI    -0.65  -52.52    5.63    1.86    3.02   10.47    0.74    2.97    1.88    5.88    6.38    2.85    1.01    1.20    0.87    1.47    1.15    1.69    2.00    1.63    1.77    3.42    2.51    2.06    2.11    2.41    3.29    2.12    6.06    4.73   10.97   11.93    6.61    7.19    5.78    1.04    7.11    5.28    7.24   17.76    5.18   11.99    7.99    9.47    9.53   12.00    3.07
PSATFGOM     0.86  -51.20    7.35    4.68    6.29   18.27    1.30    3.94    6.28    3.22    8.46    2.55    2.17    1.97    2.45    1.89    1.76    3.39    4.93    2.27    1.68    6.35    5.78    8.21    4.02    2.68    6.05    3.63    7.10    7.75   16.68   12.58    6.88   10.44    5.32    0.77   21.74   11.43    7.29    9.84    5.50   11.95   15.73   12.78    8.74   11.83    4.27
PSATUBE     -6.75  -43.57    4.08    7.90    0.90    0.27    0.16    0.05    0.44    1.34    2.20    0.40    0.10    0.33    1.12    4.92    2.22    1.47    6.42    6.43    1.63    2.88    3.28    4.47    5.81   14.89   28.92   23.77   24.79   12.12    5.12    3.59    4.74    3.72   12.16    7.27    4.32   14.73    6.78   34.37    6.74    3.87    4.52   10.40    7.78   14.52   11.53
PSATBSOR    -6.74  -52.00    6.20   15.70   18.02    4.47    0.54    0.24    1.01    4.23    5.90    1.68    0.65    4.01    9.46   11.85   10.73    8.09   15.71   21.74    9.65    4.40    3.29   11.40   11.85   18.24   26.66   16.99   19.51   26.33   14.34   19.89   14.76   12.98   12.14   19.61   13.09   11.29    7.68    8.05    4.60    5.86    5.93   12.26    8.19   16.00    9.16
PSATBESP    -6.75  -51.77    2.51    9.87    6.34    0.83    0.14    0.07    0.62    8.09    2.89    0.94    1.01    6.40    6.72    4.73    9.04    3.96    5.08   12.77    5.02    6.33    4.24    4.59   12.13   12.94   13.17   15.26   17.17   36.58   20.40   11.28    4.94    5.81    7.69   23.02   10.08    5.33    8.65   13.80   14.98    8.77    4.86   14.52   17.99   29.95   10.93
PSATPIME    -3.41  -51.91    6.79    8.77   14.73    6.81    1.89    0.81    5.05    7.02    8.85    2.34    4.18    3.25    6.95    7.14    3.72    2.32    6.30    4.68    7.13    2.72    6.87    5.90    7.53    4.93   13.75   11.85   12.60   17.56   21.25   22.83    7.43    8.70    9.37   18.05   10.68    7.90   10.25   11.40   11.84   11.97    8.65   14.89   16.09   18.82    8.93
PSATIRAP   -16.74  -42.57   14.58    3.95    0.09    0.00    0.00    0.00    0.00    0.34    0.00    0.04    0.00    0.05    9.35    2.68    1.53   10.58    9.94    7.26   15.26   17.67   30.64   18.99    9.88   12.74    5.47    3.59    1.71    4.27    1.00    0.82    0.24    0.91   11.92   21.98   14.27    7.91    5.62    8.06    5.29    0.31    0.10    0.24    0.40    0.64    0.80
PSATITBI   -15.97  -39.59    4.43    0.84    0.03    0.07    0.05    0.06    0.01    0.40    0.04    0.03    0.00    0.04    3.03    0.10    0.28    3.52    3.17    5.25   15.33   15.05   10.72    6.78    6.05   10.30    4.06    2.77    0.86    2.90    2.31    1.16    0.18    1.88   15.09   11.98   12.31    6.57    8.60    4.63    0.28    0.12    0.09    0.28    0.38    0.98    0.80
PSATCOLI   -10.98  -55.77    8.57   18.53   35.09   20.91    1.72    0.92    0.68    1.45    5.00    5.12    0.92    4.67    9.04    8.38   12.83   10.77   12.97   29.77   12.62    7.92    6.06   18.82   11.33   27.10   29.93   14.24   13.69   32.96   19.24   19.89   15.70   19.97   25.04   17.95   14.71    4.33    2.95    4.27    2.83    3.22    6.09    5.71    6.87   15.66    9.69
PSATSAEL    -9.19  -57.04   11.89   16.78   33.09   14.99    1.60    1.06    1.10    3.25    6.80    2.82    0.70    0.63    2.34    5.54   14.56   12.65   16.02   32.75   12.21    3.73    4.74    7.79   11.30   17.73   21.80   13.02    7.29   27.89   23.91   16.77   18.93   11.63    9.90   16.41   15.00   13.81    8.49    8.46    4.12    7.75    7.65    8.30   16.35   11.24   19.21
PSATITQ    -17.09  -54.83   14.55   12.46   22.14   11.57    1.50    4.46    2.20    1.17    7.95    1.47    6.68   16.80    4.96   10.86    9.38    6.59   10.44    3.62    3.60   10.27   10.36   15.01   15.27    4.76    8.51    3.46    4.95    2.19    8.10    8.19    8.04   18.14   16.69    6.40    2.94    1.19    0.67    0.61    0.59    0.85    2.75    2.82    7.57    7.87    7.05
PSATJAU    -15.24  -58.73    0.35   14.84   43.66   13.46    4.96    8.09   15.19    1.39    5.15    5.11    3.17    7.50    6.49    4.35    6.82    6.35   10.89   17.09   10.99   19.74    8.87   16.04   20.69   17.32   10.41   11.36    3.70   20.80   19.83   15.08   30.46   14.12   32.11   20.06    2.28    0.72    0.23    1.74    1.13    1.33    2.16    2.05    5.45   14.81   11.66
PSATMAN    -14.87  -55.78   16.27   23.49   14.71   13.36    0.92    3.32    0.58    2.06    9.10    1.65    1.45    3.23    8.41    7.77    9.26    3.36   15.19   12.17    7.70    8.16   13.66   18.71   14.57   19.23   11.52    8.36   12.55   16.19    9.70   15.51   10.39   21.35   20.58    6.91    5.85    2.56    0.80    1.70    1.02    1.69    2.45    3.41    6.17   12.54    4.90
PSATPTP    -17.61  -54.83   13.01   22.50   14.89    9.19    2.20    4.44    2.92    0.89   11.24    2.87   12.02   22.47    6.38    7.93    7.89    4.33   11.77    1.43    3.51   11.14   11.26   12.44   10.96    3.29    7.12    2.71    2.58    2.34   10.67    9.39   10.15    8.03   13.89    3.73    1.37    1.50    0.38    0.32    0.19    0.52    3.30    3.19    1.98   11.00    5.20
PSATSTCL   -17.90  -40.20    2.15    0.10    0.00    0.00    0.00    0.00    0.00    0.19    0.00    0.00    0.00    0.02    0.10    0.01    0.01    0.87    0.49    7.56   12.96   34.69    5.84    6.47    7.21    9.08    6.46    2.88    0.98    7.16    1.91    1.84    0.10    0.63    4.89    7.34    8.42    5.31   11.16    2.83    0.00    0.01    0.14    0.61    1.54    1.96    0.23
PSATPDC    -12.58  -39.00    0.86    0.23    0.32    0.39    0.88    0.35    0.15    0.39    0.48    0.08    0.01    0.00    0.08    0.11    0.10    0.07    0.16    0.29    0.18    0.19    0.11    0.05    0.02    0.33    0.46    0.11    0.47    2.02    1.13    1.80    2.58    2.67    0.44    3.61   20.58    5.12    1.38    0.80    0.35    0.84    0.57    0.11    0.12    0.01    0.26
PSATROSA   -20.92  -41.72   16.44    1.85    0.07    0.00    0.00    0.00    1.37    9.32   10.74    6.34    9.28   21.81   31.19   10.19   12.68   26.81   21.06   12.57   23.88   31.68   30.69   31.91   14.17    6.04    9.90   23.43    5.31   17.27    1.57    0.81    1.95    0.05    5.06   22.60   16.04   14.74   16.73    7.51    0.50    0.21    0.18    0.63    2.10    3.56    1.09
PSATCAN    -20.21  -42.85   29.21   11.14    4.25    0.00    0.00    0.01    0.88   12.88   14.92   16.42   32.95   18.86   21.89   13.24   16.74   32.92   37.19   19.49   10.64   23.19   15.28    2.51    8.72    2.90   13.89   31.04   17.72    9.06    1.67    0.98    0.27    1.54   12.90   28.05   23.07   21.62   21.70   11.10    3.88    0.24    0.09    0.38    0.77    1.10    4.81
PSATSAC    -19.64  -42.85   21.48   13.23    1.52    0.00    0.00    0.00    0.35   14.16    7.01    4.58    4.50    9.66   11.48   20.21   14.32   17.01   23.79   22.23    8.88   22.65   22.37    6.37    8.94    7.46   22.99   21.38   21.71   17.77    1.93    1.00    0.35    3.32   10.33   19.88   19.34   20.85   18.20   16.92    4.79    0.20    0.07    0.30    0.59    1.51    5.39
PSATPES    -19.12  -42.66   26.20   13.41    0.36    0.01    0.00    0.00    0.08    6.94    0.60    0.14    0.15    5.17   20.57   11.78   10.95   20.97   20.03   12.69   16.12   32.46   36.16   25.66   19.25    8.78   15.42   12.64   14.34   12.22    3.20    1.92    0.45    0.67    6.42   21.14   11.40   17.17    9.33   15.01    0.63    0.08    0.22    1.49    0.96    1.20    2.58
PSATMAS    -19.50  -40.92   19.62    3.19    0.05    0.05    0.02    0.00    0.08    7.06    3.16    0.27    1.35    5.05   13.19    4.86    5.15   19.07   13.71    5.14   20.79   34.81   43.10   24.72   36.45   18.35   10.00   12.63    3.75    6.39    1.95    1.55    0.76    0.31    4.96   16.11   15.25   14.21   18.76    6.67    0.31    0.13    0.34    1.03    1.98    2.31    1.38
PSATSBR    -23.37  -45.87   29.96   10.04    4.94    6.44    0.04    0.22   11.90    2.54    3.19   37.41   20.23    7.46   19.12    8.55    7.19    4.07    4.68    1.53    5.57    5.00    6.95    1.46    4.65    1.83    4.19    4.80    6.15   14.06   13.70   11.51    6.26   24.15   51.08   23.07    8.36   14.89   25.99    9.83    9.17   14.02    3.84   16.31    3.85    3.72   18.33
PSATJAG    -23.20  -46.03   26.09    1.86   11.92   12.77    0.00    0.48    3.46    0.84    2.02   28.09   19.47    2.84   18.72    5.00    2.72    3.85    1.30    1.45    3.46    1.86    3.10    0.95    2.30    1.53    4.09    3.85    2.44   18.71   16.78   12.85   10.53   25.48   38.67    6.32    3.97   17.27   18.55    5.43   11.51   13.37    3.88   14.28   13.06    6.16   17.27
PSATFUNI   -22.53  -44.57   24.57   11.30   16.92    6.47    0.00    0.18    3.08    4.85    5.64   28.35   15.22    4.07   19.28   12.26    3.91    7.90    7.34    1.83    3.71    2.41    5.09    1.34    5.00    1.67    6.07    6.70    6.86   16.40   15.82   10.41   13.66   24.90   70.47   42.39   12.41   15.62   28.90    8.47   10.30    9.31    5.75   16.29    4.08    3.53   16.42
PSATSACE   -22.48  -43.84   17.76   44.17   19.54    1.71    0.00    0.03    9.43    4.57    4.74   18.07   24.65    9.77   28.35   36.29    7.53    8.77   11.92    2.08    6.67    2.92    4.36    2.14    5.48    2.55    4.96   17.14    8.48   24.57    4.61    3.40   12.92   14.76   68.65  116.81   44.78   30.53   28.69   15.58   12.74   12.36   13.38    6.85    0.18    6.33   27.77
PSATPIC    -21.91  -43.54   11.44   47.20   20.85    1.14    0.00    0.00    4.37    5.09    8.03   33.05   25.30    3.54   35.63   44.20   19.62   11.73   18.36    2.49    4.21    1.21    3.07    1.02    3.86    2.04    6.68   16.37   15.73   16.72    2.11    4.33   14.95    6.84   57.34   91.09   83.80   33.17   23.50   18.01   14.40    6.99    7.51    0.31    0.03    1.43   13.15
PSATSOGI   -21.94  -43.36   29.57   45.35   27.81    0.60    0.00    0.00    1.58   12.40    7.36   64.20   31.56    6.45   39.17   52.25   26.57   21.64   29.01    7.68   10.49    2.45    7.26    1.07    2.40    1.67    8.29   63.33   19.85    6.62    1.75    3.68    6.44    3.52   39.37   69.17   63.13   30.41   20.95   17.27   18.42    0.69    0.37    0.08    0.61    4.30   17.07
PSATIPSI   -21.84  -42.58   23.49   45.90   17.00    0.72    0.00    0.01    3.52    6.58    4.10   48.72   26.86    3.96   31.10   62.30   15.58   17.85   26.97    7.14    9.37    2.42    7.19    3.14    4.14    2.02    5.48   29.90   12.05    8.64    1.25    2.29    5.74    3.00   49.13   73.06   59.09   31.71   22.95   11.20   12.07    2.41    1.62    0.18    0.58    2.12   17.02
PSATTCLJ   -22.69  -43.83   16.85   42.67    4.28    0.11    0.00    0.15   13.53    1.77    1.93   37.99   23.12   10.71   26.60   29.40    4.41    4.12   14.43    1.31    4.44    4.56    4.61    3.08    4.91    4.09    3.97   12.33    3.40    8.42    2.38    0.76    5.00   12.94   48.03   93.57   36.19   27.13   26.86   11.63   14.01   19.68   10.77    1.10    0.09   15.59    7.78
PSATBIGU   -25.51  -53.67   16.73    9.06    2.01    7.67   17.97   58.12   30.32    9.61    6.30   16.92    1.71    0.60    0.39    0.72    1.85    0.55    1.80    5.62    2.40    1.33    0.63    2.92    5.08    0.64    0.38    0.01    0.00    0.92    2.11   17.43   11.27    1.99    1.93    0.22    0.01    0.83    2.41    2.77    1.25    3.28    1.39    0.80    1.17    9.89    7.93
PSATBRAU   -21.45  -42.41   37.41   15.81    8.91    0.01    0.00    0.00    1.13   10.15    5.77   56.37   44.39   19.83   30.55   21.06   26.68   45.83   43.22   20.25   30.93   14.85    7.82    4.49    4.44    3.41    9.54   84.40   20.58    3.91    3.07    2.37    1.10    0.45   22.76   37.03   35.90   27.53   21.11   12.82    9.14    0.14    0.07    0.28    1.07    1.97   15.76
PSATSUIC   -20.08  -40.58    8.10    1.14    0.10    0.27    0.07    0.01    0.61   12.64    6.39    0.23    0.50    2.61    4.01    2.56    6.50   12.27    5.66    1.02   23.39   52.34   52.90   13.34   56.12   52.15    8.16   11.31    2.20    4.49    2.32    1.59    2.01    0.03    4.15   20.63   25.60    8.39    6.41    3.60    0.37    0.09    0.55    0.61    3.57    5.58    1.13
PSATJRI     -9.30  -64.70   11.13   16.89   18.16   17.88   13.27   23.99   17.11   11.57    9.85    7.03    6.15    7.71   10.59   10.00    7.47    4.97    3.78    7.18    8.77   11.22   12.21   13.65   16.89   25.61   23.59   13.70   15.95   11.91   15.22   21.00   22.08   19.36   26.97   29.13   10.38    0.73    1.69    7.77    8.42    3.46    5.09    9.29    6.24    6.40   10.55
PSATBENI   -14.59  -67.53   16.05    7.57    5.23    7.29    4.99   17.62   18.33    9.35    3.70    8.37    8.47    6.97   10.03   13.17   10.56    8.30    6.34   11.24   11.47   13.03   10.66   12.92   22.20   24.33   15.00   16.31    7.66    5.19    7.16    7.13   11.40    6.63   13.21    9.50    4.51    4.42    5.74   18.30   12.68    8.79    9.82    9.17   12.94   10.66    8.67
PSATEPB    -12.42  -64.42   16.30   14.32   10.56    7.85   12.00   24.99   10.46    6.26    2.89    3.64    3.26    8.09    9.07    7.51    7.47    3.71    3.92   10.15    6.71    9.14    8.89   17.24   21.44   19.17   18.29   14.27    6.05   15.01   20.65   14.74   13.55   10.20   21.94    7.64    1.68    0.25    0.11    1.46    2.09    3.94    3.75    2.61    0.81    3.97    5.61
PSATEGM    -10.79  -64.35   25.38   10.66    8.14   10.30    7.55   29.17   15.23    7.26    3.71    6.64    6.71    9.20    9.21   10.77    9.38    4.69    8.67   14.20   10.29   10.43   10.27   16.15   24.11   19.32   15.56   16.37    7.00    9.49   11.24    8.10   12.78   10.66   17.75   12.77    5.62    0.70    1.44    8.61    5.50    7.14   10.31    5.94    4.44    4.27    6.38
PSATSTOA    -8.79  -63.95    1.69   31.55   16.94   18.65   22.25   42.34   18.66    8.58    7.07    8.16    4.45    6.45   13.16    6.24    8.87    6.75    3.24    9.03    6.96    9.76   13.92   11.46    7.25   27.59   20.07   10.21    3.53   28.70   16.94    8.16   14.02   11.78   11.52   16.43   36.04    5.27    2.82    4.81    4.60    2.87    7.15   19.52   15.44    7.81   10.03
PSATENC     -9.90  -66.62   12.88   17.41    7.61   17.16   10.47   32.37   21.11   10.86    4.39    7.68    5.37    7.76   16.71    8.51   10.15    6.93    3.54    5.99    4.90    8.92   14.47   22.98    9.43   20.56   18.17   17.82   23.12   11.57   10.14   28.86   23.91   24.58   15.05   18.50    7.20    0.20    2.16    6.28    6.11    6.16    6.89    3.47    0.64    3.20   10.21
PSATAMY1   -11.71  -70.63    2.28    9.24   11.43    9.51   16.48    9.48    5.50   16.02   14.15    4.95    6.50   10.31   11.54   15.32   11.16    4.82    6.32    7.33    7.43    9.26   11.95   14.21   22.62   28.04   23.67    6.02    8.42    4.14   15.85    5.10   14.83   17.56   19.61   13.96    5.20    0.01    0.89   12.50   11.50    6.43    3.97    5.26    2.22    5.90    3.93
PSATAMY2   -12.37  -71.17    6.87   13.22   15.09   23.82   18.37   11.25   13.12   15.92   17.05   12.61   12.63    8.45   12.16   17.59   15.25    6.95    9.08   14.01   10.27   11.06   15.10   16.62   26.62   27.64   26.74   13.30   12.54    6.33   14.43    5.48   12.39   15.30   15.95   10.27    7.83    1.49    6.24   21.84   11.98    9.03   10.06    9.99    7.49   10.22    8.35
PSATAMY3   -13.75  -70.18   20.98   27.81   20.06   31.58   21.05   12.15   17.12   14.89   12.97   11.38    6.24    4.41   10.28   20.42   11.20    5.83    7.09   11.63   11.86   13.08    8.76   10.62   16.98   22.21   30.84   33.00   15.52    6.98   16.42    8.02   16.58    9.73   15.15   12.90   11.80    4.89    5.47   31.91   13.16    4.11    5.53    6.73   14.85    9.27    8.70
PSATAMY4   -13.45  -69.47   10.68   17.58    7.12   17.29   11.60   16.18   12.80   10.36    6.45   12.40    8.45   13.83    6.72    7.28    5.73    4.48    5.61   10.13    9.59   11.00    8.53   18.81   15.72   14.39   22.97   19.32    8.30    5.20   12.43    5.80   13.80    6.83   20.55    8.46    4.73    2.13    2.81   17.94   21.20    5.01    7.07   14.96    4.90   10.34    4.78
PSATJRN    -13.37  -59.01    1.14   13.49   24.85   12.95    3.92    8.32   10.45    2.65    5.39    3.03    1.72    5.87    8.86    9.30    7.03    7.47   10.58   13.48    8.93    8.64    8.25    6.89    2.62   14.84    6.52    3.87    2.91   18.30   16.66   19.94   18.43    6.82   15.59    2.96    1.19    0.58    0.17    1.39    2.46    3.34    2.81    2.94    4.43   14.53    7.25
PSATAPI    -10.34  -56.98    1.83   34.32   40.34   16.95    6.73    1.01    3.96    2.93    5.47    2.90    1.22    0.61    4.92    6.58    8.97   17.33   10.52   41.53    4.50    5.62    3.18    9.07   11.15   23.00   35.59    6.97    9.10   29.10   14.49   13.47   16.17    6.41   16.44   10.78   16.40   11.05    8.38    6.85    4.54    8.56    7.72   10.67   12.21   15.71   14.39
