PSATAGV    -19.89  -50.35   24.73   14.43   12.89    3.28    0.64    0.20    0.63    0.82    3.82    7.50    4.49    3.79    6.99    4.30    4.22    6.65    7.93    3.84   18.40   13.79    2.01    1.45    3.55    3.40   10.90    7.33    1.38    0.42    1.35    4.16    8.37   13.64    2.83    8.13   16.90   25.14   14.56   13.37   17.77   10.99    3.68    8.62   16.10   31.06   27.06
PSATCMG    -21.28  -44.63   10.88   17.88   11.53    0.91    0.01    0.01    0.13    6.05    9.87   12.82   17.57    7.43   16.95    7.03    9.20    8.11   22.74   23.38    0.72   11.58    1.68    0.33    3.14    3.65   28.05   29.84    1.91    0.23    1.40    1.04   20.58   30.44   31.49   29.62   34.24   27.81   13.68   10.43    6.38   12.16    5.46    1.54    0.97   18.40   30.34
PSATCES    -20.25  -48.16    8.80   11.66   12.10    0.75    0.10    0.00    0.03    0.35   11.59   17.49    6.72    2.12   18.17    3.72    8.62    5.62    8.73   16.19    5.90   18.82    1.79    0.42    1.53    2.37   14.48   10.20    4.25    0.27    0.67    3.01    3.31   18.81    4.58   11.61   23.99   16.48    8.10    6.48   21.51    9.99    3.11    6.82    3.87   21.77   19.23
PSATELC    -21.60  -46.95   12.75    3.84    8.06    1.33    0.39    0.01    0.04    3.22    9.29   10.43   21.27    4.69   19.42    6.61    3.42    6.25    9.86   18.47    6.98    7.73    0.48    0.37    0.89    2.03   10.79   11.46    6.50    0.41    1.26    1.21    9.11   26.70   13.99   12.57   13.42   12.99    3.63    4.48   16.27    8.95    1.92    2.39    3.97   31.60   12.28
PSATFUN    -21.14  -45.04    7.30   23.65    9.71    0.67    0.01    0.00    0.02    1.00   14.46   17.40    6.66   10.02   12.35    6.89    8.28    9.55   21.03   17.92    0.97   13.59    1.42    0.56    3.64    4.06   29.16   21.95    3.36    0.64    0.64    0.49   23.15   34.11   20.94   29.58   30.67   22.58   18.21   16.23    9.76   17.13    4.83    1.64    1.24   12.27   29.64
PSATFUR    -20.67  -46.32    8.36   10.51    6.51    0.92    0.04    0.00    0.04    3.81   13.41   19.00    6.48    8.62   12.34    7.22    4.74    6.34   12.23   15.61    2.26   13.29    1.57    0.51    2.81    4.41   21.41   17.41    8.13    0.52    0.83    1.25   16.56   16.78   22.89   28.22   32.48   25.03   10.05    8.65   15.85   17.92    2.12    2.88    3.01   23.68   29.63
PSATMRB    -20.30  -49.18   14.94   16.64   11.85    0.35    0.63    0.03    0.23    0.35    8.97   11.42    7.56    2.26   15.23    4.05    7.13    5.92    8.64   13.67   12.27   16.01    1.32    0.58    1.91    2.90   10.41    9.49    2.66    0.22    0.66    1.74    8.12   18.10    4.80    9.45   20.06   20.80    9.14    6.95   20.26    8.36    2.67    4.56    6.34   30.68   26.43
PSATPRG    -21.59  -45.67   21.88    6.40    5.37    1.20    0.22    0.01    0.06    8.40    6.08   17.79   16.46    7.36   13.48    2.50    4.87    7.47   14.05   15.01    3.44    9.67    0.16    0.04    1.17    1.90   13.38   17.99    2.33    0.11    1.11    0.51   12.89   14.74   15.12   24.18   22.27   17.72    6.67    5.31   16.51    9.30    8.01    0.96    3.94   25.73   15.88
PSATPAS    -21.02  -48.18   23.28   13.52   11.64    1.53    1.59    0.33    0.31    2.66    8.30   13.66   16.21    3.87   18.71    0.68    3.12    5.52   12.75   15.28   21.63    6.00    0.26    0.43    0.67    1.69    8.73   12.41    1.45    0.03    0.99    0.85    5.60   10.80    4.06    8.23    9.06   14.12    3.85    5.67   19.09   10.75    1.94    2.31    7.24   33.59   18.78
PSATPTB    -21.61  -45.49   20.26    5.60    6.61    0.79    0.07    0.01    0.06    1.79   10.98   14.50    9.86    7.04   14.22    5.36    4.22    4.68   21.45   13.61    2.27   13.84    0.40    0.09    2.16    4.08   22.38   25.08    5.13    0.44    0.94    0.38   15.73   14.55   16.02   34.22   32.87   23.59    8.33    5.65   17.52   20.51    3.80    1.09    2.48   17.14   10.79
PSATPTC    -20.00  -48.55    9.48   17.55    9.38    0.75    0.03    0.00    0.13    0.30    7.00   17.07    1.40    3.94   11.19    7.46    9.81    6.11    7.19   15.63    3.89   18.78    2.78    1.06    2.51    2.44   29.01   18.26    6.55    1.52    1.59    4.60   11.17   17.97   10.83   12.40   33.48   17.57   19.93   12.57   13.51   12.53    6.90    8.93    3.40   19.77   25.16
PSATFZA    -26.00  -51.65   18.58    6.24    4.44    5.72   13.09   43.82   15.86    1.73    4.28   13.19   10.85   13.10    0.06    0.02    0.57    0.93    2.73   19.74   11.68    0.81    0.06    0.03    0.00    0.37    3.00    6.25    0.42    0.30    0.46    0.25    3.05    0.59    0.47    1.82    4.35    1.73    1.05   15.67    1.37    0.33    1.47    1.24    8.64    0.68    0.96
PSATJSG    -25.78  -52.00   11.90    4.26    5.63    7.41   20.74   45.90   16.70    1.92    4.73   17.11   12.38   21.44    0.04    0.01    0.53    0.82    5.22   23.70    7.07    0.19    0.42    0.00    0.00    0.45    2.79    4.36    0.68    0.07    0.05    0.40    2.26    0.70    0.64    1.08    1.51    1.10    1.41   16.39    2.32    0.43    0.72    2.16   13.98    0.21    0.75
PSATSCX    -25.53  -53.48   10.98    3.76    4.64    7.71   21.20   39.15    6.44    2.99    4.94   12.70   11.64   16.90    0.00    0.03    0.62    0.92    9.50   27.10   10.28    0.22    1.16    0.00    0.01    0.31    3.29    7.61    1.65    0.00    0.01    0.68    1.30    0.55    0.66    0.84    1.29    0.84    1.24   16.59    2.24    0.62    0.28    3.87   20.32    0.09    0.98
PSATSCL    -25.49  -51.74   14.49   10.79    3.48    6.95   12.63   41.28    7.01    5.49    8.51   11.99    8.44   15.92    0.00    0.00    0.45    0.70    5.44   17.09   14.01    0.95    0.48    0.00    0.00    0.27    2.22    5.40    0.62    0.05    0.06    0.95    2.18    0.79    0.92    1.13    4.64    0.79    2.33   11.66    1.89    0.17    2.04    1.60   10.93    0.87    0.75
PSATUVT    -26.23  -51.08   13.42    4.75    1.47    9.01    6.24   51.59   37.34    3.20    4.41   12.89    7.51    6.25    0.27    0.10    0.22    0.57    1.03   13.78   13.03    1.68    0.23    0.15    0.01    0.90    3.35    7.24    1.22    1.79    2.66    1.00    2.00    0.91    1.49   10.54    4.62    1.81    1.36    8.52    2.71    1.54    2.00    1.03    5.86    1.58    2.01
PSATBSM    -24.19  -53.74   15.97    7.66    4.33    9.55    7.99   24.80    3.66    1.48    2.02    5.78    7.80   13.81    0.00    0.34    0.16    2.77    3.84   22.39   34.11    0.91    1.08    0.00    0.00    0.09    2.15   10.93    3.35    0.15    0.03    0.99    1.73    0.77    0.72    0.64    1.20    1.05    1.01   10.53    3.48    1.17    0.99    1.46   15.42    0.95    1.01
PSATFLE    -22.97  -54.56   27.06    2.05    0.26    9.14    1.65   12.65    1.69    1.80    5.16    6.12   11.18    9.35    0.00    1.76    2.66   11.18    4.03   21.59   11.18    0.07    0.08    0.11    0.40    0.00    0.86    7.65    2.96    0.43    1.05    0.14    1.46    0.75    1.56    0.15    0.25    2.16    5.48   16.23   11.85    0.89    1.06    3.25   11.38    1.23    0.58
PSATITP    -25.42  -54.58   18.51    4.29    1.57    8.24    8.02   16.72    3.32    2.05    2.64    3.97    6.66    9.18    0.00    1.04    0.63    7.64    5.52   27.26   15.43    0.44    0.90    0.00    0.00    0.04    1.94    8.71    1.52    0.41    0.25    0.62    0.52    0.48    0.48    0.10    0.80    2.39    2.42   14.85    7.05    0.64    1.07    3.63   18.12    3.80    1.31
PSATIVM    -22.38  -53.53   19.85    0.52    1.25    4.54    0.64   13.92    5.70    7.05    4.32    9.44    5.60    6.22    1.67    8.53    5.25   12.47   15.49    9.19    7.53    0.97    0.34    0.49    0.29    0.13    1.62    6.42    1.88    0.25    0.96    0.13    2.30    0.80    1.98    0.52    2.07    7.67    8.69    5.23   14.41    1.53    0.99    3.25   16.00   11.35    2.10
PSATPTQ    -23.18  -53.17   22.31   13.21    6.29   11.48    6.92   29.22    6.59    7.73    1.88    9.61   11.32   10.76    0.00    0.32    0.04    1.51    5.01   12.71   21.35    0.99    0.59    0.00    0.00    0.00    1.41    2.98    1.20    0.15    0.21    0.53    0.58    0.64    0.67    1.25    1.57    0.76    0.63    7.08    3.83    1.21    1.33    1.61   13.34    6.06    2.68
PSATCBI    -17.99  -48.54   14.17    9.03   10.82    0.53    0.00    0.11    1.02    0.05    0.11    0.23    1.86    2.45    6.29    7.65   12.64    3.91    4.50    8.47    8.78   13.44   20.03   17.21    8.80    9.11   12.27   18.07   15.41   13.61    7.90    7.62   17.32   14.37   12.70   20.25   14.11    7.41   12.31   14.79   12.86    3.48    6.39   11.91   12.29    8.86    5.78
PSATCBIV   -16.15  -48.67    9.35    4.44    6.97    0.60    0.00    0.23    3.41    0.06    0.01    0.11    3.01    2.26    5.93    7.48   14.11    3.53    1.53    4.21    9.42   11.43   16.34   16.67    8.45    6.85    7.32   10.70   10.71   16.80    8.26    6.20   12.75    6.84   10.41   23.04    4.12    3.29    9.54    9.09   12.65    2.30    6.26    3.19    4.48    1.24    1.36
PSATEMB    -18.45  -47.98   18.56    9.67   11.75    0.49    0.00    0.00    0.14    0.20   10.92    0.19    0.29   12.64    9.75    6.11    9.43    4.17    0.95    6.99    3.72    8.72   13.93   10.33    6.21   20.53   34.21   14.39   19.56    2.48    3.18    9.25   28.70   36.00   19.00   18.26   43.62   15.61   17.19   19.92   14.33    6.99    8.34   14.64   12.16   18.40   33.44
PSATIMBR   -18.42  -49.10   21.03   12.88   10.76    0.58    0.00    0.01    0.28    0.08    2.58    2.27    1.90    4.89   10.76    5.78    8.77    3.95    7.53    7.28    2.64   14.75   12.40    6.99    5.18   12.46   29.10   15.56   14.71    4.53    4.43    9.20   27.80   17.70   17.80   19.02   35.41   16.55   24.95   20.75   15.25   13.84    8.87   18.16   15.37   22.91   25.82
PSATNPTE   -19.13  -47.70   13.12   13.31    8.40    0.49    0.00    0.00    0.24    0.30   10.82    6.36    0.20    6.54    5.92    6.77    8.06    5.99    2.53   15.76    3.04   10.27    5.01    2.86    4.96    6.23   38.06   14.03   17.99    1.83    2.28    7.46   25.07   28.89   13.95   14.13   44.47   15.83   24.69   18.44    9.43    9.42   11.13    7.63    4.33   16.98   17.89
PSATARV    -18.07  -50.16   22.24   10.19    7.67    2.01    0.15    0.25    1.27    0.64    0.13    9.28    1.63    1.64    4.33    5.88    5.97    8.09    6.61   10.43    0.72   23.24   15.43    7.91    4.47   12.43   17.59   22.51   17.00    4.67    5.04    8.13   27.78    8.82   15.91    5.08   12.61    8.48   13.25   16.08   14.40    4.77    4.16   10.27    3.01    9.16    5.55
PSATSFC    -18.05  -47.68   16.87    9.45    8.11    0.78    0.00    0.04    0.37    0.03    0.30    0.05    1.14    2.02    7.66    9.70   12.73    3.37    2.49    6.34   11.31   16.93   19.12   20.39   13.62   16.21   17.44   19.51   15.32   14.90    8.75   12.83   24.01   25.13   20.13   20.26   22.99    6.89   14.25   19.21   14.53    3.89   17.78    7.34   11.67    6.33   11.46
PSATSSM    -19.02  -50.50   24.58   10.53   10.41    1.46    0.11    0.07    0.47    0.08    1.20    1.09    4.89    4.00   14.97    5.98    6.53    4.94   10.24    6.89    7.39   23.85    9.48    5.40    4.01    6.32   24.07   13.55    8.42    3.06    4.59    6.00   23.68   11.86   11.08    9.53   22.00   17.57   22.14   20.82   16.23   18.89   13.70   12.58   11.06   20.13   23.63
PSATCNI    -22.94  -50.52   21.88    9.96    5.94    9.27    4.70    4.17    9.96   17.58    0.05    6.26   12.55    8.94    1.60    0.04    0.35    4.03   19.39   17.98    7.06    1.68    0.11    0.04    0.61    0.34    2.73    0.78    0.15    0.08    0.77    0.71    1.38    2.28    1.05    3.06    2.13    1.24    0.96   10.83   15.89    3.21    0.91    1.36    4.21   33.07   17.05
PSATCPV    -22.65  -51.33   31.00   25.23    2.52    6.46    4.43   12.36   11.37    9.83    0.12    9.73    7.73    8.45    0.12    0.20    0.07    2.06   11.25   12.10   13.06    1.47    0.20    0.00    0.01    0.31    1.48    0.89    0.33    0.07    0.77    0.43    1.08    0.96    1.05    4.92    2.13    1.58    1.16   11.14   10.79    2.80    1.08    2.32    5.20   26.39    8.44
PSATCHT    -23.01  -49.73   12.59    8.20    1.50    5.24    4.77   15.94    7.96    6.95    0.26    4.46    8.12    8.94    0.07    0.00    0.00    1.75   17.06   15.41   12.34    2.21    0.02    0.00    0.09    0.12    0.24    1.32    0.24    0.35    1.17    0.48    0.56    0.88    1.27    4.86    3.45    1.42    1.01   16.88    8.03    2.19    1.28    0.87    4.43   16.81    5.28
PSATJUR    -23.22  -49.23    8.43    2.38    3.48    8.32    3.50   14.32    7.83   10.03    0.63    3.59    5.68    7.59    0.50    0.38    0.01    4.96   24.56   12.45    8.63    5.04    0.30    0.09    0.29    0.15    0.56    1.79    1.10    1.84    1.84    0.60    1.05    2.39    1.45    1.80    5.37    2.51    1.40   13.19   11.90    3.21    1.36    1.03    5.19   20.53    8.41
PSATMAU    -24.06  -50.71    8.84    9.42    2.41    6.92    6.27   21.13   22.27    7.48    2.67    8.02    8.36    7.51    0.00    0.00    0.05    0.14    5.75   11.80   15.88    1.33    0.24    0.00    0.00    0.00    0.63    2.67    1.13    0.22    1.58    0.76    0.43    0.91    1.46    8.43    1.91    1.27    0.56    3.94    1.93    1.34    1.67    0.89    8.45    4.23    2.04
PSATROS    -22.50  -52.87   37.81   12.06    3.36   12.44    4.82   11.45   10.20    5.51    0.25    8.83    4.83    8.09    0.00    0.55    0.11    2.37    7.89    6.92   15.64    0.75    0.77    0.00    0.00    0.22    2.55    1.23    0.50    0.29    0.16    0.29    1.09    0.73    0.89    1.39    2.41    1.98    1.50   10.77   12.54    0.97    1.37    1.99   11.49   20.41    4.82
PSATQMD    -16.21  -47.33   12.80    3.58    1.14    0.40    0.00    0.00    0.24    0.00    0.16    0.01    0.21    0.63    3.22   18.77   21.12    5.94    1.47    0.67    7.97   10.91   20.49   14.17   12.39    9.64   10.62   14.80    4.84   18.65   11.98    9.49   17.68   25.48   14.21    7.05    2.01    5.46    5.29    9.17   11.49    8.47   16.04    1.10    1.57    0.12    0.23
PSATRBX    -18.95  -44.76   10.23   14.68    5.11    0.09    0.00    0.00    0.12    0.46   12.99    6.49    0.39    9.63    6.85   11.10    4.99    9.19   13.08   22.18    4.06   13.84    6.77    4.41    6.69    6.05   23.85   20.97   21.37    1.10    0.80    4.17   19.72   45.51   23.55   10.12   23.05   23.39   32.77   19.77   17.81   16.98   12.72   14.41   10.16   27.37   16.88
PSATSFR    -15.93  -44.86   10.30    2.80    2.18    0.04    0.00    0.00    0.34    0.00    0.20    0.00    0.19    0.60    1.07   18.66   15.30    2.67    0.12    1.85    1.36   21.18   20.38   15.97   15.88   12.36   17.97   20.86   18.05   18.90    7.32   12.20   25.36   30.38   23.68   10.47    6.81    6.70    6.30   16.64    9.36    5.24    4.77    4.52    1.25    0.14    0.13
PSATSRM    -16.37  -45.07   12.46    9.62    2.86    0.09    0.00    0.01    0.15    0.12    2.56    0.55    0.17    3.91   11.60    8.60   10.15    2.73    2.17   10.03    2.00   11.81   22.18   18.17    9.09   14.51   26.86   26.25   25.84    6.49    2.98   13.35   21.97   27.39   21.88    7.11   22.48   12.94   16.77   17.94   11.43    8.79    9.61    9.23    3.25    8.80    3.83
PSATTMR    -18.16  -45.27   13.39   14.14    8.27    0.39    0.00    0.00    0.11    0.16   14.54    8.74    0.10   10.88    7.68   10.74    7.04   10.86    6.92   15.68    4.98   18.05    9.39    6.35    4.49    9.79   33.72   19.18   18.89    0.90    0.81    6.71   24.15   39.43   30.41   20.04   43.38   25.41   27.13   19.90   12.37   18.26    7.03   15.49    8.19   27.10   25.16
PSATBOQ    -11.35  -43.83    3.29    2.84    1.23    0.19    0.40    1.19    1.20    1.03    0.16    0.06    0.39    0.24    0.59    9.73    1.51    0.33    0.13    0.47    0.27    3.06   10.34   15.18    9.52    8.11    7.30   14.37   19.74   14.45   11.18   17.51   20.33    7.83    3.26    1.88    0.86    1.44    1.96    0.19    0.21    0.22    0.03    0.09    0.07    0.00    0.02
PSATBBO    -22.52  -48.55   30.03    4.26   19.52   10.39    5.18    1.39    2.45    6.37    0.87    7.84   18.24    8.17    5.83    0.05    0.81    8.54   19.01   11.39    7.54    3.25    0.10    0.03    0.47    0.34    5.58    7.16    1.45    0.30    1.30    0.56    5.98    6.31    5.08    6.16    8.74    7.65    2.27    5.45   16.73   11.66    2.87    0.91    5.43   31.73   15.58
PSATESZ    -23.46  -46.91   33.73    3.52    8.72    7.30    3.64    1.32    2.48   19.36    3.21    6.69   11.73    8.07    5.35    0.30    0.62    5.98   19.36   13.29    3.91   12.89    2.66    1.00    0.08    1.01    7.18    6.21    9.17    3.11    3.16    1.41    5.73    4.06   11.09    9.54   14.59   16.06    3.41    5.16    2.44   12.02    4.77    0.90    4.86   35.74   14.97
PSATIBT    -21.76  -48.99   22.30   15.04   17.49    9.16    3.34    1.09    2.82    9.03    1.30   10.07   14.47    5.39   11.15    0.11    1.92    4.26   12.15   11.58   10.37    1.87    0.11    0.26    0.92    1.11    9.28    5.24    0.30    0.00    0.78    0.48    7.51    3.51    3.06    9.48    4.41    3.34    1.84    6.97   19.32    6.23    1.40    2.25    5.83   43.42    6.49
PSATNAV    -21.12  -50.20   39.71   22.87   15.70    7.20    2.27    0.72    2.00    4.40    2.11    9.24    8.26    5.51   13.11    1.79    3.00    5.18   20.13    5.28   19.83    7.16    0.71    0.37    0.93    2.86    6.85    4.63    0.32    0.02    0.34    1.11    9.66    5.25    3.09    5.57    8.18   11.62    6.41    6.31   20.01    2.21    1.71    5.50   11.14   32.73    8.60
PSATSME    -13.40  -48.30   11.81    7.32    4.30    0.58    0.23    0.79    1.92    2.01    0.31    6.15    3.16    2.57    0.93    3.85   10.15    9.22    1.13    1.70    5.03   11.20   13.77   16.24   21.68   14.41   17.14   20.42   16.09   16.78    9.80    9.66   14.97   21.08   35.93    9.76    6.54    9.51    8.20   10.15   18.00    4.49    2.11    1.55    1.00    1.36    2.26
PSATBGR    -27.78  -51.20    3.49   12.09   17.80    6.83   49.99   11.02    1.63    0.46   19.27    9.22   36.31   13.36    0.97    0.22    0.40    2.37    2.29   40.99   17.88    0.22    0.00    0.00    0.52    2.18    7.70    3.56    0.33    0.89    1.56    1.59    8.26    2.08    3.30    6.11    4.70    1.82    1.59   11.69    5.95    1.61    1.74   10.12    9.07    0.46    1.59
PSATCNV    -27.60  -51.33   10.86   30.67    8.00    8.69   16.56   29.94    9.92    1.40   17.56   18.31   28.65   13.32    0.37    0.27    0.61    1.91    1.24   39.11   15.36    0.13    0.04    0.07    0.24    3.06   13.46    5.02    0.25    0.39    2.37    1.34    7.46    1.00    1.64    5.91    4.45    1.67    1.54   14.45    3.51    0.96    1.92    6.35   19.49    1.06    1.20
PSATFCH    -27.14  -53.04    6.91   37.54   11.71   21.62   51.73   22.27    0.34    0.06    9.31   27.08   26.56    7.61    0.01    0.00    0.41    0.84    4.13   39.33    5.04    0.00    0.20    0.00    0.10    2.22   16.31    1.44    0.18    0.00    0.00    0.21    0.46    0.64    0.75    0.66    0.87    0.47    0.73   17.44   12.05    0.95    0.17   18.60    3.71    0.05    0.09
PSATITA    -27.27  -52.38    9.25   20.70    6.15   12.64   39.66   37.98   13.76    0.44    7.46   18.07   26.50   12.61    0.03    0.02    0.69    1.54    2.04   36.80    4.83    0.03    0.01    0.01    0.16    1.38   15.69    2.52    0.15    0.06    0.33    0.35    5.40    0.74    0.83    2.72    1.33    1.11    1.17   22.99    8.01    0.69    0.55   10.52   12.16    0.10    0.59
PSATMCD    -27.52  -51.78    5.27   25.94   13.64   12.13   65.01   11.65    0.98    0.11   21.23   21.47   32.11   10.83    0.00    0.00    0.24    1.52    0.67   58.48    9.82    0.00    0.00    0.00    0.38    0.95    7.97    0.90    0.07    0.00    0.12    0.81    1.75    0.66    0.70    0.55    0.60    0.84    0.89   20.63   10.73    0.37    0.53   15.73    7.05    0.05    0.49
PSATMOJ    -27.35  -52.73    4.49   14.47   12.17   16.62   98.36    9.08    0.08    0.04   10.03   18.88   40.88    2.35    0.00    0.00    0.02    1.79    4.25   66.64    2.68    0.00    0.03    0.00    0.23    0.51    3.24    0.50    0.12    0.00    0.02    1.07    3.16    1.50    1.07    0.89    0.92    0.84    1.43   14.28    8.04    0.24    0.26   19.99    1.83    0.06    0.58
PSATQQX    -26.66  -52.54    3.86    5.34    4.91   10.57   22.98   68.93   16.40    0.81    6.45   17.58   13.00   16.15    0.05    0.00    1.12    0.99    3.78   22.62    3.65    0.01    0.52    0.00    0.08    0.82   10.15    2.89    0.65    0.03    0.03    0.20    3.85    1.17    1.04    1.16    1.80    1.39    1.65   25.27    4.88    0.82    0.14    4.33   20.42    0.02    0.66
PSATPSJ    -28.14  -55.05    0.06    0.04    8.76   16.83   58.00    2.42    0.05    0.00   14.39   16.18   91.65    0.61    0.02    0.00    0.00    1.53    9.10   70.84    2.12    0.00    0.00    0.06    1.51    0.32    0.32    0.00    0.00    0.03    0.11    0.31    9.53    1.04    2.17    0.91    0.22    0.84    2.38   14.27    7.98    0.08    0.03   18.97    0.06    0.05    1.01
PSATESP    -18.68  -51.87   14.23    8.59    3.36    2.11    0.81    1.59    1.42    1.27    1.83    4.88    8.51    5.11    4.96    5.33    4.26   10.60    3.08    7.29    1.14   11.84    4.01    2.81    2.50    3.63   21.90   18.31    7.14    1.69    3.36    7.42    3.54    4.15    3.69   15.84   10.22    4.88   10.96   11.90   17.27    5.58    4.61    2.29    6.53   13.73    9.22
PSATSRC    -19.16  -50.76   21.55    5.87    4.20    4.12    0.33    0.30    1.18    1.05    4.75    8.80   10.71    4.14    6.05    6.52    3.82    7.91    3.99    8.88    3.34   21.38    3.72    3.66    3.46    3.53   14.71   13.16    6.95    0.99    1.97    4.50    8.76    8.11    2.27    7.77   14.33   11.11   18.38   17.44   13.04    5.11    3.41    2.30    4.83   14.28   17.66
PSATFRCL   -19.12  -50.64   28.56    8.70    5.06    3.26    0.44    0.67    1.03    1.27    1.33   11.98    5.17    2.32    7.47    5.44    4.27    7.83    3.51    9.12    1.05   20.24    4.57    3.67    5.42    3.40   15.19   16.18   10.63    1.80    3.57    5.45   17.87    6.07    5.95    5.13   10.35    9.93   13.54   24.38   11.45    6.56    5.38    5.87    4.26    8.76   12.32
PSATISOT   -20.40  -51.35   38.96   13.92    5.13    5.69    0.72    0.34    1.09    2.63    5.12    4.26   12.50    5.04    5.56    8.61    2.64    8.90   12.75    3.64   18.76   11.81    2.26    1.51    2.13    2.81    9.27    9.44    0.88    0.33    0.85    2.17    7.03    4.32    1.89    5.73   15.19   20.44   15.02   12.80   18.78    7.79    2.76   11.76   13.99   29.51   19.20
PSATJUP    -20.86  -51.63   16.49    4.50    2.05    7.16    0.56    0.66    3.42    2.88    6.33    7.24   14.41    3.05    4.43   16.57    1.79    8.39    7.56    4.79    3.19   11.78    2.12    1.88    1.29    1.67   11.78    7.86    1.21    0.22    0.97    1.20    2.61    2.14    1.46   13.76   12.23   17.00   13.24   12.03   13.75    5.48    2.56    6.89    9.52   25.83   11.03
PSATSDG    -20.06  -53.18    7.96    1.27    2.80    5.17    0.37    1.94    2.83    6.06    5.70    7.31    9.68    4.14    6.85   21.73    2.21    8.56    4.55    4.08    4.26   11.41    1.78    2.15    1.19    0.51    6.09    7.92    1.80    0.22    0.47    0.52    5.59    3.92    1.85   13.96   11.49   21.56    9.37   10.86   14.33    2.51    1.23    2.73    5.39   20.61    9.56
PSATFZBT   -21.66  -52.87   15.07    0.26    2.67    5.14    0.45    2.34    6.66   13.67    4.80    6.66    3.90    5.87    9.89   12.39    1.85    8.94    7.58    4.15   11.29    4.48    0.82    0.54    0.35    0.11    1.95    4.80    1.10    0.34    0.35    0.16    5.71    2.62    1.10    3.45   13.78   10.57    7.32    7.85   12.07    1.74    0.99    3.40   14.86   28.14    8.56
PSATPPRA   -22.46  -52.91   41.53   10.07    3.46    6.88    2.65    2.28   12.04    6.21    0.97    8.52    8.81    5.98    4.98    4.78    0.88    4.42   13.53    5.06   15.84    2.29    1.08    0.15    0.20    0.96    4.10    3.68    0.26    0.15    0.59    0.32    3.75    1.11    0.93    6.07    8.17    7.58    6.26   13.45   16.55    1.94    1.74    7.53   13.95   32.07   16.02
PSATBTE    -13.69  -50.80   26.33   14.29    8.77    2.50    0.30    0.95    3.22    2.50    0.45   10.43    4.18    3.52    5.45    3.67    6.87    7.81    1.27    6.94    1.15   22.31   16.92   16.25   11.65   17.95   22.33   20.76   15.36    7.85    8.24    7.64   18.70   12.20   17.19    8.58   13.90   12.99    9.10   16.29   18.34   10.57    4.46    6.17    2.59    7.08    4.19
PSATARAG    -8.27  -49.26   14.17   10.14    6.03    1.01    0.35    2.01    3.51    3.54    2.21    6.61    3.08    2.34    4.31    7.22    9.30    5.75    1.71    4.21    2.25   11.25   10.18   19.20   20.65   13.28   12.01   23.42   25.07   17.47   16.78   15.71   20.00   19.54   18.29   15.04    9.45    5.61    4.20    4.79    9.86    3.90    3.94    3.84    4.53    4.55    2.14
PSATLAJ     -9.76  -48.37   13.83    5.78    3.77    0.68    0.27    2.02    3.12    7.24    0.52    1.60    2.49    1.04    2.44   10.69    6.03    2.79    0.75    1.22    2.43   12.01    9.97   11.59   12.15   10.06    9.92   19.37   27.33   25.83   17.14   11.75   17.12   22.04   21.01   15.17    2.93    8.36    4.11    2.41    7.31    2.00    0.92    0.46    0.30    0.32    0.57
PSATPTRL    -9.31  -47.39   14.71    5.35    4.37    0.83    0.54    1.71    1.93   14.68    1.77    1.95    3.37    1.05    3.46   15.27    3.31    0.57    1.51    1.81    0.96    8.29    5.21    9.65    8.21    4.99   11.08   24.50   21.46   25.78   29.45   24.23   22.57   13.12    2.31    7.55    2.95    3.15    3.91    0.42    6.43    1.08    0.69    0.51    0.19    0.11    0.14
PSATLJET    -7.33  -47.48    5.33    4.88    1.45    0.92    0.06    2.33    1.37   19.20    0.89    8.14    2.43    2.46    1.71   10.50    5.31    0.78    1.71    1.34    0.58    1.10    2.45    5.04    3.31    1.77    8.72   21.31   12.93   12.29   16.52   38.36   14.85   15.40    2.51    4.51    3.03    3.61    3.38    3.19    4.89    2.34    2.29    2.36    1.54    0.40    0.01
PSATUCR     -3.83  -49.65    7.20    5.73    4.25    0.95    0.08    6.06    2.94   15.20    5.84   10.81    8.22    3.14    2.38   15.17    7.15    1.68    5.83    3.17    0.82    0.57    2.08    4.79    5.05    1.37   12.68   19.58   11.59   14.31   13.28   14.93   13.65   13.60    6.61   11.09    7.03    5.29    3.08    3.40    8.38    3.36    5.90    3.41    1.44    1.14    0.42
PSATXIVJ   -29.07  -51.67    0.63    1.13   15.00    9.41   90.71    6.48    0.53    0.01   20.46    9.31   64.11   10.15    1.05    0.00    0.06    0.66    0.62   47.36    7.73    0.01    0.00    0.00    1.67    0.43    2.43    0.30    0.00    0.00    0.06    1.34    2.81    1.69    0.93    1.54    0.89    1.08    0.87    6.68   11.63    0.75    0.67   16.24    3.40    0.24    1.08
PSATDFRC   -29.45  -53.28    0.03    0.03   10.09   13.02   70.43    2.11    0.01    0.00   18.50   15.94   78.70    4.26    1.32    0.00    0.00    0.08    0.71   28.88    2.55    0.00    0.00    0.02    2.33    0.79    0.22    0.00    0.01    0.00    0.02    0.98    6.03    1.49    2.40    0.84    1.04    0.76    1.13   16.10    8.42    0.32    0.05   18.59    0.22    0.08    0.73
PSATREAL   -29.02  -53.19    0.16    0.06   16.33   10.24   80.96    3.27    0.22    0.00   17.36   14.29   71.76    2.78    1.14    0.00    0.00    0.48    2.49   52.31    2.37    0.00    0.01    0.00    1.02    0.35    0.92    0.00    0.00    0.00    0.01    0.79    4.00    1.06    2.12    0.91    0.45    0.68    0.83   21.20    9.09    0.14    0.07   15.07    0.44    0.03    0.75
PSATCTAV   -29.01  -51.39    0.49    0.07   33.18    5.66   78.91    9.00    0.77    0.24    4.27   13.17   66.45   15.08    1.38    0.61    0.25    1.80    2.47   37.80    7.71    0.67    0.01    0.01    1.96    1.82    7.01    0.63    0.56    1.27    1.96    2.22    6.89    4.59    4.58    9.35    5.51    1.90    1.85    6.82   13.49    2.76    1.42   12.92    4.72    0.79    1.86
PSATERNT   -28.56  -52.54    1.48    4.93    9.95   10.32  105.94    6.69    0.49    0.12   22.49   19.45   56.56    4.24    0.12    0.00    0.11    0.47    1.21   73.14    4.41    0.00    0.00    0.00    0.35    0.34    1.97    0.49    0.02    0.00    0.00    0.75    4.04    0.79    1.40    0.64    0.46    0.92    0.90   18.81    8.48    0.20    0.31   17.06    2.79    0.06    0.92
PSATSTPL   -27.14  -49.52   15.10   22.97    5.35    9.53    6.02   48.78   32.47    3.70   16.30   11.76   28.92   11.56    0.10    0.40    0.44    2.88    0.55   31.60   18.08    0.32    0.26    0.39    0.04    6.58   12.23    7.20    0.12    0.44    3.06    1.48    5.07    1.12    3.16   23.42    8.15    1.62    1.82    8.96    1.96    1.54    3.08    2.58   13.05    1.95    2.82
PSATCVCH   -25.14  -48.87    4.57    2.51    1.32    9.99    2.02   27.60   45.55    6.18    2.46    6.38    4.36    4.49    0.76    0.11    0.06    0.34    6.84    8.68   10.64    2.91    0.55    0.17    0.02    0.15    0.56    7.69    2.76    2.12    2.81    0.61    0.61    1.07    1.10   10.53    6.62    2.56    1.89    9.06   11.26    1.92    2.87    0.58    5.43    5.43    1.77
PSATAMY    -12.60  -69.12   20.51   10.82   12.85   12.53    4.13    8.55   10.65   14.82   13.48   15.81   10.21    9.18   18.63    6.74    9.98    4.06   20.64    3.73    8.75    6.11    4.88    4.64    9.93   18.82   15.20   15.71   24.54   19.76   12.82   12.63    4.56    7.56   14.76   12.08   11.56   13.56    6.11    7.74   12.29    6.98   12.10   14.79   25.07   10.44   10.72
PSATGJR    -10.73  -65.35   17.73    4.56    4.62    5.22    7.01   17.00   10.14   10.72    4.06    3.03   10.05   17.81    3.23    4.50   16.03    8.55   12.88   10.91   18.78    9.38    8.01   16.90   19.99   18.90   14.79   21.08    9.55    8.90   10.03   14.53    8.49   12.79   22.64   10.49   10.83   14.11   11.14    6.12    3.99    3.26    5.19   16.21   11.67    4.27    3.49
PSATPRNC   -12.43  -64.43   18.96   11.41    5.33    2.32    4.85    7.64    4.48    9.55    7.38    4.31    1.93   10.00    2.49    1.97    5.34    6.88    7.61    0.88    8.30    5.90   10.55   10.83   15.96   19.27   16.96   20.00   11.01   13.27    9.23    8.81    7.58    5.98   18.02   19.96   11.96   15.27    8.01    4.90    4.10    8.54    5.20   14.13   22.42   14.20    7.38
PSATSANT    -8.87  -63.97    1.78    6.44    4.73   11.05   13.70   15.30   10.10   14.72    9.77    4.88    5.81    4.85   17.64   11.38    3.07   11.27   19.27    1.22    7.05    0.60   17.30    4.50   12.29   10.70    9.75   17.48    9.26   19.32   17.52    8.76    8.78    4.34   26.95   23.45   10.18   11.14   24.13   10.53    6.41   26.21   14.49   12.76   18.86   11.75    6.29
PSATDARD   -10.16  -59.46   10.98   11.16   12.01    6.44    3.40    4.76   16.40    1.61   11.63    3.46    5.86    6.63    5.09    6.30   10.51   12.97    3.26    5.05    8.05    9.39   13.90   17.61   13.57   15.06   18.12   29.29   11.93   22.41   14.63   14.97   12.22    8.58    4.58   24.43   22.74   22.33    5.07    7.11    8.74    9.45    9.74   11.52   38.97   10.77    9.63
PSATGUAP   -15.12  -58.96   18.50   19.44   10.53    0.63    4.26    8.62   13.14    2.27    4.46    1.19    3.74    2.08    3.28    3.80   16.07   10.56    3.85    2.26    3.31    2.56    5.02   24.83   14.69   27.89   13.99   19.85    9.35    8.32    6.44    3.23    6.32    4.52    7.93   12.45    8.61   18.80    9.06   14.86    4.43    6.77    6.35   27.47    7.87    8.94    7.08
PSATJIRA    -9.25  -64.65   17.78    6.81    5.86    7.43    7.04    8.51    5.48    9.38   11.57    7.61    5.62   11.97   10.09    6.11   11.80    5.28   16.72    3.13   11.36    4.58    3.89    4.47   12.49   16.70   10.08   17.34   24.86   15.69   11.16    6.19    2.96    3.24   15.75   19.46   15.80   18.23   13.06    9.61    9.43    8.69    7.09   13.54   25.91   10.90    8.67
PSATROND   -11.99  -60.70    2.53   13.04    9.57    2.07    6.90    4.56    1.02    0.18   14.34    2.94    1.89    4.09   14.21    1.22   13.72   14.97    4.49    1.45    7.89    0.41   10.71   24.31    6.93   14.97   15.30   39.69   14.65   22.22    6.26    8.64   12.73    8.42    3.69   23.28   24.02    7.17    4.15    2.72   11.96   14.59   11.87   12.42   25.48    7.81   10.04
PSATSAMU    -8.75  -63.45    0.77    6.48    5.24   11.24   19.30    7.22   12.83    4.95   14.97    3.25    4.92    7.62   15.40   11.24    3.90    3.44   22.51    0.78   18.22    0.78   15.52   19.86    8.35    8.65   12.03   15.86   11.04   20.66    7.75   16.06    5.36    7.25    4.42   34.85   13.92   17.51    9.51   17.66    7.20   18.18   11.14   15.81   18.02   12.04    5.70
PSATBALB    -1.92  -59.47    7.38    6.45   15.05   11.58   26.10   20.15   12.64   18.97   15.03   11.63    3.20    0.24    5.72    1.42   18.36   16.25    6.58    4.88    5.66    0.86    0.69    1.91    5.67    3.44   17.85    9.90    1.14    0.00    0.02    0.01    0.23    0.05    0.05    1.02    8.80   22.75    7.53   13.48   11.12   12.30    4.26    5.68   12.45    8.16   12.38
PSATCUNA    -2.82  -54.30    2.20    7.14   30.82    5.95    2.49    2.52    7.49    3.06   13.76   11.38    6.76    5.02    1.44    2.38    6.31    4.23    0.85    2.20    0.75   11.00    1.70    3.96    1.27    0.90    6.25   12.26   33.45   16.00    4.19    3.96   10.77    3.85    1.67   17.24   11.52    3.38   14.07    4.33    4.64    3.58    2.38    6.83   16.71    7.86   15.12
PSATJARI    -0.65  -52.52    5.59    3.40    6.17    2.57    5.77    3.52    7.40    3.70   13.36   15.52    2.51    2.06    1.36    3.22    3.88    3.99    3.53    2.75    1.42    4.04    4.50    4.64    4.35    3.07    2.50   10.56    3.89    1.31    1.59    2.03    0.69    0.60    0.58    1.53    6.56    5.67    7.24    3.30    3.94    3.02    3.24    3.28    3.76    7.71    7.14
PSATFGOM     0.86  -51.20    5.12    3.78    6.52    6.98   14.22    1.59    2.40    3.50    9.20   14.32    6.70    5.33    1.99    4.38    4.48    2.89    4.68    5.65    2.83    3.06    9.29    7.22   10.50    8.27    5.48   15.41    2.15    1.36    6.28    4.12    4.45    1.99    2.37    5.88    6.66    7.36    7.03    8.27    4.61    6.08    6.00    7.35    3.77    8.99    7.47
PSATUBE     -6.75  -43.57    6.45    5.35    2.80    0.63    0.22    2.38    3.16    4.52    0.66    1.03    0.97    1.15    1.92   19.20    6.41    1.53    0.65    0.53    0.45    0.85    2.91    9.65    4.82    1.46    8.63   10.38    8.68   15.91   15.53   16.42   16.26    9.16    4.04    4.33    4.69    6.25    6.55    1.53    1.95    2.95    1.65    1.28    0.87    0.03    0.06
PSATBSOR    -6.74  -52.00   13.33   11.95   10.80    3.36    0.37    2.03    4.30    2.15    2.78    5.00    2.16    2.71    6.09    5.76    8.77    9.71    2.83    5.91    3.44   10.55   16.01   26.02   30.84   16.62   10.01   21.52   14.17   12.51   10.33   12.44   22.83   12.84   18.23   23.61   14.54    4.97    4.61    2.45    9.74    6.73    8.18    4.58    4.52   10.75    4.02
PSATBESP    -6.75  -51.77    8.57    4.90    2.41    0.42    0.07    1.88    6.24   21.21    1.91    3.65    4.68    1.97    2.84    5.67    8.31    1.97    0.92    1.56    0.61    0.45    1.80    3.46    3.71    1.05    4.05   14.05   23.80   11.72    6.69    7.93   10.29   11.99   16.54   17.86   11.95    2.79    3.56    3.35    4.63    2.87    3.57   10.33    3.89    4.39    0.70
PSATPIME    -3.41  -51.91    5.32    4.97    7.13    2.28    5.13    4.57    2.90    5.27    6.31    8.17    4.21    2.69    3.57    7.68    6.96    2.54    2.54    3.93    1.61    1.70    5.48    5.47    7.74    3.64    4.43    9.94   13.98   12.66    6.26    9.51   11.30    7.94   13.77   14.45   15.82   10.60    5.02    3.69    6.00    4.49    7.39    6.20    3.72   10.68    2.64
PSATIRAP   -16.74  -42.57   11.27    6.39    0.15    0.00    0.00    0.00    0.03    0.01    0.00    0.00    0.02    0.17    1.90   16.81    2.88    0.85    0.24    9.32    4.85    6.85   21.52   23.99   12.92    6.39   25.28   35.21   27.08   14.67    4.68   13.98   27.27   13.56   19.42    2.96    2.72    1.63    2.07    6.56    2.71    4.26    8.62    4.46    1.18    1.51    0.26
PSATITBI   -15.97  -39.59    5.15    0.59    0.11    0.02    0.01    0.03    0.01    0.10    0.04    0.05    0.08    0.05    0.33   10.86    1.59    0.88    0.70    1.77    2.05    2.76   31.74   25.79   17.58   12.00   15.32   21.74   22.97   23.21    6.64    7.31   12.28   10.06    6.11    0.68    0.16    0.48    0.37    0.82    0.58    0.64    7.06    6.39    0.37    0.20    0.07
PSATCOLI   -10.98  -55.77   23.15   24.64   20.44    4.37    0.94   13.51    4.21    1.65    0.96    6.37    3.10    1.73    8.18    8.11    5.06    9.05    0.58    6.20    5.54    9.40   16.61   33.77   21.57   15.23   19.81   24.79   18.39   15.62   30.32   20.91   16.05   17.68   17.50   18.22   14.76    3.65    4.21    7.76    5.00    6.94   14.53    6.68    6.11    9.32    7.96
PSATSAEL    -9.19  -57.04    9.69    6.51   17.22    2.22    4.59    3.15    6.98    0.68    6.76    7.92    3.15    1.51    4.06    7.37    5.98    9.23    0.98    3.77    1.47    9.15   27.27   25.32   37.38   18.71   10.65   27.68   13.03   11.77    8.83   19.04   14.76   17.87    8.80   34.68   13.21   17.39    4.57    5.42    7.54    6.58   13.00    7.33    5.89   19.07    9.69
PSATITQ    -17.09  -54.83   23.40   22.29    6.09    9.56    0.69    1.21    3.01    3.96    0.35    5.50    2.46    3.70    7.19    4.66    2.88    8.26    2.63    9.13    0.62   17.35    8.46    7.56    5.21   14.47   19.50   15.88    8.10    3.18    5.29    9.89    6.67    3.05    5.97   26.83    3.94    4.36   12.50   17.21   17.94    8.75    7.23   12.51   16.94   11.67   19.15
PSATJAU    -15.24  -58.73   18.25   16.45    9.03    0.92    4.67   13.07   16.36    3.72    4.60    1.36    2.58    2.15    2.44    3.87   13.07   17.58    4.56    3.08    5.82    2.21    4.81   26.03   16.75   26.39   14.24   20.16   13.14    7.91    6.01    4.56    6.59    6.30   10.31   12.77    7.65   20.03    8.43   12.58    6.16    5.66    6.45   24.62   11.38   11.21    8.44
PSATMAN    -14.87  -55.78   26.01   21.74   11.67    3.61    0.57    3.56    7.90    4.19    1.03    3.73    2.08    1.64    8.82    2.25    3.76    6.84    0.29   11.24    0.78    9.74   14.92   14.00   23.15    9.58   12.17   14.07   10.06   13.93   13.82    6.04    5.87    9.15   17.22   17.25    6.49    3.53    8.86    9.99    4.38    8.70   16.61    9.89    5.10    7.15   11.49
PSATPTP    -17.61  -54.83   21.73   18.52    4.40    6.04    0.62    2.82    8.05    6.73    0.75    5.07    2.38    2.52    9.63    4.71    1.84   17.99    2.78    9.74    0.95   20.95    4.81    7.02    5.65   16.95   19.46   13.03    8.04    1.17    2.75   10.33    4.99    4.28    6.58   25.26    7.44    7.86   19.46   15.39   22.97    8.52    7.52   14.34   15.51   19.01   22.50
PSATSTCL   -17.90  -40.20    3.33    0.12    0.01    0.00    0.00    0.00    0.00    0.00    0.00    0.01    0.02    0.00    0.06    9.85    2.07    2.00    0.62    0.09    1.78    1.71   32.80   34.08   22.19   12.37   17.66   21.83   22.78   27.49    1.49    3.99    9.00   10.69    2.94    0.10    0.07    0.30    0.06    0.20    0.17    0.26    9.66    2.08    0.81    0.04    0.06
PSATPDC    -12.58  -39.00    0.66    0.27    0.17    0.08    0.08    0.08    0.16    0.24    0.43    0.22    0.13    0.11    0.08    0.26    0.35    0.66    0.74    0.10    0.06    0.05    1.76   12.61   17.22    2.08    1.46    2.50   18.29   23.92   30.04   14.06    5.44    1.05    0.94    0.86    0.92    0.45    0.36    0.40    0.15    0.08    0.10    0.31    0.46    0.12    0.01
PSATROSA   -20.92  -41.72   21.84    3.27    0.19    0.01    0.00    0.00    0.39    0.93   13.75    3.28    0.03    0.27   15.44   15.37    5.94    4.88    8.95   18.43   16.82   15.47   15.28    4.04    5.99    4.44   18.10   47.20   79.77    7.15    1.82    5.86   28.88    9.80    5.66    3.49   14.25    7.17   10.96   17.07    4.38    3.60   62.90   41.48    2.24   16.92   27.72
PSATCAN    -20.21  -42.85   13.84   11.85    4.12    0.03    0.00    0.00    0.10    0.28    9.84    6.37    0.15    2.97   13.45   11.88    4.05    4.57   24.16   34.83   15.44   23.40    7.94    1.30    3.37    6.59   19.54   32.82   19.44    1.65    1.06    3.51   24.57   36.46    7.97    8.56   44.03   32.26   38.40   15.15    6.27    7.31   44.45    2.34    0.99   17.24   19.58
PSATSAC    -19.64  -42.85   10.11    8.02    1.98    0.00    0.00    0.00    0.24    0.21    2.12    2.76    0.09    2.48   10.07   13.54    5.82    3.98   16.24   28.10   10.12   12.78   12.12    4.80    3.80    6.13   25.95   44.32   33.93    1.09    1.17    9.52   21.17   37.23   10.63    7.21   31.44   22.16   31.39   17.31    8.01    5.61   15.95   11.60    1.71   27.95    6.24
PSATPES    -19.12  -42.66   13.02   16.21    0.52    0.00    0.00    0.00    0.25    0.08    0.17    0.16    0.05    0.10   24.58    9.95    5.94    1.49    4.88   20.51   14.04   21.03   35.58   18.67   11.49    6.16   27.74   37.20   34.60    2.93    0.64   11.48   22.66   16.91    7.93    4.08   23.27   17.33   15.84   29.20    1.57    2.57   22.48   28.14    6.60   21.61   22.05
PSATMAS    -19.50  -40.92   16.79    6.56    0.26    0.07    0.00    0.00    0.07    0.09    0.70    0.37    0.13    0.08   13.11   13.58    5.95    1.88    2.73   13.11   16.81   22.76   38.10   21.91   10.86    6.85   22.48   32.96   55.21    7.04    0.75    7.92   25.87   13.96   10.28    2.22    5.07    6.23    5.25   13.00    6.43    3.85   37.41   37.54   11.01   16.87   15.68
PSATSBR    -23.37  -45.87   30.61    5.78    4.29    2.33    1.41    0.24    1.88   25.88    4.27    8.66   19.33    3.86   10.76    0.80    1.21    6.74   21.74   15.92    4.96    5.99    3.68    0.82    0.10    1.23    9.36   18.46   16.95    1.80    5.16    1.59    5.47   14.79   15.79   19.76   20.79   24.77    4.96   11.45    4.77   13.52   19.76    1.95    1.60   38.75   29.40
PSATJAG    -23.20  -46.03   35.39    2.50    5.38    2.48    1.53    0.34    1.11    9.26    1.16   11.54   19.91    6.03    7.84    0.15    1.21    9.64   13.43   14.59    5.48    3.56    0.89    0.47    0.37    0.35    5.07   15.99   11.06    0.72    2.50    1.10   11.05   10.96   14.01   15.81   15.93   26.18    3.60   13.46   10.35   18.25   15.20    0.49    2.99   38.39   20.20
PSATFUNI   -22.53  -44.57   28.75    5.79    4.84    1.55    0.81    0.09    0.62   13.26    2.74   15.13   22.16    5.42   12.10    0.50    2.76    9.94   18.28   15.17    3.80    5.64    0.92    0.21    0.50    0.69   10.19   25.14   10.14    0.61    2.62    1.05   11.78   18.13   15.24   27.47   25.18   23.71    7.04    9.72    9.34   10.38   22.33    0.98    2.67   32.03   19.24
PSATSACE   -22.48  -43.84   22.92   10.07   13.35    0.63    0.08    0.00    0.72   23.20    5.91   12.34   19.04    3.79   17.73    2.48    2.69    7.32   27.58   30.52    4.45    7.55    2.53    1.10    1.28    2.98   11.80   35.13    6.86    0.29    5.16    1.91   12.36   25.50   29.02   40.10   36.27   29.45   11.70    5.68    4.10    6.53   18.92    1.86    0.52   31.85   16.95
PSATPIC    -21.91  -43.54   16.39   21.90   20.68    0.42    0.01    0.00    0.43   10.62    5.43   11.75   20.20    5.10   18.55    5.71    4.26   11.54   23.13   38.28    0.82    5.28    2.70    0.47    2.37    5.39   17.07   31.98    3.46    0.24    1.68    1.22   21.97   24.96   38.21   32.75   43.06   22.06    8.91    8.33    2.38    2.93    6.38    1.25    0.21   21.45   25.57
PSATSOGI   -21.94  -43.36    8.49   29.65   20.40    0.49    0.00    0.00    0.63    8.71    8.54   12.36   11.65    6.14   15.53    5.93   11.74   11.46   23.35   40.01    3.16   10.41    1.76    0.98    3.06   10.22   28.83   47.16    3.09    1.01    1.51    0.73   28.75   39.87   18.83   32.52   40.53   25.94   24.95   18.07    2.15    3.54   19.52    1.63    0.24   17.78   40.70
PSATIPSI   -21.84  -42.58   18.02   26.16   17.63    0.36    0.03    0.01    0.71   15.72    9.49    9.68    9.63    4.53   18.41    6.47    5.97    6.59   18.11   22.31    8.82   19.09    1.79    1.67    1.89    7.03   18.57   43.02    8.70    1.73    5.12    0.90   18.13   22.77   22.06   30.96   51.54   41.80   25.63   25.78    7.20    9.42   18.32    7.27    0.56   20.51   52.05
PSATTCLJ   -22.69  -43.83   37.36    7.71   11.16    2.85    0.90    0.08    0.49   38.67   14.31   11.31   22.43    2.64   15.52    0.09    0.35    3.95   18.26    6.82    4.82   20.77    6.56    1.08    0.06    1.66   15.38   31.94   11.20    2.09    6.87    0.73    3.14   16.69   24.41   44.07   28.90   20.45    5.65    7.97   20.66   18.40    7.75    0.70    2.08   32.01   38.94
PSATBIGU   -25.51  -53.67   10.47    4.00    4.85    7.99   21.83   35.34    5.42    3.13    4.64   11.27   11.92   15.79    0.00    0.10    0.65    1.13   10.17   28.88    9.62    0.26    1.13    0.00    0.01    0.31    2.89    7.53    1.68    0.00    0.01    0.82    1.29    0.54    0.67    0.81    1.17    0.75    1.46   16.94    2.06    0.64    0.24    4.45   20.18    0.08    0.97
PSATBRAU   -21.45  -42.41   14.62   21.21    8.06    0.16    0.00    0.00    0.31    2.36   14.38   12.85    1.56    5.04   18.83    8.59   13.18    6.00   24.86   34.79   19.34   18.68    3.17    2.26    3.07   11.04   28.56   68.92   15.91    0.79    1.97    0.73   29.91   39.59    9.89   18.73   44.65   44.08   47.40   23.42    4.99    4.74   28.76   14.32    0.42   16.96   65.11
PSATSUIC   -20.08  -40.58   11.31    1.10    0.28    0.33    0.05    0.02    0.29    0.20    0.05    1.14    0.64    0.17   23.71   18.94   10.16    4.07    3.72    3.94    1.43    7.26   76.23    9.32    7.52    2.04   12.89   12.28  118.45    3.60    7.51   11.69   12.45    3.51    5.07    2.26    0.85    2.08    0.55    1.86    3.23    0.95   24.93   45.23    4.88    0.61    7.51
PSATJRI     -9.30  -64.70   16.42    7.76    7.07    8.06    7.01    7.04    2.48    6.26   12.61    7.55    5.16    9.00   11.54    6.26   11.27    4.36   13.82    2.19    7.98    3.53    3.48    1.76   11.26   11.09    8.30   15.03   24.04   15.54   12.53    5.98    2.37    2.74   15.64   22.00   19.06   22.25   15.80   11.16   11.03   11.32    6.93   12.35   31.21   12.25    9.83
PSATBENI   -14.59  -67.53   22.60    4.74    3.06    5.78    6.03   12.79   14.24   18.66    7.70    7.52    7.09   19.51    6.47    5.76   13.11    8.20   26.03    5.13   21.03    7.17    6.46   12.13   17.68   33.37   16.50   24.62   28.81   16.85    7.44    6.82    4.99    5.51   15.77   14.23    8.68    6.50    5.63    5.79    6.27    3.60    8.17   17.37   11.11    6.77    4.88
PSATEPB    -12.42  -64.42   14.76    9.46    5.52    1.91    4.41    8.76    5.15    8.18    5.59    3.30    3.23   13.56    1.73    1.88    8.29    7.75    6.60    4.74    7.86    7.85   10.36    9.79   16.06   18.24   15.84   18.29    7.95   10.13    9.78    9.63    7.74    9.03   16.81   15.56   12.03   13.75    7.68    4.95    3.72    6.21    4.01   13.93   17.99   10.84    5.44
PSATEGM    -10.79  -64.35   22.51    4.46    4.16    6.78    8.37   19.07   11.58   12.64    5.12    3.76   11.44   16.08    4.42    5.52   16.71    8.00   15.94   10.03   23.20    8.47    7.06   20.38   21.23   19.90   15.26   23.61   12.60   11.08    9.57   15.39    8.58   11.47   26.02   12.37   10.39   15.55   12.73    6.68    4.45    4.23    6.62   17.41   13.21    4.77    4.43
PSATSTOA    -8.79  -63.95    1.95    6.51    4.65   10.99   13.77   15.01    9.91   15.46   10.07    4.88    5.51    4.74   17.87    9.76    3.17   11.00   19.40    1.12    7.36    0.57   16.44    4.82   13.51   10.54    9.48   16.78    9.41   18.91   17.13    9.25    9.08    4.79   26.77   22.53    9.74   11.38   24.16   10.22    4.86   25.68   13.95   12.41   18.07   11.50    6.44
PSATENC     -9.90  -66.62    6.35    5.03    5.40   10.64   12.23    8.38    1.21    2.86   15.01    9.93    5.86    8.42   12.99    9.59    6.06    3.45    9.35    5.73    0.90    5.60    0.35    1.09    2.14    6.81    2.88    5.04   17.00   15.49   17.27    6.47    1.40    2.78   10.12   13.18    9.88   23.40   14.63    9.89    7.72    6.80    8.74    7.30   33.02   12.04   13.37
PSATAMY1   -11.71  -70.63   10.81    9.68   10.92   10.32    1.17    3.29    1.99    7.34   13.72   14.63   13.51    9.14   14.11    9.96    7.92    4.65   21.30    2.29    3.71    1.66    4.13    0.65    8.65    7.78    4.39    4.51   14.19   18.72    8.42    3.02    1.38    2.87    9.53    7.31    7.81   18.43    9.47    7.83   12.40    7.56    1.58   14.03   36.32   14.96    9.70
PSATAMY2   -12.37  -71.17   15.66   10.33   19.06   16.14    3.73    8.28    8.60   16.82   16.19   17.65   11.69    9.14   22.30    7.54   14.23    3.14   25.89    3.68    8.23    6.73    4.21    4.46    8.61   14.43   13.19   15.81   17.75   16.15   12.50    8.90    3.34    8.70   15.71   14.87   13.61   13.42    5.43    6.06   10.89    4.46   13.10   18.50   27.53    7.97    7.88
PSATAMY3   -13.75  -70.18   31.74   12.64    9.43   13.70    8.58   14.03   23.76   21.40   11.52   18.39    7.83   10.04   21.50    4.66   10.11    6.08   16.11    6.54   14.34    9.63    7.78    9.30   10.52   31.96   26.52   25.42   40.66   28.23   15.99   29.80    8.39    9.59   19.98   13.75   13.65   11.79    3.58    7.92   11.67    7.12   16.43   14.98   15.10   11.46   12.00
PSATAMY4   -13.45  -69.47   26.38   10.96    6.21    5.30    3.11    8.40    9.16   12.26   10.19    8.77    4.53    8.79   13.68    3.45    3.36    2.22   11.38    1.94    7.61    5.55    2.68    4.23   12.20   24.58   17.78   18.88   29.18   15.25   14.30   10.50    6.78    4.92   12.34   10.38    6.89    7.76    5.72   11.27   16.84    8.91   18.44    6.72   13.97    7.97   16.99
PSATJRN    -13.37  -59.01   18.55   16.81   16.49    0.29    3.81    7.99    6.61    6.50    8.80    1.95    1.71    3.13    4.65    2.34    6.29   25.73    2.20    3.52    2.68    8.71    7.59   25.12   20.39   16.73   11.80   15.85   17.31   14.72   13.64    5.55   11.41    7.68    7.42   17.01   12.82   20.89   12.76   12.33    3.48    5.87    9.02   26.25   14.33    9.28   11.64
PSATAPI    -10.34  -56.98    9.36   11.92   17.19    3.98    3.72    3.41    2.61    1.20   12.59    5.83    5.08    2.21    5.28    4.82   13.31   10.11    0.77    5.26    1.32    3.64   27.36   14.23   32.78   11.50    7.49   27.69   15.53   15.22   11.25    9.75   11.84   30.64   10.84   48.39   24.62    8.42    1.13    9.57   10.38   11.83   20.52    6.26   16.88   18.68   15.19
