PSATAGV    -19.89  -50.35   13.86    8.28   13.44    7.42    0.94    1.04    3.50    1.55    5.78    7.82   12.97    5.68    4.68    5.97   16.89   38.48   28.22    3.18    1.80    0.13    2.47   16.52   11.88    4.19    4.25    2.92   10.06    7.34    6.27    5.47    5.28    5.36   20.61   18.85   15.20   12.25   18.35   19.77   21.16   15.83    0.22    0.00    0.00    0.08    0.65
PSATCMG    -21.28  -44.63    9.27   23.67   21.74    1.93    0.03    0.03    0.57    5.72    6.27    4.07   15.10    8.48    5.53    4.33    6.23    5.61   24.27    9.92    4.05    1.74    4.56    5.03    2.38    1.82    5.00    5.04   17.62    6.52    3.70    3.97    6.39    7.15   27.91   28.66   14.59   11.17    8.43   11.31   10.08    0.77    0.09    0.00    0.00    0.27    1.28
PSATCES    -20.25  -48.16   18.58   11.99   20.83    7.36    1.34    0.76    2.39    0.93    8.19    8.82    8.35    7.20    4.11    6.23   14.55   24.27   38.55    4.56    1.53    2.39    6.69   17.20    5.99    4.47    5.42    1.76    9.12   16.11    7.03    8.61    3.46    5.68   16.96   21.16   19.74   11.38    7.16   24.74   19.17   12.63    0.01    0.00    0.00    0.09    1.25
PSATELC    -21.60  -46.95   17.42    3.65   11.06    4.66    0.78    1.35    1.87    1.89    2.41    2.29    8.29    5.08    2.18    4.37    4.95    8.80   48.47   10.25    2.23    7.63   12.16    9.76    6.96    2.61    5.46    2.76   12.41   18.36    4.54    8.78    7.48    6.79   13.68   29.40   10.75    5.78    5.90   17.08   22.32   12.57    0.08    0.00    0.00    0.15    0.11
PSATFUN    -21.14  -45.04   11.04   20.05   17.33    0.62    0.10    0.01    0.55    2.09    6.92    3.90   14.71    9.74    2.67    3.16    5.25    8.84   17.95   12.84    3.17    1.62    3.50    3.99    2.58    2.72    3.63    5.83   17.33    5.83    5.03    4.79    3.94    6.23   23.75   20.57   18.90   10.04    9.45   11.30    7.19    0.35    0.02    0.01    0.06    0.51    0.87
PSATFUR    -20.67  -46.32   13.11   11.81    8.61    2.13    0.40    0.42    1.45    2.48    6.80    4.29   16.14    7.58    3.03    4.67   11.42   12.55   34.47   13.40    2.84    5.87    8.18    7.99    6.10    2.51    5.40    3.23   12.76   12.13    3.20    4.08    5.13    6.61   13.44   19.07   19.58    9.47    8.51   16.76   11.41    6.97    0.02    0.00    0.04    0.25    0.49
PSATMRB    -20.30  -49.18   16.92    8.06   18.79    5.37    1.01    0.74    2.76    1.39    9.08    6.82    7.54    6.84    2.92    5.28   15.03   27.96   36.20    3.31    2.01    1.66    6.48   22.25    8.38    6.98    5.41    1.96   11.59   11.00    5.37    7.96    3.57    4.85   17.82   22.77   19.28   11.82   10.21   21.78   23.70   13.00    0.03    0.00    0.00    0.02    0.60
PSATPRG    -21.59  -45.67   18.18    5.98   11.72    2.01    0.50    0.92    1.89    3.45    6.29    2.41   11.15    2.98    1.72    6.68    7.24   10.46   56.38   11.89    1.75    6.82   17.55    7.41    7.72    3.19    5.93    2.97   22.94    4.52    2.47    3.91    8.27    7.81    8.37   27.58   11.61    4.29    9.29   16.83   10.41   11.41    0.11    0.01    0.00    0.26    0.41
PSATPAS    -21.02  -48.18   21.27    5.23   14.06    4.93    1.59    1.25    3.21    6.65    7.55    4.90    7.99    6.98    1.64    1.91    7.06   18.08   43.58    2.63    0.79    2.40    5.20   16.28   10.04    3.70    5.64    3.31   13.79    8.75    6.65   11.89   10.83    3.02   24.29   31.53   17.37    7.60    6.64   20.54   18.60   13.57    0.16    0.01    0.00    0.02    0.79
PSATPTB    -21.61  -45.49   11.77   12.59   18.62    2.59    0.40    0.45    1.75    3.87    3.99    3.39   13.22    5.25    3.15    5.39    8.68   15.17   57.32   13.63    3.39    8.92   11.86    3.55    3.06    2.12    6.41    2.30   15.81    4.86    3.06    2.85    4.89    7.36   19.07   21.96   12.42    3.48    6.94   13.70   10.98    6.91    0.17    0.00    0.00    0.34    0.30
PSATPTC    -20.00  -48.55   15.25   19.70   16.95    4.69    0.85    0.43    1.57    0.71    5.74   14.10    8.67    7.21    6.05    7.16   14.11   17.47   35.91    6.87    6.29    6.31    7.79   17.77    5.66    4.37    3.25    2.69    6.53   15.42    5.56    7.55    2.67    6.61   13.51   10.99   13.24   12.67   10.70   22.27   12.73    7.12    0.01    0.00    0.00    0.16    2.80
PSATFZA    -26.00  -51.65   24.10   10.08    8.10   12.50   19.07   36.49    9.38   14.54    3.18    9.51    5.41    1.57    1.41    0.32    1.19    5.07    1.96    0.03    0.10    1.45    4.07    6.74    6.85    5.88    3.65    2.02    6.65    3.12    0.90   26.32   24.35    9.51    3.86    8.49    6.10    2.12    6.53   15.50    6.00    2.37    7.58    0.13    0.38    0.05    1.14
PSATJSG    -25.78  -52.00   13.58    9.75    4.46    9.92   27.11   28.68   10.47   18.89    2.56    8.03    4.46    1.46    1.36    0.39    1.50    6.73    0.96    0.09    0.15    1.33    4.88    7.30    6.19    9.29    3.33    2.85    5.89    2.59    1.42   25.69   15.71    6.21    2.52   11.04    4.37    2.34    6.03   18.86    5.44    3.11    6.20    0.72    0.58    0.08    0.60
PSATSCX    -25.53  -53.48    5.65    9.03    1.47   12.64   36.00   17.95    7.72   22.78    3.90    6.95    6.92    1.03    1.20    0.56    1.53    6.82    1.27    0.22    0.14    1.51    4.88    6.47    6.55   14.72    6.10    3.93    5.62    2.42    1.84   26.78   10.86    4.86    5.77   10.28    6.44    2.20    7.14   26.32    4.29    5.26    8.37    0.71    0.10    0.02    0.30
PSATSCL    -25.49  -51.74   25.52   14.52    5.46   10.95   21.14   42.83   10.85   18.24    2.96    4.31    7.09    2.49    0.93    0.23    1.37    3.93    3.96    0.05    0.30    1.72    4.17    4.46    6.69    5.05    5.17    4.43    4.97    2.72    1.57   26.99   23.56   12.63    5.84   10.45    4.94    1.36    7.86   20.16    6.53    4.49    9.29    0.18    0.08    0.00    0.31
PSATUVT    -26.23  -51.08   14.26   12.23    3.90   10.76   12.37   60.18   13.40   19.46    1.36    8.49   11.31    1.80    0.90    0.70    0.93    7.40    5.03    0.52    0.44    0.50    2.50   10.23   13.25    4.87    3.89    2.41   11.22    6.96    1.15   32.65   42.15   19.95    8.03   15.44    9.82    1.04    3.96   14.72    8.17    5.00    7.53    0.16    0.20    0.05    1.63
PSATBSM    -24.19  -53.74   17.08    7.21    1.82   11.41   35.11   14.91   12.38    7.36    2.94    4.88    8.82    1.11    1.03    0.57    3.23    8.61    2.48    0.52    0.85    1.50    3.82    8.52    5.85   12.04    5.19    3.41    3.31    1.50    1.49   36.50   14.70   16.24    3.55    9.40    2.57    1.50   18.92   28.07    8.77   13.04   14.59    0.62    0.00    0.00    0.07
PSATFLE    -22.97  -54.56   21.14    2.71    1.35   11.13   22.18   17.32    3.67    2.69    2.32   17.20    1.97    2.69    6.38    2.32    7.09   13.20    1.50    1.02    0.26    1.35    0.24    6.82    3.36    2.73    1.52    0.36    0.07    0.33    1.15   36.31    1.52    0.22    7.86    5.99    1.47   11.97   20.22   13.30    1.42   20.58   10.36    0.34    0.00    0.20    0.00
PSATITP    -25.42  -54.58   18.93    7.96    2.21   11.22   32.28   14.74    3.33    2.29    4.74   16.56    5.99    2.12    3.44    0.90    5.77   11.10    1.54    0.62    0.27    1.47    0.61    7.75    4.81    9.83    3.88    2.38    0.66    0.50    1.57   41.15    7.81    4.40    6.51    8.92    1.70    6.65   22.12   20.04    4.37   18.23   12.97    0.29    0.00    0.01    0.01
PSATIVM    -22.38  -53.53   16.72    3.22    1.34   16.67   13.88   11.10    4.03    3.08    4.47   18.18    4.74    4.15    4.81    7.80    7.88   11.33    2.35    1.39    0.91    0.82    0.30    6.85    1.25    1.55    1.19    0.45    0.30    0.47    2.60   37.75    7.88    1.68   15.46    7.62    4.58   10.69   24.93   22.30   10.35   13.34    5.46    0.47    0.02    0.16    0.01
PSATPTQ    -23.18  -53.17   27.37    8.32    2.88   11.86   14.60   19.34    8.04    7.27    2.11    3.74    7.40    1.51    0.79    0.49    6.72   13.82    4.74    1.01    0.78    2.53    1.57    7.76    5.23    8.43    4.42    3.75    4.12    2.08    1.98   26.16   21.62   37.74    8.76    9.96    1.78    1.64   15.73   28.29   17.41   18.11   19.57    0.43    0.00    0.00    0.05
PSATCBI    -17.99  -48.54   11.01   20.14   12.29    0.98    0.20    0.96    1.35    2.11    5.47    9.60    8.53   13.43    4.59   10.58   12.92    2.84    3.31   12.47    8.48   10.98    2.37    0.71    0.26    0.97    8.45    2.77    4.38   11.51    5.26    5.22    3.80    5.67   10.13    4.30    5.71    7.32   13.47    9.29    4.73    0.18    0.05    0.11    0.05    4.03    2.50
PSATCBIV   -16.15  -48.67   12.22   17.82    6.66    0.88    0.11    0.73    3.73    1.67    6.03   13.15    5.82    6.45    2.34    7.29   13.37    3.61    0.94    8.27    7.43   11.08    2.03    0.37    0.33    1.11    9.60    2.62    3.47    6.74    3.32    5.22    3.63    6.54   11.79    5.73    5.00    8.80    9.73    2.75    2.99    0.11    0.04    0.19    0.11    4.77    5.51
PSATEMB    -18.45  -47.98   13.54   14.04    8.56    0.51    0.11    0.16    0.63    1.85    2.78    1.14    8.17   14.45   15.13    9.54   10.46    5.36    6.68   17.00    6.17    0.93    2.69    1.59    1.75    2.40    2.22    5.55    5.03   19.26    6.97    4.57    2.91    4.26    5.44    3.54    9.67    5.88    9.68   11.64    2.53    0.21    0.05    0.05    0.06    4.03    2.52
PSATIMBR   -18.42  -49.10   17.15   22.71   13.92    1.90    0.47    0.62    1.16    1.67    3.75    7.72   15.63   10.20   11.06   11.42   10.80    7.57   26.20   26.01    9.62    4.37    2.88    3.97    2.09    3.93    3.68    4.72    4.02   15.47    7.53    6.31    4.30    6.82    8.73    5.32    6.63    5.68   13.92   18.50   12.21    1.52    0.00    0.01    0.00    0.74    3.81
PSATNPTE   -19.13  -47.70   15.33   20.17   15.70    0.70    0.13    0.40    1.19    3.35    4.21    5.27   13.53    8.84    8.92    6.64    8.92    6.41   18.52   16.09    7.53    3.16    2.68    5.30    2.93    5.54    1.84    4.98    4.12   20.69    6.67    4.89    2.57    5.14    9.00    3.89   11.59    7.87   12.49   13.38    2.14    0.44    0.03    0.00    0.00    0.49    5.02
PSATARV    -18.07  -50.16   10.52   16.78   10.53    2.41    0.91    0.72    3.32    2.84    3.04   12.90   14.14   20.00    7.65   10.82   14.18   11.53   11.34   19.28    3.90    2.20    2.61    4.24    1.62    3.06    4.54    2.18    4.76    7.01    6.73    5.90    4.12    9.39    6.73    7.20    3.46    5.89    5.55    5.32    3.35    2.48    0.10    0.00    0.11    0.53    3.54
PSATSFC    -18.05  -47.68   11.64   22.16   13.53    0.53    0.33    0.13    1.03    1.03    3.38    5.93    8.64   13.15    4.62    9.67   17.55    1.19    2.04   10.56    5.68    6.30    1.30    0.26    0.20    1.58    5.28    3.26    6.08   14.75    6.34    5.61    3.20    3.29    6.74    2.59    4.86    8.26    9.21   13.62    5.21    0.13    0.12    0.11    0.09    2.69    3.20
PSATSSM    -19.02  -50.50   17.62   19.46   13.51    4.23    1.03    0.76    2.79    1.37    4.31   13.38   13.51   11.80   11.19   13.90   17.78   24.73   42.50   20.15    6.91    5.04    2.81    9.01    3.73    5.28    6.10    3.95    4.61   12.75    8.45    4.52    4.61    8.95    9.02    9.08    7.43    7.60   10.65   11.64   14.91    5.95    0.03    0.01    0.01    0.52    2.40
PSATCNI    -22.94  -50.52   33.14    5.77   10.64   10.79    3.43    9.10    3.54    5.65    2.88    6.21    7.69    1.29    1.18    0.93    4.46   15.16   13.97    1.72    0.76    3.90    3.45    9.99    5.53    0.63    3.22    5.00    7.26    4.67    9.98    7.51   22.81   12.80    6.73   16.38   18.36    4.04   14.51   15.39   16.22   26.08   14.58    0.05    0.00    0.01    0.21
PSATCPV    -22.65  -51.33   38.16    5.33    6.29   11.50   12.56   12.83    4.93    5.04    1.23    3.00    6.79    1.47    0.34    0.51    3.44   14.99    7.03    1.74    0.81    5.90    1.67    9.26    4.90    2.52    5.32    5.67    4.34    3.30    5.56   13.26   27.90   27.55    4.19   15.05    8.49    1.46   13.04   17.26   23.33   27.52   17.41    0.30    0.00    0.00    0.01
PSATCHT    -23.01  -49.73   27.54    1.42    6.42   10.91    4.77   12.54    9.04    2.68    1.06    3.12   11.08    3.36    0.31    0.27    4.04   15.74    8.88    1.51    0.91    3.31    2.36    8.10    3.85    1.56    4.88    5.73    7.27    5.73    8.23   12.74   35.04   25.02    2.94    8.81   12.27    0.28    7.33   11.14   13.89   18.77    8.48    0.29    0.00    0.00    0.01
PSATJUR    -23.22  -49.23   19.95    0.63    6.86   10.16    1.98   16.82    8.47    1.94    0.87    1.51    6.82    2.57    0.50    0.44    3.75   15.06   20.35    1.57    0.65    3.75    1.85    8.84    7.51    0.71    2.81    4.86    8.57    4.45    8.15    8.65   36.84   16.82   13.35   15.12   13.49    0.31    9.25   12.30    7.95   15.97    9.29    0.62    0.00    0.04    0.23
PSATMAU    -24.06  -50.71   20.56    4.35    6.36   11.89    9.79   19.28   11.62   14.12    2.37    7.63   11.29    1.84    0.54    0.27    2.64   11.07    7.74    1.03    0.79    1.79    2.70    8.77    9.28    5.55    5.87    3.40    5.79    3.71    2.12   17.49   35.52   38.23    7.23   16.39    5.81    0.85    4.87   15.58   11.10    9.05    9.36    0.27    0.01    0.00    0.07
PSATROS    -22.50  -52.87   35.59    9.11    2.42   13.22   14.83   11.33    3.07    4.07    1.31    3.51    4.33    1.49    0.44    1.03    5.29   13.48    3.88    1.37    0.60    4.89    0.62    8.02    6.24    3.50    2.45    4.09    3.03    1.44    4.09   12.90   24.23   31.45    5.37   12.96    1.67    1.46   16.52   23.20   26.64   26.55   23.83    0.19    0.00    0.00    0.01
PSATQMD    -16.21  -47.33   16.24    9.45    1.34    0.45    0.30    0.26    1.13    0.32    2.82    3.75    5.25    4.17    1.85    2.20   15.33    2.56    2.72    8.51    1.79    1.50    0.32    0.01    0.05    1.40    2.64    1.91    3.98   13.34   10.50    4.64    3.13    3.75    9.29    2.24    3.39    9.93    9.35    4.71    2.37    0.43    0.24    0.00    0.32    4.00    3.43
PSATRBX    -18.95  -44.76   15.65   15.56    8.32    0.07    0.00    0.03    0.04    1.60    4.69    2.35   13.67   19.30    9.30    5.00    7.22    5.73   10.08   20.19    1.50    0.73    2.50    1.47    1.58    2.15    1.68    6.03   13.31    7.49    7.49    3.76    2.86    8.92   16.94   12.58    8.32    9.94    9.76    8.04    2.64    0.26    0.00    0.00    0.11    0.83    0.81
PSATSFR    -15.93  -44.86   11.52    8.16    1.56    0.22    0.14    0.72    0.29    0.39    0.81    0.88    4.73   10.63   12.42    6.01    9.94    1.07    1.95   12.82    3.59    0.96    0.07    0.02    0.03    1.24    5.76    8.38   13.74   19.12   11.99    4.83    4.74    7.36    4.11    2.45    3.43    7.52    8.49    4.01    0.84    0.16    0.01    0.00    1.12    7.95    5.49
PSATSRM    -16.37  -45.07   13.86    9.09    4.53    0.16    0.02    0.04    0.08    0.53    0.56    3.34    9.13   16.15   14.69    7.65   12.51    2.68    3.37   12.29    2.89    1.92    0.43    0.39    0.33    1.45    5.38    6.59   12.20   15.28    7.14    4.23    2.68    5.09    7.26    5.75    6.16    5.85   10.78    9.05    1.69    0.13    0.02    0.03    0.20    6.30    3.07
PSATTMR    -18.16  -45.27   13.74   18.02    9.93    0.48    0.10    0.04    0.44    1.00    2.94    3.49   16.92   14.40   10.03    8.01   10.54   10.31   10.50   14.37    3.65    1.84    2.77    5.09    2.93    2.55    2.94    4.81    9.16   12.03    4.69    4.37    2.76    7.93   14.66    9.71   10.07   10.41   10.12   14.67    6.19    0.19    0.01    0.00    0.16    1.66    2.53
PSATBOQ    -11.35  -43.83    6.32    6.44    1.27    0.57    0.27    0.19    1.16    1.44    2.72    0.37    1.29    6.24    6.30    2.18    5.88    1.00    0.79    3.87    5.58    0.31    0.01    0.15    2.21    5.42    4.80    5.92    8.77    8.69    6.06    9.63    3.31    5.01    2.62    3.28    6.33    2.35    1.65    0.58    0.04    0.60    0.52    0.06    0.37    3.82    1.06
PSATBBO    -22.52  -48.55   24.86    2.69   15.66    6.14    1.13    5.44    5.22    4.65    5.46    3.75   13.00    6.49    1.00    0.65    3.26   13.20   33.33    1.92    0.89    4.41    2.92   10.26   11.57    1.23    3.60    5.52   14.95    5.41    8.29   10.91   30.92    2.98   21.32   23.96   16.32    1.91    5.28   19.79   13.87   13.57    5.48    0.48    0.00    0.10    1.00
PSATESZ    -23.46  -46.91   34.10    4.98    5.99    2.62    0.61    3.38    8.49    2.73    1.89    1.21   12.38    4.38    1.76    1.24    2.50    2.07   33.19    1.25    0.26    8.81    1.43   10.53   18.05    1.76   11.36    0.77   24.95    2.58    9.50   11.24   90.04   10.29   19.71   36.61   23.86    0.87    2.63   17.63    2.79    2.84    4.46    1.14    0.00    0.23    1.79
PSATIBT    -21.76  -48.99   29.22    2.01   12.71    9.58    1.54    6.50    3.66    7.13    5.56    8.96   14.20    6.02    1.58    1.65    4.89   19.93   19.42    1.41    1.14    2.52    3.64   12.53    7.25    1.50    5.11    2.09   10.74    7.31   10.27   13.88   14.87    4.01   20.05   27.52   17.40    4.30   14.06   12.16   17.20   16.86    7.44    0.00    0.00    0.02    0.90
PSATNAV    -21.12  -50.20   26.11    3.98   12.77   11.04    2.16    3.75    4.53    2.94    2.49    7.94    7.54    3.84    2.08    9.25   12.36   25.48   21.08    1.12    0.80    1.19    2.95   13.92    9.74    1.94    4.39    1.93   11.11    3.53   14.21   12.29   11.04    6.69   26.13   27.77   17.12    9.16   18.88   17.00   23.82   24.18    3.75    0.00    0.00    0.00    0.17
PSATSME    -13.40  -48.30    9.28   14.81    4.92    2.04    1.58    1.52    6.10    2.41    3.33    3.83    4.49    4.97    4.20    6.92    9.67    6.56    3.78    9.09    5.62    3.16    0.74    0.37    0.19    2.22    5.40    3.51    6.22    8.47   11.98   11.49    6.58    6.87    9.65    6.48    6.67    5.13    9.73    0.83    0.37    0.11    0.03    0.11    0.29    4.74    3.75
PSATBGR    -27.78  -51.20    2.94    0.92    4.36    1.65   50.79    2.60    1.49    2.94   20.02   21.81    3.04    1.31    0.94    4.56    3.62    8.53    2.28    0.02    0.03    2.98   11.55   15.30   50.62   58.69    2.80    8.19   22.08   18.31    8.90   28.07   16.16    1.43    1.61    8.87   11.03    3.89    4.62   14.45    3.18    5.62    4.48    2.27    1.29    1.86   12.74
PSATCNV    -27.60  -51.33    5.94    9.18    4.08    3.47   37.54    8.08    5.26    7.03    7.39   19.12    6.74    1.28    0.87    4.31    2.23   12.31    2.45    0.03    0.06    2.55    6.24    6.40   29.77   24.55    2.80    2.22   23.35   12.32    1.96   31.99   20.81    3.60    2.21   16.41    7.65    1.54    2.35   13.86    4.47    4.15   10.28    3.13    1.19    0.83    9.21
PSATFCH    -27.14  -53.04   17.11   15.17    1.40    7.31   52.65   11.19    0.47   12.77    6.15    7.57    1.40    0.50    3.02    1.51    0.91   21.57    1.46    0.08    0.01    1.32   13.63   16.11   16.56   29.82    3.05    6.35   17.55    1.95    8.42   54.11    3.72    0.21    0.44    7.90    3.43    6.24   10.82   12.82    1.04    4.46    6.81    0.08    0.27    0.03    3.49
PSATITA    -27.27  -52.38    8.76   17.05    5.19    5.81   34.84   12.59    3.68   11.73    6.21   14.98    3.80    0.98    1.94    2.08    1.20   14.71    1.40    0.03    0.03    1.40    6.85   10.69   32.66   37.35    2.48    4.22   23.22    6.63    2.72   34.18   11.27    2.24    1.37   13.99    5.82    2.67    3.95   12.28    3.98    5.04    7.19    0.35    1.01    0.81    6.93
PSATMCD    -27.52  -51.78    2.54    4.84    4.48    3.23   63.91    5.92    0.41    3.54    8.73   21.53    1.21    0.63    2.62    1.01    0.76    9.66    1.59    0.02    0.00    2.54    9.19   10.28   52.44   76.63    2.90   10.50   32.62   13.53    2.76   39.22    4.59    0.96    0.70   14.02    5.00    2.99    5.66   16.46    1.95    3.94    6.45    0.17    0.46    1.10    6.42
PSATMOJ    -27.35  -52.73    2.32   11.72    0.91    7.80   79.85    2.81    0.09    2.01    7.58   12.46    1.54    0.66    3.11    0.88    2.98   10.54    1.12    0.01    0.00    3.33   16.30   24.19   93.35   32.90    3.04   11.75   26.20   13.63   12.02   39.25    1.08    0.24    0.31    1.75    3.16    5.17   14.98    9.23    2.81    6.10    4.75    0.12    0.00    0.21    7.74
PSATQQX    -26.66  -52.54    8.52   20.66    4.93    7.15   19.33   13.05    6.45   20.08    3.96   11.76    4.22    0.98    2.09    1.00    1.54   14.27    1.15    0.08    0.05    1.29    3.85    7.94    6.99   17.88    3.33    1.43   10.01    2.03    1.30   20.07   10.44    2.21    2.21   15.67    8.03    2.38    4.10   15.84    4.84    4.10    5.54    0.92    0.73    0.52    4.10
PSATPSJ    -28.14  -55.05    0.35    0.48    2.25   23.78   51.82    0.63    0.22    0.23   15.71    3.16    0.56    0.42    3.66    0.18    0.64   14.55    0.50    0.00    2.37    2.65   15.27   21.48   87.63    3.91    2.61   33.64   36.35   15.90   64.62   28.93    0.23    0.00    0.05    0.93    1.84   26.54   19.33    1.38    3.27    5.56    3.59    0.27    0.02    0.85    3.37
PSATESP    -18.68  -51.87   10.61    8.09    6.40    4.78    7.13    0.98    6.70    2.72    4.94    6.16   14.59   10.19    8.04   30.36   10.25   43.18   20.68   10.35    3.92    0.09    0.21    3.98    3.63    3.81    4.39    2.62    1.92    2.53    6.50    6.29    3.63   11.99   17.64   10.80    7.84   17.55   17.79    8.12    8.85    9.31    0.21    0.55    0.03    0.00    1.46
PSATSRC    -19.16  -50.76   14.78   16.40   13.56    4.66    4.67    0.84    6.62    0.97    2.93   16.75   15.83   12.68   12.99   27.82   15.13   38.45   16.48   17.57    2.18    0.58    0.25    6.47    8.29    3.84    5.77    5.79   10.46    3.30    4.46    6.39    3.01   15.29   12.55   10.19    9.44   11.10   13.05    8.04    8.29    7.47    1.11    0.06    0.00    0.00    1.80
PSATFRCL   -19.12  -50.64   15.98   27.16   17.53    3.26    4.31    0.93    6.38    2.76    4.23   14.94   15.90   17.45   11.29   15.19   16.48   22.13   15.54   17.66    4.12    3.94    0.69    4.33    9.05    3.36    4.99    6.28    7.95    5.62    6.37    6.61    3.68   14.00   10.93   10.34    8.48    7.64    9.88    8.19   11.70    9.46    0.97    0.00    0.04    0.03    2.70
PSATISOT   -20.40  -51.35   34.49   14.07   14.29    7.71    4.99    1.21    4.21    2.45    3.66   10.95   15.46    7.85    7.97    8.28   18.08   33.44   16.04    3.71    2.43    1.04    0.26   12.42    9.42    2.39    6.62    5.43   11.71    4.76   10.94    5.36   10.27   11.62   21.22   16.54   16.04   17.42   23.21   13.77   21.63   26.64    1.49    0.01    0.00    0.02    0.34
PSATJUP    -20.86  -51.63   26.26   29.92   15.84   12.55    9.81    1.31    3.80    3.08    4.02    8.12   15.87    8.92    7.16   11.98   18.25   26.85   17.60    3.06    3.82    0.73    0.20    9.95    5.55    3.88    4.25    7.28    9.05    4.29   11.30   11.21   10.46   11.19   26.59   13.74   11.38   15.02   19.31   13.06   13.88   19.47    1.21    0.26    0.01    0.00    0.76
PSATSDG    -20.06  -53.18   13.26   18.56   10.98   22.62    6.61    2.52    2.79    2.59    7.10    8.77   11.62    7.73    9.02    8.09   19.35   27.43   11.06    3.20    1.60    0.42    0.12    3.58    3.31    2.63    3.00    0.37    4.29    2.12    7.01   17.85    8.77   13.11   25.09    9.08    9.53    8.74    7.57   12.96   10.34    8.24    3.53    0.71    0.02    0.00    0.53
PSATFZBT   -21.66  -52.87   18.24    7.94    5.64   15.85   15.08    5.50    3.38    2.81    6.84   12.59    8.25    4.99    5.87   12.89   15.72   20.34    7.52    2.11    0.59    1.65    0.30    2.98    8.43    2.84    2.74    0.44    1.86    3.47    8.40   38.02   27.06   10.91   21.39   12.80    8.12   10.20   15.02   19.37   21.48   12.75    7.17    0.18    0.03    0.00    0.10
PSATPPRA   -22.46  -52.91   41.44   19.46   10.96   15.10   13.91    4.02    2.30    3.69    4.14    9.16   10.87    3.91    2.75    4.52   12.64   14.02    7.92    1.18    0.85    3.03    0.61    7.53    7.97    2.62    3.07    5.11    4.13    4.49   11.72   12.45   17.63   23.08   17.03   20.40    9.28    7.68   22.09   20.51   19.34   31.39   16.68    0.03    0.00    0.00    0.20
PSATBTE    -13.69  -50.80   11.31   17.31   13.26    4.08    2.21    1.12    5.56    6.61    1.13    6.91    6.62   10.37   14.36   15.84   17.03   19.30   17.96   17.04    3.54    1.10    0.60    2.66    0.81    2.59    7.02    4.25    5.57    6.74   12.43   12.16    6.57   13.73    6.56    8.38    5.71    4.89    9.17    8.75    2.93    2.32    0.34    0.19    0.05    1.36    5.46
PSATARAG    -8.27  -49.26    9.32   16.86   10.18    3.51    2.87    6.01    8.24    5.53    2.88    4.17    5.87    3.31    7.77    7.60    9.28    7.53    3.78    8.37    5.53    2.07    0.76    2.19    1.42    2.97    3.59    3.07    4.47    6.55   16.72   16.58    4.93   11.73   10.44    9.84    7.10    3.25    6.14    2.68    0.59    0.87    4.40    5.84    0.54    8.39    3.46
PSATLAJ     -9.76  -48.37    7.79   15.02    3.52    2.56    2.24    6.83    7.15    2.85    2.98    2.04    3.15    2.71    6.65    5.36   13.01    5.78    3.12   12.01    7.32    2.38    0.38    0.93    2.11    2.59    4.04    2.73    4.66   10.33   14.72   10.04    5.86    6.74   12.77   10.78   10.86    5.13    5.58    2.79    0.12    0.12    1.15    1.30    0.47    8.67    4.34
PSATPTRL    -9.31  -47.39    4.45   16.22    2.93    1.51    2.10    2.42   10.56    4.27    3.61    0.84    1.72    2.28    5.87    8.77    7.29    4.61    3.19    4.41    3.92    0.68    0.64    1.41    2.86    5.74    4.00    5.20   11.51    9.17   10.72   14.17    2.67    5.28   17.30    8.09   14.61    2.58    2.99    0.06    0.05    0.66    4.13    1.54    0.48    7.29    3.22
PSATLJET    -7.33  -47.48    6.12   12.15    1.98    1.77    3.82    2.17    8.12    4.72    2.60    0.67    1.97    2.86    3.74    8.99   12.56    7.89    1.18    2.62    5.71    2.10    8.06    3.19    3.24   11.36    4.82    2.64   15.52    9.68   12.53   16.01    2.66    5.20   13.23    5.10    4.17    1.96    2.10    0.62    1.49    5.14    6.05    5.11    0.93    1.46    2.77
PSATUCR     -3.83  -49.65    8.01   10.31    7.96    2.61    2.78    3.28   10.58    5.70    2.33    1.86    5.81    3.54    6.63    7.23   11.03    6.68    2.37    1.80    2.60    2.35    4.31    6.63    4.49    7.99    5.78    3.95   16.44    7.23    9.08   12.06    4.48    4.96   13.66   10.58    6.69    1.74    2.02    1.33    1.92    1.57    4.41    4.96    2.71    3.11    8.70
PSATXIVJ   -29.07  -51.67    0.82    1.35    4.89    7.58   43.79    1.73    0.37    1.23   36.64   20.73    1.51    1.17    1.43    0.92    0.90    7.33    1.91    0.00    0.02    2.85   27.92   22.00   80.02   46.83    2.15   27.57   22.80   30.78   15.53   40.25    3.51    0.24    0.20    7.37    6.96    5.13    5.81   11.09    1.50    7.58    2.40    0.41    0.03    0.96    7.08
PSATDFRC   -29.45  -53.28    0.02    0.02    5.34   46.56   31.87    0.39    0.07    0.19   33.89    4.08    0.37    0.24    1.01    0.22    0.76   11.59    0.63    0.00    1.96    3.01   28.16   20.03  132.32    4.26    2.59   19.73   34.58   18.01   56.43   38.86    1.66    0.01    0.05    0.74    2.27   15.60   12.74    2.04    2.39    5.06    3.17    0.14    0.06    1.11    2.98
PSATREAL   -29.02  -53.19    0.21    1.21    0.70   19.82   46.48    0.64    0.27    0.56   26.06    5.88    0.69    0.38    0.85    0.09    1.03   13.14    1.03    0.00    0.06    3.61   25.30   32.95  175.21    7.60    2.57   32.77   37.37   23.36   56.43   28.57    0.51    0.01    0.03    0.87    3.99   16.49    9.67    2.77    2.39    4.90    2.84    0.13    0.02    0.27    5.54
PSATCTAV   -29.01  -51.39    0.57    0.50    8.18    3.83   28.38    2.31    2.11    1.63   22.62   18.07    2.06    1.25    1.45    4.22    3.19    6.77    2.41    0.00    0.02    3.10   24.39   28.37   42.71   48.38    1.73   22.58   14.74   27.33   24.82   43.13    9.30    0.82    0.65    3.52    6.79    5.11    7.98   19.29    3.68    5.82    3.02    2.36    0.20    6.79    9.74
PSATERNT   -28.56  -52.54    0.43    6.02    2.23    5.76   85.03    1.78    0.43    3.23   18.77   15.34    1.06    0.40    2.27    0.40    2.33    8.68    0.82    0.00    0.00    4.94   13.79   28.72  140.14   65.86    3.17   18.31   34.58   22.22   13.26   30.26    1.07    0.43    0.27    3.11    4.56    6.36    6.84    9.58    1.97    6.70    3.30    0.14    0.00    0.58    5.97
PSATSTPL   -27.14  -49.52    6.78    8.87    0.77    6.62   26.14   16.93    5.93   10.48    3.93   21.14    5.77    2.79    1.22    3.90    3.57   14.84    3.44    0.19    0.50    1.94    4.78    5.25   22.62   15.69    2.97    1.46   15.74   12.64    0.73   56.91   25.32    5.43    3.09   12.81   10.51    1.77    2.70    5.65    7.85    3.58    8.52    2.01    0.65    0.26    3.36
PSATCVCH   -25.14  -48.87    6.47    3.14    0.77   11.67    3.85   36.05   22.57    4.75    1.10    0.89   12.54    3.14    0.55    0.26    0.70   13.92   11.49    1.31    1.08    0.44    1.43   14.94    9.84    2.93    3.81    3.05    6.26    4.64    0.40   22.89   47.18   36.22   10.07   11.23   21.48    0.61    3.88   10.31   13.89   11.17   10.25    0.18    0.00    0.00    0.79
PSATAMY    -12.60  -69.12   12.48   21.95   21.48   36.01   39.77   19.99    6.26   28.32   15.90   18.62    5.40    2.09    5.52   10.81   10.42   18.95   12.35    5.87    7.44   10.16    8.52    5.42    7.84   23.83   15.83    7.08    4.29    6.58    7.14   27.24   21.08    2.14    2.86    6.57    8.34    6.25    7.52   12.55   23.17   13.82   15.03    6.97    2.14   10.50   12.18
PSATGJR    -10.73  -65.35   16.77    8.99    9.45   11.04   26.29   12.97   10.18    7.14    2.31    3.04    5.25    4.61   16.62   22.14   19.08   14.20    4.71    2.49    3.76    3.99    2.09    2.67    2.51    5.54    4.30    1.75    2.19    1.80   11.78   15.85    6.23    0.91    0.91    1.35    3.12    4.17   15.80   20.50   13.47    7.35    8.43    2.57    3.23   11.56    2.48
PSATPRNC   -12.43  -64.43   15.44   15.33   10.71   10.85   15.12   11.86    6.80    4.95    2.47    4.02    7.76    1.97    2.88   10.97    6.07    2.27    9.18    2.26    3.17    2.69    0.78    0.64    1.54    0.98    2.33    0.94    0.88    0.73    1.68   31.07   22.93    1.78    3.23    6.82    7.17    9.12   15.50   22.48   11.77   12.37    9.01    3.10    6.23    5.54    7.21
PSATSANT    -8.87  -63.97    1.68   16.71   11.72   21.19   21.23   10.59   18.98    4.53    5.89    1.89   11.01    2.41    1.95    4.44    6.61    3.08    3.68    6.14    9.38    3.06    1.29   11.86    4.61    2.55    6.57    3.08    0.92    0.54   12.59   21.14   21.01    6.77    4.65    9.80    9.85   16.15   13.75    9.29   25.00   15.76   20.35   14.54    2.72   13.78    1.75
PSATDARD   -10.16  -59.46   12.18    8.44   29.35   10.96    9.28    5.78    3.96    1.20    1.72   11.38    5.17    1.70    1.20    7.28    8.07    6.74    5.85   14.53   12.69    7.23    2.54    6.38    1.91    2.06    2.62    0.92    1.09    2.83   16.77   29.45   24.23   18.57    8.62    6.99   10.85    4.93   11.99    6.24   10.80    6.52    1.76   10.87    8.22   10.15    5.52
PSATGUAP   -15.12  -58.96    2.59   27.40    9.95   12.15    3.09   21.34    6.99    7.75    4.06    7.78    6.29    7.55    7.40   15.70   16.07   18.37    6.59    2.96   16.71    9.32    0.67    0.81    5.39    0.98    3.97    0.31    0.79    0.46    0.58   45.01   10.53    2.81    0.52   18.83   13.43    3.72    4.73   10.01    3.27    5.80    7.60    1.89    0.92    5.92   12.08
PSATJIRA    -9.25  -64.65   19.72   14.71   12.79   14.46   23.99   19.72    4.86   14.93    5.94    7.68    5.15    1.72    2.71    7.15    9.36   22.86   11.23    2.38    5.96    6.75    1.80    4.67    5.14    7.93   10.15    3.26    2.46    2.42    4.47   13.08   23.60    2.00    1.76    4.22    6.22    6.77    8.39   13.05   14.44    7.10   11.65    6.66    3.15    9.20    7.20
PSATROND   -11.99  -60.70    7.38   10.25   22.25    5.93    4.07    7.12    3.43    8.30    3.46   13.47    2.23    1.63    1.86    5.94    3.65    3.30   12.24    3.89    6.47    0.20    0.64    0.90    1.82    4.06    5.34    0.61    0.67    0.89    2.08   27.62   45.96    6.04    7.75    4.58    9.28    1.25    4.76    6.68   24.81    5.31    2.66    4.58    5.28    8.30    6.71
PSATSAMU    -8.75  -63.45    1.37   10.70   13.16   10.62   14.23    3.05   27.97    5.12    2.97    3.77   10.58    3.98    1.71    5.28    9.23    6.65    3.18    3.64   10.76    0.75    1.20    6.09    1.55    1.68    5.58    6.96    1.59    0.79    1.77   25.70   39.91   17.74    5.77   20.28    5.10    9.06   12.65    3.05   15.73   29.24   12.08    5.65    1.62    5.27    4.12
PSATBALB    -1.92  -59.47    1.06    4.62    1.82    0.39    4.72   17.28   11.40    9.02    5.00    7.67    7.48    6.48    7.06   10.45    3.63    4.95    8.34   19.38    8.48    3.43   13.54   15.53   11.81    5.88    1.04    4.10    2.96    7.89    0.41    0.49    2.45    6.08   13.02    8.47    7.75    7.31    6.68    1.80    0.44    1.42   12.55    4.01    7.97   11.96   10.02
PSATCUNA    -2.82  -54.30    1.17    7.68    5.26    5.17    5.06   13.10    5.97    5.22    1.20    1.34    3.65    4.59    3.82    3.08    3.29    1.33    2.54    5.67    1.16    1.89    5.17    6.19    3.17   13.07    2.05    1.34   11.10   12.53   18.62   10.82    2.18    6.10   12.12   15.65    4.96    1.09    1.32    0.68    0.58    0.25    4.60    9.06    4.28    6.40    3.77
PSATJARI    -0.65  -52.52    6.29    4.67    4.78    7.11    7.22    3.30    4.00    6.42    1.63    1.23    2.55    5.75    4.40    2.68    1.40    3.30    3.07    2.09    2.11    1.74    4.21    4.36    5.35    5.62    3.70    2.92   14.37   24.37   12.80    4.26    2.03    5.88    9.83    2.59    5.85    5.01    1.81    1.49    1.25    1.93    3.22    3.55    7.17    7.72   10.10
PSATFGOM     0.86  -51.20    9.36    6.05    6.44   15.57   13.32    8.68    6.70    9.34    2.20    2.48    7.73    5.15    5.94    3.54    2.29    4.27    3.45    3.06    3.09    2.29    5.54    4.82    6.46    4.97    7.41    6.36   16.36   15.83   10.90    4.64    2.21    7.13   10.18    3.81    7.24    5.87    5.28    3.93    2.21    3.38    8.65    6.61    9.07    3.60   13.25
PSATUBE     -6.75  -43.57    8.28    9.80    3.25    1.43    0.62    0.42    3.97    7.10    4.70    0.25    0.94    2.96    3.21    5.84    9.84    2.77    1.73    5.02    2.19    0.60    1.09    1.91    2.93    6.08    6.32    5.61   20.77    8.59   11.24   11.83    5.38    3.52    8.54    4.88    5.88    0.54    1.42    0.17    1.31    2.03    5.25    0.61    0.34    2.09    1.45
PSATBSOR    -6.74  -52.00   11.05   14.91   12.92   10.06    2.45    1.58    4.21    8.65    4.60    2.07    3.01    3.60    1.62    6.61    9.60    7.04    5.65    7.09    4.06    0.67    1.06    3.04    1.47    2.71    2.25    3.51    4.01    5.97   20.18   17.61    9.73   11.19   11.68    7.19    9.17    4.24    6.86    1.77    1.18    0.52    0.62    2.50    3.27    7.87    4.24
PSATBESP    -6.75  -51.77    6.31   15.16    5.92    3.49    1.74    2.35    5.08    7.20    1.31    2.56    8.51    5.57    2.33    3.36    7.39    9.92    2.35    2.45    2.70    0.90    1.83    3.08    1.77    5.90    2.30    7.01    4.18    6.91   16.01   13.62    2.02    6.70   12.25   10.49    7.95    2.86    2.77    1.05    0.40    2.52    5.01    2.82    0.75    3.96   12.59
PSATPIME    -3.41  -51.91    5.77   10.90    8.21   10.61    4.02    3.55    6.06    4.35    2.35    3.98    6.04    4.43    3.33    3.59    8.64    3.53    4.41    5.27    3.96    2.26    4.06    5.59    4.37    5.48    2.12    2.47    8.67   11.02   24.94   12.46    3.87    9.98   17.30   12.31   10.14    2.60    3.03    0.96    1.26    0.88    3.69    5.34    5.26   10.94    3.81
PSATIRAP   -16.74  -42.57    9.86    4.07    0.41    0.00    0.00    0.01    0.05    0.00    0.06    0.69    3.27   11.17    9.69    7.86    3.68    1.05    1.71    8.60    2.64    0.50    0.03    0.03    0.22    1.35    4.95   14.13   13.07   14.77    4.47    3.25    2.15    6.37    2.86    5.24    6.66    9.21   11.38    5.06    0.23    0.05    0.01    0.19    1.39    1.51    0.60
PSATITBI   -15.97  -39.59    3.80    1.02    0.10    0.01    0.02    0.01    0.01    0.04    0.00    0.07    0.68    9.45    5.03    2.23    1.25    0.37    0.20    3.52    1.03    0.15    0.17    0.07    0.35    0.84    1.05   16.42   19.23   16.08    6.81    2.02    2.55    4.73    1.07    1.07    2.13    7.08    7.07    1.38    0.35    0.35    0.32    0.83    1.82    2.38    1.52
PSATCOLI   -10.98  -55.77   18.06   17.23   14.46   12.31    3.40    1.50    2.29   12.58    2.47    2.89    2.51    2.77    1.58    9.16   12.56    8.29    8.40    5.82    9.20    3.34    0.73    2.15    1.36    2.29    1.62    3.66    2.98    3.63   13.04   17.76   15.83   25.36   11.05    6.41    6.98    9.44    9.76    7.98    5.16    2.96    0.39    1.02    5.18    9.56    5.26
PSATSAEL    -9.19  -57.04    4.51   12.93    9.49    6.59    4.78    1.88    3.26    6.68    2.76    4.50    4.35    1.80    0.45    3.73   11.68    2.59   12.97   19.19    3.87    1.04    3.06    2.71    1.75    2.51    2.35    2.86    9.96    9.77   18.03   14.31   11.39   14.47   10.55    9.15   10.35    8.56   12.22    6.57    4.93    0.60    0.68    1.06    6.01    8.52    7.46
PSATITQ    -17.09  -54.83   24.29    7.48    7.77   10.99    3.51    2.35    3.99    7.62    3.18    1.90    9.37    7.16   11.86   25.61   19.01   18.23    8.43   10.68    5.59    0.55    0.22    7.99    1.26    3.60    2.84    0.78    4.04    3.56   11.36    7.55    7.61    4.40   13.85   11.99   13.33   10.00   18.04   26.68   19.44   14.03    0.23    0.17    1.25    0.01    3.68
PSATJAU    -15.24  -58.73    3.95   25.23   11.82   13.57    3.06   19.24    6.86    5.32    3.63    9.87    7.09    8.46    7.17   16.77   15.18   16.14    5.66    4.91   15.07    6.84    0.68    0.57    4.65    0.97    3.39    0.25    0.74    0.61    1.06   39.52   10.22    2.37    1.69   16.66   12.27    6.13    7.16   10.06    5.70    8.78    9.99    4.30    2.25    4.69    8.09
PSATMAN    -14.87  -55.78    8.54   16.89    9.41   11.06    2.97    1.57    4.31   13.49    1.21    3.25    2.38    3.32    4.28   17.31   22.05    8.84    7.00    5.19    3.00    3.09    0.29    5.65    1.95    2.14    1.28    2.58    1.89    4.69    6.09   19.25    9.12   12.62   12.34    4.21    4.56    4.52   10.63   17.96    5.85    6.52    0.07    0.47    2.39    5.80    7.73
PSATPTP    -17.61  -54.83   24.47    6.29    6.72   11.03    3.05    2.68    5.83    3.46    5.61    1.79   12.49    9.98   14.98   24.91   21.65   15.81    8.92    5.43    3.20    0.33    0.18    8.23    0.95    4.51    2.73    0.42    2.49    3.66    7.95    6.94    8.62    5.25   21.94   19.02   17.33   12.29   15.07   24.11   20.26   10.61    0.21    0.00    0.47    0.00    0.59
PSATSTCL   -17.90  -40.20    1.07    0.17    0.00    0.00    0.00    0.00    0.00    0.01    0.00    0.00    0.00    5.01    4.39    0.14    0.10    0.11    0.00    1.49    0.51    0.00    0.00    0.00    0.13    0.46    0.16   14.62   26.84   16.37    8.46    3.37    1.91    5.36    0.31    0.39    1.27    7.71    7.39    0.29    0.16    0.18    0.18    2.22    2.45    2.08    2.34
PSATPDC    -12.58  -39.00    0.46    0.33    0.50    0.34    0.26    0.07    0.04    0.11    0.03    0.03    0.02    0.22    0.08    0.28    0.17    0.47    0.30    0.76    0.29    0.45    0.40    0.27    0.24    0.68    1.46    1.84    3.64    8.34   10.10    9.57    3.74    1.30    1.32    1.41    0.96    0.70    0.50    0.55    0.73    1.31    1.68    0.69    1.71    0.87    1.00
PSATROSA   -20.92  -41.72    8.28    3.92    1.06    0.00    0.00    0.00    0.58    5.72    6.46    5.79    9.51   29.90   12.16    6.89    4.95    0.92    1.80    5.74    2.30    0.35    0.07    0.02    0.87    0.54    0.66   11.35    6.07    3.01    2.80    2.34    3.72   12.89   33.04   15.08   12.12    6.18   14.24    4.88    0.64    0.00    0.00    0.05    0.05    1.87    3.66
PSATCAN    -20.21  -42.85   21.90   19.41    4.94    0.08    0.01    0.11    0.31    1.98    2.96    2.59   17.15   29.79   15.34    6.87    4.57    5.80    7.22   12.56    4.53    4.44    0.35    0.41    1.20    2.16    1.39   12.59   14.09    3.33    7.34    2.11    2.87   14.43   16.82   14.81   20.15   18.13   12.72    8.48    3.59    0.16    0.01    0.08    0.18    0.73    2.12
PSATSAC    -19.64  -42.85   21.42   19.54    6.24    0.00    0.01    0.03    0.08    3.23    1.80    0.70   19.14   32.52   22.53    9.86    9.53    2.99    7.11   10.11    4.21    1.40    0.23    0.15    1.00    1.63    2.92    8.58   20.19    5.67    9.10    5.52    3.93   10.13   17.74    9.84   10.36   10.93   12.47   13.60    2.39    0.06    0.09    0.03    0.05    1.96    2.58
PSATPES    -19.12  -42.66   16.46    6.15    2.17    0.00    0.04    0.00    0.03    0.94    0.01    0.33    8.42   12.90   22.45   10.25   16.54    0.76    6.34   13.17    3.76    1.16    0.01    0.10    0.24    0.52    2.42   14.74   30.66   10.12    5.81    6.52    4.66   10.96    8.10    7.77   14.88    8.63   10.22   10.21    1.67    0.03    0.15    0.37    1.03    3.49    1.55
PSATMAS    -19.50  -40.92   10.13    2.34    0.42    0.02    0.01    0.00    0.06    1.17    0.70    0.39    3.62   12.48    9.95    5.20    5.50    0.71    1.84   11.60    3.46    0.14    0.01    0.00    0.07    0.42    1.29   14.17   20.92   10.64    6.55    3.58    3.44    9.03    7.98    3.71    7.81    7.50   10.97    4.26    0.49    0.11    0.24    0.58    1.08    2.87    2.72
PSATSBR    -23.37  -45.87   22.23    8.20    4.96    2.35    0.08    0.24    8.58    3.33    3.76    1.31   11.17    8.83    3.09    2.09    1.15    2.93   30.43    3.81    1.13   12.58    6.94   12.22   14.05    5.26   11.77    3.01   14.34    2.69   15.99    7.99   46.89   10.60    9.22   29.90   23.22    4.97    3.01   18.10    6.71    2.86    5.97    0.18    0.00    0.28    1.39
PSATJAG    -23.20  -46.03   16.58    6.43   11.68    5.42    0.67    1.14    8.40    2.42    2.04    1.28   14.86    5.37    1.86    0.99    3.83    4.06   37.17    2.50    0.26   15.09    4.23   10.41   11.40    2.47   10.13    4.09   18.43    3.14   16.42    5.92   39.18    5.83    9.83   36.32   17.18    2.38    4.97   27.89    3.97    5.13   10.44    1.07    0.00    0.18    1.16
PSATFUNI   -22.53  -44.57   17.49    8.07   11.64    2.12    0.30    0.57    6.02    3.71    4.74    2.06   14.48    7.33    2.80    4.14    2.67    4.63   40.52    4.62    0.75   11.12   10.99   10.83   10.16    3.80    7.98    4.16   19.81    2.29    8.28    6.78   17.65    8.16   11.23   31.54   15.36    4.58    5.26   15.78    5.22    4.65    3.37    0.37    0.00    0.42    1.16
PSATSACE   -22.48  -43.84   15.66   20.80   13.98    1.53    0.00    0.30    7.82    4.97    5.46    4.51   23.02   20.01    6.32    9.24    5.90    2.84   30.89    8.74    2.99    2.01   13.26   17.09   10.21    5.83   11.61    7.69    6.07    1.36    3.65    1.16   12.57   13.34   16.46   29.66   22.20   14.86    4.82   18.28    4.96    1.07    0.21    0.00    0.00    0.05    1.22
PSATPIC    -21.91  -43.54   15.12   24.66   17.15    1.46    0.00    0.02    1.43    5.81    9.12    6.93   17.24   12.54    8.00    6.52    8.10    2.73   17.90    6.85    3.28    0.50    2.30    7.93    5.57    1.74    2.99    5.10   15.14    3.69    3.48    1.68    5.86    8.09   24.78   31.80   21.00   16.45    6.81   12.91    6.41    0.21    0.06    0.00    0.00    0.18    1.65
PSATSOGI   -21.94  -43.36   30.18   23.83   14.94    1.28    0.00    0.00    0.40    7.19    8.08    5.31   19.22   17.17    7.71    3.44    6.12    5.17   12.66    7.13    4.76    4.23    3.40    4.95    7.51    2.81    7.25    3.65   10.89    1.33    2.76    3.97    4.09   10.74   18.37   32.91   28.26   13.92    5.19   14.39    5.48    0.06    0.03    0.03    0.03    0.31    1.72
PSATIPSI   -21.84  -42.58   33.69   19.73   10.63    0.47    0.00    0.07    1.81    4.55    5.85    3.41   18.80   16.93    7.64    4.42    5.15    5.22   13.76    9.99    3.40   10.55    4.39    4.32    6.09    3.09   10.25    6.51    5.07    1.57    2.23    1.45    8.94   10.27   21.62   24.93   28.63   13.81    4.53   13.71    8.70    0.27    0.01    0.02    0.02    0.44    0.77
PSATTCLJ   -22.69  -43.83   18.54   25.12    1.25    2.15    0.00    1.10   17.47    3.88    4.18    2.29   12.39   22.05    3.25    6.42    3.08    7.60   29.80    9.25    1.63    2.26   27.89   10.50   10.47   14.89   15.41    3.14    2.62    0.31    0.85    0.79   18.13   12.73    6.50   10.22   14.34    3.36    0.55   15.23   13.34    0.00    0.00    0.00    0.00    0.06    0.73
PSATBIGU   -25.51  -53.67    5.27    8.89    1.47   11.84   38.85   16.98    7.49   20.91    4.15    7.62    7.51    1.05    1.27    0.61    1.44    6.96    1.35    0.21    0.13    1.54    4.84    7.25    6.88   14.48    6.07    4.22    5.43    2.29    1.85   31.16    9.34    4.52    5.92    9.99    5.62    2.47    7.73   25.39    4.04    5.70    8.44    0.62    0.08    0.02    0.24
PSATBRAU   -21.45  -42.41   37.51   21.04   10.34    0.19    0.00    0.01    0.78    4.47    4.22    2.73   20.07   22.29    4.74    3.64    4.38    7.99   10.02    7.39    4.18    7.40    1.59    0.91    2.08    1.40    4.39   12.39    4.86    0.43    5.02    3.71    5.64    7.93   15.95   28.84   27.11   24.96    6.23   11.52    5.91    0.09    0.01    0.23    0.19    0.93    1.27
PSATSUIC   -20.08  -40.58    5.15    1.39    0.21    0.11    0.00    0.01    0.04    4.79    1.33    1.36    2.96    8.09    7.48    2.00    3.68    0.32    0.34    8.74    0.69    0.12    0.08    0.02    0.09    0.79    0.15    6.56    5.68    6.84    7.14    4.33    4.85   22.92   17.09    5.68    0.21    9.83    9.37    0.21    0.43    0.12    0.12    1.10    1.01    4.09    1.62
PSATJRI     -9.30  -64.70   18.59   17.68   14.69   17.31   26.75   19.01    4.69   14.69    5.91    7.51    4.01    0.89    1.53    3.98    3.84    8.34   10.24    3.02    5.66    5.43    1.47    4.90    5.35    5.59    9.40    1.87    0.97    0.61    4.07    3.72   24.26    1.20    0.95    4.54    7.00    7.32    8.13   14.37   15.75    7.38   10.44    7.30    2.07    9.30    8.21
PSATBENI   -14.59  -67.53   25.37    7.89    8.06   10.90   18.08   20.28    5.51   16.27    5.03    7.61    7.85    3.40    6.26   15.95   25.24   64.31   14.42    1.05    6.52    9.80    3.05    5.48    3.13   15.89   12.35    7.72    6.43    7.47    6.61   39.39   19.05    4.40    4.04    3.48    4.96    4.59    9.34    8.16   12.01    6.23   15.69    5.07    6.43    9.22    4.05
PSATEPB    -12.42  -64.42   12.31   12.29    8.45    8.75   16.35   10.12    6.82    4.30    1.93    3.91    6.46    1.95    7.44   12.22    5.70    2.25    7.10    2.33    2.61    2.24    1.11    1.00    1.47    0.86    1.94    0.90    0.87    0.72    3.77   23.06   16.19    1.30    2.27    4.89    5.31    7.13   15.13   21.60   10.69    9.49    8.02    2.26    4.91    6.76    5.39
PSATEGM    -10.79  -64.35   21.05   10.54   11.83   13.72   28.76   15.68   11.23    8.86    2.92    2.75    5.84    5.48   16.09   24.46   24.24   18.63    5.59    2.57    4.74    5.03    2.10    2.91    2.87    7.34    5.54    2.05    2.62    2.12   12.67   19.83    8.19    1.18    1.18    1.78    4.02    4.74   16.28   20.85   15.32    8.89    9.42    3.36    3.57   12.34    3.10
PSATSTOA    -8.79  -63.95    1.84   17.42   11.41   21.39   20.36    9.88   19.20    4.46    6.15    1.78   11.76    2.48    2.00    4.70    6.99    2.96    3.66    6.00    9.77    3.25    1.34   10.92    4.44    2.72    6.82    3.13    0.97    0.54   12.94   21.85   21.66    6.67    4.61    9.98    8.92   17.52   14.16    9.51   25.39   16.06   19.07   13.66    2.67   14.56    1.86
PSATENC     -9.90  -66.62    4.63   10.55   11.70    4.23   23.68   27.37    5.73   10.32   10.66   11.51    5.89    3.60    0.65    3.58    0.43    1.77    8.87    2.66    7.46    9.80    0.80    2.13   13.62    1.47   12.36    1.06    1.84    0.58    0.16    1.18   42.19    1.47    0.98    4.57    4.23    9.85    6.26   19.21   13.82    9.01   12.21    9.76    2.46    5.89    8.85
PSATAMY1   -11.71  -70.63    5.52    9.80   11.96   33.02   35.93   16.43    2.83    8.49   11.72   21.28    5.60    0.26    0.84    2.34    1.73    6.36   10.16    6.33    4.54    6.84    5.35    2.70    5.13   12.82   13.49    4.29    0.27    0.37    0.36    1.13   14.83    0.36    0.40    4.28    4.96    5.53    5.03   12.37    9.45    9.69    8.70    6.73    1.03   15.83   14.90
PSATAMY2   -12.37  -71.17   11.02   22.43   18.46   35.41   46.13   18.03    7.29   37.39   23.00   21.65    4.81    3.19    5.24    8.88    9.99   13.20   11.15    8.53    9.10    9.28    9.96    5.60    9.68   32.41   18.16    9.82    5.06    6.95    7.80   25.08   29.55    0.73    1.25    4.31    8.18    7.27    5.80   11.27   21.38   15.95   16.45    7.99    2.63   10.82    8.59
PSATAMY3   -13.75  -70.18   22.15   28.62   36.18   36.67   41.12   27.83   10.18   36.42   16.03   16.66    6.63    2.49   10.86   23.11   21.33   33.53   18.62    3.14    6.78   14.97   12.56    5.29    8.50   25.53   14.39    8.37    8.46   13.26   13.75   57.33   17.91    6.53    8.15   14.18    9.71    7.50   14.41   15.39   39.32   17.66   20.90    8.34    1.39    4.72   10.18
PSATAMY4   -13.45  -69.47    9.89   27.65   19.17   36.42   27.77   16.42    2.83   26.54    6.45   11.21    4.37    1.99    5.21    9.77    7.13   27.83    8.66    2.07    9.24   10.54    3.44    9.22    6.29   14.20   14.26    3.27    2.61    5.44    6.65   29.55   16.78    1.60    2.52    3.80    9.68    3.22    5.21   10.14   22.78    9.91   11.64    1.83    4.32    9.49   20.00
PSATJRN    -13.37  -59.01    6.09   20.14    9.83   22.62    8.06    9.04    5.88    4.72    5.38    9.45    3.86    7.80   10.43    8.26   18.36   16.27   12.46    1.90    7.44    1.37    0.82    2.65    2.48    0.31    4.15    0.63    0.92    1.05    1.08   31.30   23.07    6.23    1.37   13.70   10.99    7.28    9.46   20.95    5.97    4.61    7.64    0.50    2.24    8.80   20.32
PSATAPI    -10.34  -56.98    6.69   15.01   12.11   10.57    4.54    1.54    1.91    5.37    1.71   11.87    6.87    0.68    0.80    6.11   15.47    8.41   17.41   12.47    1.79    5.32    6.75    2.88    1.52    4.50    2.32    3.94    4.91    0.73   11.49    9.35   19.81   13.18    8.29    8.30    6.55   14.39    5.92    6.70   12.21    2.00    1.63    0.72    6.61   10.54    7.98
