PSATAGV    -19.89  -50.35   16.54    5.49   33.25   21.69   27.38   11.34    9.01    8.67    3.99   13.34   11.62   15.65   10.86   10.51    3.19    4.31   13.49   13.57   10.37    0.46    0.07    0.11    0.00    0.10    8.00    4.23    6.10   13.64   12.09   17.10    8.33   19.59    8.58   11.58    4.58    3.95   13.24   13.39   17.08   19.92   27.76    7.39    8.02   14.64   18.40
PSATCMG    -21.28  -44.63   39.52   21.56   65.44   11.83   21.42   21.58   17.07   19.17   12.28    5.52   16.20   18.92   31.83   14.08    1.97    8.69   12.08    0.97    0.36    0.04    0.02    0.47    0.57    2.90    2.01    0.94    3.77    6.55   12.16    9.54   10.30    1.22    7.44    9.48    4.27    2.16    5.45    5.27    5.49    3.98    4.48   11.53    5.85    6.21   16.02
PSATCES    -20.25  -48.16   34.11   14.68   34.52   22.63   32.21   14.83   13.63    5.44    6.83   13.21   28.78   18.06   18.74    5.27    4.90    9.53   11.49    2.54   13.51    0.10    0.00    0.00    0.07    0.30    7.70    0.26    3.50   13.58    5.14   14.27   10.31   15.77    7.89   15.36    9.34    0.97    8.67   16.04   23.72   18.36   23.57   25.45   11.70   12.08    6.82
PSATELC    -21.60  -46.95   22.87   21.23   11.70   14.99   13.29   14.45    7.30    7.61    5.06    1.95   35.30   13.37    8.64    7.36    4.69   15.45   15.91    5.00    3.74    0.08    0.02    0.04    0.04    0.57    2.75    0.38    0.93   10.45    6.31   10.76   10.34    1.11   15.98   19.94   11.59    1.40    8.91   15.96   34.29   11.85   24.46   26.56   16.67   16.08    9.01
PSATFUN    -21.14  -45.04   37.62   21.70   63.99   12.39   15.17   18.61   20.55   16.95   10.30    5.45   15.94   26.16   21.76   10.07    6.88    8.55   12.18    1.31    0.32    0.03    0.04    0.77    0.57    2.42    1.15    0.37    2.01    4.87    6.90    5.52    5.95    0.85    6.04   17.45    2.00    1.10    6.32    6.19    6.60    4.54    9.80    8.75    2.43    5.25   16.49
PSATFUR    -20.67  -46.32   37.64   40.33   49.09   16.76   16.96   15.90   15.94   11.73    7.49    6.95   21.77   23.48   22.23   13.18    5.56   14.10   10.89    2.34    0.86    0.04    0.07    0.17    0.43    1.72    3.33    0.73    0.78    8.70    3.87   10.92    7.63    2.42    9.77   21.46    5.09    1.68    4.90   12.55   18.59   11.79   28.17   10.94    5.09    6.68   17.19
PSATMRB    -20.30  -49.18   23.82    9.24   24.28   20.04   27.62   14.03   10.74    7.83    6.79   15.50   22.95   16.56   12.83    6.14    5.60    7.83   11.52    6.07   10.92    0.11    0.00    0.02    0.03    0.26   13.72    0.81    4.07   10.74    5.96   12.76   10.62   15.13   11.80   13.54    8.11    2.14    9.53   13.55   21.04   19.86   24.99   20.46   11.88   12.08   12.65
PSATPRG    -21.59  -45.67   33.45   23.58   30.42   35.05   16.88    8.61   12.29   10.73    5.07    2.38   25.74   21.43   20.63   14.41    2.67   17.23    8.64    3.54    1.68    0.07    0.22    0.38    0.18    0.94    1.41    0.24    2.77    7.04    6.23    7.34   12.17    0.22    7.40   14.91    3.46    1.12    3.00   17.95   17.52   15.69   19.73   15.06    3.22    9.19   14.60
PSATPAS    -21.02  -48.18   16.14    7.21    6.78   19.13   22.33   12.72    9.95    8.26    3.81    6.78   27.50   13.65    7.09    4.77    5.99    7.55    6.88    9.56    6.84    0.18    0.05    0.08    0.02    0.28    6.86    0.28    1.11    4.78    6.22    8.72   15.38    5.56   10.52   17.75    6.27    0.87    7.35   15.25   25.98   15.34   23.66   26.28    6.57   12.87    8.64
PSATPTB    -21.61  -45.49   56.53   42.77   44.27   20.61   17.08    8.20   20.34   14.82    7.48    4.58   27.19   27.15   25.77   15.90    3.16   14.39    8.63    2.05    1.03    0.12    0.32    0.42    0.29    1.17    1.22    0.27    0.75    8.36    7.82    9.97    9.33    0.29    8.22   13.99    3.36    0.84    4.23   12.25   10.28   16.02   19.99    7.24    6.24    5.33   13.94
PSATPTC    -20.00  -48.55   27.32   27.87   41.73   28.87   27.25   15.16   12.03    8.29    6.10   12.92   24.96   21.03   21.16   10.71    3.40   11.25    7.69    0.50    9.33    0.02    0.04    0.01    0.15    0.80    8.20    0.85    7.36   16.94    7.04   12.74   13.09   10.59   10.40   13.65    4.38    2.74    5.87   13.61   19.07   11.88   22.15   20.69   10.17    6.99   11.23
PSATFZA    -26.00  -51.65    0.08    0.41    0.24    0.42    0.20    0.94   12.24    6.71    1.12   11.81    5.98    1.51    1.37    1.66   10.03    7.76   16.04   13.36   16.61    7.50    0.64    0.13    0.39    0.40    0.08    0.50    0.84    0.29    0.31    2.22    9.73   15.61    7.73   13.03   17.68    8.29    8.79   22.16    4.75   11.55   23.09    3.00    2.90    8.94   30.81
PSATJSG    -25.78  -52.00    0.01    0.09    0.03    0.14    0.02    3.52   10.83    5.97    0.68    8.83    1.55    0.73    4.84    2.40    5.96    8.09    8.07   15.78   13.80    3.58    0.54    0.25    0.38    1.62    0.02    0.18    0.48    0.06    0.05    2.29    9.80   12.85   18.83   11.99   12.96    5.86   14.09   13.99    8.89   10.38   15.53    3.18    3.98   15.50   38.41
PSATSCX    -25.53  -53.48    0.00    0.00    0.00    0.26    0.11    7.95    9.93    1.94    0.35   10.60    0.77    0.30    1.00    0.92    6.16   10.29   10.31   29.48   14.25    3.90    0.75    0.42    0.37    1.03    0.01    0.16    0.39    0.01    0.00    1.27    6.98   10.25   20.75    8.89    9.47    5.53   25.54   20.98    8.15   11.84   15.16    2.26    6.34   28.52   42.41
PSATSCL    -25.49  -51.74    0.00    0.01    0.01    0.17    0.00    2.09   13.42    2.50    1.04    7.58    3.81    0.71    0.92    2.23    6.04    7.22   13.40   11.03   19.97    7.00    0.40    0.42    0.38    0.34    0.00    0.46    0.75    0.02    0.04    5.62   16.17    9.62   11.75   10.60   15.91    6.45   11.92   19.65    9.94   16.13   24.49    4.26    3.74   11.58   25.86
PSATUVT    -26.23  -51.08    0.18    1.13    1.20    0.93    0.45    1.25   11.06   14.48    2.36    9.92   11.06    3.26    1.71    1.45    6.62    6.31    7.05   11.27   10.88    6.51    3.39    0.04    0.21    0.10    0.20    0.74    0.55    1.53    1.37    3.09    8.13    8.13   17.41   14.22   16.54    7.79    5.80   24.82    7.42    9.64   24.61   10.56    2.91   15.60   12.67
PSATBSM    -24.19  -53.74    0.01    0.00    0.00    0.57    0.22    8.47    8.90    1.84    0.50   11.84    0.77    0.30    0.58    1.01    2.73    6.97    7.77   25.37   22.02    2.24    0.71    0.13    0.14    0.31    0.00    0.90    0.28    0.00    0.02    0.85    6.48    7.65   14.54    7.25    9.88    3.08   18.91   15.89   13.01   16.35   21.78    1.43    4.68   27.67   47.49
PSATFLE    -22.97  -54.56    0.00    0.00    0.02    0.93    7.98    1.49    5.55    0.56    0.16    5.51    0.14    0.17    0.16    0.41    1.64    8.57   12.18   20.20   17.87    4.69    0.26    0.25    6.21    0.00    0.53    5.22    1.15    1.46    0.42    0.56    3.03   11.52    5.02    2.25    2.48    1.48   12.33    4.00    9.75    7.13    0.06    0.30    2.58   22.56   26.99
PSATITP    -25.42  -54.58    0.01    0.01    0.01    0.32    2.21   10.07    5.64    1.24    0.37    4.96    0.63    0.54    0.23    0.38    3.89    9.49   12.84   23.21   16.57    3.79    0.39    0.17    0.94    0.03    0.18    1.63    0.86    0.18    0.22    0.57    3.84   10.25    6.54    8.03    6.49    2.76   19.24   15.36    8.43   19.66    3.99    0.48    8.07   25.52   37.74
PSATIVM    -22.38  -53.53    0.00    0.03    0.04    0.36    6.56    0.71    1.36    4.98    2.62    7.21    0.68    0.50    0.32    1.98    3.70    5.21    8.74    9.97   25.65    6.55    0.42    1.48    2.48    0.00    0.22    3.11    2.45    2.48    0.60    1.86    1.30    8.47    6.46    2.80    2.52    0.82    7.56    7.43    8.02   10.59    0.50    0.84    2.50   12.28   21.72
PSATPTQ    -23.18  -53.17    0.03    0.01    0.02    0.34    0.61    6.27    8.40    1.76    0.87    7.79    2.76    0.96    1.13    1.23    2.97    4.50    9.85   15.02   18.40    1.66    0.71    0.04    0.04    0.05    0.00    0.71    0.31    0.01    0.09    2.46    5.66    9.61   14.02   14.03   12.59    5.34   14.22   20.31   12.79   23.35   17.62    4.81    5.27   13.00   36.49
PSATCBI    -17.99  -48.54   24.93   13.12   15.12   20.06    7.13   12.50   10.07   10.15    2.84   11.20   15.80   10.62    9.45   14.84   11.70   28.97   18.75    1.12    9.54    0.22    0.96    0.04    0.17    1.41    4.67    4.21    6.72   14.32   13.06   16.20   14.34    7.54    0.76    5.95    0.77    3.01    3.74   14.85    1.64    4.62    6.78   15.71   12.77    2.11    2.38
PSATCBIV   -16.15  -48.67   27.95    6.46   11.36   12.87    8.67   14.44   13.93   13.14    4.19   13.57    5.71    8.42    5.64   13.36   12.19   23.27   17.81    1.88   17.27    0.32    0.89    0.02    0.27    0.87    6.67    9.25    8.50    5.39   11.72   14.43   19.34   13.90    1.13    8.04    0.90    1.79    1.77   10.39    1.30    3.46    6.13    9.74   11.02    2.58    3.23
PSATEMB    -18.45  -47.98   28.13   17.35   16.19   21.31   16.24   10.17   13.34   12.09    5.43   15.73   22.00   20.95   28.05   16.50   12.70   16.10    9.20    2.25    2.03    0.14    0.59    0.05    0.37    1.55    6.49    0.75    5.93    9.29    6.80   12.36    8.38    7.01    6.36    8.86    1.40    3.64    4.52   11.67   10.79   12.82   23.74   10.99   10.08    0.97    6.12
PSATIMBR   -18.42  -49.10   25.15   19.42   22.64   18.56    8.00   11.29    8.03    9.45    4.18   12.85   16.57   18.74   17.23   18.53   11.58   13.31   10.06    0.68    8.87    0.05    1.18    0.09    0.06    1.36    4.01    1.77    9.02   14.63    9.88   14.86    9.84    8.81    4.64   13.13    1.03    5.20    9.41   17.12    7.00    7.37   13.01   23.30   11.65    1.45    5.14
PSATNPTE   -19.13  -47.70   18.96   25.96   27.74   28.04   19.73   12.02    9.36    9.36    6.12   13.93   17.92   18.26   20.08   13.63    3.73   11.89    9.93    0.49    3.58    0.03    0.28    0.05    0.81    0.90    5.99    0.94    5.82   11.68    5.59    9.13    9.85    8.32   13.51   13.87    1.27    3.47    8.61   13.16    9.64    7.04   26.20    9.50   10.61    2.52   13.24
PSATARV    -18.07  -50.16   15.04   27.75   15.03    8.41    5.73    6.47   15.61    9.60    5.67   14.07    3.33   11.47    8.89   14.22   11.37    9.51   13.74   18.41    8.61    1.08    7.07    0.66    0.01    2.12   11.38    3.25    7.40    8.78   11.60    7.90   12.75   15.70    1.82    5.63    1.39    7.17    5.93   12.31    4.86    4.25    5.53   13.50    6.68    1.32    4.82
PSATSFC    -18.05  -47.68   30.16   12.17    8.73   18.08    8.40   13.56   11.38   14.00    6.13   14.78   15.56   15.38   13.02   16.22   17.58   25.64   17.69    4.34    1.02    0.48    0.47    0.01    0.26    1.92    7.16    3.85    7.26   10.17   14.45   10.39   14.62    5.29    1.46    5.61    0.78    1.44    1.56    7.77    6.50   15.76    9.58    7.40   12.70    1.11    2.81
PSATSSM    -19.02  -50.50   16.03   29.63   21.19   14.83   15.38   13.01   10.73    9.93    6.06   15.43    8.01   15.09   12.35   16.31    6.23   10.53    6.61   11.95   12.20    0.27    4.40    0.08    0.02    0.93    6.41    4.15    9.77   15.96   14.61   13.02   14.08   19.66    3.06   14.38    2.37   10.13    9.43   13.27    7.28   10.37   15.04   15.57    8.92    4.15    8.63
PSATCNI    -22.94  -50.52    9.01    0.72    0.13    0.72    7.30    3.27    7.93    2.60    2.83    9.28   13.16    4.16    2.40    1.76    2.10    3.61    9.05   16.90   11.83    0.81    0.03    0.15    0.03    0.04    1.29    0.52    0.18    1.31    2.74    2.75   13.73    7.60   10.94   22.59   21.45    2.18    8.03   21.28   31.72   29.06   31.04    2.30    3.63   16.25   14.52
PSATCPV    -22.65  -51.33    0.65    0.16    0.03    0.50    3.50    2.04    7.51    2.04    2.40    5.99    7.84    3.04    2.77    1.93    2.77    5.51    6.83   15.62   10.85    1.14    0.43    0.11    0.03    0.11    0.42    1.27    0.16    0.16    1.08    4.40    8.61   10.00   16.25   20.57   14.09    5.88    8.23   21.76   26.56   27.26   31.68    3.63    5.71    9.12   20.53
PSATCHT    -23.01  -49.73    0.43    0.49    0.24    0.17    1.02    2.81    6.03    4.16    2.82    9.29   15.72    5.45    4.64    2.26    2.20    4.99    7.56   11.80    4.93    1.07    0.91    0.06    0.05    0.04    0.08    1.71    0.17    0.29    1.06    3.09   13.03   14.33   14.73   23.06   12.86    3.92    5.11   15.25   21.91   16.44   51.31    7.06    2.49    9.50    5.18
PSATJUR    -23.22  -49.23    2.64    1.51    0.85    0.62    1.61    5.35   11.45    5.62    2.88   12.71   18.43    7.37    4.62    2.01    0.50    4.22    3.91   10.15    4.50    1.71    1.02    0.08    0.19    0.12    0.41    1.33    0.28    1.34    1.84    3.47   13.68   13.24   13.37   11.76    9.53    5.84    5.38   18.65   26.53   14.33   29.19    7.08    3.30   11.96    6.99
PSATMAU    -24.06  -50.71    0.00    0.04    0.09    0.30    1.33    2.58   10.89    7.20    2.19   11.70    8.52    2.35    1.54    2.70    5.80    6.80    4.71    7.76    9.95    2.10    1.71    0.00    0.15    0.07    0.03    2.33    0.41    0.18    0.47    7.71   15.33   17.11   13.98   16.65   22.16    5.31    3.39   12.60   17.34   22.00   23.94   17.53    2.67    8.88   17.68
PSATROS    -22.50  -52.87    0.12    0.02    0.10    0.37    1.79   10.50    4.88    1.62    1.22    6.15    2.38    0.71    1.05    1.03    1.34    4.02    6.41   11.21   22.13    1.13    0.48    0.04    0.00    0.13    0.12    0.40    0.29    0.17    0.65    2.02    3.14    3.78   12.03   20.80    3.57    2.64   14.47   29.64   27.36   34.00    8.68    1.37    8.48    9.52   33.01
PSATQMD    -16.21  -47.33   16.78   10.32    4.04    3.49    1.78   12.12   12.27    5.40   13.68    8.50    3.97    7.81    7.71   12.94    7.03   22.35   13.02    7.89    0.80    1.59    0.24    0.01    0.37    1.96    7.42    5.87   13.73    8.67   12.18   14.56   14.83    2.06    1.43    4.54    0.92    0.35    0.47    5.02    2.66   13.95    8.51    8.45    2.52    0.76    1.02
PSATRBX    -18.95  -44.76   27.34   14.44   20.47   18.84   21.22    9.99   21.09   13.39   11.78    6.81   11.06   22.36   13.84   15.83   10.24   12.29   10.77    3.13    0.08    0.08    0.01    0.81    0.50    4.01    1.51    0.60    1.95    6.60    5.85    5.85    1.73    1.29    7.92   18.57    5.26    1.09    2.71    2.11    5.00    9.29    5.89   10.68    4.36    2.91   10.65
PSATSFR    -15.93  -44.86   23.75   19.21    6.53   12.53    5.71    7.53   15.38    8.02   13.32    9.53    4.93    7.25    9.63   16.53   17.14   23.03    9.32    2.28    0.19    0.63    0.06    0.12    0.40    1.98    5.71    5.67    7.16    6.37   11.28   13.06    7.94    1.73    0.89    2.86    0.59    0.07    0.73    5.55    5.16   14.02   11.66    8.49    2.01    1.11    2.04
PSATSRM    -16.37  -45.07   32.15   17.44   10.15   16.98   13.22   12.02   18.88   15.48   10.50   10.96   10.33    9.19   12.08   18.12   10.61   20.25    8.16    2.61    0.20    0.49    0.13    0.23    0.55    4.02    4.21    2.02    2.82    8.24   10.72   11.06    5.06    4.72    4.35    7.64    1.72    0.35    0.57    4.01    8.03   12.45   12.27    8.10    3.33    1.64    4.25
PSATTMR    -18.16  -45.27   26.46   23.21   24.13   17.10   15.80   17.64   20.76   14.81   10.73   12.41   18.51   17.56   24.73   18.71    7.18   10.95    7.99    3.25    0.50    0.09    0.12    0.36    0.73    3.15    4.20    1.56    6.79   12.31    3.46   14.02    7.14    7.56    7.19   17.48    4.22    1.54    5.50   10.82   10.49    9.92   12.80    7.87    5.86    1.99   12.29
PSATBOQ    -11.35  -43.83    6.78    5.09    1.02    3.87    0.56    6.74    2.29    4.32    8.38    6.85    6.15    1.49    2.01    1.98    9.78    9.40    4.83    2.00    0.10    1.66    1.36    0.51    6.34    9.32    5.89    6.00   14.17    9.91    9.43   10.63    5.32    7.00   10.96    7.07    1.16    0.97    0.71    3.48    6.28    7.92    5.93    6.60    1.51    1.98    0.79
PSATBBO    -22.52  -48.55    7.68    4.02    4.86    3.66    9.69   12.01    8.90    7.26    2.36    3.10   21.56   12.76    7.56    3.92    0.90    9.44    5.01    7.61    6.39    0.53    0.13    0.14    0.02    0.17    1.20    0.37    0.88    2.50    3.60    9.35   15.59    5.15   12.08    8.26    6.30    3.30    6.08   16.82   26.41   13.90   17.96   18.25    5.75   12.76   12.92
PSATESZ    -23.46  -46.91   11.13    7.99    4.83    1.91    8.89   14.17    6.34    7.15    2.84    2.78   20.88   24.86    7.94    3.44    0.62    6.90    3.52    2.25    7.84    0.82    0.62    0.28    0.54    0.60    2.60    1.04    1.56    2.39    5.83    6.79   12.95    5.18    7.73    4.14    4.06    2.69    8.76   13.64   18.80    8.19    8.17   11.89    4.00    6.94   17.81
PSATIBT    -21.76  -48.99    9.41    2.53    0.64   10.47   16.80    7.86   12.79    5.87    3.46    9.49   11.31    7.10    5.29    2.43    2.40    4.18    6.95   14.66    9.47    0.62    0.01    0.12    0.03    0.04    5.25    0.19    0.11    4.30    5.94    3.72   11.45    5.61   10.08   11.17   11.58    0.68    8.73   18.44   30.45   18.38   26.93   19.69    8.64   10.04   11.76
PSATNAV    -21.12  -50.20   19.12    0.32    4.82   15.13   33.65    6.10    8.33    6.32    2.82   11.08   12.40    4.83    2.29    4.02    3.17    5.52    4.74   19.94   13.55    0.57    0.00    0.05    0.01    0.06    6.29    0.73    1.31   11.47    6.98   12.76    8.40   24.64   15.75   11.16   12.47    2.02    8.56   16.73   27.06   28.63   30.99   10.90   12.72   17.27   11.19
PSATSME    -13.40  -48.30   27.13   12.34   15.35   13.32    6.44    7.48    9.15    7.72    5.09    9.38    5.92    8.53    7.95    5.87    9.40   13.90   18.07    6.94   11.42    1.72    8.44    0.21    0.50    1.62    5.15    7.20    9.34   11.87   10.70   11.20    9.07   13.93    5.53    8.96    1.84    2.43    4.27   10.06    1.86   10.62    9.12   12.11    9.96    0.90    3.41
PSATBGR    -27.78  -51.20    0.00    0.37    0.67    0.54    0.87    2.71    8.28   11.37    0.63   14.36    9.25    1.79    0.92    0.51    1.25    8.20   12.68   23.63   10.92    8.21    2.82    1.03    0.23    0.18    0.06    0.21    0.09    0.54    0.07    1.95   12.56   12.78    8.50   13.23   12.61   10.21   18.11   11.59    3.10    5.32    2.15    4.56    7.10   15.68    9.95
PSATCNV    -27.60  -51.33    0.01    0.15    0.24    0.80    0.58    0.83    9.63   16.60    1.26   13.84    9.69    1.54    1.36    0.87    7.66    8.87   12.69   22.56   15.49    7.18    2.55    0.15    0.14    0.61    0.16    0.37    0.49    0.97    0.49    1.22    6.49    6.95   10.89   12.09   14.42    9.35   18.40   19.91    5.17    4.20    6.07    2.69    7.04   11.60    8.77
PSATFCH    -27.14  -53.04    0.00    0.00    0.00    0.00    0.02   10.47    6.90    0.58    0.03    3.71    0.26    0.15    0.40    0.38    8.00    9.44    8.79   37.98    2.85    6.88    1.14    1.18    0.02    1.63    0.00    0.02    0.57    0.00    0.00    0.04    2.94    4.17   12.43   14.40    7.96    9.32   39.27   20.39    2.77    3.94    1.05    1.92   16.85   23.56   64.55
PSATITA    -27.27  -52.38    0.00    0.04    0.01    0.04    0.05    0.51   17.21    6.43    0.31    9.89    3.70    0.73    0.77    1.01    6.01    8.64   10.84   26.09    6.61    9.59    0.94    0.47    0.04    2.33    0.02    0.12    0.97    0.06    0.07    0.29    7.02    7.49   24.56   12.75   19.16    8.39   23.07   15.58    1.87    5.05    4.63    1.36   13.13   10.64   29.79
PSATMCD    -27.52  -51.78    0.00    0.00    0.00    0.00    0.24    0.19   16.74    1.14    0.03    6.40    1.12    0.37    0.47    1.26    1.13   11.23   11.47   27.42    3.02    4.23    1.86    0.47    0.00    6.39    0.00    0.00    0.46    0.01    0.00    0.05    3.65    8.92   23.44   12.25   13.74   10.92   36.36    9.96    1.33    3.12    0.73    1.62   11.78    7.86   29.37
PSATMOJ    -27.35  -52.73    0.00    0.00    0.00    0.00    0.02    4.99   20.55    0.47    0.02    1.04    0.23    0.21    0.21    1.23    7.03    9.19    7.73   32.68    2.10    4.68    0.88    0.42    0.02    1.15    0.04    0.00    0.55    0.00    0.00    0.00    1.46    6.77   11.20   14.90   10.06    6.96   39.39    7.16    0.52    2.04    0.67    0.55   25.02   13.73   50.57
PSATQQX    -26.66  -52.54    0.00    0.01    0.00    0.00    0.02    1.05   17.86    6.63    0.48    8.14    4.67    1.06    2.00    0.91    6.48    7.17    8.00   20.80   15.71    6.77    0.60    0.45    0.14    2.38    0.01    0.12    1.00    0.02    0.01    0.30    9.88   11.98   25.65   15.95   19.39    4.30   13.38   20.87    4.33   12.68    7.81    2.44    6.55   20.86   19.84
PSATPSJ    -28.14  -55.05    0.00    0.00    0.00    0.00    0.03   10.83    4.84    0.00    1.07    1.01    0.10    0.10    0.00    0.58    6.94   15.12   33.80   18.52    2.35    1.74   13.99    0.50    0.64    0.35    1.10    0.00    0.39    0.07    0.01    0.00    0.05    0.25    5.37    3.21   10.46   32.97   27.87    0.06    0.11    1.87    0.08    0.27   20.19    5.67    6.82
PSATESP    -18.68  -51.87   12.12   21.08    9.30    9.72    5.36    2.40    1.27   15.42    2.37   11.24    2.96    9.80   13.67    2.87    8.17    5.07    8.18   13.89   19.65    1.57    4.00    0.85    0.03    0.32    6.64    5.80    2.88    7.75    9.02   16.71    1.95   17.00    0.58    2.64    1.45    2.59    5.04   10.07    6.74    5.31   22.09    4.55    9.46   16.39    1.71
PSATSRC    -19.16  -50.76   15.59   21.80   11.56   12.76    8.30    2.27    2.41   16.22   10.42   15.35   11.64   10.10    8.93   10.09    9.52    9.10   14.68   14.49   16.72    1.41    6.09    1.17    0.00    0.23    4.04    6.88    9.78   10.57   10.39   20.20   12.29   13.47    0.73    6.62    1.89    7.36    6.38    8.91    6.40    8.77   12.87    5.31    6.41   11.24    3.32
PSATFRCL   -19.12  -50.64   15.23   31.86   15.23    9.28    9.94    2.66    6.78   15.63    8.12   15.44    8.69   10.63    6.66   14.94   10.94    9.09   16.57   18.65   14.20    1.03    6.72    2.57    0.01    0.52   14.03    5.07   10.18    9.74   12.54   14.60   12.72    9.49    0.49    5.28    1.57   10.48    6.73   11.58    8.69    6.06   10.15    3.42   10.33    4.39    4.69
PSATISOT   -20.40  -51.35   10.56    2.85   19.97   27.75   24.65    4.97    4.02   11.42    8.52   12.97    8.65   10.89    5.41    7.41    6.42   11.07   11.72   26.17   19.09    0.49    1.71    0.35    0.00    0.06    3.40    7.30    6.75    9.98   10.50   13.93    9.76   10.20    5.37   16.36    4.00    6.87    7.95   16.68   20.31   27.32   18.21    5.17   10.60   17.34   14.11
PSATJUP    -20.86  -51.63    4.90    3.09   19.86   32.70   12.93    2.64    1.05    6.08    6.69   12.11    9.31    9.84    4.20    6.75    7.83    9.75    9.23   15.34   20.70    1.47    3.39    3.39    0.02    0.04    2.48    7.76    4.79    9.27    7.16   11.50   10.70   11.84    3.62   13.66    4.13    9.08    6.40   13.98   17.57   15.90   14.16    2.32   14.55   17.18   14.00
PSATSDG    -20.06  -53.18    2.39    0.58   12.67   21.20   14.29    1.41    0.63    9.71   11.46    8.52    9.08    8.80    3.79    5.25    8.36    6.75    7.60    8.16   28.66    3.02    4.69    8.26    0.16    0.00    1.39   12.69    0.99    7.81    5.68    5.69    1.99   13.01    5.12    7.12    1.82    4.76    6.76   15.37   11.08   15.09   10.03    2.42    7.62    7.34    9.13
PSATFZBT   -21.66  -52.87    0.22    0.14    0.40    4.09    7.74    0.30    1.64    8.99    6.16    9.29    3.07    2.36    0.83    4.94    8.42    3.83    5.58   11.62   26.95    7.84    1.54    2.72    0.47    0.00    1.55    5.81    2.47    4.75    1.96    3.90    1.26    9.32    4.50    6.47    3.34    2.41    4.83   18.35   15.94   21.80    3.49    1.14    5.76    8.88   17.38
PSATPPRA   -22.46  -52.91    3.81    0.41    0.47    8.41   13.63    5.82    3.04    4.61    3.16    9.52    4.63    2.09    1.39    2.53    4.00    9.70    7.41   15.74   16.82    2.17    0.16    0.88    0.00    0.03    1.93    1.56    1.71    6.12    4.81    6.94    4.42   10.42    6.10   15.40    6.60    3.74   10.55   22.04   29.51   35.23   11.29    1.19   11.16   15.09   25.38
PSATBTE    -13.69  -50.80   15.65   25.28   15.31   11.38    6.08    3.20   10.44    9.43    2.63    9.86    6.55   11.51    9.09   12.81    9.10   17.61   13.67   13.01   17.93    1.41    6.45    2.89    2.30    5.00    8.15    3.61    7.61    6.01   14.03   19.84    3.74   12.93    4.24    5.63    1.60    5.27    7.85   10.18    5.23    9.38   13.08   13.13    5.33    2.78    1.90
PSATARAG    -8.27  -49.26   17.56   18.31   11.88    4.58    3.76    1.66    9.04    4.30    6.07   11.64    7.13    6.00    4.84    9.31    6.75   19.23    9.72    9.66   13.16    3.54   11.30    8.90   14.07   10.98    9.00    4.73   12.72    7.76   16.07    5.85   11.48   13.38   10.09    6.97    7.41    8.30    9.44    6.25    6.26   11.99   13.64    9.28    7.27    6.27    2.57
PSATLAJ     -9.76  -48.37   14.67   19.27    6.35    6.66    4.55    5.02    9.72    4.89   10.84   13.59    6.41    8.64    4.20    7.11    6.16   19.76    6.68    6.29    3.96    2.76   12.83    5.51    6.12   13.39    6.71    7.12   13.44   15.08   15.29    8.32    9.93    7.35    8.49    8.50    6.51    6.76    1.50    5.55    5.02   14.10   13.52   14.63    2.12    2.89    3.42
PSATPTRL    -9.31  -47.39    8.28   20.41    7.71    6.35    0.76    3.66    5.92    7.16   16.90    6.97    7.06    7.45    2.10    3.15    6.32   19.82    5.68    3.50    8.62    3.05   19.74    7.61   16.27   16.65    8.20    5.07   12.44   10.62   13.47    6.07    8.17    7.24   12.59   11.04    5.53   18.64    2.72    3.55   11.07   13.90   13.76   12.23    1.06    2.23    1.62
PSATLJET    -7.33  -47.48   17.68   13.52    5.42    3.28    0.77    2.52    9.34   11.31   15.05    5.78    9.40    4.81    2.86    6.05   10.82   24.52    8.35    5.83   20.96    4.41    8.86    8.05   23.00    8.11    8.13    3.78   16.86   12.30   13.91    7.93   15.41    9.77   27.60   10.39    8.52   19.02    9.23    5.93   11.38   13.36   16.18    5.16    2.04    2.87    1.82
PSATUCR     -3.83  -49.65   13.71   15.25   10.95    0.72    2.76    2.69    7.72   10.85   14.34    7.10   12.60    4.15    5.97    6.24   15.31   17.82   12.59   10.09   17.48    6.05    8.31    9.72   20.55    7.01    5.05    5.96   15.04   12.78   21.77    6.46   20.68   18.55   21.85   14.44    5.98   12.09   13.79    7.39    7.60    9.10   14.62    6.84    1.80    3.99    3.62
PSATXIVJ   -29.07  -51.67    0.00    0.00    0.00    0.00    1.01    1.15   12.92    3.27    0.00    3.93    0.85    0.47    0.37    0.27    2.15   10.43   18.32   27.76    6.17    4.01    2.34    3.91    0.00    2.33    0.08    0.00    0.11    0.09    0.00    0.08    4.90    6.62   13.60   13.60   10.82    7.12   26.16    3.39    0.77    2.49    0.90    1.01    8.53    8.88   22.40
PSATDFRC   -29.45  -53.28    0.00    0.00    0.00    0.00    0.42    7.85    6.55    0.00    0.26    0.80    0.21    0.24    0.34    1.70    3.49   19.48   24.12   30.18    3.52    1.65   15.25    0.61    1.51    1.55    2.69    0.00    0.20    0.23    0.00    0.01    0.02    1.00   11.83   13.46   13.11   17.85   33.34    0.42    0.26    1.55    0.09    0.06   17.87    6.88    5.93
PSATREAL   -29.02  -53.19    0.00    0.00    0.00    0.00    0.10    4.98   12.69    0.03    0.52    0.07    0.22    0.23    0.06    0.18    3.23   15.04   25.24   29.06    3.86    1.64    5.65    2.54    0.36    1.64    1.76    0.00    0.31    0.07    0.00    0.00    0.05    1.06   11.00   13.50   11.97   10.20   39.85    0.73    0.10    2.08    0.20    0.06   15.41    6.05   22.34
PSATCTAV   -29.01  -51.39    0.00    0.32    0.47    0.38    1.78    2.33    7.70    7.24    0.52   14.40   10.01    1.80    0.58    0.60    1.83   17.58   17.48   25.04    8.93    6.56    4.00    2.72    2.42    0.31    0.74    1.03    0.20    0.76    0.00    6.11    8.26   14.02   13.22   20.23   12.40   13.46   19.19    4.18    1.36    2.28    3.84    1.40    5.07   18.98   17.04
PSATERNT   -28.56  -52.54    0.00    0.00    0.00    0.00    0.04    1.75   18.11    0.54    0.09    1.14    0.37    0.26    0.24    0.43    1.25   14.11   12.47   26.86    2.56    3.42    1.27    1.67    0.01    2.82    0.14    0.00    0.66    0.00    0.00    0.02    2.14    5.56   18.75   14.14   14.24    8.07   41.18    5.37    0.37    2.34    0.85    0.61   15.50    6.56   34.97
PSATSTPL   -27.14  -49.52    0.02    0.34    0.49    2.62    1.34    0.33    7.16   18.10    2.14    7.07   12.89    2.74    1.27    0.92    3.33    9.36    5.07   19.79   15.39    9.45    6.73    0.29    0.43    0.56    0.51    0.76    0.84    3.58    1.95    3.21    4.87   10.61    9.76   11.08   17.77    7.54   21.14   17.24    5.21    4.76    7.75    6.86    6.02   10.13    3.82
PSATCVCH   -25.14  -48.87    0.39    1.37    1.82    0.86    0.54    2.13    7.74   12.34    2.88    9.48   16.18    2.75    2.14    1.22    1.14    1.56    4.53   13.29    9.66    4.71    4.26    0.02    0.18    0.29    0.52    1.36    0.70    4.50    3.14    3.60    9.12    9.45    8.36    4.70   18.16    5.02    3.71   32.32   16.88   25.60   39.52   10.38    4.21   11.41    7.60
PSATAMY    -12.60  -69.12    3.95    0.64    1.55   14.82   12.91    4.81    5.81    5.41    8.19    3.43    1.50    9.84    4.12    8.12    9.95    7.22    8.54   18.44   18.53   15.39   21.11   27.55   18.89   17.68   13.31    9.88   10.39   13.03    5.51   18.27   13.45   10.34   15.05   15.70   13.10   10.36    8.76   10.77    8.46    6.16   12.24   18.48   22.31   12.10   25.72
PSATGJR    -10.73  -65.35    1.20    0.40    0.32    3.36    1.43    1.90    2.77    6.06    4.76    3.06    5.40    5.11    2.40    3.96    3.50   14.95   10.09   11.12   13.40   11.60   12.09   11.98   11.06    9.46    7.99    6.08    4.21    7.01    7.38   11.65   10.60   10.12   11.82   12.79    8.14   13.51   13.30    4.13    3.04    6.05    4.50    7.70   10.11   25.81    8.77
PSATPRNC   -12.43  -64.43    2.25    0.17    0.02    0.06    0.82    1.17    1.09    8.74    4.60    2.64   10.82    6.39    7.27    2.99    6.06    4.17    2.88    9.65   13.58   10.28   13.59    6.15    8.01   13.89    8.66    4.76    3.22    9.74    8.16    8.19   12.02   10.22   13.15   15.29    8.18    6.45    7.56    8.55    6.73    3.74    2.30    6.55    5.17   13.72    9.29
PSATSANT    -8.87  -63.97   19.76   18.93   11.17    6.05   15.05    6.76   13.77    5.85    0.92   14.46    6.48    8.23    5.95    9.24    9.57   18.57    2.07    7.52    5.07   14.98   21.25    3.72    8.94   25.88   12.86    9.32    7.46   10.51    8.96    6.25   15.21   14.03    7.89    3.97    6.07   13.58   15.72    8.39   18.45    3.05    7.50    4.78   18.19   10.38   14.92
PSATDARD   -10.16  -59.46    6.95   16.35    9.74    9.59   11.43    8.29    5.31    7.55    1.58    6.46    6.30   13.54    9.40    8.01    6.50   17.53    5.86   14.51   12.89    9.59   12.65   15.79    6.61   11.95    5.57    2.65    8.19    5.90   11.78    4.73    9.03   15.39   13.25    6.56   12.59    5.85    9.40   21.02    9.13    3.11   12.03    1.44   11.36   16.75    6.62
PSATGUAP   -15.12  -58.96    3.47    0.63    0.00    0.00    0.22    1.52    0.81   12.19    3.96    2.00    6.03    5.97   11.20    0.96    8.05    7.04    1.30   13.61   16.10   19.27    9.00    2.15    3.81   22.22    8.44    2.33    6.01    8.29   17.27    1.62   16.37    5.54   21.19   23.90    4.03   19.06   17.21   15.93   15.52    1.83    1.37    2.93    9.00   11.35   19.72
PSATJIRA    -9.25  -64.65    5.98    2.44    0.92    8.44    7.60    2.79    3.97    4.39    3.12    5.00    1.76   12.94    5.56    6.01    7.55    6.88    8.77   14.34   10.40    8.46   12.54   13.09   12.07   15.14   12.54   10.88    8.21    8.99    7.12   10.54   13.25   12.42   12.05    9.56    8.27   10.17   12.17   14.28    5.56    4.15    6.70   10.61   10.34   15.45   19.24
PSATROND   -11.99  -60.70    7.92    2.10    0.72    0.43    2.18    2.37    0.96   11.49    2.82    6.98    8.84    5.78    7.03    4.21    6.31    9.30    3.80   15.43   22.31    3.33    4.03    4.12    9.77   16.94   12.66    2.18    6.04    8.03    6.65    8.65    5.72   21.00   11.32    9.03    7.89    7.90    1.82   18.11   17.65    1.36    7.23    2.32    7.75   10.96    6.90
PSATSAMU    -8.75  -63.45   18.42   14.54   11.69    6.85   16.09    8.57   13.54    4.19    1.31    6.19    8.80    6.68    3.85    7.07    7.45   17.97    7.85    9.41    2.03   18.31   25.50    2.67   23.05   16.56   15.38    5.67    8.42    9.45   18.84    2.33   12.35   17.07    8.20    4.28    6.85   15.73   17.62   18.50   22.18    4.94    9.17    4.29   10.95   10.48   23.40
PSATBALB    -1.92  -59.47    5.14    6.59    4.71   22.34    6.81    4.46    0.75   15.45   14.12   11.37    8.18    2.23    9.46    7.54   18.59   23.98   21.72    4.53   21.44   13.84    8.38    6.59   13.50   20.55    4.24    2.84    3.34    9.80   11.57    1.88   11.77   21.22    9.04    0.18    0.42    8.11   12.43    2.83    6.51   17.76   16.80   15.32   28.16   21.03    7.68
PSATCUNA    -2.82  -54.30    6.39   16.30    5.46    6.66    2.49    1.69    1.63   25.23   22.66    5.97   12.01    6.64   12.82    2.90   10.44    5.39   17.72    8.70   10.91    9.32    4.57   12.66    7.60   13.28    2.19    1.69    6.59    7.69   12.43    1.04    9.51    6.96    9.20    3.45    6.32    1.48    5.23    2.20   10.18    9.15    1.76   15.29    3.75    0.65    4.25
PSATJARI    -0.65  -52.52   10.73    2.77    8.96   10.45    1.62    4.56    2.40    8.43    9.33   13.16   30.95   10.00    2.05    4.90    5.07   15.78   12.88    6.67    8.48   14.38    2.31    6.83    7.72    8.61    1.54    1.32    1.42    0.09    1.87    3.96    2.32    3.73    0.23    1.49    6.63   10.40   16.30    1.30    2.67   11.87    8.41    7.95    7.14    8.80    5.35
PSATFGOM     0.86  -51.20   13.15   11.04    7.61   11.06    6.76   10.45    5.38   18.64    9.77    8.41   14.80   11.02    5.07    8.54    7.58   12.36   12.14    9.97   12.64   22.28    3.00    8.86    7.70    6.23    2.61    0.85    1.70    0.69    5.27    7.62    5.52    2.40    0.27    1.54    8.95   21.46   11.99    0.86    7.60   15.18   17.45    9.77   12.78   14.07   14.42
PSATUBE     -6.75  -43.57   11.06    8.31    3.05    1.06    0.95    3.37    7.36    5.78   15.24    4.87   10.52    3.36    1.83    4.27    9.12    9.73    8.81    1.86   10.57    8.36   12.69    8.02   10.56   10.26    4.48    4.33   14.39   11.99    9.69   12.54    9.24    7.59   19.23    7.19    3.71   14.50    5.07    6.28    9.79   12.41   11.09    4.58    1.92    1.31    0.78
PSATBSOR    -6.74  -52.00   16.32   20.43   16.35    5.22    1.71    1.07    8.17    4.86    4.60    7.07   10.20    8.86    2.73    6.71    8.65   16.78   11.29   17.61   12.36    4.64    7.36    5.83    9.71    5.57   11.88    2.73   13.76    8.62   13.53    8.90    6.29   15.73   11.46    8.35    6.84    5.64   10.07    5.60    5.86   10.09   11.25   10.42   10.17    3.39    1.76
PSATBESP    -6.75  -51.77   14.27   17.56   16.90    1.77    3.97    0.69    6.08    8.22   11.70    7.65    7.74    6.48    2.96    5.00    6.53   15.02   11.99    9.17    9.25    5.36   11.07    7.70   13.98   10.50    9.35    2.47   16.34   13.99   11.06    4.48    9.12   15.49   16.93   14.35    5.26    3.16   10.59    4.77   11.46   19.31   21.77    6.80    7.31   10.16    4.42
PSATPIME    -3.41  -51.91   14.20   25.49   15.21    1.19    1.45    1.35    3.74   11.31   15.38    8.25   14.26    7.86    7.41    6.38    7.93   10.71   13.20    8.04   12.58   12.53    6.45    8.23    7.58   12.13    7.91    2.63   10.03    9.86   13.05    7.25   13.07   18.89   13.16   13.38    8.66    4.61    8.04    7.83    8.62   18.26    7.09    9.67    8.71    4.39    3.26
PSATIRAP   -16.74  -42.57   23.46    4.87    9.24   19.00   13.40   13.18   20.09   13.76   11.13   13.59    5.82    0.20    0.55    5.46    7.97    9.25    1.19    0.78    0.04    0.35    0.08    0.28    1.13    5.88    1.62    1.72    0.71    9.65   10.82    7.81    0.65    1.99    3.69    8.17    0.40    0.46    0.62    0.89    2.21    7.79   16.40    0.80    1.05    1.11    0.68
PSATITBI   -15.97  -39.59   17.78    3.86   11.28    8.77    6.54    6.29   10.04    9.54   10.56    7.09    0.32    0.48    0.79    3.10    6.00    5.42    0.82    1.30    0.79    0.38    0.59    1.19    1.57    5.27    2.40    1.15    1.64    5.97    6.62    8.52    3.21    3.31    3.17    6.88    1.28    2.16    1.52    1.77    2.76    2.96    5.92    0.94    1.75    0.66    0.18
PSATCOLI   -10.98  -55.77   10.79   18.24   15.88   10.12    2.68    2.61   10.65    2.84    1.39    5.43    6.58    7.29    8.83   18.37    7.46   10.58   12.06   25.14   16.00    6.33    3.46    1.54    5.86    6.44    5.67    1.05   13.61    9.18   20.13    7.83    4.87   12.63   10.03    9.25    3.71    8.66    9.12    8.46    6.04    8.39    8.41   10.48    7.50    3.00    2.10
PSATSAEL    -9.19  -57.04   24.58   14.11   11.53    7.13    0.72    0.92    6.71    2.08    3.96    7.43    5.70   16.29    4.12   11.35    8.12   13.19    8.47   26.59    8.85   13.10   10.42    6.89    4.71    9.29    9.33    3.06    8.89    6.35   11.56    5.36    6.30   11.77   11.91    9.93   11.35   13.87   10.84   10.67    5.59   15.13    9.06    8.45    9.56    1.35    3.84
PSATITQ    -17.09  -54.83    8.99   13.34   10.34   20.15    9.45    3.01    2.60    5.83    5.96    4.85    4.12    8.16    5.43    4.68   14.98    9.63   14.10   14.53   25.96    3.36    5.77    2.47    6.89    1.27    2.54    2.78    4.15   18.24    6.19   17.06    3.40   11.41    4.94    8.48    0.78    2.66    7.72   11.46   12.72   17.23    7.05    6.97    8.59    9.89    5.22
PSATJAU    -15.24  -58.73    3.63    0.63    0.00    0.00    0.16    0.88    0.54   10.63    3.00    1.62    7.97    6.69   10.28    0.97    8.64    6.17    1.10   11.05   13.45   19.66    9.79    2.61    4.10   17.65    6.72    3.08    6.32    6.74   18.26    3.00   18.49    5.61   19.13   22.31    6.55   15.93   17.51   14.26   12.72    2.54    2.19    3.62   10.72   10.29   17.87
PSATMAN    -14.87  -55.78    2.99   21.77    6.18    5.61    2.86    1.43   20.27    3.32    2.69   10.14    4.26   10.08   11.11    7.96    5.28    9.83   10.52   15.72   25.43    8.50    3.02    0.70   11.94    1.90    1.84    2.17    8.29   11.62   14.65    9.79    6.94   10.50    9.12    1.97    0.93    2.50    4.02   16.18    5.08   10.01   10.44   10.76    7.79    6.88    1.90
PSATPTP    -17.61  -54.83   10.67    8.09   13.56   13.10    5.29    1.69    2.26    3.61    4.86    4.91    4.87   10.50    5.56    3.73   10.19   10.88   15.16   12.50   19.71    7.65    8.18    4.87    8.73    1.39    3.69    3.88    4.21   15.52    5.91    9.56    6.83   11.68   10.59    8.36    0.75    3.62   10.81    9.76   13.07   13.99   11.36    3.98    8.44    9.56    7.37
PSATSTCL   -17.90  -40.20    9.85    5.17   11.94   13.57   11.77    7.23   12.82   12.03   17.74    3.89    0.01    1.17    0.33    0.31    6.17    1.66    0.63    1.09    1.38    0.45    0.81    1.32    1.04    7.28    3.77    1.65    3.79    7.95    6.36    8.87    4.49   13.67    4.20    4.73    0.77    2.92    2.46    2.71    1.31    1.01    0.84    0.46    1.86    0.07    0.01
PSATPDC    -12.58  -39.00    0.91    0.64    0.44    1.71    2.37    3.28    1.54    0.21    0.19    0.42    0.22    1.46    2.43    2.27    1.37    1.39    1.89    2.14    2.35    0.82    0.86    2.04    3.18    4.21    9.58    5.92    1.79    2.66    9.22    7.25    3.34    6.54    9.51    4.16    1.46    1.65    3.71    2.63    8.94    4.22    1.09    2.35    4.99    2.12    2.25
PSATROSA   -20.92  -41.72   19.70   36.26   36.15   43.23   20.28    5.40    9.62   14.32   17.87   10.11    0.01    0.13    7.40   13.71    6.25    3.87    0.82    0.13    0.00    0.14    0.10    2.01    3.64    4.62    1.96    1.47    3.91    6.06    5.57    5.23    0.77    3.33    8.35    7.80    1.76    0.77    0.81    0.86    0.74    1.99    7.02    1.17    0.63    1.60    0.64
PSATCAN    -20.21  -42.85   28.03   17.47   25.00   39.67   26.38    9.29   12.04   18.72   17.91    7.64    1.50    2.42    6.74   12.48   14.49    7.98   13.13    1.44    0.08    0.15    0.21    0.89    2.00    5.23    2.43    0.91    3.07    9.87    7.48    3.41    1.71    2.68    4.73    7.64    5.36    1.09    0.85    1.55    4.72    5.91    9.28    2.09    1.23    2.07    6.33
PSATSAC    -19.64  -42.85   26.94   20.18   21.65   29.41   25.45   19.80   21.04   25.08   14.24    7.52    1.41    0.79    4.17   14.20   26.00   19.12   15.82    2.25    0.12    0.58    0.21    1.30    2.27    4.39    3.74    1.23    5.88   14.74    6.06    8.19    1.08    4.83    5.52   10.43    4.29    0.51    0.82    0.89    7.45   15.97   14.68    2.94    2.15    3.45    5.06
PSATPES    -19.12  -42.66   22.94   14.18   28.94   31.12   19.59   24.07   23.82   18.92   13.65   10.90    0.86    0.27    1.37   27.90   13.80   17.97   14.26    1.20    0.24    1.07    0.05    3.40    2.28    7.47    3.67    1.54    5.33   14.67    6.60    9.55    1.13    3.30   10.82   11.76    1.52    0.44    0.57    0.47    5.75   13.54   17.11    0.71    2.03    1.23    0.76
PSATMAS    -19.50  -40.92   23.61   23.03   28.46   26.71   21.12   10.96   21.75   21.38   18.87    8.87    0.33    0.42    5.12   17.25   14.17   10.61    1.17    0.92    0.47    0.38    0.18    2.66    2.36    6.84    2.45    1.47    5.50   13.09    6.65    6.95    1.75    3.76    5.04    9.26    0.85    1.35    1.06    0.96    1.57    6.30    8.99    0.74    1.84    0.98    0.33
PSATSBR    -23.37  -45.87   16.67   13.72   13.35    4.28   19.33   19.77   13.28    7.94    4.46    1.99   21.82   25.15   15.18    8.32    2.75    8.72    3.73    5.23    6.28    0.48    0.06    0.11    0.16    1.30    2.01    0.61    2.38    4.51    6.97    8.93   10.24    3.41    1.27    3.52    6.89    4.53    9.01   21.61   10.64    3.75    7.19    7.90    3.57   11.39   17.00
PSATJAG    -23.20  -46.03   10.31    3.12   10.03    3.09    6.71   11.25    4.28   11.03    3.62    0.93   26.00   15.81   11.22    7.37    1.03   13.54    4.91    3.59    7.78    0.27    0.12    0.11    0.03    0.67    2.21    0.29    1.25    2.66    6.96   11.52   14.56    8.00    4.09    5.33   14.89    3.49    8.82   11.25   15.20    8.61    6.99   14.92    7.17    9.00   18.92
PSATFUNI   -22.53  -44.57   22.24   15.66   25.39    8.54   13.77   20.15   17.52   18.58    9.24    3.19   21.78   13.39   13.62   13.94    2.80   16.42    3.29    2.51    3.35    0.08    0.09    0.29    0.05    1.35    2.19    0.45    2.78    4.59   10.23    8.48   13.82    3.14    5.58    4.76    7.95    3.50    7.21   17.52   10.75    7.55    7.12   13.76    3.37    5.07   16.28
PSATSACE   -22.48  -43.84   50.34   21.92   50.33   11.58   26.28   42.74   36.71   19.93   13.87    6.57   11.55   20.41   21.35   24.89    2.70   17.23    4.95    1.34    0.31    0.00    0.01    0.03    0.27    3.71    2.28    1.03    5.94    6.87   16.55   12.52   18.50    1.98    5.26    2.87    4.04    6.29    2.27    8.56    4.36    2.11    3.66    9.35    4.52    6.85   21.12
PSATPIC    -21.91  -43.54   63.69   25.12   44.27   14.95   26.38   18.33   26.28   22.82   17.02   12.28   15.58   20.31   23.99   14.50    2.08   10.51    7.72    0.46    0.11    0.06    0.02    0.14    0.34    4.55    1.74    1.66    3.56    5.83   11.76   13.69   16.01    1.31    4.73    8.68    5.40    2.58    2.41    6.07    6.79    2.18    2.08    9.03    5.55    2.66   20.17
PSATSOGI   -21.94  -43.36   79.92   11.39   40.29   11.30   28.53   22.28   28.86   20.39   17.58   10.74    5.10   26.70   21.13   18.47    8.60    7.22   11.91    0.98    0.01    0.08    0.04    0.31    1.10    5.29    1.30    1.20    4.60    7.53    9.62    8.76    8.64    1.74    5.64    9.52    2.93    1.64    1.00    7.15   12.21    1.14    3.45   16.91    5.74    7.22   21.82
PSATIPSI   -21.84  -42.58   77.78   18.82   37.06   14.78   27.45   19.59   32.12   14.78   14.30    5.98    3.63   13.41   18.74   24.26    6.82    6.43   11.35    1.22    0.02    0.09    0.10    0.15    0.54    3.38    1.96    1.07    5.49    5.42    8.83    6.84    9.60    3.04    4.62    5.57    2.46    2.26    0.89    5.41    7.48    1.82    8.57   11.64    3.34    4.55   15.41
PSATTCLJ   -22.69  -43.83   47.35   27.22   33.42   10.05   34.63   26.72   28.66    8.72    3.57    5.04   18.84   21.77   38.62   16.85    1.76   18.33    3.02    0.47    0.02    0.00    0.00    0.02    0.27    1.54    2.44    0.47    4.30    9.64    4.62    6.20   11.89    2.29    1.79    1.46    5.65    4.32    0.89    6.23    8.67    0.09   11.99   17.09    2.96   10.83   21.42
PSATBIGU   -25.51  -53.67    0.00    0.00    0.00    0.24    0.11   11.41    9.06    1.80    0.31    9.99    0.71    0.28    0.84    0.84    5.60   10.83   10.50   30.86   12.44    4.17    0.76    0.37    0.35    0.85    0.02    0.17    0.38    0.02    0.00    1.06    6.63   10.21   18.79    7.92    8.49    6.28   26.69   21.62    7.88   12.22   13.56    2.13    8.20   32.58   43.05
PSATBRAU   -21.45  -42.41   53.52   12.47   30.91   25.30   23.50   15.13   16.30   21.47   20.03   10.55    0.11    2.78    8.27   20.66   15.16    3.96   16.70    1.44    0.00    0.13    0.26    0.50    1.45    3.71    1.71    0.93    4.26    8.06   10.06    2.99    2.17    2.28    4.38    7.68    3.39    0.93    0.27    1.15    3.72    3.57   11.33    5.25    0.87    2.47   14.01
