PSATAGV    -19.89  -50.35   18.09   14.99   11.62    1.96    0.97    0.75    1.08    1.13    2.40    1.08    4.44    6.00   11.38   22.69   12.05   14.86   38.74   11.15    1.11    0.32    1.82    1.63    2.33    1.59    2.51    6.13   14.88    2.41    6.15    4.32    1.16    9.11   13.18   17.79   25.41   12.95   15.51   10.22    3.37    6.24    3.81    1.66    3.79   10.42    8.05
PSATCMG    -21.28  -44.63   23.08   38.16   14.89    0.23    0.00    0.00    0.07    5.86    2.20    1.48    8.05   10.08    5.91   18.92   33.93   23.31   22.17   11.44    9.32    3.65    6.48    2.97    0.47    0.45    2.92    4.49    3.38    7.64    3.73   13.98    1.89   20.65   12.73    6.56    4.87    3.81    8.34   16.20    6.31    1.19    2.44    0.72   13.72    2.62    5.09
PSATCES    -20.25  -48.16    0.85   11.14    8.98    1.17    0.08    0.19    0.60    3.78    1.92    4.64    9.27   10.13    3.26   19.73   16.03   26.05   37.47   12.81    2.78    0.88    1.48    2.83    1.18    0.81    6.74    6.10   11.88    7.69    1.48    3.47    2.23   18.52   13.36   22.25   18.99   10.37   10.14   16.02    3.41    3.81    3.99    1.02    6.67   10.72    4.13
PSATELC    -21.60  -46.95    2.35   28.45   24.41    2.94    0.54    0.17    2.43    4.09    2.59    4.41    6.57   13.67    5.72   20.66   23.28   16.14   19.73   18.93    3.99    3.31    3.15    0.64    1.06    1.43   14.54    9.61    8.32    8.56   10.36    5.20    1.23    8.74   13.03   13.50   25.41    9.29   12.14   14.29    2.99    1.53    1.58    0.75    3.03    6.46    5.99
PSATFUN    -21.14  -45.04   11.41   35.72    7.16    0.11    0.00    0.00    0.03    4.74    1.75    0.45    8.71    8.37    7.62   18.06   21.24   24.96   26.26   13.01    9.71    2.24    3.22    1.39    0.42    0.25    2.21    5.33    5.97    5.87    4.88    6.20    2.64   15.10   16.44    4.51    4.73    6.39    8.80   18.40    5.19    1.16    2.26    1.32    8.53    3.08    2.62
PSATFUR    -20.67  -46.32    2.73   34.79   17.54    0.54    0.02    0.02    0.45   10.24    1.54    0.76    8.09    4.83    6.03   22.65   20.84   36.71   36.00   13.47    7.32    4.15    3.27    1.15    0.74    0.81    7.94    9.20    6.99   12.89    7.82    7.66    2.96   13.55   15.22   11.06   14.04    6.86   12.39   17.46    3.82    2.00    2.32    0.87    6.68    3.40    3.20
PSATMRB    -20.30  -49.18    4.13   13.92    9.28    1.40    0.55    0.44    0.95    2.10    5.02    3.69    6.37   10.16    4.95   20.40   20.07   22.91   41.69   18.12    2.92    0.66    1.42    1.24    1.19    0.80    7.99    6.91   14.62    7.75    3.42    4.91    3.12   16.01   18.47   20.97   25.28   12.77   12.94   14.80    2.69    6.37    3.16    1.26    4.55   12.29    6.35
PSATPRG    -21.59  -45.67    7.81   33.73   25.13    1.28    0.63    0.05    3.54   12.30    1.51    2.00    7.21    8.99    7.15   31.12   23.21   28.81   29.25   16.61    6.63    3.23    1.57    1.08    0.74    0.73   12.41   10.36    2.66   10.90   13.37    9.86    2.86   17.80   14.14   10.90   14.00    9.39   17.33   14.86    1.47    1.93    0.68    0.75    4.52    3.25    4.28
PSATPAS    -21.02  -48.18   14.10   15.43   12.40    5.29    3.03    0.82    1.19    1.64    3.52    3.40    6.03   14.51    8.96   20.92   20.67   12.23   21.00   18.16    3.83    0.79    0.68    0.78    0.79    1.09   14.40   10.22   11.11   11.07    9.07    7.30    5.44    8.88   14.06   17.38   19.29   13.78   18.76    8.89    1.29    2.18    1.28    1.57    2.14    5.48   11.56
PSATPTB    -21.61  -45.49    5.59   30.07   19.36    0.42    0.00    0.00    0.03   12.30    2.61    1.39    6.46    9.48    9.49   23.63   27.76   39.17   32.25   13.57    5.53    3.06    4.78    3.27    0.58    0.62    9.31   11.00    3.36    7.17    9.29    8.06    4.33   12.35   17.77    9.22    8.48    5.29   10.87   17.29    4.05    1.43    0.74    0.28   11.10    3.52    4.06
PSATPTC    -20.00  -48.55    2.18   19.82   12.52    0.38    0.04    0.07    0.94    4.08    2.09    0.98    9.14    5.19    2.14   24.27   12.32   25.61   29.11    6.23    3.89    3.60    6.10    6.43    2.14    1.10    4.42   10.36   14.22    8.64    2.35    1.51    2.67   16.22   10.18   20.87   17.26    5.45   11.30   19.21    4.63    5.94    5.44    2.73    8.36    7.72    4.78
PSATFZA    -26.00  -51.65   17.74   34.21    1.56    9.78   15.97   13.11    3.64   14.46    0.38   14.63    8.46   17.14    0.99    0.42    1.38    1.18    1.25    7.77    1.11    0.37    0.08    1.76    7.51   16.12   21.77    1.03   31.97   26.84   30.88   20.26    7.35    6.71    7.51   13.47   15.81    4.77    1.41    0.37    0.00    0.00   10.20    4.51    2.60    5.75    5.43
PSATJSG    -25.78  -52.00    8.42   33.22    2.64   11.68   27.05   31.19    6.06   15.00    1.11   14.79    2.24   19.78    0.99    0.28    1.16    1.49    1.37    2.62    0.90    0.64    0.02    1.29   12.14   21.50   23.51    4.56   42.86   32.45   41.06   21.62    6.92    4.36    8.51   16.19   16.93    5.45    0.96    0.47    0.01    0.05   13.47    3.18    3.23    7.54    4.63
PSATSCX    -25.53  -53.48   10.26   30.53    2.96   11.51   27.90   25.12    6.84    5.84    2.15   10.77    4.12   22.16    0.60    0.12    1.13    0.76    0.57    1.68    0.80    0.38    0.01    1.46   10.87   23.97   16.01   18.65   48.38   46.58   45.33   20.12    6.22    2.49   10.59   18.25   16.75    4.62    0.39    0.20    0.13    1.20   13.29    1.03    7.62   12.51    3.48
PSATSCL    -25.49  -51.74   21.90   32.90    2.50   12.50   16.51   11.88    3.79   25.63    0.68    7.68    5.31   17.34    1.18    0.07    0.69    1.43    0.97    3.17    1.68    0.70    0.00    2.27    8.46   17.75   21.06    5.13   34.10   42.34   59.20   24.38    4.41    7.39   11.17   13.11   22.19    5.60    1.98    1.62    0.00    0.00   10.41    3.83    1.60    7.80    4.27
PSATUVT    -26.23  -51.08    7.09   29.71    1.32   11.30   15.25   27.60   12.39    1.01    0.20   11.29    7.07   15.07    3.78    0.83    2.27    1.66    1.67    7.05    1.71    0.21    0.27    1.09    2.31    5.83   15.65    1.51   25.08   20.10   28.51   28.92   14.93    4.11    6.08   12.24   24.68    9.01    1.49    0.41    0.00    0.00    1.94    1.33    0.66    7.61    2.46
PSATBSM    -24.19  -53.74   20.40   18.01    4.09   13.52   28.27   19.80   10.29   13.21    0.18    6.34    4.54   22.12    0.32    0.16    0.59    0.32    0.20    1.45    1.48    0.15    0.05    2.31    7.63   33.43   11.87   12.84   71.84   59.28   79.89   51.12   15.65   11.47    9.46   15.15   19.91    4.64    1.72    0.93    0.57    0.09    8.23    1.19    1.70    7.53   14.19
PSATFLE    -22.97  -54.56   20.03    3.06    0.43    8.47   11.34    4.67   14.91    2.52    0.52    7.01    3.47   10.11    0.06    0.05    0.43    0.47    0.03    0.20    0.06    0.00    0.10    6.92    1.09   10.65    8.90   17.57   28.59   19.98   53.35   44.36   16.93   23.56   11.14   18.95   30.60    9.06    2.57    0.40    0.96    1.10    6.38    1.76    3.40   13.51   14.04
PSATITP    -25.42  -54.58   22.05    9.00    1.49   13.95   18.30   13.09    9.97    2.41    0.16   10.16    3.85   17.18    1.62    0.10    0.59    0.37    0.08    0.19    0.40    0.03    0.08    8.54    3.29   20.53   20.36   16.22   55.56   37.37   49.60   42.64   18.16   18.86   11.49   19.23   28.79    7.39    2.33    0.60    0.54    0.23    7.64    1.68    5.28   13.83   13.51
PSATIVM    -22.38  -53.53   24.48    1.45    1.00    9.45    1.23    3.41    5.39    1.76    1.10   12.20    9.50    5.61    6.54    0.16    0.50    0.46    0.07    0.33    0.14    0.03    0.10    9.32    2.83    6.70   30.88    7.24   25.00    7.13    5.64    4.05    8.27   18.42   12.13   25.26   48.73   13.92    6.48    2.68    1.40    2.41    5.92    3.57    2.20   11.02   20.62
PSATPTQ    -23.18  -53.17   26.64   29.27    5.66   14.36   19.34   11.49   13.10   12.94    0.07    6.16    5.65   15.58    3.07    0.15    0.43    0.41    0.40    1.37    1.35    0.12    0.16    1.72    5.45   17.76   34.96   13.88   48.96   51.43   41.61   38.87   10.42    9.11   10.34   14.80   25.99    7.10    4.12    0.91    0.14    0.01    8.51    1.34    0.93    7.46   12.17
PSATCBI    -17.99  -48.54    2.43   19.31    9.08    0.10    0.00    0.02    0.41    0.16    0.07    0.20    0.42    5.42    7.45   11.65    7.95   24.42    3.89   22.00   15.36   15.32    9.27    2.98    4.11    3.33    7.56    5.54    6.10    9.63    4.77    1.73   18.01   13.88   10.53    6.98    5.74    8.99    8.73   17.16    7.45    5.68   10.34    6.37    5.80    2.19    2.51
PSATCBIV   -16.15  -48.67    1.03   11.36   12.36    0.17    0.00    0.04    1.03    0.38    0.06    0.01    0.36    4.68    9.57   15.13   10.60   18.42    6.23   24.01   10.20   18.39   13.69    5.72    6.89    3.15    6.02    5.66    4.81    6.50    5.76    3.30   21.38   15.14   10.55    4.33    4.36    7.46    6.68   26.86    5.13    6.03   13.53    8.71    6.13    2.30    4.17
PSATEMB    -18.45  -47.98    1.04   25.53    4.82    0.02    0.00    0.00    0.13    0.42    1.19    0.08    1.95    2.24    2.35   17.00   11.33   37.33   16.98   10.17    9.18    5.49    7.33    2.76    2.55    0.98    3.79    6.73    9.43    9.92    7.37    0.69    9.11   12.44   15.64   12.85   15.70    9.30    9.20    6.14   13.21    6.64    8.68    5.22    4.65    2.10    1.81
PSATIMBR   -18.42  -49.10    9.22   16.35    6.70    0.23    0.01    0.04    0.27    0.68    0.96    0.54    1.23    3.49    1.51   11.48   13.53   37.22    9.21   20.82    8.90    8.22    4.13    2.70    2.90    1.73    5.06    6.31    9.55   12.36    1.12    0.52    8.62   10.31   10.92   10.10   11.24    7.74   15.01    9.98    9.75    4.51    7.79    3.92    7.06    5.36    2.33
PSATNPTE   -19.13  -47.70    2.31   17.29    8.29    0.12    0.00    0.00    0.40    2.36    1.82    0.23    3.27    2.32    0.53   18.92   12.83   25.84   17.78   11.62    7.52    6.21    6.48    6.84    4.26    2.04    1.60    6.71    9.91    9.07    2.67    0.84   10.34    9.85    7.85   10.25   10.09    6.07    9.29   14.84   12.75    6.30    8.12    6.72    6.74    4.07    2.53
PSATARV    -18.07  -50.16    4.43    6.64   14.78    1.06    0.38    0.12    1.55    2.34    0.57    5.28    2.14    6.60    2.89   12.95    9.91   17.50    9.01   24.61   14.19   12.88    6.12    3.28    5.42    2.50    6.93    5.80    8.15    6.36    0.91    0.37    2.58   10.73    7.08    8.08    8.75   10.75   10.05    4.90    5.81    4.18    9.56    3.59    7.63    6.37    8.03
PSATSFC    -18.05  -47.68    0.31   24.43    2.72    0.02    0.00    0.01    0.11    0.14    0.19    0.01    0.37    3.65    9.68   16.05    8.05   19.60    6.25   22.96   12.96   12.14    7.70    1.71    2.89    1.35    4.70   11.32    3.73   11.23    8.25    1.30   14.96   12.05   12.27    7.30    6.24   11.24    6.58   10.81   11.68    7.36   12.56    7.80    5.83    1.14    4.09
PSATSSM    -19.02  -50.50   13.87   21.73   11.47    0.58    0.31    0.19    1.57    1.82    0.29    1.05    2.69    3.37    3.84   17.39   11.54   21.37   24.93   23.22    6.96    5.69    3.98    3.60    3.34    1.55    5.33    6.71   10.04   10.71    1.23    0.40    4.06   10.27   10.56   14.23   18.58   11.02   12.90    7.13    8.83    4.21    8.42    3.48    8.04    7.00    7.68
PSATCNI    -22.94  -50.52   51.99   21.02   20.47    8.26    6.10   10.37    7.33    0.61    0.11    3.33    3.57    9.09   17.68    1.40    0.53    1.02    2.15    3.42    1.17    0.28    0.81    0.89    0.65   10.56   26.24   20.23   10.89   12.37   12.01   10.54   10.96    7.86   13.34   14.98   30.94   25.31   14.80    0.92    0.00    0.35    0.89    1.16    3.77    8.36   13.92
PSATCPV    -22.65  -51.33   32.78   15.43   14.53    7.60   12.84   11.37   12.42    0.72    0.08    7.67    4.96    9.01    9.70    0.90    0.43    0.58    0.79    1.74    0.92    0.12    0.44    1.24    1.38   19.94   22.67   34.48   21.37   33.04   12.98   17.07   12.10    8.45   11.69   14.68   35.63   20.01   14.66    1.11    0.01    0.06    2.69    1.03    1.92    8.04   15.86
PSATCHT    -23.01  -49.73   33.50    9.17    6.22    4.37   12.86    6.69    7.56    0.04    0.02    4.40    4.36    3.40    7.64    0.68    0.72    0.76    1.37    5.56    1.82    0.14    0.44    1.04    0.74   16.12   14.61   27.98   13.55   24.84   13.95   13.34    6.54    6.81   10.00   10.44   28.94   15.48   13.42    0.48    0.00    0.01    0.17    0.28    2.01    6.30   16.31
PSATJUR    -23.22  -49.23   41.50   10.30   15.77    8.30    9.60    6.54    9.49    0.27    0.09    7.98    3.41    2.75   10.28    0.76    1.02    1.67    1.82    4.04    2.29    0.33    1.07    0.83    0.77    7.48   13.68   38.16    7.52   13.04   12.38   14.88    6.85    2.99    7.13   15.18   28.20   19.98   12.30    0.56    0.01    0.02    0.19    0.21    1.36    8.28   17.39
PSATMAU    -24.06  -50.71   12.29   15.59    4.68    7.79   11.31    7.13   11.49    1.17    0.19    6.19    5.26    6.06    2.93    0.36    0.68    0.87    2.16    2.77    1.67    0.10    0.06    1.37    1.00    6.01   15.50    7.52   15.86   31.05   27.55   23.03    7.68    7.14   12.57   10.06   11.90    7.38    4.12    0.71    0.00    0.00    1.29    0.58    1.37    6.67   12.97
PSATROS    -22.50  -52.87   35.88   25.30   10.68    9.01    3.07    7.26   11.15    3.02    0.03    8.42    4.60   13.21    5.24    0.30    0.29    0.34    0.44    0.44    0.33    0.06    0.28    1.11    2.34   15.37   28.25   29.52   28.64   29.50    8.82   15.66   16.93    8.67    9.43   17.18   42.75   13.18    9.29    2.02    0.12    0.02    8.22    1.90    0.61    9.08   17.33
PSATQMD    -16.21  -47.33    0.94   10.48    3.07    0.13    0.00    0.01    0.07    0.05    0.16    0.00    0.00    0.41    9.14   10.32    5.08    2.91    1.94   20.16   15.62   16.85   12.50    2.21    2.32    1.08    1.72    8.79    2.29    7.72   11.74    2.04   18.52   11.32    4.67    5.83    2.26    5.97   13.96    6.65   14.92    8.35   13.92    7.64    5.36    1.57    3.28
PSATRBX    -18.95  -44.76   21.35   15.15    1.00    0.00    0.00    0.00    0.01    0.89    3.00    0.01    7.28    2.25    9.54   10.50   12.73   25.99   13.34   10.38    9.75    4.95    7.06    1.79    0.49    0.16    0.25    4.27   10.65    6.36    4.48    3.44    2.16   10.89    8.85    5.35    6.23    7.51    7.33   21.61   19.72    7.56    2.22    1.65    6.76    1.62    0.38
PSATSFR    -15.93  -44.86    2.74    6.26    1.11    0.01    0.01    0.00    0.00    0.07    0.06    0.00    0.01    0.56    5.17   15.52   10.04    5.65    1.89   14.98   13.64   19.21   14.45    2.90    1.69    0.99    3.45    2.26    6.18    4.62    6.21    6.83   11.49   17.41    5.28    6.17   11.77   15.59   15.85   20.02   25.10   15.11    9.94    8.76    6.55    0.93    1.88
PSATSRM    -16.37  -45.07    7.18    9.93    0.78    0.00    0.00    0.00    0.02    0.26    1.46    0.00    1.36    0.70    9.20    7.13   12.50   16.68    3.08   10.11   11.79   15.27    8.84    3.99    1.42    0.48    0.60    3.99    8.68    5.67    8.23    3.25    9.30   11.78    6.63    5.32   11.54    8.97    9.75   18.87   13.22   10.43    8.81    6.91    5.42    1.21    1.68
PSATTMR    -18.16  -45.27   12.37   24.23    4.80    0.03    0.00    0.00    0.05    1.14    2.52    0.01    6.65    0.84    8.00   13.99   14.47   39.89   20.08   11.99    8.28    6.75    6.45    1.74    0.58    0.86    0.64    5.56   11.16    7.64    8.11    1.72    3.04   12.71   11.32    8.35    8.26    6.38    8.64   17.87   19.32    8.04    6.05    3.75    6.37    2.61    1.76
PSATBOQ    -11.35  -43.83    0.83    0.94    0.16    0.31    0.02    0.08    0.18    0.36    0.00    0.03    0.48    0.28    0.39    5.49    3.12    0.64    0.33    0.80    5.30    5.43   28.32    2.31    3.69    6.08    3.31    5.71    6.06    3.87   10.71   14.81    6.63    5.90    5.80   10.31    3.95    6.17    4.07    4.20    2.63   11.75    6.32    6.34    5.77    0.79    0.37
PSATBBO    -22.52  -48.55   36.82    8.79   17.34    8.26    7.32    3.23    9.87    0.52    0.38    2.78    4.09    9.39   14.19    9.98    6.77    9.30   11.88    7.66    4.12    0.72    0.84    0.71    0.57    2.10   20.38   21.30    7.16    9.05   11.60   10.49    4.64   10.98   13.63   15.65   21.39   21.10   21.79    3.12    0.10    0.22    0.70    0.43    1.18    8.54   12.43
PSATESZ    -23.46  -46.91   42.88    7.34    8.69    9.75    2.70    0.51   12.99    5.47    1.06    3.19    6.47    3.76   19.92   15.47    2.10    4.16    7.59    6.15    4.37    3.57    1.57    1.70    0.95    0.65    4.17   22.84    1.19    1.72    9.05    4.81    3.47   14.01    9.19   14.88    9.12   46.59   29.03    3.89    0.04    0.01    0.32    0.33    1.44    4.49   16.47
PSATIBT    -21.76  -48.99   30.75   13.42   15.41    7.26    5.02    2.92    1.22    0.11    0.68    0.90    4.81   13.51   14.41    5.57    4.11   22.69    5.19    7.97    1.49    0.53    1.22    0.51    0.65    7.43   25.84    8.81   10.56    8.62    9.59   11.56    3.46    5.05   12.78   10.68   23.45   13.29   17.91    2.74    0.32    0.63    1.24    1.14    2.37    5.92    9.74
PSATNAV    -21.12  -50.20   25.39   20.70    4.31    5.33    3.39    2.49    1.90    0.95    1.88    1.01    6.81   16.45   16.06   14.51    3.72   17.97   10.08    5.98    0.35    0.33    1.34    0.78    1.56    7.74    5.90    9.64   12.34    1.64    5.55    8.72    2.82    5.11   11.71   10.68   21.72   18.73   16.77    5.36    0.73    4.89    2.34    1.26    2.04    8.43   12.83
PSATSME    -13.40  -48.30    5.31    9.18   14.86    0.42    1.70    3.47    2.71    3.90    0.81    0.59    0.41    2.30    4.61    6.60    6.62    8.55    9.50   16.72   14.43    9.21   15.98    4.72    5.14    4.08    7.20    6.37    7.45    6.73    5.14    4.17   16.79   16.13    7.31    7.57    3.39   11.71    7.84   17.28    7.87   13.94   11.70    6.13    7.46    2.35    2.27
PSATBGR    -27.78  -51.20    0.82    1.26    0.88    6.61   40.81   36.61    0.52    0.00   17.02   14.93    0.14   84.27    7.54    1.30    4.01    3.02    9.24    4.28    0.22    0.26    0.04    0.10    5.17   31.17   22.99    0.38   26.86    8.75   11.51    5.54    3.48    0.65    4.60    5.03   25.00    9.24    0.81    0.06    0.64    1.48    5.44    0.89    8.75   20.69    0.24
PSATCNV    -27.60  -51.33    3.31   10.26    0.59    8.98   80.54   27.99    0.43    0.31    3.38   13.06    0.46   51.96    5.85    1.21    4.03    2.43    5.59    4.22    0.66    0.10    0.20    0.60    5.00   26.09   30.98    0.55   42.62   20.14   11.87   13.24    5.11    5.93    3.40    8.77   28.07    9.21    1.81    0.13    0.12    0.54    6.19    0.90    4.58   13.40    0.95
PSATFCH    -27.14  -53.04    0.60    4.51    4.02   10.53   74.17   41.61    0.91    0.00    8.01   14.01    0.34   58.47    0.48    0.16    0.34    0.54    2.62    0.18    0.16    0.08    0.46    0.31   13.41   55.18   12.61    0.66   42.66   16.25    7.08   13.47    8.53    0.87    4.84   15.87   10.12    6.32    0.02    0.00    0.00   14.40   11.67    2.35   28.03   17.47    0.02
PSATITA    -27.27  -52.38    3.44   11.64    2.82   10.71   69.15   30.01    1.04    0.89    7.76   11.26    0.54   55.53    1.84    0.38    1.49    1.05    3.59    0.77    0.60    0.10    0.24    0.53    9.74   38.67   28.75    0.62   41.50   18.96   10.09   20.12    6.65    3.32    5.53   13.05   15.62    8.19    0.38    0.04    0.00    4.88   14.71    2.07   12.34   12.66    0.92
PSATMCD    -27.52  -51.78    0.41    0.99    4.29   14.08   82.45   41.10    0.19    0.00   10.91   12.73    0.26  103.87    0.56    0.37    0.39    0.28    4.38    0.52    0.17    0.01    0.02    0.22   10.98   47.87   19.57    1.18   34.04    9.85    5.68    5.51    4.81    0.56    3.86    9.02   14.82    5.00    0.18    0.03    0.00    7.55   16.82    0.72   17.97   18.19    0.00
PSATMOJ    -27.35  -52.73    0.16    0.76    6.63   19.77   80.77   36.57    0.19    0.00   23.25    6.57    0.25  105.96    0.58    0.18    1.24    0.53    4.78    0.21    0.30    0.05    0.26    0.14   18.28   55.07    9.44    1.24   23.57   12.47    6.42    6.56    4.87    0.89    2.67   12.82   10.56    3.72    0.02    0.00    0.00   17.41   15.35    1.85   34.30   22.22    0.00
PSATQQX    -26.66  -52.54    7.11   28.48    2.85   11.20   30.04   22.17    3.04    1.61    2.86   15.38    1.73   20.30    1.15    0.33    2.53    1.46    3.38    1.29    0.69    0.38    0.05    0.58    7.51   31.30   25.33    2.02   41.62   24.05   18.12   16.75    6.55    3.81    8.67   18.05   13.67    8.68    0.29    0.00    0.00    1.51   11.99    1.94    8.35    9.09    2.33
PSATPSJ    -28.14  -55.05    0.21    0.07    4.82   53.85   52.56    0.88    0.00    0.13   27.22    1.54    3.32  142.39    0.62    0.29    0.28    0.51    3.99    0.20    0.16    0.01    0.07    0.23   22.56   50.51    1.41    1.10    9.08    4.13    2.92    0.34    0.70    0.09    0.59    2.97    6.59    0.82    0.00    0.00    0.00   31.27    4.44    3.94   59.73    1.61    0.00
PSATESP    -18.68  -51.87    6.77    8.14   16.50    0.60    0.47    1.55    1.43    2.48    4.92   14.15   10.03    8.69    8.71   10.79   11.67   30.79   20.52   12.94    9.20    0.14    2.30   10.82    4.71    9.32    2.75    7.87   24.38    4.75    2.84    9.46    7.39    6.56    9.19   18.71    3.88    8.64   23.68   23.01   11.32    4.36    6.13    6.07    1.13    5.10    7.93
PSATSRC    -19.16  -50.76    9.01    5.87   13.28    0.61    0.59    0.60    1.85    2.61    7.39   11.53    8.95    6.30    8.61   16.84    8.80   21.73   29.87   15.76    6.30    0.28    6.24    8.14    8.10    4.20    4.26    6.03   15.72    1.32    4.10    6.17    3.90    7.80    7.93   18.08    7.13    6.79   19.44   21.10   12.47    3.82   10.31    2.88    1.68   11.85   11.28
PSATFRCL   -19.12  -50.64    3.23    9.28   11.76    0.90    0.66    0.39    1.86    2.20    9.70   10.69    5.78    8.03    9.44   16.36    6.11   13.01   28.58   20.23    6.54    2.33    5.67    5.39   11.50    4.12    4.86    5.04   11.77    1.65    2.95    0.66    0.47    6.52    8.46   14.74    9.67    7.35   19.71   13.19    8.72    3.23   10.45    2.76    3.19   11.07   10.78
PSATISOT   -20.40  -51.35   23.15   14.65    7.11    4.00    2.72    3.59    3.80    1.60    1.89    4.42    9.44    4.04   15.84   20.09   12.22   11.73   25.54    6.24    0.60    0.09    2.29    2.36    4.35    4.61    7.62    9.11   16.68    1.22    5.71    4.90    1.40    8.18    7.28   21.40   16.34   11.81   13.50   11.34    6.64    5.47    7.31    1.13    3.94   11.16   14.18
PSATJUP    -20.86  -51.63   14.65    2.13   13.07    2.56    1.74    4.94    2.70    1.28    3.69    9.35   11.55    6.36    9.86   16.20   13.67    8.74   18.83    3.69    0.45    0.02    7.97    9.94    5.74    9.98    3.19    6.88    9.82    2.44    4.67    3.19    0.99    8.97    6.77   34.98   12.87    9.12   11.63    8.26   11.08    3.90    8.54    2.47    2.48   13.95   20.40
PSATSDG    -20.06  -53.18    6.18    1.70    5.30    4.06    4.03    4.86    2.74    1.42    5.13   11.40   14.26    6.82    7.37   15.48   10.91    5.20   21.21    2.00    0.02    0.00    2.67    9.04    7.13    1.62    0.42    3.31    3.11    1.93    6.86    1.42    1.98    6.45    9.67   42.36   11.30    6.73    5.09    7.93    7.99    2.77    5.52    2.40    3.55    7.33   19.81
PSATFZBT   -21.66  -52.87   33.13    6.33    2.86   10.96    1.18    4.52    5.17    0.90    2.42   14.64   10.29    6.29   10.78    3.51    2.46    1.48    3.12    0.51    0.17    0.01    0.05    6.99    4.08    3.18    4.88    8.34    3.72    1.27    3.85    1.23    7.55   17.01   10.77   23.36   33.53   11.50    9.41    5.00    2.45    2.32    6.00    6.08    3.47   12.80   16.34
PSATPPRA   -22.46  -52.91   28.75   21.00    6.27   12.42    2.02    7.58    5.45    1.84    0.21    8.26    6.79    5.53   16.53    2.77    1.25    0.88    2.43    0.95    0.32    0.06    1.00    2.09    4.23    7.20   13.53   12.59    9.59    8.42    3.90    6.26    6.93    6.91   10.27   19.14   35.47   17.50   16.25    3.12    0.64    2.21    6.80    1.87    2.05   13.22   21.74
PSATBTE    -13.69  -50.80    8.56    5.84   15.83    1.43    2.41    3.92    1.52    9.88    4.62    2.67    1.16   12.30    8.20   17.14    5.98   10.40   13.66   16.21   10.74   13.02    8.27    5.16    5.01    5.12    5.31    8.31   16.72    8.42    2.50    0.87    1.75   14.40    9.23   14.59    8.18   10.29   14.43   13.23    9.01    8.69   11.10    8.31    4.35    6.43    5.31
PSATARAG    -8.27  -49.26    6.45   13.40    9.21    4.26    5.58    3.54    2.73    7.37    2.53    2.18    1.37    6.98    5.19   10.06    8.90    3.37   10.32   13.76    7.50    8.27    7.69   12.20    5.71    5.29    6.94    9.94    9.59    6.78    5.54    4.08   19.32   16.58    8.42   10.22    9.32   12.76   10.22   10.74    7.83    7.39   11.78   13.21   12.90    4.98    2.91
PSATLAJ     -9.76  -48.37    6.41   12.35    1.95    1.13    0.87    2.03    2.23    1.72    1.13    0.30    0.96    1.96    5.91   11.87    5.93    4.50    2.23    8.68    7.39    8.14   12.16    8.95    5.82    8.21   11.62    7.01    7.02    4.97    5.47    8.47   21.92   11.86    5.87    7.23   12.15   16.30   12.57   13.67    5.76    9.79   10.47    9.37    9.33    1.24    0.37
PSATPTRL    -9.31  -47.39    4.91   13.51    0.61    0.47    0.59    0.29    0.49    3.14    2.67    0.30    0.50    0.88    5.44    5.24    8.70    3.51    1.77    3.10    5.80    9.06   10.63    9.44   11.09    8.53   12.37    7.24    4.63    1.42    7.70   12.23   14.56   14.58    9.89   13.10    7.68    7.32   12.86    7.60    4.20   10.34   20.15   11.28   15.41    0.55    0.30
PSATLJET    -7.33  -47.48    7.75    5.39    1.61    0.45    0.80    0.77    0.36    3.65    1.80    0.37    3.50    3.04    5.87    6.20    6.85    6.05    5.43    7.23   16.46   11.36    7.90    6.27   11.60    8.02    6.97    5.64    2.85    3.24    3.79    5.47   13.80   16.84   13.18   13.66    8.71    5.22    3.23    2.33    3.21    8.43   20.63   14.85   14.21    3.13    9.61
PSATUCR     -3.83  -49.65    7.77    6.23    3.31    2.69    1.25    0.30    0.69   11.19    5.81    1.68    2.02    4.03    1.43    9.02    5.67    3.83    6.96    7.12   10.35   11.78   23.86    7.74   15.23    8.10    6.67    5.95    2.48    2.89    5.67    4.45   14.48   19.55   13.70    9.37    6.13    4.79    6.13    2.72    2.64    6.04    7.09   13.55   12.08   14.86   18.22
PSATXIVJ   -29.07  -51.67    0.33    0.41    0.90   16.00   41.90   21.30    0.55    0.00   28.35    6.65    0.04  109.20    1.02    0.92    1.05    2.96    9.16    0.87    0.06    0.00    0.05    0.04    2.81   41.25   13.60    0.23   16.50    5.71   12.96    2.06    0.53    0.26    3.95    4.73   17.01    7.69    0.03    0.00    0.09   11.84   10.85    1.25   37.14   33.89    0.02
PSATDFRC   -29.45  -53.28    0.06    0.11    1.45   46.25   45.33    2.02    0.09    0.00   23.18    0.66    0.51   75.97    1.96    0.47    0.99    0.77    6.40    0.49    0.10    0.03    0.18    0.15   25.05   45.17    1.82    1.30    3.83    2.86    2.59    0.40    0.25    0.20    1.09    0.82    7.57    2.37    0.00    0.00    0.11   38.45    7.16    3.34   63.42    3.07    0.00
PSATREAL   -29.02  -53.19    0.10    0.01    3.25   41.39   56.70    1.96    0.10    0.01   26.45    1.42    0.14  117.81    0.25    0.11    0.72    0.62    5.72    0.37    0.05    0.02    0.18    0.27   18.12   39.87    2.13    1.23   10.18    3.78    4.83    1.06    1.03    0.97    2.30    1.86    7.46    2.25    0.00    0.00    0.00   26.27   12.46    2.49   84.19   12.39    0.01
PSATCTAV   -29.01  -51.39    1.01    0.66    5.18   11.12   43.82   21.80    0.62    0.00   43.70   12.76    0.04   87.67    6.48    2.50    3.31    2.97   10.96    4.17    0.25    0.50    0.17    0.03   10.32   39.90   25.30    0.02    9.78    6.89    9.19    5.18    1.67    1.03    4.82    3.94   28.01   11.07    0.18    0.00    1.46    5.07    7.27    1.07   24.38   42.57    0.14
PSATERNT   -28.56  -52.54    0.55    0.17    8.13   22.94   55.06   24.41    0.16    0.00   35.64    8.70    0.00  128.35    0.61    0.19    0.53    0.24    5.05    0.38    0.22    0.00    0.21    0.16   14.36   44.83    6.55    2.57   17.49    9.25    3.98    2.40    2.44    0.58    2.85    5.62   12.79    3.94    0.00    0.00    0.00   16.33   25.48    1.51   35.31   26.02    0.00
PSATSTPL   -27.14  -49.52    4.71   19.32    1.22   14.51   74.78   14.14    0.89    0.13    4.74   13.34    0.56   48.61   13.67    1.70    4.39    4.09    4.33   10.58    1.65    0.60    0.74    1.07    0.59   15.15   24.69    0.32   35.65   21.74   12.86   24.61   10.37    3.02    0.96    4.74   32.56    6.27    1.48    0.17    0.49    0.05    1.73    0.89    0.79    9.17    1.06
PSATCVCH   -25.14  -48.87    4.13   10.54    2.45    8.26    2.66   16.91   22.99    0.27    0.24    7.27    6.45    2.55    1.23    1.62    2.21    1.34    1.17    6.00    2.41    0.35    0.53    1.46    1.17    2.81    3.95    7.92    8.88    9.78   18.69   23.74   24.44    2.66    2.81   17.88   16.97   16.30    5.31    0.40    0.03    0.00    0.00    0.18    1.01   13.61    7.90
PSATAMY    -12.60  -69.12   14.39    7.84    5.20   12.24   11.20    7.27    9.37   11.46    8.26   11.12    8.49    5.83   21.73   12.23    4.36    2.82   16.43   10.97    7.51    8.03   11.42   10.63   10.17    6.76    7.15    7.02   12.84   10.30    5.24    5.33    6.97    3.38    2.35    3.38    9.05    8.73    4.72    3.81    6.03    6.90   13.90    7.43    9.22    9.75   10.01
PSATGJR    -10.73  -65.35   14.46    4.78    4.15    5.45   15.82    7.00    6.23    5.31    3.54    8.28    5.64   13.32    7.31    3.44    3.44    1.40    5.01    4.98    5.05    3.37    5.35    5.37    6.24    6.66    9.96    3.06   10.56    6.92    6.49    5.72   11.58    5.06    6.04    7.32    6.77   15.37    5.02    4.31    3.84    5.00   17.55    5.41   10.99    6.80    5.19
PSATPRNC   -12.43  -64.43   19.98    8.48    3.15    4.60    8.83   12.86    7.64    6.93    5.70   10.99    7.69    5.17   10.95   10.68   16.48    9.54    5.26    5.49    7.61    2.22    4.94    3.65    2.57    2.26    3.96    2.84    6.20    0.93    2.68    3.04    1.24    5.63    2.94    1.70    5.14    7.43   10.66    1.63    6.43    1.54    6.39    5.12   11.40   12.94   14.79
PSATSANT    -8.87  -63.97    5.94    8.02    3.02    7.31    9.02   19.36   10.22    4.79   19.51   29.41   11.88   15.64   11.71   17.15    9.17   12.38    4.04   13.30   12.32    7.60    7.02    5.05    5.59    3.73    4.39    6.23    5.63   10.38    8.60    6.16    2.41    5.50    5.40    2.43    6.13   10.88   17.64    6.15   10.00    7.77   12.89    6.64   10.27   12.83   17.45
PSATDARD   -10.16  -59.46   12.44   13.68   15.38   20.10    3.85    5.96    8.80    5.71   11.41    4.85   12.12    1.30    8.11    5.25    5.56   13.11    5.32   13.30   13.81    4.31   15.21    4.52   10.29    6.69    3.43    4.34    2.24    8.70    6.15   10.41    3.51   21.85   20.13    3.27    4.30   10.02   12.71   10.19   13.97    7.16    8.59    7.79   13.63   22.54   11.29
PSATGUAP   -15.12  -58.96    4.57    4.77    3.96    8.94    4.08    4.78   15.27    1.04    4.55    3.28    5.88    2.31    5.04   14.54   23.16    3.86    3.13   11.09   10.59    2.01   13.72    5.91    9.28    3.11    0.85    1.21    2.21    0.90    5.62    3.02    7.97   12.94    7.90    4.82    0.73    3.94    6.59    8.64    5.92    9.92    1.01    2.50   36.29   10.93    6.16
PSATJIRA    -9.25  -64.65   11.83   10.17    3.41    4.53    9.09    7.87    8.19    8.22    8.09   15.38    9.74    8.26   15.34    6.31    6.31    6.17    9.88    7.71    6.34    4.81    5.17    6.76    4.11    5.30    9.58    2.50    9.67    5.95    4.23    2.88    5.54    3.08    1.08    2.50    7.45    8.48    4.88    4.48    4.18    3.51   12.16    6.16    7.77   10.64   14.42
PSATROND   -11.99  -60.70    6.80    3.81    9.14   10.27    2.91    7.23    7.61   18.89    5.21    5.54    5.79    1.15   21.78    7.60   10.94   42.83    3.10   19.24   10.30    9.29    4.50    3.01    3.22    1.45    0.43    7.16    8.30    0.75    2.91    5.25    0.24   10.44    7.60    0.61    1.10    7.87    9.16   12.88    0.85    1.89    5.55    7.48    8.79   27.59   10.71
PSATSAMU    -8.75  -63.45    7.68    6.14    3.19   13.28    8.65   17.10   12.27   13.49   19.84   17.90    5.46    7.45   27.34   11.68   17.46    5.45    3.52   10.97    7.26    6.77    6.63    2.72    4.34    6.81    2.54    2.84   10.16    9.22    7.72    8.65    1.12    9.29    7.41    1.75    2.38    7.70   12.56    5.54    5.00    3.81    9.29    9.00   19.54   12.39   12.38
PSATBALB    -1.92  -59.47    2.31   15.56    5.08    5.57    5.91    2.01    9.95   11.77    9.54   19.93   20.46   19.77   12.54   11.66   28.64    5.11   16.25   18.94   10.60    9.53   11.57   18.94   13.16    6.56    2.46    1.86    3.47    8.86   16.90   11.14    4.40    0.09    0.29    4.14    1.70    1.77    0.72    4.47    3.23    2.78    1.61    0.76   17.11   13.10   21.56
PSATCUNA    -2.82  -54.30    1.50   12.69   10.05   23.46    9.03    1.95    3.01    8.99    8.79   37.34    8.50    3.32    1.17    6.37    7.21    3.60   15.65    8.60    7.51    9.86   12.98   13.58   10.98    4.88    2.62    1.84    4.66    6.71    1.50    5.55    9.40   12.98   12.59    6.50    0.89    4.59    1.59    8.45    3.09    5.93    2.01    5.71   11.27   21.86   20.33
PSATJARI    -0.65  -52.52    4.57    1.66   16.42   28.24    8.60   11.18   10.68    8.48   16.29   21.45    8.30    1.69    0.79    2.29    3.99    4.41    7.15   17.97   10.47    5.97    7.54    6.29    4.21    3.62    3.08    6.05    5.97    8.45    8.52   14.27    6.18    1.83    6.86    4.47    3.55    2.58    2.73    6.31    7.05    2.09    5.52    5.21    8.52    7.41    5.02
PSATFGOM     0.86  -51.20   10.43   11.06   47.45   34.33   20.78   23.32   16.38    8.25    7.42   23.46    9.22    3.45    1.19    3.99    7.97    4.36    7.67   13.08    9.41    5.49    9.89    6.58    2.33    3.02    4.76   10.75    5.21    8.69    6.42   17.30    8.30    3.48    5.98   11.00    4.00    2.05    3.07   12.32    7.42    4.14    5.55    5.87    7.44    7.56    3.89
PSATUBE     -6.75  -43.57    4.37    6.19    0.88    0.49    0.18    0.19    0.21    0.76    0.83    0.50    0.32    2.65    3.22    9.63    3.36    5.64    3.62    1.23    7.30   18.01   18.50    3.46    5.48    8.55   10.50    6.08    1.86    2.13    4.11    9.95   25.95    7.96   17.72   12.00    7.05    3.36    3.78    7.53    4.90   13.76   13.52    7.67    5.50    1.90    1.87
PSATBSOR    -6.74  -52.00    9.39   14.11   10.75    2.42    4.36    3.77    4.53    4.35    5.56    1.82    3.80    6.41    3.84   10.42    9.37    1.92    7.62   17.92    8.78   15.98    8.70   10.32   10.05    5.27    8.33   14.06   11.51    8.71    5.32    3.42   16.24   18.74   12.00    7.29    6.05    9.99   12.57   14.45    4.79    6.20    6.47   15.03   15.54    6.91    8.03
PSATBESP    -6.75  -51.77    3.42    7.38    5.21    4.11    4.86    0.85    2.13    6.54    7.88    1.07    1.61    5.56    0.89    7.24   10.77    1.48    7.56    7.28    6.63    7.62    5.30    3.96   11.23    5.16    7.72    6.90    6.29    3.49    6.27    4.02   12.16   10.93    6.47    5.33    7.46    7.45    4.58    3.79    4.84    3.63    5.01   21.13   27.86    8.62   17.23
PSATPIME    -3.41  -51.91    6.04   12.34   14.32    7.27    6.99    3.08    9.61   15.38   18.06   14.19    3.82    4.14    1.50    7.22   10.07    3.31   17.92    5.78   11.30   10.83    7.04    8.67   13.12    5.92    4.79    4.52    7.36    6.76    5.63    5.81   11.52   19.39   11.94    6.76    4.76    7.29    6.48    7.00    7.99    7.36    5.14   13.38   14.80   11.98   14.66
PSATIRAP   -16.74  -42.57   11.13    3.60    0.00    0.00    0.00    0.00    0.00    0.08    0.16    0.00    0.10    0.25    3.87    6.02   20.21    1.75    1.21    1.48   15.43   18.39    5.93    6.16    1.71    0.00    0.13    1.11    8.82    5.16    6.90    9.99    6.06    7.17    4.70    3.26    2.13    5.88    7.36    8.30   24.54   12.02   10.04    9.92    5.33    0.11    0.49
PSATITBI   -15.97  -39.59    4.50    0.50    0.03    0.02    0.00    0.04    0.06    0.28    0.19    0.18    0.04    0.36    1.63    1.62    7.44    1.25    2.05    0.30   12.29   12.98    4.94    4.97    3.16    0.50    0.13    0.49    2.61    7.72   10.94    6.42    1.97    2.57    4.19    4.02    1.96    3.09    2.24    8.06   20.22   20.83    5.88    8.68    2.52    0.32    0.12
PSATCOLI   -10.98  -55.77   15.83    8.17   16.07    4.51    4.24    6.23    4.23    5.32    4.59    5.21    8.16    7.82   12.66   16.72    7.60    3.91    2.68   19.30    8.95   11.19   10.26    7.26    8.66    6.52    5.45   11.72   11.76    2.05   11.21    1.97    6.55   23.13   17.25   11.71    1.66    8.39   10.29   17.12    6.79    5.76    4.02   11.44   16.45   13.67    8.68
PSATSAEL    -9.19  -57.04   14.12   14.93   27.15    7.23    5.52    7.34    5.89    7.56    3.61    4.21    3.95    6.08    3.90   11.21   12.41    0.35   10.62    6.17   10.24   10.45   13.00   15.84    8.89    6.44   11.08    8.41   18.10    3.44    5.60    3.73   19.24   24.75   12.94    4.80    9.14    8.16   11.64   12.96    6.99    6.00    8.89   13.29   23.53   18.22   12.73
PSATITQ    -17.09  -54.83    8.86   10.03   11.54    2.56    2.83    4.48    2.10    2.44    3.71    1.28    7.82    8.71   16.90   15.51   11.24   10.28   13.88   12.01   10.96    2.20    5.01    3.98    6.81    8.23    4.66    8.36   12.45    8.89    4.28    6.56   13.49    7.61    8.77   23.96    5.72   18.05   16.82   19.49   23.75    4.78    5.29   11.51    4.65    7.49    6.54
PSATJAU    -15.24  -58.73    5.98    7.04    5.08    8.35    2.90    5.85   11.96    0.92    3.09    2.44    5.23    3.12    6.51   11.66   21.55    5.62    6.92   11.75    9.28    1.93   12.86    6.08    8.23    5.54    1.03    0.87    1.95    0.80    5.29    3.21    9.98   16.01    7.94    3.21    0.87    4.10    6.98    9.98    5.99    8.51    1.50    2.75   33.17    8.24    5.22
PSATMAN    -14.87  -55.78   10.82    3.51   15.41    3.70    3.03    8.88    2.56    2.12    4.18    1.70    4.30    6.13   23.59   12.94    4.99    8.45    6.96   18.52   14.77    6.09    6.20    5.35   11.29    7.46    1.81    8.02   11.80    0.99   11.48    3.03    3.88    6.12   11.52   17.61    2.93    8.93   10.08    9.16   16.82    7.35    2.40    7.08   16.69    6.34    7.20
PSATPTP    -17.61  -54.83    9.48    5.90   11.11    2.69    4.36    5.38    2.09    1.23    4.78    1.77   12.02    5.97   18.06   22.54    9.03   23.74   15.36   17.86    5.39    0.27    3.84    6.16    8.04    4.86    3.19    5.25    6.15    6.40    3.77    7.14    8.66    2.42   11.17   31.80    2.40   23.05   17.11   19.39   13.05    2.64    6.14   12.52    9.71    6.47    6.52
PSATSTCL   -17.90  -40.20    4.61    0.22    0.00    0.00    0.00    0.00    0.01    0.19    0.06    0.01    0.01    0.03    0.02    0.65    6.60    2.46    0.97    0.01   11.08    8.54    5.88    5.38    1.88    0.52    0.03    0.33    3.99    7.16   11.05    5.02    0.52    1.63    2.58    2.19    1.12    1.83    1.07   12.70   29.15   37.53    1.35    8.24    2.22    0.17    0.01
PSATPDC    -12.58  -39.00    0.25    0.09    0.10    0.23    0.02    0.19    0.34    0.11    0.56    1.00    0.11    0.14    0.10    0.18    0.60    2.34    1.45    0.38    0.43    2.11    1.83    2.31    3.71    0.67    0.64    0.71    1.50    0.94    0.85    1.55    0.88    0.86    0.71    3.13    0.66    0.27    0.02    0.02    9.04   15.12   10.62    7.14    1.29    0.87    0.16
PSATROSA   -20.92  -41.72    6.75    5.61    0.00    0.00    0.00    0.00    0.00    9.71    3.87    0.35    8.66    9.04    1.34    6.87   12.15    9.22    4.46   15.28   23.54   23.21   14.73   10.39    1.76    0.05    0.00    0.11    7.87    7.45    9.43   17.40    1.17    4.09    6.24    3.43    2.01    1.89   24.13   45.01   21.18    1.85    1.66    8.48    6.03    0.13    0.57
PSATCAN    -20.21  -42.85   33.12   16.02    1.05    0.00    0.00    0.00    0.00    5.52    4.14    0.13   13.96    4.56    7.47    8.36   15.06   18.06   11.58   13.37   25.18    5.71    9.15    4.10    0.50    0.09    0.30    1.82    9.93   13.03    7.28    5.73    0.95    5.90   11.05    3.11    5.16    6.43   13.19   33.80   17.68    7.78    0.89    3.96    4.62    0.10    0.34
PSATSAC    -19.64  -42.85   20.10   16.46    0.47    0.00    0.01    0.00    0.03    4.31    5.22    0.01    9.11    4.55   22.89    4.84   16.79   14.74    2.79    9.93   32.86   10.73   17.35    2.58    0.95    0.09    0.84    3.64    8.71   11.19    7.74    8.41    3.93   13.79    7.68    6.48    9.82    3.85    7.29   38.16   29.38   12.96    2.55    3.91    4.38    0.01    0.17
PSATPES    -19.12  -42.66   21.29   10.57    0.09    0.00    0.00    0.00    0.00    3.88    2.40    0.00    3.86    4.99   24.06    6.38   16.38   11.91    1.52    7.61   20.16   12.20   13.58    4.80    1.32    0.06    0.44    2.43   10.10   11.45    8.08    7.13    6.58    9.58    7.29    8.88   11.40    8.62   10.40   30.76   31.56    4.86    3.52    5.74    4.64    0.14    0.72
PSATMAS    -19.50  -40.92   12.99    3.69    0.01    0.00    0.00    0.00    0.00    2.89    2.69    0.06    3.08    2.11    5.30    6.31   11.42    5.77    4.46    5.15   23.43    9.60    9.05    5.69    1.12    0.22    0.11    0.69    8.23    7.04    9.18   12.27    2.13    4.31    6.86    4.39    2.43    3.97    9.56   37.05   22.68    5.25    1.22    9.08    3.84    0.38    0.74
PSATSBR    -23.37  -45.87   48.66   14.84   21.64    6.39    4.63    0.16   12.26    7.21    1.94    3.56    7.27    5.14   10.68   29.38   11.61   16.08   12.88   11.28    8.64    3.99    1.45    2.06    0.87    0.43    0.80   26.55    8.23    5.95    9.17    5.74    3.03   12.63   11.16   13.60   15.69   12.79   42.10    5.23    0.36    0.03    1.40    0.44    5.55    9.16   12.75
PSATJAG    -23.20  -46.03   34.66    7.61   23.10   13.72    6.70    0.77   12.71    2.06    0.47    5.01    6.19    4.55   19.71   26.23    8.00   12.42   15.61    9.20    2.94    3.92    1.56    0.49    1.54    1.27    3.39   34.38    3.81    6.96    5.55    2.72    1.07   16.24   15.59   20.81   13.70   23.44   40.89    3.08    0.15    0.06    0.37    0.58    1.34    7.66   16.94
PSATFUNI   -22.53  -44.57   28.69   20.38   23.68    8.06    3.22    0.30    6.73    4.78    1.07    3.20    6.14    7.82   10.97   39.76   21.21   25.78   15.61   15.95    5.53    4.44    2.45    1.29    1.32    0.83    2.65   15.04    5.07    7.11    7.95    4.02    1.84   15.64   15.91   11.74   10.86   11.86   30.95    6.00    1.25    0.55    1.07    0.67    6.12    4.84    9.03
PSATSACE   -22.48  -43.84   33.68   32.22   26.54    0.76    0.05    0.26    1.27    8.29    2.41    2.15   11.26    8.60    7.14   18.56   26.44   24.05   12.67   16.69    8.51    3.87    6.85    4.71    0.32    0.34    0.34    1.19    6.50   11.40    8.80   11.66    8.97   26.08   16.57    4.35   12.83    2.21   23.42    7.26    3.97    0.03    0.79    0.12   11.69    4.29    7.78
PSATPIC    -21.91  -43.54   22.05   38.55   16.96    0.25    0.07    0.00    0.24    4.04    3.56    2.00   10.45   10.11    2.90   17.59   40.44   22.84   14.50   11.26    5.46    3.42    6.16    1.83    0.20    0.29    1.01    3.95    3.65   11.00    5.68   15.96    6.29   30.52   19.59    2.78    2.59    1.65   12.45    9.95    6.01    0.55    1.43    0.61   17.03    1.59    2.69
PSATSOGI   -21.94  -43.36   30.31   41.87   22.74    0.17    0.00    0.00    0.24    4.88    3.00    0.58    8.40    7.11    4.06   16.49   25.76   17.30   15.69   21.97   15.75    6.93    4.36    0.95    0.35    0.09    0.71    4.13    3.33   19.56    9.34    9.46    3.39   28.34   16.68    1.34    4.97    3.52   13.00   11.44    8.41    0.79    0.55    1.16   11.06    1.72    7.26
PSATIPSI   -21.84  -42.58   42.64   24.68   25.53    0.33    0.02    0.03    0.63    5.69    2.87    0.93    8.98    5.27    6.93   18.14   29.75   15.26    9.99   23.62   14.79   10.29    4.13    4.35    0.27    0.17    0.42    2.81    4.58   15.17    7.85    8.64    5.80   23.52   10.00    3.52   11.06    3.74   24.87    5.91    4.24    0.24    0.43    0.65    9.47    0.43    4.35
PSATTCLJ   -22.69  -43.83   52.84   18.18   34.33    1.22    1.23    0.57    1.69    5.72    3.07    0.51    6.45    5.03    4.03   18.05   15.75    9.12    4.64    9.31    9.38    2.67    2.06    0.49    0.00    0.08    0.00    0.61   13.02   11.95    4.50    7.42   14.74   14.95   11.99    9.92   27.37    1.22   42.39    5.07    0.15    0.00    0.00    0.21    7.90    7.57    5.52
PSATBIGU   -25.51  -53.67   12.86   29.10    3.12   11.38   27.19   23.18    6.65    4.85    2.43   10.81    5.04   22.15    0.60    0.10    1.18    0.78    0.48    1.42    0.87    0.35    0.01    1.48    9.63   25.96   14.44   22.18   47.77   46.71   44.44   18.56    6.21    2.24   11.04   19.76   16.78    4.49    0.31    0.15    0.20    1.60   12.95    0.99    9.49   13.87    3.39
PSATBRAU   -21.45  -42.41   43.27   14.87    8.22    0.07    0.00    0.00    0.02   10.03    1.34    0.44    9.10    4.86    5.87   14.34   17.80   16.83    9.73   23.61   16.64    8.32    7.65    3.47    0.58    0.02    0.19    2.35    2.85   13.65    9.94    4.31    0.88   19.52   18.77    3.64    6.04    3.51   22.55   21.03    7.80    0.79    0.41    1.53    5.70    0.02    1.01
PSATSUIC   -20.08  -40.58    3.49    2.58    0.00    0.03    0.00    0.06    0.03    5.35    3.69    0.57    0.50    3.00    0.14    3.69    8.38    2.00   16.53    1.91    8.22   15.64   15.18    6.99    2.67    1.43    0.08    0.02    2.44    2.87   15.75    8.06    0.70    2.84    3.08    2.44    1.34    1.22    5.37   40.77   33.60    4.49    0.43   17.97    5.52    0.43    0.18
PSATJRI     -9.30  -64.70   11.87   12.85    4.00    3.48    8.49    8.86    9.27    8.36    8.56   18.21   10.88    8.37   13.41    6.33    7.31    7.70   12.06    8.68    6.62    3.97    4.46    6.27    3.47    5.26   10.28    2.23    6.97    5.28    3.29    1.83    3.47    2.36    0.73    1.39    6.66    7.98    4.84    2.26    3.66    2.40    6.44    4.41    4.67    9.99   15.92
PSATBENI   -14.59  -67.53   12.48    3.84    2.16    7.82   10.90    5.04    6.50    7.69    5.43    6.17    6.67    9.70   21.37    6.56    3.73    0.92    4.04    4.83    6.34    7.04    7.75    7.29    6.63    6.25    6.55    3.74   18.36    7.92    6.93    6.12   11.41    4.73    2.34    5.64    9.75   10.64    4.76   10.94    6.07    6.96   28.47   10.39   15.64   12.31    9.14
PSATEPB    -12.42  -64.42   16.35    6.41    3.17    4.16   10.75   10.01    6.68    5.81    4.10   10.53    5.96    6.50    7.80    7.33   11.48    6.71    4.69    5.89    6.26    1.82    4.46    3.38    2.42    2.73    5.42    2.26    5.45    1.16    3.29    3.08    3.47    5.73    5.40    2.30    5.45   10.25    8.22    2.18    5.09    1.77    8.68    4.96    9.79   10.28   11.57
PSATEGM    -10.79  -64.35   16.80    6.03    4.51    6.29   16.05    8.31    7.01    5.98    4.85    8.09    7.04   14.51    9.86    4.90    4.75    1.78    5.72    4.55    5.86    4.24    5.98    6.29    7.68    7.78   10.34    3.82   12.98    8.83    7.11    6.56   12.60    4.72    4.32    8.47    6.83   15.19    5.77    4.61    4.48    5.97   18.70    5.59   12.86    7.82    5.61
PSATSTOA    -8.79  -63.95    6.01    8.38    3.04    7.73    9.10   19.69   10.17    5.25   19.84   29.97   11.92   15.18   12.10   17.58    9.77   12.34    3.96   13.96   12.64    6.80    6.79    5.37    5.29    3.68    4.64    6.38    5.30   10.90    9.05    6.26    2.27    5.35    5.31    2.63    5.71   10.14   18.15    6.16    9.77    7.42   12.46    6.72   10.27   12.90   17.04
PSATENC     -9.90  -66.62    6.52    5.41    1.84    1.46    6.85   11.03    4.54   10.34   12.67   26.36   10.35    2.36    9.45    6.02    6.39   15.22   11.52    9.02    3.51    5.93    3.23   10.02    1.30    2.48   11.94    1.59    2.28    5.20    3.88    0.84    2.92    4.23    0.24    0.63    7.56    7.14    6.82    1.71    2.86    2.05    3.85    7.85    8.70   13.95   21.84
PSATAMY1   -11.71  -70.63    4.18    2.89    1.84    2.31    4.49    1.34    7.54   11.19    8.57   14.93   10.18    2.93   14.62    5.45    3.44    0.49   25.91   12.45    9.10    3.00    5.65    8.36    2.29    4.54    8.48    3.47    4.44    7.88    3.13    1.48    1.74    0.64    0.63    1.19    5.77    8.14    4.17    2.23    3.05    1.67    1.51    2.03    1.63   11.97   11.37
PSATAMY2   -12.37  -71.17   15.11    8.72    7.49   11.81   11.39    8.23   11.20   14.60   10.69   10.16    7.70    7.43   23.47   13.78    4.19    0.96   16.00   11.96    6.77    6.37   12.41   12.48    9.52    4.22    7.22    5.03    7.09    8.55    3.87    3.70    4.30    2.90    2.15    3.63    9.02    9.06    6.18    4.18    7.74    6.52   10.45    8.96    8.10    8.48    7.84
PSATAMY3   -13.75  -70.18   21.31   11.83    5.46   24.67   17.82   11.15    7.53   11.24    6.58    9.82    6.63    7.64   21.25   20.59    6.82    7.52   10.05    7.05    7.33   15.25   18.48   12.45   18.46   12.88    5.99   14.36   24.72   12.13    8.23   10.08   15.84    8.12    4.55    5.63   14.39    9.73    3.23    5.43    7.74   11.84   33.04   13.57   13.98    9.85   11.89
PSATAMY4   -13.45  -69.47   16.81    6.77    4.81   10.61   11.81    7.69    8.73    4.20    5.08    8.63    9.89    2.56   30.09    6.42    2.68    3.88   12.07   12.75    6.15    9.21    7.59    7.13   10.69    5.27    6.50    5.14   21.23   15.73    7.34    8.56    6.89    1.37    2.28    2.96    5.53    6.98    4.89    3.20    4.46    8.77   12.54    2.75   16.63    6.84    8.50
PSATJRN    -13.37  -59.01   14.29    4.57    3.93    9.15    4.04    7.80   13.24    2.58    8.08    4.74    1.65    2.06   19.72   17.99   16.37    3.29    2.24    6.87   20.19    1.99   18.87    8.07    6.60    8.67    1.11    3.76    1.31    2.82   10.89    3.51    3.95   17.68    9.51    9.31    1.39   13.50   13.15    3.04    7.78   11.17    3.30    3.16   31.77   12.07   17.59
PSATAPI    -10.34  -56.98    7.79    5.43   23.80   11.10   10.14    8.41    3.94    5.31    3.92    6.77    4.52    2.31   13.08   16.26   26.25    1.32    3.09   13.26    8.52    8.06   13.72   16.67    8.40    8.66    6.05    9.13   19.69    2.77    6.07    2.46   12.32   21.58   18.11    3.02    3.87    6.74    7.14    8.78    5.62    2.59    8.26   11.83   32.75   21.51   15.65
