PSATAGV    -19.89  -50.35   25.21    9.30   26.50   28.60   17.33    5.91   19.90   13.72    8.74   11.69   10.69   10.81    3.52    8.74    4.22   19.16   19.13   20.20   12.06   19.62   22.01   21.74   28.58   16.95    0.89    0.18    0.80    1.49    0.80    5.22   20.29   29.32    2.33    0.70    0.33    5.96   10.81   13.07   14.27    8.30    0.82    0.03    1.93   17.67   10.07
PSATCMG    -21.28  -44.63   34.05   12.77   15.08   12.89   16.83    6.70   15.55   21.95   12.94   11.36   10.32   10.09    3.20   13.64   18.34   21.41   10.57   14.79   12.49   19.08   21.21   29.01   24.27   16.46    0.17    0.12    0.19    5.12   13.55    6.45   12.25    8.05    0.89    0.16    0.45    3.42    9.23   14.33    4.34   11.64   24.18   12.34    6.24    1.37    5.76
PSATCES    -20.25  -48.16   15.61   20.12   26.21   21.62   23.42   12.24   18.21   10.70   12.83    4.69   16.24   16.14   11.92    7.55    3.60   19.83   13.07   23.80   12.51   12.83   21.71   14.97   36.88   17.95    0.00    0.00    0.72    4.11    3.73    9.86   31.47   14.36    5.29    0.26    0.06    3.41    8.18    7.97    6.26   14.03    4.49    1.16   12.54    2.65    5.01
PSATELC    -21.60  -46.95   17.81    9.33   26.68   19.02   24.57   16.84   15.49   17.90    9.92    1.91   24.45   20.67   21.43   10.04    1.81   16.64   14.52   23.97   11.13   18.79   27.38   23.81   40.87    4.03    0.00    0.00    0.16    2.15    5.47    9.45   23.47   17.08    6.37    2.28    0.08    1.54    5.59    2.20    3.33   10.76   10.85    0.36    2.23    0.69    6.05
PSATFUN    -21.14  -45.04   33.12   15.59   16.78   17.95   17.39    6.34   16.22   29.48   14.52   13.50   14.79    9.97    4.70   14.32   17.66   29.46   14.04   13.39   13.06   21.00   25.62   34.97   23.90   30.26    0.02    0.01    0.63    2.56    4.36    7.76   12.77    6.69    1.07    0.08    0.06    4.18    8.95   14.48    2.85   12.09   22.78    9.88    5.35    0.72    4.46
PSATFUR    -20.67  -46.32   19.27   13.58   25.15   12.98   20.69   12.38   13.62   20.60   12.82    8.07   19.16   16.73    3.08   10.54   13.30   20.98   14.92   18.20   16.17   17.67   29.78   19.32   33.31   16.91    0.00    0.00    1.23    3.10    5.00   11.17   21.38   11.28    1.76    0.54    0.21    1.30   11.94   10.07    4.00    9.08   20.72    2.70    8.50    0.94    5.72
PSATMRB    -20.30  -49.18   19.40   15.61   33.56   25.07   26.35   13.09   15.71   17.26   12.97    7.19   14.68   14.94   14.35    7.80    4.20   17.19   14.05   30.15   15.32   20.79   22.73   18.14   40.22   14.96    0.13    0.01    0.52    2.75    3.03    9.26   20.79   17.64    4.43    0.26    0.04    7.66    8.41    7.10    7.68   10.96    3.00    0.14    7.79    9.95   13.08
PSATPRG    -21.59  -45.67   26.48    9.69   19.53   13.32   19.94   19.22   18.29   19.41   11.60    5.94   16.00   25.30   20.82   12.75    5.91    8.83   13.66   21.59   15.44   14.82   33.22   21.11   37.72    1.53    0.00    0.02    0.22    3.06    3.53   10.14   21.22   15.77    8.00    4.43    0.30    0.90    7.77    9.02    2.98   21.04   14.22    1.14    6.10    3.41    5.62
PSATPAS    -21.02  -48.18   29.07   10.96   23.17   14.04   26.80   10.98   17.02   14.55   13.19    3.83   15.97   21.61   20.79    7.55    1.61    9.77   11.19   15.34   12.50   20.71   23.52   24.39   40.18    3.71    0.00    0.00    0.13    2.33    2.55   10.83   14.45   17.32    8.58    1.97    0.07    6.07    9.57    4.79    4.35    9.02    2.22    0.00    7.64    4.51   15.74
PSATPTB    -21.61  -45.49   28.35   10.18   11.24   12.44   25.92   16.03   13.97   21.52   14.54    8.90   16.46   16.58   19.43   11.79    6.47   13.98   12.43   18.86   23.71   15.11   28.85   18.84   41.30    2.85    0.00    0.01    0.54    3.74    5.78    9.29   24.61   19.05    2.64    0.50    0.23    0.61   11.27   13.72    2.27   11.80   19.98    3.46    7.00    1.16    5.93
PSATPTC    -20.00  -48.55   19.76   23.46   26.82   25.27   21.13    9.99   15.87   10.80   13.63    5.82   16.92   12.53    4.73    5.91    7.25   21.26   12.57   21.77   14.94   16.68   24.54   11.72   25.36   29.98    0.46    0.06    2.54    4.82    4.84    7.26   26.78    7.52    2.41    0.22    0.09    3.98    8.45   11.63   12.59   15.38    6.59    2.10    9.78    6.14    5.74
PSATFZA    -26.00  -51.65    0.02    0.34    0.09    0.80    0.93    3.95    3.56   12.10    3.80    0.70    9.83   15.29    1.90    0.87    0.24    0.47    1.29    1.95    0.47    8.87    9.84   19.18    1.17    0.78    0.17    0.04    0.00    1.29    0.68   10.36   27.51   12.31    3.69   13.10   12.44    1.16    5.41    6.40    6.83    1.50    0.05    0.24    0.73    0.29    6.56
PSATJSG    -25.78  -52.00    0.00    0.08    0.01    0.43    0.52    4.14    5.38    9.59    3.44    0.53   20.11   13.31    4.44    1.34    0.58    0.48    0.65    1.45    0.40    6.33   11.54   16.42    0.36    0.19    0.03    0.01    0.02    2.54    0.48   10.38   19.61    4.44    2.51   13.23   10.72    1.72    3.81    4.53    9.10    1.71    0.00    0.02    0.10    0.02    5.08
PSATSCX    -25.53  -53.48    0.00    0.00    0.00    0.55    0.68    5.15    5.20    9.37    3.06    1.01   18.87    8.00    1.89    1.46    0.74    0.63    0.73    0.98    0.84    7.75    8.41   14.27    0.37    0.04    0.39    0.00    0.05    0.83    0.17   18.66   10.20    2.77    3.41   10.39   12.29    1.82    1.82    2.95    8.01    1.75    0.00    0.00    0.01    1.16    8.20
PSATSCL    -25.49  -51.74    0.00    0.00    0.00    0.80    0.96    5.42    8.12   18.88    2.80    1.24    9.13   11.40    3.04    1.95    0.59    1.15    1.06    0.76    0.33    8.38    9.50   11.15    2.88    0.05    0.02    0.01    0.00    0.54    0.40    8.95   20.34   13.79    6.73   18.38   20.77    1.53    3.48    5.52    7.39    1.79    0.00    0.12    0.17    1.04    9.37
PSATUVT    -26.23  -51.08    0.13    1.19    0.68    1.69    1.46    2.38    6.01    9.43   10.48    1.01    2.53   22.36    0.82    0.35    0.13    0.49    1.17    2.30    0.81    5.89   13.46   21.61    5.34    2.02    1.09    0.50    0.25    0.34    0.51    2.60    4.52   13.38    7.96   12.82   10.92    4.27    5.02    7.59    4.58    5.98    0.25    0.55    1.30    1.10   26.25
PSATBSM    -24.19  -53.74    0.00    0.00    0.00    1.06    1.18    7.05    6.17    5.89    2.04    4.17   23.43    5.40    1.71    0.60    0.32    1.08    1.77    1.21    3.74    8.05   12.75   14.27    1.95    0.05    0.25    0.00    0.00    0.18    0.03   16.41   11.45    3.85    7.71   21.46   22.29    2.28    9.01    4.45    4.39    0.62    0.00    0.01    0.02    7.07   13.23
PSATFLE    -22.97  -54.56    0.02    0.01    0.24    0.90    0.39   13.56    5.09    1.28    1.06   10.64    9.91    0.63    0.23    0.11    0.48    4.51    4.56   12.09   12.31   17.54   23.01   16.19    1.96    0.25    0.15    0.00    0.00    0.01    1.21    8.25    1.97    1.22   10.99   20.67   10.48    5.94    4.14    4.96   10.49    1.01    0.00    0.01    0.00    0.10    2.80
PSATITP    -25.42  -54.58    0.01    0.01    0.05    0.68    0.59    7.33    7.75    1.45    1.05   12.37   11.67    1.34    0.43    0.10    0.25    2.64    3.34    6.98   12.49    6.45   14.26   15.26    2.26    0.06    0.15    0.00    0.00    0.02    0.11   13.91    6.60    1.94   10.10   18.83   14.62    4.23    6.73    3.44    7.49    0.91    0.07    0.00    0.00    0.88   13.66
PSATIVM    -22.38  -53.53    0.01    0.01    0.18    0.68    4.18   10.42   11.47    1.01    1.65    2.62   10.35    0.56    0.39    0.10    2.93   10.49    9.00    8.98   22.78   18.64   17.50   14.82    4.57    0.45    0.19    0.00    0.00    0.01    1.04    8.73   10.93    2.80   16.57   17.39    8.44    9.09    9.41    4.01    6.04    1.16    0.01    0.01    0.00    0.73    9.19
PSATPTQ    -23.18  -53.17    0.00    0.01    0.06    0.63    1.63    3.04    9.11    6.81    1.95    3.21   16.28    8.24    1.33    0.64    0.23    2.31    1.85    4.09    3.87    7.07   13.18   21.22    6.43    0.08    0.11    0.00    0.00    0.00    0.04    7.58   12.81   10.74   21.84   31.00   30.63    3.00    7.05    4.09    4.83    1.01    0.16    0.08    0.08    9.45   15.21
PSATCBI    -17.99  -48.54   10.84   14.66    4.70    7.50   11.29    9.31   14.29   11.46    7.75    8.76   13.10    7.52    2.98    4.91   10.29   13.17   20.13   12.48    6.06   13.84    9.99    5.24    3.00    3.93   22.75   14.93   21.22    8.00    9.27   16.71    6.07    4.19    0.23    0.29    0.47    3.04    9.45   12.14   11.33   17.33   21.97   14.07   30.24   10.70    0.72
PSATCBIV   -16.15  -48.67   12.65   13.03    0.33    5.07    8.62    8.61   12.52    3.75    5.75    3.94   11.81    5.17    4.34    3.06   12.47   15.57   12.86   18.81    8.56   11.77    9.10    4.36    2.15    2.37   25.12   10.89   23.57    3.96    7.89   16.13    1.95    4.25    0.50    0.18    0.59    1.76    9.75   11.31   11.54   23.35   25.81   30.72   41.34    9.05    1.04
PSATEMB    -18.45  -47.98   27.18   35.39   15.03   17.74   11.90    5.05   14.35   17.55   10.16    9.10   14.34   11.97    6.09    3.99   13.01   16.16   20.48    8.10   15.55   19.04   28.25   11.43   12.42   23.04   15.53   13.11    1.21   12.75   17.20   10.28   13.92    4.16    0.63    0.03    0.67    1.08   13.67    8.23   10.07   15.67   27.15    2.34   14.20    2.19    2.13
PSATIMBR   -18.42  -49.10   25.59   25.42   16.16   11.50   13.86    6.17   15.24   21.06   10.26    9.92   17.80   10.95    3.48    3.06    9.56   15.18   19.97   16.73   12.66   17.38   11.45    9.81   14.87   26.05   15.49    2.67    7.47    5.03    7.08   10.91   20.46    5.86    0.22    0.10    0.13    1.73   16.05   13.29   12.17   13.83    8.18    0.74    7.66   10.32    2.22
PSATNPTE   -19.13  -47.70   30.11   39.76   19.23   13.68   10.82    4.30   12.02   12.98    7.86    5.26   15.43   14.00    2.89    3.39    8.36   17.90   10.08    9.56   18.65   15.53   18.61   10.32   13.77   34.27    4.72    3.10    1.73    6.07   16.75    7.93   18.05    5.53    1.98    0.05    0.18    0.92   12.91    7.71    7.70    5.79   27.02    4.93    8.50    2.96    1.73
PSATARV    -18.07  -50.16   21.50   30.25   16.24   10.41    8.68    4.30   12.80   10.83    6.10    7.97   12.02    9.71    6.48    5.35   11.14    7.76   16.67    9.38    7.91    3.61    3.57    6.47    7.89   13.08   17.68    5.46    7.46    3.27   11.48    8.74   10.46    4.07    1.41    0.30    0.09    4.16   16.00    9.81   16.98   11.49   13.10    0.47    1.87   19.06    5.72
PSATSFC    -18.05  -47.68   19.31   30.71    9.04   12.06   13.13    9.14   12.13   16.11    9.43   11.14   12.36    8.48    6.65    5.83    8.43   20.96   22.38    7.81    6.32   14.97   14.26    4.83    2.99    8.62   22.48    8.89   15.54    9.77   12.48   21.59    4.65    1.38    0.19    0.50    0.80    2.63   13.93   10.91    8.75   16.40   26.48    5.09   21.09    1.93    0.70
PSATSSM    -19.02  -50.50   30.05   26.69   22.73   13.99   15.94    7.52   22.79   16.95   12.17    9.75   10.66   11.07    5.09    3.67    6.38   15.23   19.34   17.64    9.39   13.55   17.69    8.41   16.95   28.96   13.89    2.55    7.30    2.76    3.48   11.68   15.46    8.43    1.19    0.32    0.15    3.65   21.89   13.72   18.71   10.71    7.69    0.73    3.86   18.16    2.67
PSATCNI    -22.94  -50.52   11.58    1.43    2.01   17.29   44.87    4.41   14.47    7.24    5.17    2.56   11.31   21.75    5.59    0.96    0.75   18.73    3.28    3.99    3.25   13.46   15.37   68.57   40.53    0.18    0.00    0.00    0.04    1.10    0.86    1.05    9.54   15.02   19.89   13.90   15.67   16.33    2.18    8.88    4.88    3.56    0.46    0.01    0.63   32.59   10.02
PSATCPV    -22.65  -51.33    3.68    0.08    1.02    9.14   11.05    4.82    8.45    7.19    3.40    4.74    5.71   16.04    1.72    0.75    1.03    9.28    2.21    6.53    6.87   16.72   20.24   29.31   20.33    0.14    0.02    0.00    0.00    0.08    0.64    0.72    8.03   20.19   31.77   32.52   21.87   10.17    4.50    7.88    4.73    3.67    0.74    0.08    0.06   25.67    7.95
PSATCHT    -23.01  -49.73    2.04    0.31    1.33    9.72   19.57    3.30   11.51   13.08    6.13    1.63    4.77   22.18    5.77    1.03    1.07    7.48    3.01    2.84    3.01   15.53   12.96   18.33   16.77    0.47    0.25    0.08    0.02    0.05    0.88    0.96    6.07   27.69   21.72   20.92   16.18   11.37    4.03    7.47    2.94    2.74    0.88    0.28    0.15   29.08    8.63
PSATJUR    -23.22  -49.23    3.04    3.36    1.96   12.95   47.51    8.99   11.68   16.44   10.45    1.54    4.79   22.67    5.08    0.95    0.96    8.74    3.30    4.93    1.94   11.93   17.06   22.64   33.63    2.23    0.68    0.42    0.05    0.56    1.71    1.50   13.39   22.89   17.88   13.18    7.44   14.49    2.32    7.76    3.66    5.42    3.00    0.78    0.65   30.28   13.39
PSATMAU    -24.06  -50.71    0.01    0.05    0.11    3.09    6.57    1.91    8.58   11.38    5.25    1.19    5.22   20.11    1.79    1.32    0.68    0.93    0.69    1.92    1.02    7.02   16.73   16.22    2.45    0.19    0.22    0.06    0.00    0.00    0.03    2.76    2.84   12.87   19.37   26.46   15.60    4.88    4.65    7.43    2.46    3.72    0.18    0.22    0.25   11.69   15.97
PSATROS    -22.50  -52.87    0.53    0.04    0.10    1.02    0.95    8.30    7.90    5.96    1.28    6.45    9.98    9.07    0.38    0.39    1.22    7.89    4.68    6.85   10.02    9.03    9.48   27.37   11.27    0.11    0.01    0.00    0.00    0.01    0.17    5.50    8.49    6.06   24.95   42.42   30.63    9.50    7.47    3.41    4.06    2.01    0.85    0.01    0.01   13.54   18.92
PSATQMD    -16.21  -47.33   11.38   32.96    6.67    5.93    5.93    4.31   14.31    6.14   15.76   11.28    9.80    3.68    4.52    8.12   12.42    4.64   15.40    9.37   12.24    3.84    8.17    1.14    1.14    1.95   27.83   16.01   19.72    8.22    9.55   23.41    3.51    0.82    0.31    3.55    0.56    4.04   15.21    7.00    2.82    8.71   33.17   39.28   20.84    3.65    0.64
PSATRBX    -18.95  -44.76   30.55   22.85   13.81   13.79   15.92    4.78   11.66   29.62   19.10   18.12   17.91   14.60    1.53    7.10   13.56   15.56   12.32    8.07   11.33   10.07   16.18   26.53   13.35   30.23    0.41    8.49    2.26    2.13    8.77   14.81   11.00    3.17    1.07    0.00    0.05    5.78   15.53   15.79    8.92   13.75   36.66   24.63    4.86    1.91    3.91
PSATSFR    -15.93  -44.86   26.32   23.12    4.02   15.61    3.25    9.17    7.63    6.15    7.45   11.44   10.73    2.65    3.97    5.77   10.77   13.30   12.83    9.59    7.70   10.20   11.38    6.14    0.78    6.13   30.12   34.66   25.27   18.89   18.83   10.60    7.39    0.85    0.71    4.59    1.21    4.09   21.09   15.86   13.51   19.99   31.52   38.34   20.55    1.11    1.05
PSATSRM    -16.37  -45.07   27.98   24.14    8.85   14.22    7.65    4.13   13.06   15.43   16.26   13.30   15.40    5.57    3.11    3.27   13.00   12.69   10.34    7.14   12.82   12.78   16.32   13.94    4.96   17.24   14.21   17.90    8.87    7.76   16.26    9.57    6.61    1.24    0.51    1.17    1.00    3.08   14.59   15.52    9.66   20.75   40.32   27.95    8.86    2.76    1.88
PSATTMR    -18.16  -45.27   29.89   29.26   12.45   14.38   14.49    5.12   14.02   20.57   18.12   16.42   16.16   14.98    1.05    5.33   16.05   19.08   15.05   12.32   15.72   13.38   24.28   22.93   10.34   25.02    1.59    9.96    3.33    5.34   13.70   12.10   16.58    6.22    0.70    0.11    0.10    4.39   16.26   12.33    9.26   16.08   41.04   16.16   14.44    5.70    3.36
PSATBOQ    -11.35  -43.83    9.04   13.65    0.67    1.61    7.87    2.02    4.27    0.82    0.82    4.89    8.03    4.03    3.38   12.89    3.43    0.91    1.02    1.38    2.19    1.23    1.31    3.35   10.65    5.02   12.21   16.96   14.24   20.68   21.03    6.35   12.97    0.42    0.17    1.62    4.78    9.86    9.57    4.98    8.56   12.91   28.28   20.46   14.27    0.93    5.90
PSATBBO    -22.52  -48.55   17.68    4.85    4.03    9.08   31.08   13.95   16.19   14.11   10.80    2.46    6.83   17.73    9.35    3.05    1.63    7.64    6.87   14.26    5.34   12.93   21.31   24.68   35.82    1.40    0.06    0.09    0.05    2.72    3.09    6.36   16.16   14.22   18.59    9.42    1.30    8.43    5.14    6.60    2.76   10.94    5.06    0.12    2.87   17.19   15.67
PSATESZ    -23.46  -46.91   24.19    4.97    7.16    5.12   13.82   30.70   12.59   17.76   19.05    2.50    1.72   11.52    1.59   11.18    2.50    5.08    5.45   11.23    4.16   16.74   23.10   20.87   56.71    9.65    1.13    1.94    0.10    2.65    6.40    7.18   17.35   31.97   14.17   13.78    3.84    1.66    4.07    8.74   10.88   31.23   19.51    0.90    6.09   28.98   13.73
PSATIBT    -21.76  -48.99   15.09    9.19    3.22   29.75   39.60    5.99   15.30   11.18    9.61    3.47    8.94   19.21    4.58    1.31    2.01   13.25    6.76    8.80    6.34   12.58   20.29   32.68   39.49    0.23    0.00    0.00    0.05    1.95    0.88    2.74   12.59   18.55   14.86    4.88    1.98   11.19    8.15    6.65    3.56    3.56    1.08    0.00    8.01   16.23   18.02
PSATNAV    -21.12  -50.20   18.09    1.84   10.58   42.49   19.37    6.59   14.78    8.99    7.56    9.46    7.98   18.48    2.28    3.90    2.96   12.49   13.07   12.83    9.84   13.55   17.08   22.22   33.41    2.69    0.00    0.00    0.08    1.89    1.07    2.14   19.17   23.70    9.37    5.41    3.77   16.03    8.28    6.16    5.96    5.03    0.11    0.00    4.12   18.86   13.86
PSATSME    -13.40  -48.30   27.43   13.71    4.67    7.87    9.20    8.48   10.55    4.23    9.92   15.39   11.87    7.62    9.72    3.02   11.67   10.11    9.81    9.02    8.85    9.69    9.66    8.87    5.80    8.31   19.13   25.61   21.12    7.23   12.25   11.12    4.86    5.72    0.26    1.29    0.83    5.42   11.81   11.18   10.18   14.94   26.30   47.29   25.66    9.75    1.04
PSATBGR    -27.78  -51.20    0.00    0.78    0.29    1.01    1.52    5.44    3.28    9.16    9.11    1.09    1.76   16.60    2.33    0.05    0.07    0.63    4.07    0.93    1.09   11.07    9.93   35.37    2.58    0.49    0.35    0.03    0.33   11.17    2.87    8.80   10.87    9.29    1.49   10.60   10.07    7.26    4.81    4.88   10.99    0.63    0.00    0.00    0.13    0.21    1.55
PSATCNV    -27.60  -51.33    0.01    0.66    0.13    0.89    1.78    3.77    5.90    6.80    9.99    1.31    2.09   18.58    2.04    0.12    0.00    0.61    1.49    0.74    1.78    5.66   13.74   32.38    1.11    0.47    0.67    0.12    0.10    8.44    0.71    9.07   10.23    8.81    1.53   10.62    7.08    3.56    5.64    5.48    9.29    1.23    0.01    0.02    0.55    0.21    2.94
PSATFCH    -27.14  -53.04    0.00    0.00    0.00    0.02    0.02    0.86    2.37    9.24    1.53    0.35   75.68   11.38    1.22    0.21    0.03    0.00    0.00    0.18    0.34    8.32    8.32   17.44    0.49    0.00    0.51    0.00    0.56    2.12    0.10   26.47   15.21    1.28    1.05    1.17    9.49    1.00    0.83    6.83    7.03    1.02    0.00    0.00    0.00    0.00    0.34
PSATITA    -27.27  -52.38    0.00    0.02    0.00    0.12    0.06    2.14    2.24   10.76    6.21    0.61    4.34   19.65    1.50    0.13    0.06    0.02    0.05    0.33    1.10    8.02   15.47   27.92    0.73    0.22    0.20    0.01    0.50    4.50    1.00   15.04   24.40    3.68    2.25    6.42    7.72    2.23    1.31    5.33    8.59    1.62    0.01    0.01    0.17    0.05    4.66
PSATMCD    -27.52  -51.78    0.00    0.00    0.00    0.01    0.11    0.68    0.76   10.75    2.68    0.66    2.36   21.88    2.42    0.07    0.00    0.01    0.07    0.07    0.92    4.70    9.22   34.64    0.39    0.00    0.02    0.00    1.00    5.32    3.41   21.70   30.28    1.64    2.37    2.71    3.17    4.01    1.24    3.01    6.63    0.23    0.02    0.00    0.03    0.00    0.70
PSATMOJ    -27.35  -52.73    0.00    0.00    0.00    0.00    0.06    0.85    0.37   13.07    3.94    1.11   39.02   13.59    2.58    0.04    0.00    0.00    0.04    0.05    1.37   11.67    9.63   17.81    0.40    0.00    0.74    0.04    3.05    5.33    1.37   17.25    7.65    1.73    1.40    7.07    8.80    1.49    0.80    4.00    7.36    0.18    0.00    0.00    0.00    0.00    0.24
PSATQQX    -26.66  -52.54    0.00    0.00    0.00    0.85    0.48    2.93    1.48   11.05    2.54    0.63    4.76    8.01    1.99    1.82    0.72    0.14    0.20    0.98    0.37    6.53   13.62   22.44    0.64    0.08    0.31    0.00    0.15    3.72    0.92    9.83   18.55    1.88    2.36    7.61    4.86    1.66    1.48    5.36    8.91    2.00    0.00    0.00    0.02    0.03    3.40
PSATPSJ    -28.14  -55.05    0.00    0.00    0.00    0.00    0.18    0.80    0.41    8.00    1.14    0.55   46.13    5.60    0.79    0.00    0.00    0.00    0.03    0.00    1.06   10.20   15.26    7.47    0.57    0.00    1.19    2.82   12.14    1.37   15.11   21.87   15.26    1.35    1.30    2.31    2.17    2.69    1.22    4.03    4.17    0.02    0.00    0.00    0.00    0.00    0.03
PSATESP    -18.68  -51.87    9.64   22.77   28.06   13.05   16.45    6.94   13.35    5.81    3.02    2.06    1.62    7.16    8.68    2.03    7.64   10.44    7.25    5.91    5.80    4.59   12.68   11.31   19.18   17.35   18.95    0.44    0.29    0.85    7.28    3.30    8.76    6.96    4.10    0.18   12.02   11.98    8.62    7.32   24.23    3.20    1.56    0.12    0.40    7.32   10.71
PSATSRC    -19.16  -50.76   19.11   23.69   30.54   13.75   13.85    4.90   12.88   11.49    3.89    3.29    4.17    8.20   13.40    0.63    3.29   12.97   16.33    8.65   10.79    4.93   11.00    7.72   16.42   21.07   15.53    0.56    0.50    0.55    7.04    6.61   15.72   10.49    2.50    0.09    3.71    8.07   14.92    9.41   21.02    4.93    4.61    0.34    0.58    7.74   12.75
PSATFRCL   -19.12  -50.64   24.34   37.79   36.46   23.97    8.61    3.69   14.47   12.63    3.49    4.23    5.64    7.29   13.75    1.29    3.90   12.12   19.37   11.53    8.57    3.80   11.72   11.17   14.26   19.65   13.66    1.29    1.12    0.68    8.51    6.70   13.94    4.87    1.03    0.37    1.00    9.22   15.18   14.81   19.40    4.51    8.13    0.47    1.13    9.25   10.44
PSATISOT   -20.40  -51.35   10.94    4.25   12.57   14.30    7.09    4.59   16.57   12.24    6.44   11.06    6.51   14.33    5.92    4.55    3.66   20.96   18.17   20.00   12.46   18.41   23.83   23.70   28.07   13.67    1.50    0.19    0.31    0.85    1.58    5.17   18.70   21.79    9.14    2.60    4.71   13.78   14.62   14.33   10.41    6.27    1.82    0.09    0.71   24.97    7.46
PSATJUP    -20.86  -51.63    4.00    3.71    3.08    3.52    6.57    6.68    8.06   18.30    3.98    6.60    4.47    4.55    2.08    4.51    5.88   14.02   15.57   14.76   12.87   11.62   11.30   24.68   16.44    7.78    2.43    0.04    0.06    0.26    5.33    8.71   17.73   15.11    9.70    0.18    9.97   17.29   16.53   11.60   13.34    4.29    3.65    0.02    0.41    8.92   21.52
PSATSDG    -20.06  -53.18    2.17    1.46    0.66    1.33    6.08    6.12    6.65    9.49    2.05    0.72    4.74    4.08    0.43    5.28    6.79    3.91   12.86   13.25   10.24    7.39    6.68   22.13   10.97    6.71    1.13    0.01    0.01    0.24    9.43    5.34    6.17   20.22    5.71    1.52    9.98   13.73   12.15    9.87   11.41    5.86    0.70    0.01    0.07    1.92   29.49
PSATFZBT   -21.66  -52.87    0.28    0.22    0.15    0.53    3.71    7.51   14.46    3.95    1.86    4.60    9.05    1.38    0.31    2.48    4.07   11.29   12.56   14.40   14.59   14.53   11.63   11.11   13.87    0.77    0.30    0.00    0.00    0.06    4.87    6.56   11.94   12.35   19.21   23.82    9.68   11.32   12.54    7.33    6.64    2.89    0.35    0.00    0.01    1.19   23.77
PSATPPRA   -22.46  -52.91    4.24    0.38    0.29    5.54    4.62    7.30   10.85    7.23    2.54   11.26    6.68    8.99    0.57    0.80    4.95   13.06   13.00    9.64   15.83   21.10   16.76   33.64   19.58    0.91    0.02    0.00    0.01    0.30    0.55    7.39   13.76   13.64   23.30   14.18   13.88   18.75    8.80    7.83    8.20    2.77    0.65    0.00    0.03   24.07   14.26
PSATBTE    -13.69  -50.80   22.96   25.28   25.07   17.27    9.90   10.33    8.58   11.17   16.60   17.97   11.77   13.89   11.10    3.52    5.05    4.87   14.03   10.40    7.36    4.94    5.23   11.04   14.91   15.52   17.53   10.85    7.83    6.71   12.07    6.65   11.35    4.13    0.95    0.23    1.66   11.78   17.20   13.77   20.65   12.13   12.46    6.55    4.27    9.53   10.44
PSATARAG    -8.27  -49.26   16.48   18.55    9.45    9.79    5.62    7.90   12.38    7.33    9.69   18.81   14.04    9.75    9.15    6.10    8.94    4.85    3.36    7.49    4.48    5.66    9.57    5.25   13.03   11.83   17.83   13.73    9.57   18.14   13.50   18.00   15.31    5.32    3.16    5.00    7.69    8.99    9.99    7.97   13.57   13.26   17.41   13.36   24.88   12.97    6.63
PSATLAJ     -9.76  -48.37   21.96   20.01    1.54    9.06    5.40    6.79   12.45    4.36    9.77   11.53   10.52    6.30    8.99    6.05    9.98    2.31    5.24    3.41    6.72    3.58    8.59    4.12    6.03    8.33   14.14   20.63   22.29   18.89   22.88   19.79    9.62    2.22    0.22    7.44    5.99    4.55   11.91    7.56   14.53   16.60   23.39   19.99   26.09    6.56    1.84
PSATPTRL    -9.31  -47.39   14.67   12.07    0.30    6.25   11.73    4.06   17.74    4.68   15.03   14.32   10.95    5.95    4.11    7.87    5.36    1.10    8.06    2.33    7.38    4.59   10.10    1.30   22.31   12.28   13.79   11.97    5.23   18.65   29.88    6.27   18.55    1.31    0.93    2.69   13.86    4.34    8.68    7.10   15.98   14.06   37.68   27.44   27.18   14.43    0.80
PSATLJET    -7.33  -47.48    9.26    4.31    0.75    2.72   14.85    4.47   10.80    6.57   14.27    8.59    9.28    3.70    5.59    7.93    3.36    2.62    2.52    3.55    5.79   15.16   20.50    5.70   24.40   18.45   23.33    7.54    0.78   18.48   22.93   23.96   18.53    3.41    3.73    3.13    7.12    2.54    9.45   16.62   17.52   14.64   18.99   12.27   48.38   21.16    0.87
PSATUCR     -3.83  -49.65   10.59    3.59    0.92    3.08    7.78    7.17   10.64    8.43   10.60    7.13    5.07    3.18    8.35   11.23    8.65    2.40    3.13    1.31   12.63    8.66   16.91   14.01   14.21   15.54   31.19   15.86    1.31    7.76   18.23   18.53   21.47    9.38    6.83    6.64    9.13    3.49    2.53   10.78   15.83    6.87   19.78    6.58   22.59   21.30    6.09
PSATXIVJ   -29.07  -51.67    0.00    0.00    0.00    0.03    0.81    2.67    0.66   11.69    5.53    0.78    4.04   22.90    2.94    0.04    0.13    0.05    0.14    0.01    0.01   13.37   11.31   36.28    2.37    0.02    0.05    0.00    0.64    8.51    3.31   21.64   33.97    1.72    1.33    3.63    7.94    4.61    1.55    1.46    7.30    0.61    0.00    0.00    0.00    0.00    1.33
PSATDFRC   -29.45  -53.28    0.00    0.00    0.00    0.00    0.54    0.41    0.14   11.15    1.78    0.82   25.65   12.01    1.42    0.00    0.02    0.00    0.02    0.00    0.04    3.18   15.90    8.91    2.73    0.06    0.65    2.53   10.12    1.88   17.22   14.92   22.21    1.98    1.64    1.98    7.01    2.49    0.96    2.18    4.18    0.12    0.00    0.00    0.00    0.00    0.00
PSATREAL   -29.02  -53.19    0.00    0.00    0.00    0.00    0.30    0.83    0.07   11.67    2.69    0.62   25.24   11.38    0.78    0.01    0.05    0.00    0.00    0.00    0.08   11.36    9.57   11.76    1.20    0.01    0.47    0.51    6.39    3.03    4.33   17.45   15.87    2.53    0.81    2.38    5.25    3.06    1.01    2.02    4.31    0.12    0.00    0.00    0.00    0.00    0.04
PSATCTAV   -29.01  -51.39    0.00    0.77    0.41    0.51    2.14    5.08    3.35    4.58    8.94    1.17    3.49   30.47    3.55    0.06    0.15    0.34    2.10    1.08    2.70   12.79    8.79   37.27    5.24    1.67    0.13    0.00    2.02   12.01    7.11   14.22   25.13    4.80    1.15    7.38   10.39    5.72    5.84    3.35   11.81    1.23    0.00    0.00    0.05    0.21    1.00
PSATERNT   -28.56  -52.54    0.00    0.00    0.00    0.00    0.06    0.77    0.18   12.72    2.70    1.01   12.69   28.20    1.66    0.03    0.00    0.02    0.00    0.00    0.15   18.18   12.29   25.45    0.54    0.01    0.41    0.10    2.24    5.98    1.27   22.36   17.84    1.92    0.85    3.97    4.70    2.19    1.22    1.30    7.49    0.23    0.00    0.00    0.00    0.00    0.43
PSATSTPL   -27.14  -49.52    0.01    1.06    0.49    1.42    2.26    0.80    3.39    4.56   15.16    1.97    3.89   30.58    1.47    0.14    0.01    1.57    4.31    1.14    1.50    8.70    7.11   24.29    0.68    1.26    2.28    0.97    0.42    4.48    1.05    4.61    7.61   11.55    1.66    7.84    7.06    5.43    8.59    7.10    7.50    0.93    0.06    0.09    1.40    0.37   13.51
PSATCVCH   -25.14  -48.87    0.36    1.22    1.30    3.55    8.10    4.33    8.01   17.36   10.51    1.08    1.31   15.41    1.04    1.66    0.55    0.53    3.30    6.39    2.38   17.53    7.37   19.39    5.51    2.76    2.52    1.08    0.53    0.03    1.01    1.66    0.81   13.06   31.17   12.57   11.49    8.12    8.54    7.13    5.68    6.44    0.70    1.50    1.68    2.50   18.74
PSATAMY    -12.60  -69.12    7.00    1.10    2.88   12.42    9.70    7.62   10.49    6.84    8.69   12.45   30.02   17.06    5.13   13.60   18.13    9.35   12.52   13.08   17.09   10.95    8.94   10.39   34.18   16.88    5.03   10.00   11.83    6.70    3.15   10.42    5.00    9.42    4.16    6.50    3.04    7.31    5.55    5.80   12.31   26.89    7.30    1.80    2.06    2.24    1.50
PSATGJR    -10.73  -65.35    1.00    1.22    1.58    6.46    7.65   10.61    3.88    3.35    4.91   18.23   12.76    2.34    2.64    3.80    5.58    9.89   10.40    7.17    7.98   15.81   14.20   16.59    8.46    3.07    3.70    6.58    4.88    8.95   21.93    9.16    3.28    1.58    2.69    3.25    2.80    3.61    3.69    4.45   24.07    7.07    0.42    0.34    0.08    0.09    0.25
PSATPRNC   -12.43  -64.43    1.03    0.31    0.47    0.57    4.55    6.96    6.69    5.22    5.44    3.99   10.89    5.45    7.73    1.78    8.79   11.43    8.48    6.82   10.23    9.54    7.77   20.12   25.44    6.10    1.17    9.08    9.15   10.79   12.01   16.27    3.47    2.93   12.22   16.72    5.99    6.01    5.85    3.45   21.53   10.69    0.00    0.00    0.09    0.35    0.57
PSATSANT    -8.87  -63.97   21.37   17.12   11.45   13.31   12.15    5.01    7.09    6.05   14.54   10.31    8.71   18.19   17.84   11.79    8.24    8.49   11.04   15.69    1.84    7.50    6.69   12.99   19.77   27.51    4.95    9.94    6.98   14.01    0.37    3.93   13.99   16.41   15.20   20.89    7.72    5.30    7.53    4.60    0.01   10.49    0.82    0.01    0.32    0.44    5.65
PSATDARD   -10.16  -59.46    9.10   19.87   14.12   13.56    4.66    8.13    8.95    9.79   16.64    9.33    6.13   26.89   19.59    5.05   18.92   12.62    7.02    6.90   12.16   14.39   11.43   11.62   17.55    6.94    6.93   24.25   25.30    8.84   14.85   15.75   15.92    4.16   23.72   10.89   11.61   10.89   15.16    1.24    0.15   12.93    0.87    0.22    2.71    6.51   16.77
PSATGUAP   -15.12  -58.96    1.21    1.41    0.02    0.00    1.10    3.48   13.92    8.33    8.00    0.85   12.37    4.09    9.19    2.94    7.57   14.05   12.48    3.98   20.37   27.83   20.81   13.14   18.31   14.25    2.32   14.10    8.76    1.22    4.09   17.55    7.63   17.20   10.36    1.16   15.09    0.60    5.17    0.87    8.27   15.20    0.00    0.00    0.98    0.67    1.98
PSATJIRA    -9.25  -64.65    7.41    2.78    3.50    9.02    7.78    5.76    8.01    4.51    5.52    7.54   19.59   10.85    6.32    7.84    7.01    6.84   10.52   11.06    8.75    9.56   10.10   19.48   17.03   12.53    3.71   13.40    5.86    6.05    4.82    5.40    5.70    5.87    3.01    3.28    3.51    4.27    4.10    4.19   10.65   17.23    3.64    3.47    0.69    0.49    0.74
PSATROND   -11.99  -60.70    3.22    2.32    3.17   16.90    4.91   15.24    5.17    9.95   12.99    5.97   14.97   13.08   13.08    2.37    7.55   15.96   10.28    2.62   13.23   14.11   11.86   10.59   23.97   10.79    8.21   21.04   20.63   13.02    4.78   20.40    4.88    4.84   27.59    9.52    4.62   14.56   14.22    3.77    2.99   18.07    0.00    0.00    1.13    4.73   17.49
PSATSAMU    -8.75  -63.45   23.85   17.73   10.88   16.73    9.33    4.29   12.00    6.22   15.59    6.32    7.00   22.13   17.97    4.34    2.44   13.92   10.33   10.31    2.77    6.88    6.40   16.52   22.25   28.15    6.85   10.53    2.44    4.73    0.28    9.29   13.60    9.09   13.51   15.22   11.82    4.37    6.11    3.77    0.02    6.64    0.31    0.02    1.11    0.40    6.09
PSATBALB    -1.92  -59.47   26.01    9.67    5.79    9.69   16.26   11.55    6.03   54.69   14.71   13.04    5.95    2.69    3.21    0.22   10.12   11.55   19.22   11.55   16.56   15.25   26.72   15.44   16.47   26.63   16.71    3.80    0.01    0.02    0.07    1.23    9.95    5.66    7.59    5.74   16.84    3.93    0.03    0.00    0.23    0.02    0.00    0.01    0.02    0.32    6.05
PSATCUNA    -2.82  -54.30    6.96    3.26    2.39    3.11    9.98    5.44    3.39   23.77    2.91    4.44    9.83    2.45    5.70   10.90    8.51    9.51   10.96    1.09    9.52   11.24   21.22   13.24   18.42   16.30   39.72   10.40    0.56    0.56    4.12   18.30   11.14    9.14   15.97   10.86    4.45    6.74    0.00    1.02    4.28    4.08    7.49    1.29    1.14    0.78    0.38
PSATJARI    -0.65  -52.52    5.67    3.88    4.85    5.86    7.67    9.83    6.95   11.48    4.77    4.11    5.13    7.03    0.56   11.60    5.72    4.46    8.19    2.84    8.03    9.40   12.77   19.16    6.66   21.04    3.06    1.15    0.04    0.10    3.91    4.27    8.84   12.06    9.91   18.58    4.95    0.28    0.30    0.68    0.39    0.10    0.21    0.29    0.95    0.95    0.74
PSATFGOM     0.86  -51.20    8.38    2.03   10.02   12.67    7.04   20.15    6.30   13.18    8.77    4.26    9.14    7.02    0.47   13.79   16.24   12.51   13.63    6.51   10.64   13.13   15.45   17.83    9.08   21.23    1.01    1.16    0.20    0.04    6.27    2.77   14.09   18.39   19.90   19.26    7.32    0.35    0.43    0.85    0.52    0.13    0.38    1.31    1.45    2.44    0.79
PSATUBE     -6.75  -43.57   10.70    2.52    1.20    1.55    8.32    4.30   10.81    1.89   12.22    6.73    8.23    5.44    6.40    6.76    4.47    3.50    1.42    9.31    4.37    6.96   11.24    9.01   15.25   15.51   27.03   17.25    4.89   26.36   24.25   12.24   17.29    1.07    2.17    3.63    4.50    5.96   12.08   15.61   21.29   14.19   21.71   22.84   16.81   15.46    0.44
PSATBSOR    -6.74  -52.00   18.53   13.50   14.46    9.51    8.42    7.73   12.36    5.57   10.67   11.74   12.16   14.19   10.12    6.16    6.23    6.99    1.64    6.81    8.64    3.66    5.83    7.73   18.26   10.90   11.56   13.71   11.00   11.20   20.02   18.54   18.47    7.79    9.95    6.82    5.29    6.85    8.54    5.62   11.45   13.76   15.38   14.01   21.35   24.78   18.08
PSATBESP    -6.75  -51.77    5.40    7.38    1.55    1.75    9.65    7.58    7.55    8.05    4.92    5.87    6.94    9.45    4.07   12.25    8.70    3.34    0.76    4.49    5.44    9.99   14.51   14.19   19.70   12.18   23.68    5.23    1.10   16.45   14.10   15.59   16.01    7.24   15.29    5.31    6.29    5.21    3.66    1.46   10.82   10.80   17.13    9.77   18.87   17.66    2.77
PSATPIME    -3.41  -51.91   10.00    9.40    3.17    2.15    7.40    8.37    9.66   10.04    8.65    7.08   11.08    5.69    5.05    6.68   11.43    8.04    2.80    3.24    8.79   11.63   12.39   17.99   24.36   12.58   28.84   12.31    1.61   16.10   11.90   16.96   15.45   12.89   13.14    7.78    9.17    8.22    1.21    2.73   13.74   13.32   13.93    8.44    9.85   10.17    3.49
PSATIRAP   -16.74  -42.57   24.90   14.70    4.25   11.99   13.41    8.11    2.62   11.08    9.15   11.28    6.35    2.93    3.22    7.45    8.59    4.62    1.09    2.03    9.23    3.13    4.75    4.63    4.04    6.95   21.82    5.39   18.96    4.66   19.71   10.43    6.36    0.89    0.08    0.91    4.53    7.69    8.28   17.84    6.49   17.94   39.28   72.92   10.23    2.89    1.28
PSATITBI   -15.97  -39.59   19.61   12.15    5.84    3.43   12.15    4.55    0.53    6.76    7.19    9.80    3.04    1.63    2.14    6.07    1.57    0.52    0.19    0.23    0.67    0.92    1.54    0.82    1.95    9.16   16.35    8.41   20.00   13.73   17.82   13.01    1.93    1.18    0.11    0.21    0.97    5.29    7.61   16.79   15.53   12.00   23.96   32.06    8.52    4.05    1.73
PSATCOLI   -10.98  -55.77   16.44   15.76   14.86   11.27    7.87    8.68    9.65    8.76   14.91   10.48   11.31   18.84   16.34    4.71    6.39    7.62    1.64    8.35    7.75    2.21    4.67    7.56   11.76    6.32    7.83   20.49   10.51    7.43   16.48   11.25    5.77   10.72    8.57    7.11    5.47    6.67   14.04    4.91   10.51   17.72   25.13   19.33   26.21   19.22   20.68
PSATSAEL    -9.19  -57.04   30.37   12.32    9.29   13.38    3.81    7.15   12.13    4.68   21.17   22.70   17.55   25.86   10.97    5.61    9.05    5.14    3.64   10.17    8.64    9.94    4.32   11.19   19.54   12.09    5.32   13.67   18.31   10.06   16.93   22.58   11.87   10.53   14.25    6.64    5.61   10.76    9.80    0.06    4.44   10.04    7.73    2.51   11.94    8.43   11.32
PSATITQ    -17.09  -54.83   10.69   16.37   10.73   11.03   14.46    1.78    7.43    7.35    4.92    8.13    5.39    9.19    4.59    4.28    7.11    3.11   12.93   13.00    9.91    2.23    8.98   15.06   28.61   12.60   12.19    1.01    0.95    5.39    9.13    9.68   11.29    5.33    3.82    0.42   11.70   17.52   15.76   17.19   31.28    7.24    0.86    0.28    0.62    4.53   11.65
PSATJAU    -15.24  -58.73    1.60    1.28    0.01    0.01    0.89    6.47   12.12    9.86    5.94    1.63   10.23    3.70   10.31    3.10    9.76   15.95   10.90    5.44   20.88   25.70   21.18   15.39   19.49   15.82    2.44    9.56    6.34    1.45    5.17   17.09    7.31   14.90   10.04    2.03   12.84    1.23    5.63    1.34   10.26   16.10    0.00    0.01    0.63    0.74    2.27
PSATMAN    -14.87  -55.78   22.40   16.61   19.75    8.98   16.22    9.33   14.07    9.52    9.56   19.08    7.59   13.97   26.37   10.35   11.45    5.70    6.77   12.73    8.05    0.60    8.55    9.90    9.17   10.50   10.02    7.57    6.27   13.75    7.71   14.04    3.36    9.05    5.61    8.87    4.07    4.83   13.75    7.30   21.39   12.09    2.73    8.99   15.41    7.21   87.23
PSATPTP    -17.61  -54.83    3.98   10.10    5.39   11.32   17.31    1.45    9.36    8.39    3.64    5.44    6.60    7.69    4.27    7.17    6.89    4.00   17.49   14.67    6.30    5.66   12.64   15.99   23.47   16.36   16.36    0.52    0.63    4.59    8.39    9.71   17.74    8.56    2.77    1.20   12.64   13.77   15.03   15.86   26.95   11.83    0.26    0.09    0.11    1.33   22.10
PSATSTCL   -17.90  -40.20   16.11   10.98    3.76    6.13   12.56    7.99    0.14    9.70    8.99    6.66    3.58    0.77    2.20    3.97    0.45    0.12    0.15    0.01    0.14    1.01    1.66    0.19    0.68   20.77   10.40   11.68   17.27   16.32   13.09    7.67    0.97    1.73    0.16    0.21    0.29    2.26   15.99   21.44   15.74    5.40   27.91   34.84   10.78    3.94    3.53
PSATPDC    -12.58  -39.00    0.96    0.97    1.14    4.28    2.94    2.30    1.82    0.48    0.25    0.62    0.35    0.60    0.91    0.40    0.56    0.62    0.17    0.05    1.48    1.22    4.55    0.55    1.16   12.29   32.73   27.44   16.75   10.12    7.46    5.30    1.94    2.54    0.82    1.21    0.58    1.50    3.34   19.01   23.99   11.01   28.69   18.14    5.56    4.13    2.16
PSATROSA   -20.92  -41.72   19.26   49.81   14.11   29.49   35.92    6.79    0.96   23.14   15.61   20.16   25.26    7.54    1.69   19.97   13.77    2.38    0.25    0.62    1.48    1.03    8.35    9.49    1.03   34.34    0.60    1.32    6.41    4.28    9.64   15.25    3.46    1.53    1.37    0.45    0.14    9.00   20.36   12.62   10.86   11.72   59.27   28.74    2.91    3.43    9.82
PSATCAN    -20.21  -42.85   29.46   18.92   15.16   23.81   25.45    6.58    9.92   25.05   27.18   18.62   22.85   13.57    1.48   15.52   21.75   22.87    9.34    7.98    9.30   10.11   22.26   22.83    4.42   41.54    0.16    0.06    5.23    1.87    5.03   12.93    4.54    1.68    0.84    0.01    0.09   16.14   18.62   16.82    4.98   20.68   50.10   49.18    5.74    2.06    6.37
PSATSAC    -19.64  -42.85   18.06   27.41   27.23   26.33   13.97    5.60   13.44   22.24   19.66   13.67   22.33   10.53    1.35    8.74   11.38   20.62    8.24   24.50   11.84   22.76   20.23   26.73   11.60   26.04    0.04    6.73    6.89    2.54    7.13   18.58    4.86    1.97    0.91    0.03    0.14    3.32   11.15   17.16    3.13   22.19   63.31   42.66    6.02    2.68    3.39
PSATPES    -19.12  -42.66   18.92   43.63   30.51   27.34   22.47   10.15    6.99   18.57   18.69    5.37   15.15    7.20    1.12   11.00   12.06   24.33    3.41   18.46    5.29    8.95   14.32   12.92    8.33   13.14    0.65   15.65    5.24    1.59    8.58   10.20    5.78    1.17    0.42    0.05    0.34    3.35   16.40   22.33    6.29   19.90   61.49   34.44   10.55    3.88    3.52
PSATMAS    -19.50  -40.92   21.18   31.59   23.15   24.74   21.03    5.83    2.11   17.79   15.11   14.83   18.94    3.91    3.92   14.80   15.79    5.50    1.28    1.67    1.33    0.87    8.49    3.94    2.84   18.64    0.85    4.95    4.61    2.92    9.48   13.00    2.90    1.09    0.89    0.21    0.64    7.38   17.88   17.76   15.79   17.22   48.81   33.46    8.28    2.43    5.41
PSATSBR    -23.37  -45.87   25.49   11.00    8.21   10.92   13.39    7.13   16.15   19.57   22.22    3.67    2.71   16.46   14.54   22.09    1.36    0.63    5.41   21.55   17.11   28.43   28.03   19.16   49.45   11.80    1.54    2.00    0.08    1.93    5.07    5.48   19.78   22.89   31.66   27.70    3.51    1.80    7.21    5.74    6.92   51.85   28.33    3.07   10.30    6.55    7.64
PSATJAG    -23.20  -46.03   20.37    3.89    6.74    3.59   13.85   22.14   35.80   28.88   13.06    2.37    2.26   24.77    3.51   17.26    3.08    3.51    7.78   20.20   10.13   13.98   19.17   18.37   49.32    6.30    0.63    1.07    0.00    2.12    7.32   11.55   23.88   30.50   26.70   15.56    0.32    0.61   10.97    5.14    5.58   28.14   14.74    1.22    4.18    9.92   13.34
PSATFUNI   -22.53  -44.57   31.26   10.40   14.21   10.09   15.56   12.21   22.49   19.45   12.47    8.03    5.92   23.11    8.06   14.97    4.56    1.63   11.92   23.77   14.55   23.38   22.55   15.69   39.84    5.02    0.39    0.59    0.04    3.38    7.80   11.97   24.58   20.28   23.86   13.83    0.35    0.51   10.48    7.93    4.70   34.93   20.77    3.46    5.59    4.23    8.66
PSATSACE   -22.48  -43.84   31.33    7.30   17.50   16.37   18.46   12.15   31.74   51.55   31.20   12.43   10.30   16.98    5.32   21.24   12.81    5.13    8.64   22.89   18.67   24.12   21.45   11.04   18.46    8.93    0.94    1.73    0.01    5.06    8.09    6.26   19.65    9.76   11.39    3.61    0.49   10.48   19.44   12.79    6.50   25.82   17.26   12.33   11.60    1.68    5.75
PSATPIC    -21.91  -43.54   32.19   17.17   18.53   10.97   15.14   16.74   12.63   33.93   37.11   16.22   18.66   10.74    3.08   19.33   18.78   13.61    8.16   16.77   10.54   13.82   15.64   21.24   19.84   10.54    0.84    0.47    0.00    6.58   12.24    6.74   17.82    4.33    0.29    0.14    0.63    6.35    8.39   19.00    5.33   17.64   19.29   13.24    9.03    1.56    7.17
PSATSOGI   -21.94  -43.36   62.54   13.73   15.21   10.10   25.58    8.94   32.89   33.62   34.90   14.92   12.92   10.74    2.17   15.37   20.11   20.55    8.93   11.41    8.80   15.11   21.13   32.05   17.68   21.16    0.58    0.23    0.09    4.70    9.23    5.68   19.04    2.23    1.46    0.04    0.16   10.67    7.52   16.98    4.70   24.54   20.37   11.35    8.24    1.88    8.77
PSATIPSI   -21.84  -42.58   50.20   16.45   17.02   15.76   12.64   12.93   18.70   32.53   29.66   14.22   11.42   16.24    2.56   18.29   12.32   15.10    8.15   16.28   16.05   24.90   17.09   24.26   16.96   11.47    0.97    0.35    0.03    2.95    5.22    3.10    9.76    1.37    0.26    0.65    0.42   18.78   12.94   14.12    6.37   35.17   19.71   18.82   10.77    1.81    7.30
PSATTCLJ   -22.69  -43.83   31.52   15.58   20.68   13.75    9.47   17.18   31.38   28.34   19.61    1.59    3.10   13.12    0.87   27.16    1.98    2.66   13.55   24.29   27.33   28.35   29.19    9.95   16.25   17.81    2.55    2.00    0.00    1.16    1.63    0.89   18.69    8.59    9.95    4.96    0.17    6.94   12.28    4.09    8.90   27.16   33.42    8.33   22.64    0.92    5.58
PSATBIGU   -25.51  -53.67    0.00    0.00    0.00    0.47    0.57    5.28    4.97    8.14    2.69    1.84   17.95    6.59    1.66    1.31    0.66    0.60    0.72    0.87    1.12    7.57    7.40   13.52    0.32    0.03    0.43    0.00    0.05    0.68    0.14   20.24    9.07    2.49    3.24    9.78   11.38    1.73    2.37    2.89    8.15    1.74    0.00    0.00    0.00    0.98    7.49
PSATBRAU   -21.45  -42.41   41.66   14.90   13.97   17.33   31.58   14.57   24.96   30.54   38.03   18.36   17.83   18.32    1.70   17.12   24.04   30.51   13.49    4.23   12.13   18.01   13.77   32.99    6.24   42.08    0.25    0.10    0.69    0.45    4.69    2.41   10.99    1.71    0.50    0.00    0.02   24.47   21.58   20.01    7.32   28.25   37.48   43.47    6.17    1.82    8.03
