PSATAGV    -19.89  -50.35   23.02   13.93   13.31    2.26   11.33    6.25    7.27    7.88    4.52    5.43    2.64    6.31    7.30   10.52   15.80   15.54    5.01   12.78   15.14    9.90   19.79    2.39    1.24    0.04    3.48    4.04    5.98    5.87   12.51    3.71    4.41    6.82    5.05    5.21    4.94    7.96   11.09    9.61   15.46    6.52   12.14   13.18   12.84    5.90    8.07
PSATCMG    -21.28  -44.63   30.37   15.45   11.87    6.26    1.32   29.89   11.09    3.94    2.15    5.17    1.97    5.29    4.48    6.74    5.11    8.99   11.47   11.58    9.83    2.59    7.64    5.69    0.53    0.00    0.05    2.15   11.23    0.47    0.14    0.95    0.20    0.04    7.72    4.12    6.66    1.82    5.53   18.11   18.86   15.03   10.99   12.19   14.03    2.17    1.56
PSATCES    -20.25  -48.16   23.88   26.51   17.73    2.12    7.99    5.17    9.04   10.78   10.82    7.20    3.05    3.05   16.90    7.34   18.72   18.48   10.16   21.88   23.71    7.48   15.00    3.35    0.50    0.00    0.19    1.00   12.41    7.74    8.01    2.93    3.80    5.62   15.71   11.31   10.03   10.18    6.36    7.68   14.98   23.67   16.33   12.60   14.56    5.53    4.03
PSATELC    -21.60  -46.95   34.97    8.75   15.57    1.30    5.69    3.80    7.62    7.69    9.57    4.87    2.45    4.99    6.76    4.63   20.69   19.19   22.29   29.19   27.22   10.70    8.93    5.85    1.00    0.10    0.06    1.67   16.14    0.94    1.14    7.18    3.30   11.26    8.53    9.11   11.69   14.93    7.69   11.06   18.43   18.53   24.53   13.98    8.17    2.74    1.52
PSATFUN    -21.14  -45.04   26.79   20.64   11.32    6.11    1.46   18.17   16.06    7.41    2.51    2.00    3.10    2.28    9.88    7.75    9.52    9.70   16.84   15.27   12.60    2.79    4.28    4.30    0.40    0.01    0.05    0.46   10.19    0.43    0.21    0.59    0.08    0.01    3.98    0.54    0.64    1.37    8.62   15.77   17.43   21.25   20.50   15.31   13.48    1.39    1.45
PSATFUR    -20.67  -46.32   26.65   17.78   15.65    1.61    6.43   10.20    7.06   10.05    4.70    1.77    1.48    7.13   11.36    9.63   14.18   13.34   20.39   16.76   17.59    9.21    4.97    6.00    0.46    0.01    0.06    0.37   11.56    0.70    2.04    1.94    1.25    2.17    2.03    4.17    3.42    5.69    9.45   13.52   16.74   22.75   13.26   16.03   10.35    3.39    1.56
PSATMRB    -20.30  -49.18   23.71   22.00   13.47    2.37    7.58    7.02    7.46    9.34    9.33    7.72    3.86    5.07   13.99   10.14   20.38   20.38   13.46   21.40   21.95   13.53   12.36    2.61    0.96    0.00    0.53    2.77    9.40    4.46    7.41    4.00    4.03    8.71    9.38    9.50    4.77    7.07    8.59    8.58   15.36   17.16   17.95   15.15   11.39    6.55    5.24
PSATPRG    -21.59  -45.67   33.49    4.64    9.93    1.63    0.63    8.38    8.06    4.36    0.57    1.94    0.74    4.09   10.19    6.86   22.42   11.47   10.49   22.20   23.20    7.18    4.70    6.67    1.29    0.04    0.02    1.27   14.46    1.09    3.19    4.52    8.21    9.19    9.67    8.99    7.01    5.92    7.79   16.03   22.01   13.06   16.91   10.53    5.30    1.87    2.31
PSATPAS    -21.02  -48.18   21.53    6.31    7.62    0.31    2.36    7.86    6.77    7.10    8.97    6.14    1.29    0.83    8.73    6.27   17.05   25.99   14.32   35.15   25.59   12.76    7.77    4.20    1.55    0.41    0.15    6.49   14.23    2.63    3.60    4.75    2.82   15.61   12.71    9.92    6.06   11.29   11.16    9.28   13.31   14.19   15.13   17.36    5.76    1.93    3.70
PSATPTB    -21.61  -45.49   41.90    7.04   15.36    4.75    0.75   10.31   11.87    3.56    1.10    3.90    0.31    4.85    9.05    4.75   21.98   10.69   14.15   15.97   24.24    2.24    6.70    4.92    0.89    0.01    0.06    1.12   10.30    0.65    1.34    1.54    2.58    1.64   10.85    2.48    4.04    1.20    6.13   16.59   20.69   22.43   17.27    7.43    8.99    2.28    2.38
PSATPTC    -20.00  -48.55   37.67   24.28   18.81    6.25    9.51    4.70    9.13   12.20    9.79    5.35    4.28    4.17   13.50   13.36   18.93   13.30    7.30   12.81   19.53    8.86   17.32    4.25    0.69    0.00    0.45    0.31    9.39   11.03    2.36    1.26    0.69    2.87    8.49    7.45   10.36    7.51   10.03    8.16   17.32   23.20    8.76   15.45   16.85   12.05    3.95
PSATFZA    -26.00  -51.65    0.01    0.32    0.42    0.18    0.61    5.02    1.90    0.10    0.03    0.55    5.08    3.15   10.41   12.92    4.73    5.91   33.84   13.14   10.91   25.85    4.87    5.07    6.99    8.51   12.21   24.54    1.67    5.81    9.08    6.64    6.85    5.70    4.55    9.44    5.96    7.04    4.40    3.19    0.32    0.08    0.02    0.17    0.05    0.09    0.56
PSATJSG    -25.78  -52.00    0.00    0.05    0.09    0.07    0.35    7.05    1.46    0.04    0.01    9.31    8.96    5.43    9.39    4.22    3.67    9.06   21.98   31.79   17.37   20.02    5.71    3.81    6.81   10.76   10.71   19.80    0.96    7.45   11.42    5.08    3.18    6.35    4.88   10.01    5.49    5.28    6.30    3.52    0.08    0.10    0.00    0.04    0.00    0.05    1.04
PSATSCX    -25.53  -53.48    0.00    0.00    0.00    0.00    2.47    4.95    3.28    0.68    2.24    9.25    7.84    6.13   11.95    2.03    4.70    5.87   20.70   21.19   20.05   19.20    3.84    4.92    7.19   10.16    8.83   17.87    1.44    4.36   14.26    6.50    4.95    6.96    6.42    6.14    7.30    7.13    8.98    3.48    0.07    0.31    0.00    0.00    0.00    0.30    1.05
PSATSCL    -25.49  -51.74    0.00    0.00    0.02    0.00    0.55    9.84    6.94    0.02    0.02    9.70   10.04    2.72   16.91    8.89    6.46    9.54   36.90   26.55   15.58    9.48    4.48    7.66    8.51   14.26    6.99   22.38    0.40    6.77   13.86    8.00    5.68   12.70    5.30    7.09    2.80    5.95    5.55    3.52    0.23    0.06    0.00    0.03    0.02    0.11    1.48
PSATUVT    -26.23  -51.08    0.13    1.20    1.79    0.45    0.04    1.27    1.12    0.08    0.09    0.15    1.95    3.33    8.85    9.81    2.06   11.34   46.35   14.84    4.50   21.17   10.11    8.51    8.04   11.89   21.16   11.29    3.10    4.56    8.57    7.00    6.88   10.05    4.85   12.41    6.33    3.70    5.21    1.15    0.39    0.33    0.04    0.35    0.19    0.10    0.37
PSATBSM    -24.19  -53.74    0.00    0.00    0.07    0.00    9.75    4.51    3.86    3.60    4.50    8.10    6.74    4.61    8.34    1.89    7.36   15.54   25.69   28.82   13.73   10.54    2.44    3.67   12.29   13.47    4.40   14.65    0.67    4.03   12.62    5.60    5.98   10.60    5.77    3.81    3.45    5.51    4.93    7.76    1.03    0.29    0.00    0.02    0.10    1.26    1.36
PSATFLE    -22.97  -54.56    0.00    0.01    0.05    0.12    8.11   10.65    1.62    4.27    1.58    5.45   16.68    2.85    1.20    0.76   13.16   14.83   25.66   14.54    4.86    9.22    6.66   10.03   16.97    9.94    5.23    3.91    3.80    8.19   23.71    8.51    0.44    0.32    0.20    0.29    0.74    2.98    3.33    9.77    1.39    0.69    0.06    0.37    1.20    1.38    1.94
PSATITP    -25.42  -54.58    0.02    0.00    0.05    0.04   10.83    7.90    2.61    5.86    3.25    7.75    9.83    2.32    2.60    2.98    8.54   10.84   31.00   25.62    8.93    9.77    6.28    8.89    9.39    8.51    5.16    6.68    4.89    4.06   21.11    7.10    2.70    3.63    1.87    2.63    2.13    4.15    4.22    9.51    0.80    0.34    0.03    0.12    0.77    1.04    0.83
PSATIVM    -22.38  -53.53    0.00    0.02    0.09    2.53    6.77   15.06    1.88    4.86    2.60    6.26    7.62    2.42    2.08    3.60   20.08   16.84   21.54   11.47   12.28   11.99    1.09   10.62    4.74    4.55    6.25    3.87    3.63    7.00   12.13    5.39    1.67    1.20    0.17    1.89    3.20    3.80    4.59   14.36    1.06    0.65    0.15    1.54    2.94    2.32    4.58
PSATPTQ    -23.18  -53.17    0.01    0.02    0.17    0.00    4.63    6.39    2.95    1.04    2.50    5.71    3.75    0.97    4.13    7.28   10.15   21.61   30.46   34.44   12.40   12.05    4.29    4.78    7.82   14.57    4.14    9.90    0.52    4.33   15.28    5.93    3.79   11.84    4.65    6.53    1.79    5.13    4.84    5.98    0.79    0.15    0.00    0.27    0.50    1.15    1.82
PSATCBI    -17.99  -48.54   11.43   16.59    5.63    7.33   17.29   10.96   14.52   23.03   16.47   10.01   10.17    8.45   22.00   19.43   12.66   16.24    4.36    4.12   12.76   11.98   10.21    1.25    1.17    1.85    3.04    0.06    2.22    0.27    1.86    1.54    7.98    0.16    0.03    8.07    9.14    3.29    3.18    6.31    6.05   18.67   16.03    6.77   14.24    6.99    2.91
PSATCBIV   -16.15  -48.67    9.69   16.94    2.33    2.14   12.78   12.98   14.15   22.26   22.10    7.43   13.22    4.93   15.89   21.26   12.01   17.19    5.55    1.91    9.37   13.59    9.57    1.22    1.27    1.61    4.97    0.11    4.11    0.66    2.54    1.79    3.53    0.22    0.10   11.71   10.07    3.45    1.55    5.13    7.11   15.38    5.29    9.12   22.99    9.12    4.04
PSATEMB    -18.45  -47.98   18.83   19.68    8.16    8.63   18.22    9.44    7.08   14.33   10.16    6.90    9.32    8.43   17.20   41.33   22.69    9.05    6.42    4.08   10.42    6.49    2.83    1.52    0.40    0.81    0.65    0.50    0.75    0.60    0.94    0.59    0.33    0.09    0.10    3.70    2.05    0.91    9.13    4.12   15.39   22.89   14.59    9.94    5.39   12.41    1.34
PSATIMBR   -18.42  -49.10   25.44   16.50    8.60    7.14   18.92   15.09    7.89   14.45    9.17    5.89    9.00    6.71   16.49   20.42   18.12   10.36    2.75    2.59   14.69    7.06   10.89    1.43    0.33    1.93    3.19    0.10    1.36    0.77    1.52    0.80    6.89    0.97    1.86   10.91    7.72    2.14    9.98    5.43   15.11   24.59   24.18    9.20   10.31    9.78    5.04
PSATNPTE   -19.13  -47.70   23.53   29.07   24.68    9.00   13.51    7.47    8.90   16.66   12.07    7.35    6.84    4.58   14.71   30.42   18.03    4.20    4.27    1.82   12.70    9.49    5.91    2.96    0.45    0.13    0.64    0.29    2.61    3.17    2.49    0.58    0.08    0.10    0.56    1.24    3.14    1.80    7.21    2.84   13.62   20.22    8.89   17.62    6.72   18.08    3.05
PSATARV    -18.07  -50.16   23.61   15.55    3.28    5.11   11.76   17.23    8.74   18.84   10.14    4.43   13.11   11.14   19.87   13.25   14.51   12.39    1.29    4.49    2.97    7.35    6.98    4.09    1.24    5.10    2.72    0.96    7.33    1.94    6.69    2.04   14.29    1.52    0.78    8.22    9.09    4.82    3.62    5.31    5.14   18.66   15.99    9.52   10.17    9.68   12.80
PSATSFC    -18.05  -47.68   10.47   16.33   10.44    9.45   22.92   17.12    7.32   22.63   13.67    9.15   11.69   13.73   18.95   23.94   21.84   15.53    6.73    5.97   10.78   12.86    5.83    0.81    1.02    0.87    1.16    0.21    2.23    0.19    1.65    0.87    1.43    0.41    0.00    8.56    5.63    0.70    4.34    5.16   10.76   17.35   11.81    2.72    6.52    4.81    1.92
PSATSSM    -19.02  -50.50   16.96   13.50   12.83    2.86   15.01   15.87    7.78   16.32    8.63    7.84    8.47    8.20   14.46   16.28   10.72   15.48    2.69    3.43    7.32   10.45   12.39    3.76    0.57    2.11    2.73    0.64    4.22    0.73    5.61    1.86   12.31    1.89    2.03    8.61    7.90    4.23    7.59    8.95   10.87   22.24   23.27    6.84   11.05   10.17    9.81
PSATCNI    -22.94  -50.52    1.42    0.30    0.06    0.00    0.27    9.67    7.12    8.64    1.34    2.74    0.92    0.35    3.57    2.45   17.59   28.36   26.69   38.12   34.19   11.72    8.28   11.32    1.11    3.48    8.34    8.44    0.87    6.09    5.31    5.04    3.34    8.56    7.97   10.71    7.48    7.28    6.79    4.58    0.47    0.35    0.83    0.86    2.02    1.07    4.96
PSATCPV    -22.65  -51.33    0.07    0.01    0.03    0.00    0.57    5.27    3.15    4.04    0.53    4.30    1.83    0.53    2.56    6.51   12.18   26.41   30.65   48.85   18.18   22.31   10.08    6.36    2.97    4.83    4.07    6.01    1.63    1.69    6.92    5.32    4.82    9.84    4.05   10.47    3.31    5.14    6.78    5.24    0.71    0.20    0.60    0.52    1.16    1.24    3.30
PSATCHT    -23.01  -49.73    0.05    0.17    0.06    0.01    0.01    3.80    2.59    3.55    0.29    0.34    0.62    0.50    4.71    5.75    9.98   23.88   20.22   42.11   20.66    8.34   10.65    5.69    3.79    5.69    8.66    9.19    1.68    3.11   10.39    2.22    4.20    8.00    8.89    9.96    3.54    4.58    3.35    6.17    0.37    0.06    0.05    0.27    0.23    1.20    3.32
PSATJUR    -23.22  -49.23    1.27    1.19    0.81    0.32    0.05    0.77    0.62    2.14    0.61    0.98    2.24    1.48    4.29    5.26   12.00   30.20   24.59   56.75   19.88   11.80    6.43   11.08    6.02    5.98    9.41   20.67    3.52    7.36    5.67    3.42    4.89    6.83   11.36   12.41    9.81    6.42    3.58    8.21    1.52    0.26    0.20    0.58    0.64    1.56    3.37
PSATMAU    -24.06  -50.71    0.01    0.10    0.08    0.01    0.06    9.49    3.40    0.07    0.02    3.14    3.38    0.84    7.15   12.28    6.82   19.29   19.76   45.38    8.17   13.13   10.18    3.38    9.47    8.28    6.23   13.81    3.20    3.65    8.96    2.45    3.72   12.00    3.35    9.03    3.28    4.22    2.49    8.60    0.10    0.10    0.04    0.11    0.10    0.83    2.07
PSATROS    -22.50  -52.87    0.18    0.00    0.01    0.00    2.15    6.21    2.98    1.86    2.77    7.21    3.54    2.33    1.98    8.47   13.83   25.23   35.69   40.20   13.95   21.92    1.81   10.69    3.31    6.20    3.56    4.53    0.71    0.44   13.51    5.53    4.30   12.50    4.48    7.43    4.68    5.77    8.51    4.15    1.02    0.09    0.13    0.53    0.71    1.16    2.67
PSATQMD    -16.21  -47.33    7.76   16.15    5.69    6.13   14.00   15.11   11.55   21.92   13.53   20.33   23.06    8.81   13.63   17.18   13.47   22.75    4.69    8.14   10.32   14.04    1.66    0.28    1.78    1.70    1.61    0.17    2.53    0.35    2.01    1.20    0.58    0.22    0.04    7.45    4.44    0.85    0.80    3.89    4.01   15.50    2.82    9.70   10.85    3.51    0.95
PSATRBX    -18.95  -44.76   16.33   35.25   16.57   18.05   15.65   28.06   20.16   15.51   16.56    8.75    6.40    9.11   14.06   13.77   13.14    3.22    8.32    8.87   17.34    5.46    2.67    1.41    0.20    0.22    0.61    1.07    2.35    0.18    0.44    0.67    0.01    0.00    0.07    0.22    0.12    1.44    7.43    7.57   17.05   30.86   24.69   18.49    7.05    4.71    1.29
PSATSFR    -15.93  -44.86   18.27   27.21    8.32    3.64   12.44   15.07   23.16   21.21   18.66   19.43   20.18   16.95   17.81   22.10   16.63    4.06   11.97   15.61   23.45    3.19    1.64    1.29    1.95    1.84    0.73    1.09    0.56    1.08    1.56    0.64    0.21    0.19    0.05    9.84    3.32    0.74    8.79   13.32   13.48    6.18    0.89    5.94    9.56    8.72    1.19
PSATSRM    -16.37  -45.07   23.32   31.09   11.62   15.34   13.16   16.46   15.81   21.41   15.32   12.84   13.82   12.15   24.72   36.23   14.56    4.27    8.33   14.38   17.68    5.71    1.86    0.37    0.90    0.57    0.38    0.97    0.52    0.37    1.02    0.59    0.05    0.04    0.03    2.83    4.26    1.04    7.36    6.12   13.56   16.39    7.75    9.60    3.16   12.67    0.84
PSATTMR    -18.16  -45.27   19.92   37.71   19.43    9.21   14.33   18.18   13.39   18.26   15.68    8.72    7.66    8.07   13.67   18.92   16.94   10.18   10.91    8.90   14.35   10.01    3.99    5.38    0.24    0.16    0.33    0.46    2.18    0.48    1.49    0.69    0.04    0.00    0.14    0.46    0.76    1.14    9.29    7.46   20.88   21.15   19.57   11.65    6.68   10.55    1.24
PSATBOQ    -11.35  -43.83    6.62   19.57    4.88    1.33    0.46    0.93    2.85    7.16    8.70   12.04   12.25   14.69   33.89   16.44    4.51   22.66    6.86   15.43   14.99    3.07    1.48    0.64    6.45    6.31    1.65    0.82    2.81    1.39    2.74    1.07    1.58   10.13    4.29    3.41    9.27    1.73    2.64    4.11    1.95    0.81    2.93    5.48    9.36    4.68    4.20
PSATBBO    -22.52  -48.55   13.95    1.02    1.95    0.13    0.04   11.84    7.57    7.19    1.80    2.22    1.16    0.84    5.38    2.09   17.32   18.82   17.32   40.99   37.36   19.04   11.81   10.95    4.40    5.00    5.24   13.80    4.19    8.10    4.70    5.36    3.90   10.78   13.41    8.08   11.84    9.05    8.06    9.43    7.18    1.52    1.35    2.31    2.45    1.26    3.33
PSATESZ    -23.46  -46.91   15.56    4.20    0.96    1.52    0.32    4.38    4.21    6.98    1.07    2.93    3.35    2.14   12.49    1.25   15.43   12.65    9.58   27.49   25.53   10.71    5.08   17.12    7.91   12.24   10.23   39.35   12.58   12.83   13.33    5.29    4.70   10.49   20.53   14.81   21.48    3.18    4.48   10.14    4.84    1.20    1.36    1.53    2.71    1.88    2.59
PSATIBT    -21.76  -48.99   15.40    1.75    1.37    0.00    1.05   11.49    5.68    6.02    3.50    4.06    0.85    0.52    5.45    4.46   25.06   31.31   23.73   39.60   34.06    8.81   12.17    7.23    1.16    0.92    5.87    7.31    2.23    6.05    3.27    7.24    2.92    7.25    9.00    8.01    7.82   10.39    6.96    8.98    2.67    2.41    6.39    5.08    6.67    1.11    5.49
PSATNAV    -21.12  -50.20   21.43    0.45    0.27    2.67    5.81    7.74    6.03    8.91    3.32    5.79    0.87    1.50    8.35    7.88   23.13   21.99   16.90   24.53   17.78    6.77   14.81    3.84    1.42    0.38    2.86    7.14    5.64    2.69    5.50    4.30    5.23    7.29    5.70    7.54    7.10   14.05   11.04    8.60    5.45    2.46    6.87   19.52    8.60    1.99    4.47
PSATSME    -13.40  -48.30   18.14   14.82    6.23    2.79    6.88    6.70   15.64   16.98   16.76    9.23   20.37   16.83   23.62   27.69   21.23   18.24    3.14    8.30    5.64   13.70    6.48    2.82    7.08    5.98    3.63    0.66    4.27    1.39    5.02    1.32    8.42    1.41    1.08    7.04    6.19    1.84    3.06    4.78    7.25    8.71    9.26    8.17   13.81    9.29    8.35
PSATBGR    -27.78  -51.20    0.01    0.31    0.41    0.29    0.22    1.98    0.26    0.31    0.11    0.56    0.28    7.60   14.29    9.78    2.37    3.40   22.65    3.42    0.34    5.99    9.47    2.67    6.70   12.14   21.85   14.54    7.14    4.34   14.82    4.07    5.90    7.20   10.12   14.61   14.12    2.74   23.39    0.34    0.40    0.04    0.00    0.02    0.02    0.10    0.03
PSATCNV    -27.60  -51.33    0.01    0.17    0.26    0.39    0.21    0.36    0.41    0.85    0.13    0.37    0.56    7.22   14.55   10.11    1.79    7.99   28.42    7.47    5.33   21.33    6.90    6.11    6.09   11.47   18.85   14.25    4.65    3.15   10.31    5.22    5.54    6.71    8.83   12.75    9.24    2.02   17.09    0.52    0.58    0.20    0.05    0.17    0.04    0.05    0.08
PSATFCH    -27.14  -53.04    0.00    0.00    0.00    0.00    0.00    0.03    0.02    0.09    2.17    4.63    3.42    3.68    8.96    2.12    0.26    8.57   12.98    7.42    5.20   19.33    0.98    0.52    3.21    9.23   16.38   11.34    9.36   14.14   30.05    4.60    8.35    9.13    9.38    9.67   12.94    6.96   43.56    0.73    0.00    0.03    0.00    0.00    0.00    0.00    0.05
PSATITA    -27.27  -52.38    0.00    0.08    0.07    0.01    0.00    0.23    0.06    0.00    0.02    0.09    2.87   11.20   15.98    6.97    1.58   11.90   17.83   16.41    8.31   21.08    3.74    4.31    5.06   13.03   20.03   14.77    3.76    9.22   12.69    6.48    8.65    7.43    4.49   11.40   14.51    2.55   20.62    0.99    0.06    0.02    0.00    0.07    0.00    0.00    0.00
PSATMCD    -27.52  -51.78    0.00    0.00    0.00    0.00    0.00    0.01    0.01    0.00    0.00    0.00    0.15    2.72   16.37    3.07    0.56    0.90    8.69    2.78    1.40   11.28    2.43    0.79    3.51   12.21   22.51   14.35    7.58   11.57   14.73    6.92    6.39    8.04    6.50   17.27   14.45    2.14   28.93    0.64    0.02    0.00    0.00    0.02    0.00    0.00    0.00
PSATMOJ    -27.35  -52.73    0.00    0.00    0.00    0.00    0.00    0.00    0.06    0.06    2.45    1.37    1.96   10.02    6.02    0.98    0.53    4.15    5.33    3.70    1.14   11.61    2.05    0.69    3.60   21.86   16.33    3.21   15.61   15.71   15.56    8.74    7.69   14.13    8.42   12.36   23.80    5.62   30.00    0.34    0.02    0.00    0.00    0.00    0.05    0.00    0.05
PSATQQX    -26.66  -52.54    0.00    0.00    0.02    0.00    0.00    2.46    1.02    0.02    0.41    2.91   11.72    8.58   14.81    5.07    3.72   14.61   18.23   27.31   17.76   28.30    5.32    4.42    6.50   11.37   15.31   21.96    1.72    8.54   14.92    6.02    8.05    6.15    5.09   11.63   15.62    6.58   13.37    1.92    0.00    0.21    0.00    0.02    0.00    0.00    0.34
PSATPSJ    -28.14  -55.05    0.00    0.00    0.00    0.00    0.00    0.03    0.23    0.44    6.99    7.30    7.24    8.66    1.74    0.71    0.32    1.51    1.43    0.85    1.00    2.34    0.46    0.29    2.32   31.49   10.71   13.02   34.43   29.56    4.79    1.43    9.36   29.18   15.61   18.99   41.54    4.34   12.30    0.04    0.00    0.00    0.00    0.00    0.00    0.00    0.47
PSATESP    -18.68  -51.87   12.16    8.89    4.22    5.07   15.77    4.73    5.91    3.54    1.13    4.01   10.56    5.69   18.42   10.27   10.93    2.29    3.77    4.33    1.91   11.44   11.32    5.77    0.99    2.41    3.80    0.44    4.21    0.29    0.69    5.54    4.75    1.01    0.81    3.22   15.95   16.28    8.51   12.79   12.85   14.65    9.49   22.95   19.90    2.53    7.75
PSATSRC    -19.16  -50.76    9.11   27.53   20.89    6.81   18.23   12.35    7.42    8.04    2.62    3.05   11.01    4.12   12.99   16.58   11.99    4.13    1.17    4.83    1.03    6.22   15.45    4.09    1.75    3.08    4.10    4.08    4.04    2.10    2.52    2.90    2.78    1.06    5.61    5.74   15.02    9.87    9.73   14.43    3.90   16.57   20.44   12.27   15.96    5.73   16.54
PSATFRCL   -19.12  -50.64   15.15   19.81   14.04    3.25   14.78   12.11   11.02   11.23    4.49    2.57    8.70    6.10   17.53   18.58   16.50    7.26    1.08    6.29    1.45    6.77   16.13    4.63    2.00    2.84    3.80    3.32    5.20    1.63    3.46    3.07    4.35    1.05    6.48    6.34   13.50    5.81    9.22   12.62    6.40   22.21   17.47    5.46   12.67    9.13   17.06
PSATISOT   -20.40  -51.35   10.47    6.37   19.66    5.19   11.99    9.78    6.46    9.06    2.26    4.87    3.83    5.14   11.72   13.03   16.03   16.17    4.44    8.71   13.92    8.35   18.80    7.44    1.65    0.72    4.29    8.21    2.81    5.16    7.04    3.44    4.48    2.50    6.10    7.82   12.38   12.52   12.36   13.20    9.63    4.07   10.96   19.25   10.97    6.13    9.68
PSATJUP    -20.86  -51.63    5.00   11.82   16.75    7.33   17.24   11.04    6.49    7.17    1.54    5.73    5.75    3.78    9.29   10.57   19.24   10.99    2.54    3.80    3.05    5.47    8.30   12.49    4.76    3.16    5.16    7.85    2.74    6.04    7.06    4.07    6.72    1.81    5.49   10.79   19.11   12.86   12.82   13.43    6.15    4.04    5.54   38.67   12.98    8.61   14.53
PSATSDG    -20.06  -53.18    1.91    6.90    7.87    6.22   21.24   10.59    3.13    3.69    1.50    3.51   10.78    3.03    6.57   13.67   21.85    7.14    5.09    1.74    3.25    1.35    5.68    5.74    6.54    1.81    8.21    4.37    5.18    5.92    1.44    1.41    6.27    2.80    1.10    6.46   18.94   11.82   13.14    8.49    6.62    4.51    2.48   21.76    8.22    2.79    6.01
PSATFZBT   -21.66  -52.87    0.31    0.11    0.93    4.65    7.87   17.46    2.26    4.57    1.85    8.92    8.35    2.25    4.49    7.00   16.78   11.11   10.86    5.85    6.84    4.01    2.42    9.26    5.18    4.76    7.28    5.83    5.11    8.44    8.24    6.16    6.41    2.84    0.59    5.65    7.63    5.00    9.22   13.78    1.98    1.21    0.57    4.79    6.54    4.26    6.84
PSATPPRA   -22.46  -52.91    3.05    0.01    1.67    2.01    4.27   11.45    3.90    5.83    1.98    5.52    3.67    2.72    6.26    5.16   21.04   22.25   24.87   20.01   11.49   12.29    3.31    9.21    3.37    3.50    7.15    4.83    2.22    3.30   10.07    7.81    7.04    6.62    3.34   12.19   11.02   11.45    7.84    9.69    2.41    0.61    2.76    7.61    4.85    1.89    6.02
PSATBTE    -13.69  -50.80   23.76   15.99    5.73    4.85   10.53    7.62   11.51   15.37   12.05    5.15   10.97    9.57   28.12   29.49   26.38    8.65    3.47   10.14    4.13   10.65    7.34    2.77    2.50    5.20    7.44    1.83    9.18    1.69    3.35    1.78   14.46    0.69    1.56    4.13    6.13   10.38    7.46    7.26    8.40   13.30   16.16   12.78    6.02    2.28    8.65
PSATARAG    -8.27  -49.26   15.01   13.25    5.62   10.30    5.12    4.58   11.90    7.72   10.00    8.04   15.05   21.86   22.04   22.82   28.10    9.37    6.15   13.41    2.81   13.13    5.59    7.41    3.93   10.91    9.15    5.96    9.94    4.18    5.97    4.09   15.66   11.82    6.29    2.71   10.69    5.36    8.44   10.85   12.54    7.02   10.53   11.32    6.24    5.44    9.13
PSATLAJ     -9.76  -48.37    9.73   12.95   10.00    7.54    3.97    3.20    9.96    6.89   10.20   12.83   19.04   24.34   28.34   20.04   15.47   16.07    2.17   14.08   11.69   13.14    5.20    3.84    7.59   10.07    6.26    1.93    7.65    5.15    6.14    6.28    8.17   10.79    7.12    4.14    7.65    1.20    8.26    9.12   10.23    3.14    2.51    7.58    7.30    9.27    7.92
PSATPTRL    -9.31  -47.39   15.85   15.81    3.18    2.54    0.33    0.24    5.61    5.82    5.69    9.76   15.68   18.53   26.76   13.36    7.98   25.05   11.49   13.71    6.43    6.90    8.10    0.35    5.95    5.81    6.51    3.72    8.59    3.30    4.78    5.72    3.18   12.63    8.51    4.78   10.15    1.74    5.36    2.33    4.48    4.01    2.23    7.22    6.58    8.18    7.51
PSATLJET    -7.33  -47.48   10.86   13.13    2.29    4.71    0.65    1.27    3.55    7.84    8.98   13.39   12.98   25.48   32.86   13.22    7.39   16.41   19.69   12.89    4.54    5.46   10.05    1.39   10.21   14.42    6.47    6.29   11.63    6.69    9.59    4.99    2.75   14.31    6.57    3.48    8.94    4.00    6.12    3.29    4.18    1.02    3.77    5.39    4.25    3.30   13.23
PSATUCR     -3.83  -49.65    8.94   12.38    3.40    6.48    3.25    2.25    3.19    9.37   12.29   19.83   13.15   10.67   26.23   16.22   12.55    8.90   19.34   10.79    4.43    4.98    8.55   10.77    4.58   15.62    4.82    9.13   16.26    7.33    7.84    9.15    5.57    8.52    6.00    2.45    6.18   11.17   10.22    5.39    6.28    2.65    9.12    4.56    5.75    7.97    7.55
PSATXIVJ   -29.07  -51.67    0.00    0.00    0.00    0.00    0.02    0.10    0.01    0.00    0.00    0.20    0.01    8.09   17.43    2.66    1.12    1.47   16.63    0.50    0.03    2.39    1.77    0.60    2.37   32.59    7.74   12.47   13.61   16.73   17.28    2.08    5.19    6.92    8.97   17.74   17.41    2.54   24.57    0.50    0.00    0.02    0.00    0.00    0.00    0.02    0.00
PSATDFRC   -29.45  -53.28    0.00    0.00    0.00    0.00    0.00    0.18    0.10    0.00    1.59    0.71    3.42   10.59    2.99    0.19    0.47    1.35    2.96    0.40    0.01    0.80    1.29    0.30    0.77   38.39   13.69    3.67   19.60   32.17    2.61    0.64    8.21   14.45   30.86   33.60   31.69    6.50   26.63    0.02    0.00    0.00    0.00    0.00    0.00    0.00    0.02
PSATREAL   -29.02  -53.19    0.00    0.00    0.00    0.00    0.00    0.10    0.03    0.00    1.71    0.86    2.21   11.27    5.02    1.01    0.24    3.13    1.66    0.61    0.09    1.46    1.40    0.50    2.93   51.17    9.90    7.22   21.44   34.45   10.09    1.60    5.73   12.05   16.25   19.55   38.19    3.27   22.60    0.07    0.00    0.00    0.00    0.00    0.01    0.01    0.02
PSATCTAV   -29.01  -51.39    0.00    0.34    0.48    0.26    0.40    3.81    0.31    0.57    0.17    0.51    0.27    8.13   14.82   10.02    3.79    2.81   20.57    5.49    0.48    0.77   12.28    1.30    3.78   20.57   11.67   14.75    7.51   11.15   12.08    1.33    8.68    4.76   10.66   20.02   14.31    2.05   21.26    0.37    0.10    0.01    0.01    0.25    0.02    0.21    0.01
PSATERNT   -28.56  -52.54    0.00    0.00    0.00    0.00    0.00    0.01    0.02    0.00    0.07    0.01    0.26   11.65   11.96    2.04    0.30    2.21    4.12    0.72    0.17    7.90    2.63    0.56    2.13   34.36   14.18    8.09   12.31   24.89   12.58    4.63    5.19    5.23    7.19   15.64   26.37    2.01   22.29    0.32    0.00    0.00    0.00    0.00    0.00    0.00    0.00
PSATSTPL   -27.14  -49.52    0.02    0.17    0.64    0.69    0.20    0.21    0.77    0.80    0.38    0.45    1.57    7.10    5.99   13.49    1.20    7.46   28.71    4.43    4.57   17.51    7.41    8.38    9.91   15.55   30.36    7.23    2.22    3.61    7.81    7.55    5.75    6.60   12.64   15.26    8.56    1.89    7.12    0.23    1.65    0.55    0.19    0.50    0.21    0.33    0.40
PSATCVCH   -25.14  -48.87    0.45    1.82    2.40    0.39    0.00    7.55    2.32    0.32    0.06    0.11    2.03    2.62    4.24    6.99    3.60   20.46   55.71   69.63    2.38    7.02   23.27   14.48    9.75   10.27   11.03   10.82    6.48    6.07    8.04    3.39    4.56   13.66    9.78    7.86    2.61    3.52    3.69    0.82    0.61    0.64    0.27    1.25    0.95    0.24    1.13
PSATAMY    -12.60  -69.12    4.04    0.83    3.50    7.18    7.77   15.65    5.14    7.49    6.59    7.62    8.26    7.16    3.29    6.69    5.33    2.09    9.93   11.03    6.29    6.86    7.07   13.97   10.42   21.37    9.90   14.55   10.98    8.91    7.66    9.99    7.83   10.26    9.13   13.51    2.88    1.25    8.37    7.12    1.09    1.08    7.56   12.26    7.96   11.00   13.44
PSATGJR    -10.73  -65.35    1.31    0.97    0.98    1.17    2.90    5.26    3.85    2.25    2.56    3.06   17.07   13.78    9.87    3.84    5.19    9.29    4.74    2.89    3.85    8.05    6.43    7.79    6.17   16.92   13.70   10.79    5.31    3.07    5.53    2.67    2.26    4.46    2.95    2.23    0.75    0.82    1.57    6.25    0.81    1.64    3.51    6.91   14.53   10.59   12.23
PSATPRNC   -12.43  -64.43    1.32    0.26    0.31    1.29    6.73   11.52    5.26    6.34    3.36    1.38    4.49   12.32    9.19   11.29   16.71   23.97   10.02    1.96    1.78   10.53    7.65    4.37    7.35    4.64   14.28   12.32    8.46    2.83    5.94    3.65    1.57    3.23    3.46    1.55    0.83    1.45    1.09    3.27    3.55    3.74   11.12    7.91   15.81   19.24   10.36
PSATSANT    -8.87  -63.97    4.04   21.01   12.78   12.72    8.46    2.48   14.42    8.75    8.31    1.79    1.20    8.23    6.23   28.04    8.94   18.54   12.53   32.42    9.45   21.23   10.49    8.04    9.44    6.21    9.81   19.44   26.37    5.70   16.01   15.47    6.51   11.92    4.38    9.74    7.87    1.27    2.19    7.27    1.88    0.72    4.60   10.36    4.75    6.56    1.09
PSATDARD   -10.16  -59.46   17.58   20.09   12.29    6.03    3.62   10.05    7.13    7.09    5.53    2.18    8.04   10.52   22.08   21.20   14.57   32.34   10.21    3.33    3.94    9.99   10.51   10.40    9.36    3.93   11.64   10.73    5.76    6.54    4.78    3.41    5.63   11.35   12.71    2.62    1.29    1.40    2.76   13.58    8.47    8.79    9.14   10.01    4.67   12.95    6.84
PSATGUAP   -15.12  -58.96    0.87    0.02    0.00    0.63    8.93    4.55    8.09    7.55    4.27    4.35    6.01    1.34    6.90   36.30   23.56   15.23    2.27    0.70    0.20    8.82    6.26    0.56   16.71    3.02    7.39   20.29    7.55    8.10    3.59    1.02    0.75    0.24    2.69    0.87    2.53    0.96    1.62    4.82   10.25    7.08   13.70   21.00   22.37   11.78    5.13
PSATJIRA    -9.25  -64.65    3.43    3.89    3.56    2.53    4.58   10.24    6.54    7.14    2.99    1.72    3.42    5.43    7.05   11.89    5.30    6.60    7.99   12.89    7.19    9.45    5.16    4.76    4.50   15.52   12.33   13.96   15.92    2.92    9.66    6.03    5.27    6.26    5.91    5.18    2.98    0.73    1.73    6.64    0.66    0.97    3.24    5.64   10.08   10.13    7.21
PSATROND   -11.99  -60.70    4.36    1.34    4.32   12.55    6.86   18.85    7.50   10.71    5.33    2.84    3.86    6.55   15.09   16.36   13.73   15.32   16.82    1.27    1.10   10.62   15.32    0.84   15.00   11.72    9.37   14.60    2.64    3.72    2.21    6.82    4.97    3.33    6.53    1.79    0.87    1.95    3.52    4.03    2.44    8.06   21.67    9.89    7.90    9.03    3.23
PSATSAMU    -8.75  -63.45    9.21   23.77   10.30   10.62    7.03    2.20    8.47    9.45    6.03    1.62    1.12    6.67   12.20   24.48   11.86   15.85   15.76   11.58    3.97   15.02   11.49    3.88   14.52    6.13   16.08   10.36   20.30    7.75    9.66   17.26    5.29    9.53    3.66    9.53    8.06    1.80    2.96   11.92    4.81    1.63    6.10    8.58    2.93    5.65    0.96
PSATBALB    -1.92  -59.47   20.33    1.39    9.16   11.80    4.99   11.49    3.01   25.21   17.36    7.24    6.33    7.24    1.97    3.16    0.63    7.24   13.49    3.49   18.47   11.38   34.10   14.80   16.31   21.93   10.30   10.53   25.80    4.93    1.93   18.34   24.53   14.03   23.84   18.40   17.74   19.57   13.55   16.73   27.90   12.97   19.48    9.13   16.31    4.54    0.60
PSATCUNA    -2.82  -54.30    3.82   15.72   15.41    4.18    6.50    2.53    7.29    1.39   15.28    5.36   17.64   12.87   16.58    7.70   16.57    8.30    9.53    1.61    1.60    1.85   12.77   15.04   23.23    1.59    1.14   13.63   10.05    3.73    9.31   11.32    8.70    7.59   16.51   21.22    6.07   11.25    7.98    6.09   15.43    7.60   20.73    2.50   15.24   16.68   14.65
PSATJARI    -0.65  -52.52    4.35    1.01    4.66    7.42    9.01   10.88   16.53    8.30    6.62    4.28    0.51    8.50    1.41    2.25    9.45    8.65   12.77    2.41    6.62    2.64    8.87   15.34   15.78    5.44    3.32   13.61    6.48    3.51    5.00   15.36   12.43    6.20   20.15    3.48   16.54    3.81   14.19   17.12   14.66   14.32   13.71   10.00   10.71    4.89    0.39
PSATFGOM     0.86  -51.20    6.38    2.03   12.57   11.58   13.10   17.18   17.55   15.65    8.95    4.17    7.33    5.89    6.38    6.66    9.55   12.76   21.63    5.72    7.23    8.47    7.99   17.21   16.14    7.20    7.53   10.71    4.08    6.98   13.60   16.90   15.48   12.84   21.28    3.88   13.62    5.23   18.60   15.97   11.82   16.61   21.06   12.73   14.49    5.07    7.55
PSATUBE     -6.75  -43.57   16.83    4.66    1.48    0.87    0.10    0.41    4.27    9.14    9.22   13.69   15.50   14.94   27.13   14.46   10.26   14.05    8.52   10.69    5.00    4.06    7.16    3.41    8.96    7.42    4.24    5.06    6.20    4.05    5.02    5.08    2.50    9.25    5.00    2.55    9.05    4.71    2.22    5.47    2.97    5.09    3.86    4.22    0.89    5.25    8.68
PSATBSOR    -6.74  -52.00   20.75   15.31   10.01    6.00    3.44    3.50   11.65    6.69    7.84    5.36   11.41   14.76   15.25   16.54   21.91   11.37    3.24   11.64    3.02   10.08    9.03   10.69    4.68    7.52    8.34    7.58    8.86    5.94    3.83    2.72    8.22    6.54    4.77    1.35    7.65    6.06    5.47    7.24    9.47    5.94    7.22   10.97    7.85    7.77    8.16
PSATBESP    -6.75  -51.77    8.16   20.93    6.86   10.20    1.78    4.53    5.97    2.54   11.84    7.84   10.16   10.40   15.30   11.51   35.48    9.21   12.40   12.20    8.08    2.62    5.91   10.24    1.83   16.54   13.84    7.32   15.99   11.77    6.54    7.73    3.04    7.62    6.46    1.87    7.41    3.94    4.76    2.58   11.82    1.47    7.45    4.91   10.98   10.56    7.57
PSATPIME    -3.41  -51.91   11.82   23.49   12.37    7.31    2.14    2.06    6.19    3.75   10.28    9.96   10.67   18.20   17.60   14.03   27.74    5.38    9.26    5.87    4.18    3.73    6.81   13.11    6.98    7.05    5.83   10.14   18.45   11.42    5.81    8.88    2.61    8.51   10.26    5.70    6.69    6.31    6.31    8.06   13.30    3.86   11.71    6.41   11.44   14.23    9.57
PSATIRAP   -16.74  -42.57    8.96   14.46   11.54   12.42   12.75   20.58   22.35   18.94   15.49   18.30   16.92   33.56   57.73   28.49   13.75    0.54    8.07   14.71   12.90    5.51    0.72    0.32    1.37    0.10    0.25    1.76    0.60    0.67    0.71    0.32    0.07    0.13    0.02    0.48    8.09    1.20    3.67    7.89    7.05    9.30    5.08    8.37    0.92   15.60    1.01
PSATITBI   -15.97  -39.59   11.76   13.51   11.89   12.44   15.17   18.83   26.84   20.84   20.13   22.90   25.53   29.95   47.99   19.90    8.75    0.78    5.43    8.79   10.10    3.08    0.42    1.58    1.61    0.77    1.23    1.48    0.75    1.87    1.02    0.36    0.22    0.15    0.16    1.35    4.67    3.18    1.23    4.26    6.49    4.08    0.91    1.72    3.42    4.55    0.82
PSATCOLI   -10.98  -55.77   23.03    6.37    6.74    6.89    3.75    1.95   10.01    4.97    8.55    6.82   10.73   13.25   14.13   15.84   10.21    9.07    4.60    7.55    1.62   10.25    5.75   13.11    8.57    6.88    7.70    4.74    9.33    2.38    3.30    1.02    2.25    1.98    3.62    1.25    2.27    4.01    3.85    2.79    5.96    5.03    9.95   13.77    9.88    6.63    7.19
PSATSAEL    -9.19  -57.04   24.49   12.34   13.65    5.22    4.48    1.73   10.15    2.95    5.89    3.37   11.03   18.01   23.20   25.23   14.53   13.16    5.08    7.59    1.35   19.30    6.11   11.89   14.34    9.38    8.65    6.20   14.97    8.59    5.51    2.74    2.01   11.03    5.82    0.85    2.53    2.80   11.75   17.92   11.76    4.36   10.25   15.97   11.23   10.05   10.66
PSATITQ    -17.09  -54.83   17.34    9.28    6.17    5.52   21.51   14.47    7.39    5.40    1.22   13.33    8.54   14.21    9.44   15.87   18.69    7.34    4.51    3.88    1.54    4.38    5.09   10.13    5.11    6.07   10.05    2.40    3.39    0.73    1.21    1.02    2.74    0.42    1.08    4.04   16.74   15.34   16.81   12.72   13.76   12.00   14.31   26.57    6.93    5.23    5.93
PSATJAU    -15.24  -58.73    0.80    0.07    0.00    1.88   11.89   11.43    8.75    8.12    4.98    2.50    4.71    2.23    8.08   31.05   18.70   20.45    2.33    0.58    0.19   15.23    8.33    0.37   16.33    5.86    9.86   15.24    5.51    8.62    3.46    0.92    0.86    1.08    3.43    0.96    2.09    0.66    1.54    3.86   10.16    8.92   13.13   16.60   20.48   11.60    8.00
PSATMAN    -14.87  -55.78   17.12   11.87    1.03   12.47   10.82    3.69    2.49   20.60    5.77   20.18    8.68    8.81   17.98   21.87   26.97   17.13    7.10    7.65    0.86   10.56    5.84    6.86    4.35    3.01    8.39    4.11    7.03    4.30    0.85    0.72    2.21    0.57    0.68    7.11    6.78    5.78    2.98   12.86   12.46    9.72   12.40   17.16   15.80    6.88    1.92
PSATPTP    -17.61  -54.83   25.49   18.76    5.13   13.16   20.46    3.62   14.47    2.75    1.03   11.27    6.53   16.57   15.13   18.09   16.13    8.81    3.59    1.30    1.73    2.42    5.62   15.08    7.11    8.66   16.40    3.92    3.55    1.16    0.45    2.37    3.07    0.71    0.53    8.66   17.85   18.17   13.84   14.89   14.30   10.76   15.34   22.00   10.23    7.47    7.09
PSATSTCL   -17.90  -40.20   16.02   19.36   13.03   27.62   15.89   22.42   32.03   18.33   19.57   24.48   34.94   26.64   57.21   16.63    7.93    0.66    2.66    1.78    6.34    1.83    0.37    1.60    2.05    0.92    1.99    1.30    1.53    2.61    1.05    0.21    0.05    0.00    0.14    0.46    5.73    0.92    0.46    4.83    5.43    1.56    0.39    0.86    4.98    1.24    1.13
PSATPDC    -12.58  -39.00    5.71    1.31    0.73    2.80    1.86    1.11    0.85    9.29   10.93   13.97   23.34   21.80   27.32   20.76    2.56    3.37    7.71    9.59    3.25    1.13    0.98    1.49    2.35    2.55    0.92    2.00    1.59    3.09    2.67    2.53    1.63    3.00    3.58    9.31    3.49    0.92    0.44    0.24    0.82    1.00    1.57    1.84    1.72    1.39    1.38
PSATROSA   -20.92  -41.72   12.91   43.53   23.00   56.33    3.50   18.98   25.28   23.74   10.69   14.41   16.69   13.55   10.83    3.51    0.61    0.74    0.64   10.17    8.96   12.71    0.34    0.02    0.07    0.02    1.12    0.18    1.30    2.30    0.57    0.05    0.00    0.54    0.52    2.72    0.11    0.47    2.47   15.62   33.66   33.64   43.33   22.45    0.78    1.97    1.65
PSATCAN    -20.21  -42.85   16.87   21.12   18.52   21.93    2.00   20.28   18.99   16.08    5.36    7.40    5.54   12.93   11.71    5.56    2.18    3.39    4.49    8.59   10.53   11.76    2.29    0.71    0.23    0.07    0.27    1.24    3.40    0.36    0.13    0.27    0.00    0.02    0.22    0.71    0.06    1.63   13.06   13.31   15.48   29.02   18.51   22.48    3.20    3.20    1.25
PSATSAC    -19.64  -42.85   13.93   44.63   22.85   20.36   12.05   28.07   15.94   19.90   25.88   12.84   11.33   12.53   13.64   16.52   11.04    5.11    9.29   13.23    4.54   10.71    2.44    0.42    0.73    0.16    0.47    1.25    2.18    1.15    0.30    0.48    0.00    0.03    0.06    0.22    0.25    2.21    1.87    9.26   26.17   24.16   19.42   11.84    0.56    4.89    2.70
PSATPES    -19.12  -42.66    8.73   30.77   26.87   21.11    8.83   21.35   25.22   24.19   23.04   15.85    6.58   22.92   38.10   34.68   11.12    0.53   12.64   24.66   11.69   11.07    2.21    0.47    1.43    0.11    0.32    0.45    1.50    1.75    0.70    0.19    0.01    0.05    0.08    0.03    0.16    2.28    4.30    6.76   21.71   16.10   23.08    9.69    0.38    5.63    1.92
PSATMAS    -19.50  -40.92   15.44   30.14   29.11   42.07   17.38   24.35   31.13   25.70   23.49   15.57   18.53   26.32   23.05   18.79    5.31    0.60    5.85   12.23   12.64    7.14    0.80    0.51    1.09    0.31    0.71    0.90    1.40    1.46    1.00    0.21    0.14    0.16    0.18    0.19    1.37    1.29    1.84    9.11   16.72   16.83   11.33   14.97    5.94    4.01    1.50
PSATSBR    -23.37  -45.87   24.28    4.96    2.29    0.63    0.17    2.90    6.36    3.85    1.70    3.76    2.75    2.50    6.89    1.57   27.70   13.48   11.61   21.64   17.72   17.17    5.24   13.29    6.87    3.42    0.31   14.92   26.44    5.90   11.13   13.80    6.66   12.13   17.30   15.35   29.12    8.91   10.48   13.19   13.41    4.49    5.19    0.98    2.69    1.76    2.04
PSATJAG    -23.20  -46.03   26.50    1.51    1.07    0.15    0.01    2.31    4.53    6.06    1.07    2.35    1.42    1.91    6.52    1.24   29.98   18.16   10.48   32.04   37.74   25.92    6.77   15.67    4.59   13.43    0.05   24.49    4.38   11.73   10.62    7.83    7.54   18.86   20.68   13.57   20.51    9.41    5.69    8.97   11.66    2.56    1.53    0.76    1.28    1.53    3.11
PSATFUNI   -22.53  -44.57   40.61    4.41    5.29    0.69    0.11    9.06   11.91    4.84    0.87    4.66    1.83    2.25   13.45    2.40   27.28   12.35    9.10   24.75   22.73   20.00    4.65   12.53    3.58    3.43    0.02    8.42   15.38    4.28    4.82    7.58    7.04   11.02   20.08   13.24   19.98    8.11    8.78   13.95   16.56   10.85    5.19    4.47    3.14    2.16    2.30
PSATSACE   -22.48  -43.84   38.97    7.41    9.71    1.54    0.16    7.76    6.92    3.23    0.75    2.58    2.42    9.43    2.01    1.38    4.17   17.65   13.21   10.22    8.53    8.45    7.30   11.98    3.46    0.00    0.01   13.18   15.74    0.79    0.14    2.01    0.95    0.40    6.24   10.49   33.97    4.71   10.41   25.16   16.34   16.97    4.00    1.36    5.97    2.75    0.85
PSATPIC    -21.91  -43.54   31.03   14.29   21.95    1.04    0.63   26.21    9.92    4.43    1.01    5.52    3.80    8.19    1.62    2.12    4.43   11.40   11.00   11.57    6.71    2.61    6.16   13.78    0.58    0.00    0.05    7.06   13.06    0.46    0.06    0.46    0.08    0.00    3.10    9.38   14.13    1.53    4.99   22.67   15.38   18.80    2.96    5.98   13.64    1.31    0.76
PSATSOGI   -21.94  -43.36   46.15   15.99   17.52    4.57    2.90   35.27   13.86    3.11    0.96    3.49    8.65   10.02    3.23    3.07    5.00    9.26    9.96    7.94    6.49    5.51    5.54   10.80    0.21    0.03    0.08    2.80    8.69    0.86    0.15    0.10    0.01    0.00    1.59    9.56    6.84    0.98    8.36   23.24   14.77   24.63    9.96   18.34    8.07    2.04    0.87
PSATIPSI   -21.84  -42.58   37.44   11.29   17.21    1.20    1.43   17.95    8.19    5.34    1.82    2.81    2.83    9.06    0.80    3.81    2.58    8.20   10.47    7.76   10.64   10.64    2.65    7.62    0.78    0.16    0.08    6.68    7.84    0.87    0.05    0.14    0.10    0.01    1.21    4.97    8.46    1.64   12.41   22.52   16.04   17.67    5.58    5.58    5.85    1.49    0.74
PSATTCLJ   -22.69  -43.83   42.36    9.67    9.35    0.15    0.12    1.14    6.26    7.16    1.04    1.69    1.19    9.19    0.49    0.46    6.48   17.65   22.51   18.07   20.19    8.10    7.75    4.73    2.79    0.00    0.00    3.33    7.40    2.26    0.14    1.60    0.81    0.02    2.00    8.22   38.73   10.41   18.77    6.90    8.79    4.70   11.05    1.77    2.35    1.19    0.34
PSATBIGU   -25.51  -53.67    0.00    0.00    0.00    0.00    2.86    4.74    3.63    1.04    3.51    9.22    8.15    5.56   10.30    1.74    4.67    5.08   20.84   21.49   19.12   18.43    3.40    4.34    7.52    9.19    8.31   17.49    1.96    4.05   15.84    6.39    4.33    7.11    6.19    5.05    6.45    6.10    8.65    3.22    0.07    0.37    0.00    0.00    0.00    0.42    1.04
PSATBRAU   -21.45  -42.41   24.01   11.41   11.35   13.23    1.64   28.25   20.79   14.58    0.77    5.68   10.30    7.77    9.85    9.10    1.59    4.39    1.08    6.71   14.30   19.55    1.89    1.69    0.51    0.19    0.13    3.27    5.47    2.10    0.03    0.04    0.00    0.00    1.71    1.27    0.40    1.11   23.10   27.01   24.86   23.13   16.00   22.16    3.14    1.80    0.69
