PSATAGV    -19.89  -50.35    6.37    8.74   13.92    2.05    1.14    0.35    3.11    0.66    0.03    0.00    0.00    0.27    0.18    0.07    0.10    0.00    0.00    0.16    0.04    0.02    0.19    5.67    0.00    0.00    0.00    0.00    0.00    0.00    0.00    0.00    0.00    0.01    1.71    5.02    0.04    0.00    0.00    0.00    0.00    0.00    0.00    0.00    0.00    0.00    0.00
PSATCMG    -21.28  -44.63    1.22    2.36    5.35    1.59    0.83    0.76    1.27    0.20    0.13    0.11    2.24    0.00    2.23    2.49    0.74    0.32    0.02    0.13    2.08    0.07    0.42    0.02    0.01    0.00    0.38    1.04    0.22    0.91    0.32    0.02    0.00    0.00   14.04    1.38    0.54    0.08    0.10    0.58    0.46    0.13    0.07    0.33    0.09    0.00    0.02
PSATCES    -20.25  -48.16    6.58   15.83   17.70    1.87    0.95    0.38    1.76    0.33    0.03    0.00    0.02    0.82    0.12    0.10    0.03    0.24    0.00    0.76    1.34    0.05    0.22    3.43    0.01    0.00    0.00    0.00    0.00    0.00    0.00    0.00    0.00    0.00    5.29    7.91    0.00    0.00    0.00    0.00    0.00    0.00    0.00    0.02    0.06    0.02    0.00
PSATELC    -21.60  -46.95    1.55   14.88   22.79    3.37    0.35    0.72    2.29    0.63    0.00    0.00    0.31    0.23    0.06    0.04    0.05    0.15    0.00    0.52    3.37    0.25    0.31    0.87    0.02    0.00    0.03    0.02    0.07    0.07    0.13    0.00    0.06    0.01    8.81    0.30    0.00    0.00    0.00    0.05    0.12    0.11    0.02    0.00    0.14    0.02    0.01
PSATFUN    -21.14  -45.04    1.34    5.22    9.22    0.87    0.12    0.33    3.46    0.46    0.02    0.11    1.54    0.00    1.52    0.98    0.85    0.30    0.02    0.08    0.35    0.01    0.29    0.00    0.00    0.00    0.09    0.25    0.10    0.11    0.02    0.01    0.00    0.00    9.77    7.95    0.06    0.11    0.12    0.18    0.09    0.05    0.07    0.21    0.04    0.00    0.04
PSATFUR    -20.67  -46.32    2.35   13.28   10.28    0.92    0.26    0.40    3.25    0.28    0.00    0.01    0.78    0.14    0.21    0.17    0.13    0.32    0.01    0.24    1.45    0.14    0.18    0.12    0.00    0.00    0.03    0.10    0.07    0.06    0.07    0.02    0.00    0.01    7.55    7.05    0.01    0.02    0.02    0.07    0.10    0.09    0.08    0.09    0.10    0.04    0.09
PSATMRB    -20.30  -49.18    8.49   15.85   16.63    2.29    1.04    0.40    2.17    0.48    0.05    0.00    0.02    0.63    0.12    0.07    0.06    0.08    0.00    0.97    0.87    0.04    0.13    4.01    0.00    0.00    0.01    0.00    0.01    0.00    0.00    0.00    0.00    0.01    4.44    5.23    0.00    0.00    0.00    0.00    0.01    0.01    0.00    0.00    0.02    0.03    0.00
PSATPRG    -21.59  -45.67    1.34    7.09   16.38    1.52    0.23    0.37    1.69    0.19    0.02    0.00    0.88    0.11    0.05    0.27    0.07    0.38    0.02    1.16    1.68    0.67    0.38    0.21    0.06    0.00    0.08    0.16    0.03    0.19    0.31    0.10    0.01    0.05   11.71    0.04    0.01    0.00    0.01    0.03    0.07    0.07    0.06    0.00    0.16    0.02    0.01
PSATPAS    -21.02  -48.18    2.50   17.95   17.40    2.66    0.62    0.81    1.52    0.53    0.00    0.00    0.09    0.80    0.02    0.12    0.22    0.10    0.00    2.93    1.70    0.65    0.69    1.91    0.04    0.00    0.00    0.02    0.00    0.00    0.02    0.00    0.00    0.08   10.14    0.42    0.00    0.00    0.00    0.00    0.00    0.01    0.00    0.00    0.20    0.01    0.00
PSATPTB    -21.61  -45.49    1.78    4.81   15.38    0.90    0.24    0.38    1.37    0.24    0.00    0.00    1.38    0.08    0.38    0.66    0.11    0.41    0.03    0.07    1.13    0.05    0.32    0.03    0.02    0.00    0.06    0.37    0.02    0.12    0.08    0.14    0.00    0.00   10.35    0.12    0.08    0.01    0.00    0.06    0.11    0.02    0.05    0.07    0.35    0.01    0.01
PSATPTC    -20.00  -48.55    6.54   13.95    9.16    1.75    0.86    0.40    8.19    0.59    0.03    0.01    0.29    0.97    0.23    0.20    0.14    0.07    0.00    0.28    0.82    0.05    0.19    0.41    0.00    0.00    0.01    0.03    0.04    0.00    0.01    0.00    0.00    0.00    1.49    3.92    0.00    0.00    0.00    0.03    0.01    0.02    0.00    0.02    0.03    0.03    0.01
PSATFZA    -26.00  -51.65    4.37   49.36    8.04    0.24    1.47    6.42    0.23    0.08    0.01    0.05    0.10    0.20    0.54    0.03    0.00   18.44   17.33    0.17    9.56   23.72   74.92    3.95    8.80    9.52    1.35    7.24    0.03    0.32    0.09    5.71    1.11    1.35    0.01    0.01    0.03    0.30    0.00    0.01    0.01    0.00    0.00    0.00    0.00    0.01    0.08
PSATJSG    -25.78  -52.00    5.30   52.38    7.43    0.83    1.38    8.56    0.17    0.01    0.00    0.01    0.02    0.08    0.89    0.00    0.00   18.18   21.50    0.03   12.46   23.72   66.75    4.01   15.78   16.52    2.64    8.34    0.01    0.09    0.01   11.13    0.60    1.81    0.00    0.00    0.00    0.51    0.00    0.00    0.00    0.00    0.00    0.00    0.00    0.00    0.07
PSATSCX    -25.53  -53.48    7.29   40.18    3.78    0.86    0.98    6.82    0.36    0.00    0.01    0.00    0.00    0.01    0.51    0.00    0.00   24.74   25.60    0.00   12.48   22.39   59.76    4.43   12.80   11.93    5.58    8.49    0.00    0.00    0.00   10.32    0.31    2.04    0.00    0.00    0.02    0.76    0.00    0.00    0.00    0.00    0.00    0.00    0.00    0.01    0.01
PSATSCL    -25.49  -51.74    5.85   41.31    4.97    0.61    0.42    9.93    0.29    0.00    0.00    0.00    0.00    0.03    0.80    0.00    0.00   16.46   22.43    0.06   11.12   26.67   68.70    8.35    4.78    7.22    0.32    1.21    0.00    0.08    0.00    6.50    2.82    2.69    0.00    0.00    0.00    0.75    0.00    0.00    0.00    0.00    0.00    0.00    0.00    0.08    0.23
PSATUVT    -26.23  -51.08    2.81   37.84   15.32    0.65    0.99    1.87    0.26    0.12    0.03    0.07    0.29    2.37    0.48    0.07    0.01    7.68   34.39    0.54    6.77   18.64   62.62    8.82    6.66    3.79    0.26    5.06    0.15    0.57    0.62    5.93    3.23    0.49    0.00    0.01    0.29    0.07    0.02    0.02    0.00    0.00    0.00    0.00    0.01    0.05    0.08
PSATBSM    -24.19  -53.74    4.45   34.65    2.86    0.95    0.30    7.31    0.11    0.00    0.00    0.00    0.00    0.00    0.32    0.00    0.00   20.17   30.94    0.00   17.67   21.68   35.17    4.57    1.12    8.06    0.24    0.03    0.00    0.00    0.00   11.73    0.80    5.21    0.12    0.00    0.02    0.23    0.00    0.00    0.00    0.00    0.00    0.00    0.00    0.01    0.00
PSATFLE    -22.97  -54.56    2.89   24.13    1.45    3.87   18.86    6.08    0.10    0.00    0.00    0.00    0.00    0.00    0.02    0.00    0.01    5.84   33.02    0.18   12.43    5.24    9.86    2.60    0.03    2.24    0.05    0.00    0.00    0.00    0.00    0.62    0.06   22.77    3.25    0.00    0.36    0.00    0.00    0.00    0.00    0.00    0.00    0.00    0.00    0.00    0.00
PSATITP    -25.42  -54.58    5.52   22.24    2.26    1.32    5.56    8.60    0.20    0.00    0.00    0.00    0.00    0.00    0.10    0.00    0.58   18.19   15.67    1.46   11.84   14.56   20.65    2.00    0.26    3.17    0.09    0.01    0.00    0.00    0.00    3.17    0.20   11.74    3.28    0.00    0.23    0.03    0.00    0.00    0.00    0.00    0.00    0.00    0.00    0.00    0.00
PSATIVM    -22.38  -53.53    4.35   28.92    2.81    3.27   16.84    9.10    0.13    0.03    0.01    0.00    0.00    0.00    0.01    0.00    0.00    0.34   11.73    7.15    4.30    0.13    0.84    0.69    0.02    0.31    0.02    0.00    0.00    0.01    0.00    0.06    0.10   11.15   15.62    0.00    0.02    0.00    0.00    0.00    0.00    0.00    0.00    0.00    0.00    0.00    0.00
PSATPTQ    -23.18  -53.17    1.39   41.08   12.27    1.44    0.47    3.53    0.17    0.00    0.00    0.00    0.00    0.11    0.28    0.00    0.01    2.04   21.20    0.18    6.90    5.15   18.61    8.39    1.02    3.19    0.24    0.02    0.00    0.02    0.00   11.32    1.37    4.04    1.91    0.00    0.00    0.13    0.00    0.00    0.00    0.00    0.00    0.00    0.00    0.05    0.04
PSATCBI    -17.99  -48.54    1.84    0.32    2.25    0.68    0.82    0.83    7.26    1.24    0.20    0.04    0.04    0.15    0.00    0.39    0.53    0.08    0.00    0.02    0.05    0.23    0.02    0.00    0.00    0.00    0.00    0.00    0.00    0.01    0.00    0.00    0.00    0.00    0.00    0.01    0.11    0.00    0.00    0.00    0.00    0.00    0.00    0.05    0.16    0.18    0.00
PSATCBIV   -16.15  -48.67    1.95    0.36    2.05    1.67    1.97    1.44    5.90    1.59    0.45    0.06    0.06    0.09    0.00    0.04    0.26    0.04    0.00    0.01    0.08    0.37    0.06    0.00    0.00    0.00    0.00    0.00    0.00    0.01    0.00    0.00    0.00    0.00    0.00    0.00    0.34    0.00    0.00    0.00    0.00    0.00    0.00    0.02    0.18    0.15    0.00
PSATEMB    -18.45  -47.98    0.84    0.22    1.98    0.50    0.18    2.24   12.21    3.33    0.11    0.01    0.18    0.76    0.44    0.44    0.34    0.09    0.00    0.00    0.01    0.00    0.10    0.00    0.00    0.00    0.00    0.00    0.00    0.00    0.01    0.00    0.00    0.00    0.00    0.37    0.00    0.00    0.00    0.00    0.00    0.00    0.00    0.23    0.15    0.38    0.14
PSATIMBR   -18.42  -49.10    3.03    1.56    6.16    1.55    0.34    0.63   15.60    0.90    0.05    0.02    0.02    0.15    0.15    0.17    0.26    0.03    0.00    0.00    0.01    0.19    0.06    0.00    0.00    0.00    0.00    0.00    0.00    0.00    0.00    0.00    0.00    0.00    0.00    0.10    0.02    0.00    0.00    0.00    0.00    0.00    0.00    0.02    0.03    0.05    0.00
PSATNPTE   -19.13  -47.70    3.09    2.06    3.83    1.53    0.59    1.40   16.91    4.07    0.04    0.00    0.47    1.46    0.57    0.67    0.19    0.07    0.00    0.00    0.05    0.02    0.29    0.00    0.00    0.00    0.00    0.00    0.00    0.02    0.05    0.00    0.00    0.00    0.01    0.32    0.00    0.00    0.00    0.02    0.01    0.01    0.00    0.09    0.12    0.21    0.06
PSATARV    -18.07  -50.16    7.01    1.69    2.09    2.08    0.82    1.53    1.79    0.79    0.31    0.01    0.00    0.00    0.00    0.00    0.01    0.00    0.00    0.01    0.02    0.33    0.19    0.17    0.00    0.00    0.00    0.00    0.00    0.00    0.00    0.00    0.00    0.00    0.00    0.00    0.05    0.01    0.00    0.00    0.00    0.00    0.00    0.00    0.00    0.00    0.00
PSATSFC    -18.05  -47.68    0.39    0.10    2.03    0.92    0.72    2.64    9.45    1.63    0.38    0.04    0.14    0.29    0.19    0.56    0.79    0.18    0.00    0.00    0.02    0.04    0.01    0.00    0.00    0.00    0.00    0.00    0.00    0.00    0.00    0.00    0.00    0.00    0.00    0.05    0.00    0.00    0.00    0.00    0.00    0.00    0.00    0.18    0.37    0.20    0.00
PSATSSM    -19.02  -50.50    4.56    2.27    8.87    2.21    0.37    0.74    4.88    1.03    0.13    0.00    0.00    0.02    0.05    0.06    0.05    0.00    0.00    0.13    0.02    0.23    0.13    0.89    0.00    0.00    0.00    0.00    0.00    0.00    0.00    0.00    0.00    0.00    0.00    0.01    0.11    0.00    0.00    0.00    0.00    0.00    0.00    0.00    0.00    0.00    0.00
PSATCNI    -22.94  -50.52    1.26   23.60   12.98    1.59    0.44    0.09    0.10    0.00    0.00    0.00    0.00    0.98    0.13    0.01    0.05    0.00    2.99    3.48    2.87    0.76    8.38    2.54    0.01    0.00    0.14    0.01    0.00    0.01    0.00    0.00    0.27    0.95   11.15    0.00    0.00    0.00    0.01    0.00    0.00    0.00    0.00    0.00    0.01    0.00    0.00
PSATCPV    -22.65  -51.33    0.45   21.04   15.45    1.26    0.18    0.23    0.15    0.00    0.00    0.00    0.00    0.57    0.14    0.00    0.02    0.00   12.33    1.86    3.52    0.52   17.00    5.03    0.02    0.26    0.98    0.00    0.00    0.00    0.00    0.72    4.80    2.08    6.23    0.00    0.00    0.00    0.00    0.00    0.00    0.00    0.00    0.00    0.01    0.03    0.02
PSATCHT    -23.01  -49.73    0.62   19.29   14.57    0.81    0.30    0.12    0.18    0.01    0.00    0.01    0.03    1.17    0.02    0.04    0.13    0.00   10.14    2.79    3.62    1.03    7.81    3.09    0.04    0.23    0.46    0.00    0.00    0.04    0.00    0.19    5.47    2.65    3.50    0.00    0.00    0.00    0.00    0.00    0.00    0.00    0.00    0.00    0.10    0.08    0.06
PSATJUR    -23.22  -49.23    0.63   17.37   12.86    1.12    1.27    0.75    0.77    0.10    0.02    0.04    0.16    0.99    0.07    0.15    0.29    0.00    8.35    5.24    5.34    1.19   18.50    5.96    0.01    0.66    0.43    0.15    0.16    0.21    0.06    0.09    1.69    1.65    6.64    0.24    0.10    0.00    0.02    0.01    0.00    0.00    0.00    0.00    0.11    0.02    0.10
PSATMAU    -24.06  -50.71    1.74   20.60   22.53    0.77    0.32    1.11    0.15    0.02    0.01    0.01    0.02    1.33    0.33    0.02    0.00    1.46   24.83    0.29    6.65    4.18   19.29   10.13    0.44    4.74    2.21    0.06    0.00    0.06    0.02    6.06    7.49    2.38    0.04    0.00    0.02    0.00    0.00    0.00    0.00    0.00    0.00    0.00    0.05    0.08    0.13
PSATROS    -22.50  -52.87    0.33   11.34   14.31    2.79    0.83    3.30    0.20    0.00    0.02    0.00    0.00    0.01    0.10    0.00    0.01    0.00   12.30    2.34    4.00    0.43    4.85    3.30    0.04    0.17    0.02    0.00    0.00    0.00    0.00    1.99    3.36    2.83    8.22    0.00    0.00    0.02    0.00    0.00    0.00    0.00    0.00    0.00    0.01    0.00    0.00
PSATQMD    -16.21  -47.33    0.27    0.30    2.14    1.16    2.62    4.15   13.82   16.05    0.78    0.24    0.09    0.51    0.34    1.14    0.66    0.35    0.00    0.08    0.17    0.05    0.02    0.00    0.00    0.00    0.00    0.00    0.00    0.01    0.00    0.00    0.00    0.00    0.00    0.00    0.03    0.00    0.00    0.00    0.00    0.00    0.00    0.18    0.43    0.41    0.02
PSATRBX    -18.95  -44.76    0.68    1.71    4.28    0.78    0.07    0.52   11.50    2.66    0.00    0.07    1.03    0.17    0.45    0.68    0.56    0.16    0.02    0.00    0.05    0.03    0.04    0.00    0.00    0.00    0.11    0.24    0.07    0.05    0.10    0.06    0.00    0.00    0.23    5.31    0.04    0.07    0.10    0.08    0.04    0.02    0.02    0.10    0.08    0.03    0.11
PSATSFR    -15.93  -44.86    0.05    0.29    2.08    2.03    1.29    5.01   13.76   17.59    0.52    0.12    0.08    0.38    0.66    0.34    0.28    0.11    0.01    0.04    0.10    0.01    0.02    0.00    0.00    0.00    0.00    0.00    0.00    0.00    0.01    0.00    0.00    0.00    0.00    0.04    0.04    0.00    0.00    0.00    0.00    0.00    0.01    0.16    0.12    0.04    0.07
PSATSRM    -16.37  -45.07    0.46    0.13    1.63    1.21    0.27    2.82   14.87    6.26    0.10    0.01    0.24    0.59    0.93    0.42    0.59    0.11    0.00    0.00    0.03    0.01    0.00    0.00    0.00    0.00    0.03    0.06    0.02    0.06    0.06    0.04    0.00    0.00    0.02    0.56    0.01    0.02    0.05    0.04    0.04    0.05    0.05    0.14    0.15    0.12    0.16
PSATTMR    -18.16  -45.27    2.55    3.18    2.86    0.82    0.38    0.39   12.84    2.37    0.01    0.00    0.65    0.41    0.32    0.35    0.39    0.10    0.00    0.01    0.01    0.01    0.01    0.00    0.00    0.00    0.01    0.06    0.00    0.01    0.10    0.03    0.00    0.00    0.41    3.03    0.00    0.00    0.01    0.03    0.01    0.01    0.02    0.07    0.14    0.10    0.21
PSATBOQ    -11.35  -43.83    3.01    0.94    0.04    0.48    1.53    5.27    4.35    5.37    3.01    0.71    0.04    0.03    0.45    0.34    0.87    1.25    0.40    1.63    0.54    0.01    0.00    0.00    0.00    0.00    0.00    0.00    0.00    0.00    0.00    0.00    0.00    0.00    0.00    0.01    0.05    0.00    0.00    0.00    0.00    0.00    0.00    0.00    0.04    0.00    0.00
PSATBBO    -22.52  -48.55    0.29   21.43   17.88    2.41    1.00    0.32    0.59    0.01    0.01    0.00    0.10    0.45    0.05    0.19    0.26    0.07    0.31   10.55    3.78    4.70    7.00    2.90    0.02    0.02    0.20    0.08    0.05    0.14    0.11    0.01    0.19    0.20   11.54    0.07    0.00    0.00    0.00    0.00    0.00    0.00    0.00    0.00    0.08    0.01    0.01
PSATESZ    -23.46  -46.91    0.42    8.59    7.92    4.19    4.27    4.27    2.17    0.00    0.10    0.21    1.02    0.05    0.69    0.80    0.10    0.01    0.03    8.69    3.33    6.44    6.97    2.17    0.06    0.59    5.27    0.93    0.56    1.74    1.02    0.07    0.13    0.00   10.66    1.23    0.14    0.00    0.02    0.06    0.01    0.00    0.00    0.00    0.05    0.00    0.12
PSATIBT    -21.76  -48.99    0.56   23.93   13.21    1.71    0.62    0.17    1.14    0.06    0.00    0.00    0.00    1.15    0.04    0.13    0.14    0.02    0.13    6.49    0.80    0.32    1.85    2.19    0.03    0.00    0.00    0.00    0.00    0.01    0.00    0.00    0.00    0.41   11.04    0.00    0.00    0.00    0.00    0.00    0.00    0.00    0.00    0.00    0.02    0.00    0.00
PSATNAV    -21.12  -50.20    0.79   20.18   14.31    2.04    0.87    0.22    1.01    0.20    0.02    0.00    0.00    0.62    0.13    0.09    0.14    0.00    0.01    1.02    0.00    0.02    0.57    4.84    0.00    0.00    0.00    0.00    0.00    0.01    0.00    0.00    0.00    0.09    8.21    0.86    0.00    0.00    0.00    0.00    0.00    0.00    0.00    0.00    0.00    0.01    0.00
PSATSME    -13.40  -48.30    8.21    2.15    1.41    1.28    4.53    4.02    4.49    3.23    0.76    0.68    0.32    0.21    0.12    0.09    0.16    0.03    0.00    0.16    0.40    0.48    0.16    0.00    0.00    0.00    0.00    0.00    0.00    0.00    0.00    0.00    0.00    0.00    0.00    0.00    0.10    0.00    0.00    0.00    0.00    0.00    0.00    0.01    0.03    0.02    0.00
PSATBGR    -27.78  -51.20    0.12   11.23    2.49    1.81    0.13    0.41    0.02    0.01    0.00    0.00    0.20    0.73    0.66    0.00    0.03   18.76   41.08    0.11    6.64    0.05   14.66    0.21    6.73   16.82    0.00    0.13    0.92    0.92    0.18    9.11    0.84    0.20    0.00    0.00    0.12    0.04    0.00    0.01    0.00    0.00    0.00    0.00    0.00    0.00    0.08
PSATCNV    -27.60  -51.33    2.24   41.65   11.35    2.56    0.56    1.40    0.05    0.05    0.04    0.01    0.05    0.86    0.99    0.03    0.05   16.74   31.87    0.26    6.48    1.54   41.39    0.28    7.38   14.07    0.00    1.61    0.31    0.65    0.48    7.17    0.75    0.04    0.00    0.00    0.33    0.21    0.01    0.06    0.02    0.00    0.00    0.00    0.00    0.00    0.13
PSATFCH    -27.14  -53.04   13.91   73.48    5.38    2.23    0.28    0.46    0.03    0.00    0.00    0.00    0.14    0.02    0.20    0.00    1.36   18.05   19.99    0.18    3.29    0.08   17.52    8.57   11.02    8.80    0.00    1.93    0.01    0.04    0.00   10.24    0.15    0.02    0.00    0.00    0.00    0.12    0.00    0.00    0.00    0.00    0.00    0.00    0.00    0.00    0.00
PSATITA    -27.27  -52.38    7.16   58.12    7.13    2.57    0.74    1.02    0.05    0.03    0.00    0.01    0.09    0.19    0.54    0.00    0.10   18.77   20.53    0.14    6.64    3.35   37.85    0.71    6.30   11.36    0.10    3.01    0.63    0.19    0.04    6.84    0.35    0.09    0.00    0.00    0.02    0.00    0.00    0.00    0.00    0.00    0.00    0.00    0.00    0.00    0.01
PSATMCD    -27.52  -51.78    2.70   39.51    4.67    3.05    0.03    0.24    0.01    0.00    0.00    0.00    0.13    0.26    0.54    0.00    0.02   22.36   20.16    0.07    4.40    0.03   13.34    0.14   12.25   17.33    0.00    0.47    0.18    0.04    0.00    8.71    0.12    0.06    0.00    0.00    0.00    0.00    0.00    0.00    0.00    0.00    0.00    0.00    0.00    0.00    0.00
PSATMOJ    -27.35  -52.73    6.34   45.45    1.03    2.66    0.01    0.00    0.01    0.00    0.00    0.00    0.51    0.00    0.14    0.00    3.03   22.52   13.47    0.05    1.07    0.00    6.74    1.49   16.29    3.66    0.01    0.41    0.47    0.11    0.00    8.04    0.29    0.00    0.00    0.00    0.00    0.00    0.00    0.00    0.00    0.00    0.00    0.00    0.02    0.00    0.02
PSATQQX    -26.66  -52.54    7.69   66.23    6.19    0.71    4.72    2.56    0.19    0.00    0.00    0.00    0.00    0.08    0.60    0.00    0.00   23.45   21.08    0.05   12.28    8.38   56.94    1.69   11.80   13.56    2.28    8.81    0.14    0.06    0.00    9.93    0.26    0.37    0.00    0.00    0.02    0.55    0.00    0.00    0.00    0.00    0.00    0.00    0.00    0.00    0.00
PSATPSJ    -28.14  -55.05    2.04   28.79    0.01    0.89    0.01    0.00    0.00    0.00    0.03    0.00    2.41    0.02    0.00    0.00   25.85   21.50    6.94    0.02    0.00    0.00    0.03    3.97   59.00    1.96    0.00    3.00    1.26    0.18    0.00    4.70    0.18    0.00    0.00    0.00    1.26    0.27    0.00    0.00    0.00    0.00    0.00    0.00    0.00    0.00    9.71
PSATESP    -18.68  -51.87    9.98    4.43    2.46    2.50    0.88    1.82    0.48    0.37    0.05    0.00    0.00    0.00    0.00    0.00    0.00    0.00    0.00    0.02    0.05    0.14    1.30    0.09    0.00    0.00    0.00    0.00    0.00    0.02    0.00    0.00    0.00    0.00    0.00    0.00    0.00    0.27    0.00    0.00    0.00    0.00    0.00    0.00    0.00    0.00    0.00
PSATSRC    -19.16  -50.76    7.63    3.24    2.82    1.95    0.48    1.24    0.91    0.81    0.04    0.00    0.00    0.00    0.00    0.00    0.00    0.00    0.00    0.29    0.08    0.11    0.79    0.61    0.00    0.00    0.00    0.00    0.00    0.00    0.00    0.00    0.00    0.00    0.03    0.00    0.02    0.08    0.00    0.00    0.00    0.00    0.00    0.00    0.00    0.00    0.00
PSATFRCL   -19.12  -50.64    6.23    3.32    3.65    2.45    0.64    2.50    1.21    0.75    0.05    0.00    0.00    0.00    0.00    0.00    0.00    0.00    0.00    0.19    0.08    0.11    0.43    0.38    0.00    0.00    0.00    0.00    0.00    0.00    0.00    0.00    0.00    0.00    0.02    0.01    0.01    0.05    0.00    0.00    0.00    0.00    0.00    0.00    0.00    0.00    0.00
PSATISOT   -20.40  -51.35    1.55    6.61    7.14    1.83    0.93    1.68    1.17    0.66    0.04    0.00    0.00    0.00    0.10    0.01    0.02    0.00    0.02    0.37    0.01    0.04    0.23    5.27    0.00    0.00    0.00    0.00    0.00    0.00    0.00    0.00    0.02    0.03    3.16    2.10    0.00    0.01    0.00    0.00    0.00    0.00    0.00    0.00    0.00    0.00    0.00
PSATJUP    -20.86  -51.63    3.36    7.75    4.84    2.17    1.32    3.47    0.67    0.50    0.03    0.00    0.00    0.00    0.02    0.01    0.00    0.00    0.20    1.21    0.01    0.10    0.30    1.23    0.01    0.00    0.00    0.00    0.00    0.00    0.00    0.00    0.04    0.07    1.71    0.61    0.02    0.12    0.00    0.00    0.00    0.00    0.00    0.00    0.01    0.00    0.00
PSATSDG    -20.06  -53.18    1.19    7.38    2.29    3.01    1.52    5.09    0.97    0.24    0.15    0.00    0.01    0.00    0.00    0.00    0.00    0.00    0.63    1.85    0.00    0.24    0.34    0.37    0.00    0.00    0.01    0.00    0.00    0.00    0.00    0.00    0.12    0.40    0.63    0.27    0.07    0.26    0.00    0.00    0.00    0.00    0.00    0.00    0.00    0.00    0.00
PSATFZBT   -21.66  -52.87    5.12    8.41    1.90    3.49    4.70   10.27    0.26    0.04    0.08    0.00    0.00    0.00    0.00    0.00    0.00    0.00    9.63    9.88    0.15    0.39    0.06    0.38    0.04    0.00    0.00    0.00    0.00    0.00    0.00    0.00    0.61    6.86    9.01    0.31    0.00    0.03    0.00    0.00    0.00    0.00    0.00    0.00    0.00    0.00    0.00
PSATPPRA   -22.46  -52.91    0.68    6.47    9.14    2.32    2.35    3.69    0.25    0.08    0.03    0.00    0.00    0.02    0.12    0.01    0.01    0.00    2.51    9.22    1.11    0.12    1.68    3.23    0.04    0.00    0.00    0.00    0.00    0.00    0.00    0.00    0.39    3.07   10.74    0.23    0.00    0.01    0.00    0.00    0.00    0.00    0.00    0.00    0.00    0.00    0.00
PSATBTE    -13.69  -50.80    3.63    2.73    1.91    1.78    1.05    2.41    2.16    1.02    0.84    0.73    0.46    0.18    0.03    0.00    0.01    0.01    0.00    0.01    0.04    0.29    0.16    0.03    0.00    0.00    0.00    0.00    0.00    0.00    0.00    0.00    0.00    0.00    0.00    0.00    0.01    0.01    0.00    0.00    0.00    0.00    0.00    0.00    0.00    0.00    0.00
PSATARAG    -8.27  -49.26    4.76    2.77    0.56    2.41    2.36    6.47    2.46    3.22    8.96    3.94    2.82    1.58    1.05    0.49    0.43    1.18    0.82    1.20    1.07    0.73    0.31    0.05    0.00    0.03    0.09    0.01    0.04    0.09    0.02    0.01    0.00    0.00    0.00    0.02    0.08    0.04    0.00    0.00    0.00    0.00    0.00    0.00    0.00    0.00    0.02
PSATLAJ     -9.76  -48.37    4.02    4.79    0.33    3.61    3.57    9.76    8.19    6.12    3.83    1.10    0.30    0.32    0.44    0.19    0.17    0.51    0.53    0.53    2.09    0.12    0.02    0.00    0.00    0.01    0.01    0.00    0.00    0.00    0.00    0.00    0.00    0.00    0.00    0.00    0.06    0.00    0.00    0.00    0.00    0.00    0.00    0.01    0.02    0.01    0.00
PSATPTRL    -9.31  -47.39    2.34    1.64    0.01    1.05    2.69    4.89    2.20    4.79    8.97    2.77    0.71    0.30    0.76    1.64    0.46    3.10    1.63    1.07    0.28    0.19    0.00    0.01    0.00    0.01    0.04    0.00    0.02    0.00    0.00    0.00    0.00    0.00    0.00    0.08    0.17    0.00    0.00    0.00    0.00    0.00    0.00    0.00    0.00    0.00    0.00
PSATLJET    -7.33  -47.48    0.79    1.39    0.88    1.39    2.99    4.36    1.84   20.20   10.96    5.58    1.89    1.31    3.63    5.06    3.17    2.26    1.95    4.15    1.14    0.62    0.17    0.05    0.15    0.18    0.34    0.11    0.74    0.15    0.05    0.06    0.03    0.01    0.01    0.23    0.22    0.00    0.00    0.00    0.00    0.00    0.00    0.00    0.00    0.00    0.07
PSATUCR     -3.83  -49.65    1.96    4.67    2.06    4.04    3.87    4.80    2.06    9.00    7.92    9.37    4.54    5.87    6.53    3.14    5.99    3.67    4.29    3.01    4.40    0.83    0.67    0.88    0.93    0.56    0.77    1.08    4.54    1.77    2.76    1.13    0.31    0.29    0.25    3.57    1.98    0.50    0.11    0.24    0.90    0.67    0.12    0.05    0.00    0.20    1.42
PSATXIVJ   -29.07  -51.67    0.11    6.51    0.32    0.94    0.05    0.00    0.01    0.00    0.00    0.00    0.27    0.18    0.43    0.00    1.88   22.39   21.33    0.31    2.65    0.00    5.13    0.27   11.98   12.86    0.00    0.01    0.75    1.24    0.00    7.95    0.40    0.20    0.00    0.00    0.00    0.00    0.00    0.00    0.00    0.00    0.00    0.00    0.00    0.00    0.72
PSATDFRC   -29.45  -53.28    0.29    5.94    0.05    0.71    0.08    0.00    0.00    0.00    0.00    0.00    2.55    0.03    0.00    0.00   20.33   21.76    8.56    0.03    0.00    0.00    0.00    1.67   54.35    3.24    0.00    1.23    6.49    0.85    0.00    3.95    0.42    0.02    0.00    0.00    0.02    0.02    0.00    0.00    0.00    0.00    0.00    0.00    0.14    0.00   12.47
PSATREAL   -29.02  -53.19    0.57   13.95    0.09    0.40    0.03    0.00    0.00    0.00    0.00    0.00    1.33    0.01    0.02    0.00   16.08   25.04    9.57    0.05    0.00    0.00    0.12    3.41   28.80    2.68    0.00    0.92    1.84    0.21    0.00    5.31    0.57    0.04    0.00    0.00    0.00    0.00    0.00    0.00    0.00    0.00    0.00    0.00    0.00    0.00    5.80
PSATCTAV   -29.01  -51.39    0.02    2.26    0.13    1.73    0.06    0.03    0.01    0.00    0.01    0.00    0.15    0.45    0.63    0.00    0.79   20.61   27.47    0.19    3.17    0.02    5.89    0.30   13.10   14.89    0.00    0.01    2.32    2.12    0.18   10.00    0.77    0.60    0.00    0.00    0.00    0.00    0.00    0.00    0.00    0.00    0.00    0.00    0.00    0.00    0.42
PSATERNT   -28.56  -52.54    0.99   22.52    0.39    1.19    0.01    0.06    0.02    0.00    0.00    0.00    0.59    0.23    0.20    0.00    3.93   25.26   11.45    0.06    1.43    0.00    5.35    0.92   11.14    6.94    0.00    0.99    2.08    0.40    0.00    7.95    0.47    0.05    0.00    0.00    0.00    0.00    0.00    0.00    0.00    0.00    0.00    0.00    0.00    0.00    0.50
PSATSTPL   -27.14  -49.52    1.11   43.66   11.45    0.73    0.93    0.73    0.02    0.04    0.14    0.09    0.11    2.50    1.63    0.14    0.35   11.24   41.92    0.80    5.75    4.73   61.65    0.18    3.70    6.42    0.17    1.38    0.25    1.51    0.85    7.27    0.55    0.00    0.00    0.00    0.69    0.70    0.14    0.17    0.08    0.01    0.00    0.00    0.00    0.02    0.04
PSATCVCH   -25.14  -48.87    0.75   21.20   27.74    0.68    2.43    0.67    0.97    0.47    0.11    0.34    0.53    1.28    0.30    0.16    0.05    0.73   37.95    2.01    6.58    4.30   35.60   10.25    0.46    9.29    0.17    0.20    0.21    0.29    0.34    1.77    5.98    1.04    0.00    0.12    0.58    0.03    0.06    0.06    0.00    0.00    0.00    0.00    0.06    0.09    0.06
PSATAMY    -12.60  -69.12    6.18    3.99    2.00    7.00    7.32    5.25    6.93    4.70    4.78    7.49    8.08    6.75    4.33    3.85    3.67   14.42   12.16   13.37    1.60    4.02    2.50    1.47    3.46    6.69    8.83    3.84    2.53    1.51    1.12    5.33    5.40    1.93   16.05    0.46    0.30    0.20    0.84    1.77    2.42    2.43    3.62    2.88    2.30    1.74    2.26
PSATGJR    -10.73  -65.35    8.82    2.27    1.57    8.08   10.40    4.02    1.10    0.84    2.86    6.85    2.20    2.64    2.06    2.58    2.63    9.63    3.98    0.99    1.38    0.88    0.15    0.46    1.32    5.78    2.48    0.44    0.38    0.18    0.12    1.12    0.51    8.61    0.82    0.03    0.01    0.03    0.34    0.41    0.48    1.29    2.57    2.11    1.49    1.23    0.91
PSATPRNC   -12.43  -64.43    1.90    1.55    0.42    1.42    7.68    3.03    1.94    1.31    3.31    7.83    2.95    2.01    3.25    3.50    1.05    2.65    3.96    0.40    1.81    2.94    0.17    0.93    0.22    1.10    1.83    0.08    0.03    0.05    0.02    0.05    0.23    9.05    0.68    0.00    0.00    0.06    0.27    0.17    0.03    0.01    0.09    0.81    0.35    0.25    0.22
PSATSANT    -8.87  -63.97    0.76    5.64    2.25    3.99    3.07    5.13    3.91    4.42    4.11    6.61    4.94    6.39    4.90    4.64    3.41    2.47    3.16    4.48    4.80    5.38    3.97    1.01    0.99    1.18    6.46    0.52    0.06    0.16    0.01    0.29    1.57    1.19   16.77    0.00    0.00    0.20    1.65    0.14    0.10    0.02    1.53    6.81    0.84    0.99    0.14
PSATDARD   -10.16  -59.46    8.35    5.20    2.89    4.85   10.16    4.53    5.33    3.15    5.28    5.34    2.61    6.83    2.48    3.08    1.67    0.69    0.55    1.46    8.81    2.80    1.17    1.23    0.43    0.23    0.05    0.00    0.01    0.02    0.00    0.13    0.12    0.10    0.21    0.00    0.01    0.07    0.00    0.00    0.00    0.00    0.00    0.00    0.00    0.00    0.00
PSATGUAP   -15.12  -58.96    2.73    2.67    1.75    1.75    5.85    5.76    4.61    1.82    1.71    7.88    0.63    1.93    1.50    0.63    2.33    1.68    4.53    0.03    0.02    0.26    0.46    0.50    0.00    0.00    2.06    0.08    0.37    0.09    0.00    0.00    0.98    0.34    0.24    0.00    0.00    0.00    0.00    0.00    0.00    0.00    0.00    0.00    0.00    0.00    0.00
PSATJIRA    -9.25  -64.65    5.64    3.55    1.16    2.25    5.60    6.73    2.62    2.73    4.59    7.90    6.27    6.54    3.03    4.61    1.75    6.74    8.96    2.10    1.55    2.89    0.68    1.43    0.81    2.49    6.46    1.68    1.19    0.47    0.20    1.29    2.16    6.93    8.98    0.10    0.04    0.05    0.74    1.12    0.55    0.85    1.37    2.12    1.41    0.82    0.69
PSATROND   -11.99  -60.70    1.27    2.90    1.40    2.20    3.77    1.62    5.56    6.40    8.86    7.16    1.44    1.03    0.76    2.49    1.77    0.58    4.03    1.16    9.58    5.13    3.19    0.81    0.70    0.11    0.31    0.00    0.00    0.00    0.00    0.09    0.00    0.15    1.65    0.00    0.00    0.03    0.00    0.00    0.00    0.00    0.00    0.00    0.03    0.00    0.00
PSATSAMU    -8.75  -63.45    0.19    3.16    2.22    8.52    5.32    5.40    4.10    3.88    8.92    9.03    7.59    5.07    3.99    5.66    0.61    3.66    1.81    1.91    4.27    3.95    5.55    1.44    0.73    1.00    4.00    0.11    0.05    0.16    0.02    0.09    0.58    0.66   12.15    0.00    0.00    0.20    1.61    0.03    0.00    0.00    0.19    1.08    0.01    0.03    0.10
PSATBALB    -1.92  -59.47    3.10   11.41    8.08   12.61   10.67    6.24   11.68    4.28    8.21   11.67    4.59    7.80    6.78    6.78    5.89    6.64   17.97   10.45    3.22   12.07    5.39    2.18    5.47    3.09    4.50    1.44    7.77    9.38   13.24   10.53   10.93   11.62    6.42    8.84    7.64   11.13    1.74    5.72   15.98    2.55   13.99    9.69    6.46    5.11    6.29
PSATCUNA    -2.82  -54.30    0.29    8.41    5.65   15.17   13.85    2.17    6.77    3.05    4.90    8.18    3.10    4.94    9.22    2.65   10.39    8.94   12.08    4.60    3.39    1.38    1.75    8.22    2.19    2.67    0.82    1.66    6.60    6.95    7.01    7.35    3.06    0.66    0.55   16.82    1.21    0.68    0.37    0.88   11.75    3.84    3.26    2.49    0.24    0.24    5.48
PSATJARI    -0.65  -52.52    2.64    6.42   11.69    8.76    8.29    5.98    5.01    6.06    3.18   11.56   15.13   10.17   10.02    6.15    7.70    6.69    6.19    2.27    5.83    9.86   13.79   11.83    6.18    8.41    9.83    3.53   10.14   14.79   11.80   11.52    4.94    8.96    5.05    4.37    4.95   10.82    8.81    7.24    9.34    4.67    2.50   13.51   12.12   11.76   15.16
PSATFGOM     0.86  -51.20    9.53    8.60   11.18   11.93    8.03    8.45    5.98    7.13    2.15   10.34   11.50    9.75    9.11    5.52   10.31    6.49    8.80    8.87   10.84   11.12   19.33   13.62    9.62    9.97   12.10    7.20    9.88   12.43    9.80    9.67    3.60   11.40    3.15    7.61    9.90    6.37    8.82   10.42    7.22    7.10    2.87   19.47   15.86    6.63    8.93
PSATUBE     -6.75  -43.57    1.07    0.52    0.17    0.67    1.78    2.85    1.16    3.59    2.79    1.20    1.14    0.98    0.53    3.88    2.49    3.02    1.98    2.73    0.33    0.07    0.02    0.00    0.00    0.00    0.02    0.03    0.00    0.00    0.00    0.00    0.00    0.00    0.02    0.23    0.06    0.00    0.00    0.00    0.00    0.00    0.00    0.00    0.00    0.00    0.03
PSATBSOR    -6.74  -52.00    2.58    3.19    0.78    2.10    2.69    4.14    4.40    2.86    4.14    4.48    7.11    2.37    2.36    1.21    0.40    0.50    0.92    0.68    1.02    2.61    0.36    0.12    0.01    0.05    0.06    0.02    0.17    0.39    0.44    0.12    0.02    0.01    0.00    0.00    0.20    0.34    0.01    0.00    0.01    0.00    0.00    0.00    0.00    0.00    0.10
PSATBESP    -6.75  -51.77    3.49    2.29    0.77    2.53    3.28    2.20    2.52    4.79   10.78    8.55    8.28    5.01    4.68    3.06    3.46    3.58    3.31    4.17    4.44    1.74    0.76    0.78    0.12    0.30    0.32    0.26    1.29    1.45    1.46    0.74    0.05    0.11    0.00    0.02    2.16    1.07    0.10    0.05    0.12    0.07    0.00    0.00    0.00    0.00    0.58
PSATPIME    -3.41  -51.91    0.95    5.36    4.81    7.85    4.66    3.36    3.45    4.06    7.54    5.93    6.63    6.04    5.01    3.47    4.56    2.92    5.10    2.63    2.91    1.42    0.79    1.84    1.45    1.55    0.58    2.15    3.91    4.15    3.52    3.18    0.98    0.32    0.17    1.27    1.99    1.03    0.35    0.22    1.68    3.16    0.29    0.18    0.01    0.13    1.54
PSATIRAP   -16.74  -42.57    0.34    0.03    0.04    4.37    0.62    1.97    4.09   11.53    0.44    0.05    1.13    0.48    1.75    0.73    0.94    0.04    0.00    0.03    0.11    0.03    0.05    0.02    0.00    0.00    0.01    0.07    0.20    0.36    0.42    0.24    0.03    0.00    0.01    0.67    0.12    0.10    0.35    0.29    0.36    0.31    1.38    0.80    0.54    0.25    0.03
PSATITBI   -15.97  -39.59    0.52    0.29    0.02    1.42    3.81    4.26    4.32    9.83    0.65    0.20    1.33    1.09    1.28    1.71    1.83    0.48    0.07    0.10    0.35    0.23    0.51    0.18    0.03    0.28    0.01    0.49    0.73    0.66    1.11    0.59    0.20    0.23    0.24    1.18    0.33    0.07    0.68    0.80    0.51    0.85    2.99    2.08    1.66    0.95    0.02
PSATCOLI   -10.98  -55.77    2.71    2.27    1.22    5.59    3.64    3.58    5.96    1.90    3.40    4.01    4.03    4.27    3.69    0.62    0.09    0.00    0.06    0.10    0.69    1.55    0.64    0.32    0.00    0.00    0.00    0.00    0.00    0.00    0.02    0.02    0.00    0.00    0.00    0.00    0.00    0.36    0.00    0.00    0.00    0.00    0.00    0.00    0.00    0.00    0.00
PSATSAEL    -9.19  -57.04    2.87    2.91    1.22    5.58    7.12    5.36    4.50    1.97   11.92    4.04    3.10    7.35    2.01    2.62    1.01    0.31    0.50    0.72    1.31    2.17    0.16    0.25    0.04    0.03    0.00    0.00    0.02    0.25    0.23    0.07    0.00    0.01    0.00    0.00    0.01    0.55    0.00    0.00    0.00    0.00    0.00    0.00    0.00    0.00    0.00
PSATITQ    -17.09  -54.83    3.40    3.95    3.04    1.85    0.41    1.10    2.14    1.17    1.07    0.14    0.01    0.19    0.06    0.06    0.07    0.00    0.00    0.00    0.00    0.04    0.21    0.48    0.00    0.00    0.01    0.00    0.00    0.00    0.00    0.00    0.00    0.00    0.08    0.03    0.00    0.02    0.00    0.00    0.00    0.00    0.00    0.00    0.01    0.00    0.00
PSATJAU    -15.24  -58.73    3.10    2.53    1.67    2.30    5.44    5.07    3.03    1.55    2.23    6.52    0.61    1.75    1.38    0.90    2.89    2.40    3.55    0.03    0.01    0.13    0.20    0.50    0.00    0.01    1.11    0.03    0.26    0.05    0.00    0.00    0.57    0.26    0.17    0.01    0.00    0.00    0.00    0.00    0.00    0.00    0.00    0.00    0.00    0.00    0.00
PSATMAN    -14.87  -55.78    2.91    4.46    1.59    1.86    2.95    2.65    1.82    2.90    1.15    0.47    1.43    1.74    1.18    0.09    0.00    0.00    0.00    0.00    0.19    0.44    0.53    0.05    0.00    0.00    0.00    0.00    0.00    0.01    0.00    0.00    0.00    0.00    0.01    0.00    0.00    0.00    0.00    0.00    0.00    0.00    0.00    0.00    0.00    0.00    0.00
PSATPTP    -17.61  -54.83    9.82    5.25    2.77    3.68    0.95    3.58    3.61    1.41    1.75    0.06    0.01    0.28    0.30    0.06    0.16    0.00    0.00    0.01    0.00    0.00    0.45    0.37    0.00    0.00    0.00    0.00    0.00    0.00    0.00    0.00    0.00    0.00    0.00    0.00    0.00    0.01    0.00    0.00    0.00    0.00    0.00    0.00    0.00    0.00    0.00
PSATSTCL   -17.90  -40.20    0.72    0.28    0.00    0.76    3.30    2.56    2.24   19.53    0.85    0.70    2.64    2.31    2.16    3.85    2.29    1.59    0.20    0.05    0.61    0.23    0.20    0.10    0.01    0.33    0.01    1.05    1.22    1.65    3.95    0.68    0.05    0.02    0.56    2.30    0.83    0.02    1.43    3.37    1.36    2.72    7.94    5.08    3.84    1.75    0.04
PSATPDC    -12.58  -39.00    4.39    3.33    0.07    0.04    0.06    0.62    2.01    3.20    2.12    0.23    0.84    0.59    0.88    1.71    1.26    0.93    2.13    1.10    2.21    1.04    2.60    0.24    0.60    0.94    0.22    0.84    0.92    1.53    1.54    1.20    1.12    1.65    1.01    1.48    1.01    0.61    0.57    0.80    0.49    0.37    0.70    7.83    3.48    1.82    0.42
PSATROSA   -20.92  -41.72    2.05    0.48    4.88    2.58    1.81    3.41    2.71    2.64    0.84    1.81    7.01    1.56    5.78    2.86    3.64    0.64    0.29    0.08    0.71    0.00    0.12    0.00    0.00    0.00    5.26    3.83    2.83    0.84    0.58    0.55    0.00    0.00    4.26    7.70    2.43    2.15    2.02    1.76    0.11    0.14    0.03    0.40    0.24    0.00    0.00
PSATCAN    -20.21  -42.85    1.20    0.27    5.71    1.38    0.43    0.58    3.66    2.17    0.02    0.35    1.97    0.17    1.74    1.40    2.98    0.13    0.00    0.00    0.28    0.01    0.05    0.02    0.00    0.00    0.64    0.92    1.00    0.49    0.08    0.39    0.03    0.00    0.70   10.50    0.18    0.16    0.37    0.69    0.26    0.31    0.34    0.23    0.07    0.05    0.03
PSATSAC    -19.64  -42.85    1.08    0.13    2.69    0.95    0.09    0.39   13.45    4.59    0.00    0.03    3.02    0.16    0.60    1.95    2.54    0.14    0.00    0.00    0.36    0.02    0.03    0.01    0.00    0.00    0.66    1.60    0.38    0.30    0.77    0.70    0.05    0.00    0.02    3.40    0.10    0.15    0.28    0.54    0.44    0.57    0.41    0.23    0.12    0.24    0.21
PSATPES    -19.12  -42.66    0.97    0.12    0.74    1.21    1.58    2.75    6.60    7.75    0.07    0.12    3.38    0.06    1.74    4.82    1.95    0.10    0.04    0.00    0.34    0.04    0.04    0.01    0.00    0.00    0.75    0.55    0.25    2.55    0.95    0.61    0.05    0.00    0.03    0.81    1.09    0.40    1.54    1.31    0.61    0.73    1.27    1.35    0.34    0.47    0.19
PSATMAS    -19.50  -40.92    0.66    0.15    1.15    0.97    1.25    6.46    4.51    8.80    0.11    0.16    2.32    0.25    2.15    4.86    1.72    0.09    0.11    0.00    0.28    0.06    0.09    0.05    0.02    0.04    0.24    0.33    0.38    0.60    0.85    0.57    0.05    0.00    1.20    3.45    0.32    0.12    0.65    0.79    0.42    0.45    1.30    2.59    0.37    0.42    0.08
PSATSBR    -23.37  -45.87    0.75    4.92    5.62    3.61    3.68    6.27    4.76    0.12    0.26    0.20    1.74    0.05    0.76    1.38    0.10    0.05    0.02    5.88    2.61   12.94    1.17    0.39    0.14    0.11    7.23    1.37    0.54    2.27    1.63    0.07    0.01    0.02   15.62    0.78    0.38    0.01    0.08    0.13    0.02    0.00    0.00    0.01    0.02    0.05    0.00
PSATJAG    -23.20  -46.03    0.28   10.84    6.93    1.65    2.14    1.32    1.96    0.01    0.03    0.01    0.63    0.02    0.20    0.78    0.14    0.00    0.00   12.41    0.90   13.69    1.83    0.05    0.02    0.02    1.39    0.41    0.12    0.70    0.92    0.06    0.06    0.00   10.35    0.24    0.00    0.00    0.00    0.00    0.00    0.00    0.00    0.00    0.18    0.06    0.00
PSATFUNI   -22.53  -44.57    0.42    7.40    8.79    1.18    1.55    1.68    2.47    0.22    0.06    0.04    1.37    0.04    0.26    0.83    0.11    0.04    0.00    6.47    2.20    6.25    1.07    1.05    0.09    0.00    1.44    0.63    0.17    0.60    0.55    0.05    0.02    0.05   16.21    0.21    0.09    0.01    0.01    0.02    0.03    0.02    0.00    0.02    0.20    0.02    0.00
PSATSACE   -22.48  -43.84    1.22    2.41    2.27    6.24    3.48    3.27    6.48    0.41    0.03    0.06    2.74    0.05    2.10    1.78    0.13    0.02    0.00    1.66    2.06    1.96    0.31    0.06    0.04    0.00    7.45    1.94    0.48    0.90    0.78    0.00    0.00    0.00   24.78    1.34    1.57    0.14    0.05    0.12    0.24    0.03    0.00    0.11    0.21    0.00    0.00
PSATPIC    -21.91  -43.54    1.43    0.98    2.71    3.24    2.03    1.89    1.51    0.11    0.36    0.10    3.00    0.02    2.26    3.94    0.55    0.12    0.03    0.41    0.99    0.09    0.14    0.02    0.00    0.00    1.17    2.03    0.34    1.79    0.52    0.03    0.00    0.00   16.05    1.43    1.80    0.09    0.06    0.49    0.27    0.21    0.12    0.24    0.00    0.00    0.00
PSATSOGI   -21.94  -43.36    1.00    1.92    1.60    0.94    1.19    1.01    2.29    0.29    0.61    0.41    4.25    0.01    3.91    2.55    0.85    0.52    0.14    0.12    0.37    0.03    0.04    0.00    0.00    0.00    0.67    2.39    0.41    2.48    0.56    0.17    0.03    0.00   17.91    3.07    1.65    0.17    0.12    0.92    0.89    0.29    0.23    0.20    0.06    0.03    0.05
PSATIPSI   -21.84  -42.58    1.02    3.10    5.47    5.00    1.43    2.68    1.99    0.06    0.37    0.71    1.88    0.02    6.63    2.13    0.95    0.13    0.01    0.49    0.70    0.08    0.19    0.01    0.00    0.00    1.85    2.30    0.52    2.47    0.76    0.15    0.07    0.00   22.50    2.86    1.49    0.07    0.46    0.61    0.37    0.10    0.07    0.13    0.06    0.01    0.01
PSATTCLJ   -22.69  -43.83    0.66    5.07    1.39   10.86    2.74    9.15   10.08    0.24    0.16    0.63    2.51    0.05    3.69    1.55    0.12    0.00    0.00    3.34    0.92    3.74    0.11    0.09    0.00    0.00   17.20    1.13    0.21    0.58    0.58    0.00    0.00    0.00   25.27    2.29    0.21    0.00    0.61    0.46    0.03    0.00    0.00    0.00    0.00    0.00    0.00
PSATBIGU   -25.51  -53.67    7.78   38.37    3.31    0.78    0.88    6.22    0.40    0.00    0.00    0.00    0.00    0.01    0.48    0.00    0.00   28.95   22.61    0.00   11.87   21.80   57.06    6.48   12.49   10.71    5.85    8.74    0.00    0.00    0.00    9.98    0.25    2.30    0.00    0.00    0.11    0.69    0.00    0.00    0.00    0.00    0.00    0.00    0.00    0.00    0.01
PSATBRAU   -21.45  -42.41    1.03    0.97    3.58    3.35    0.27    1.05    2.94    0.61    0.15    1.37    3.73    0.10    6.06    2.13    1.21    0.52    0.01    0.03    0.35    0.03    0.05    0.00    0.00    0.00    1.63    1.40    1.12    0.58    0.81    0.31    0.02    0.00    6.82    9.43    0.56    0.15    0.30    1.46    0.78    0.29    0.10    0.30    0.27    0.06    0.02
PSATSUIC   -20.08  -40.58    1.79    0.66    0.15    0.46    1.05    0.93    3.62    4.93    0.13    1.08    2.76    1.34    1.07    5.23    3.02    0.00    0.53    0.00    0.93    0.02    0.03    0.15    0.02    0.32    0.60    0.49    0.31    0.55    1.16    1.53    0.00    0.00    0.24    8.18    1.40    2.11    6.84    1.95    1.43    1.31    0.79    0.79    0.00    0.95    0.00
PSATJRI     -9.30  -64.70    3.82    4.06    1.10    2.26    5.48    6.24    2.63    2.85    4.69    6.81    7.37    7.29    3.51    5.18    1.62    4.78    7.35    1.90    0.55    2.35    0.40    1.40    0.80    1.45    5.84    1.23    0.59    0.24    0.13    0.29    1.91    7.83    8.54    0.00    0.00    0.02    0.80    1.25    0.61    0.89    1.65    2.72    1.69    0.95    0.78
PSATBENI   -14.59  -67.53   10.89    1.56    1.59    2.74    5.22    8.26    2.56    2.24    4.30   10.80    3.57    4.20    2.01    3.13    2.37   12.97   13.49    2.58    4.48    4.41    1.55    1.32    0.95    5.51    7.88    2.80    2.93    1.15    0.38    4.04    2.95    4.51   10.86    0.39    0.13    0.14    0.53    0.38    0.38    0.80    0.94    0.94    0.72    0.58    0.51
PSATEPB    -12.42  -64.42    3.46    1.64    0.65    3.35    7.65    2.45    1.44    1.08    2.93    8.01    2.28    1.56    2.57    2.81    1.62    4.39    3.33    0.57    1.83    2.18    0.12    0.70    0.53    1.63    1.36    0.21    0.08    0.06    0.05    0.08    0.19    9.08    0.49    0.00    0.00    0.05    0.23    0.14    0.04    0.12    0.39    0.77    0.42    0.31    0.25
PSATEGM    -10.79  -64.35    9.43    2.49    1.73    8.22   11.48    5.10    1.41    0.96    3.20    6.27    2.73    3.48    2.43    3.07    2.62   10.01    4.83    1.00    1.16    1.02    0.20    0.57    1.36    6.83    3.40    0.40    0.44    0.22    0.12    1.45    0.68    8.48    1.11    0.03    0.01    0.04    0.42    0.52    0.62    1.67    3.14    2.62    1.85    1.52    1.12
PSATSTOA    -8.79  -63.95    0.74    5.52    2.03    3.65    3.09    5.30    3.57    4.68    4.22    7.10    4.81    6.42    4.79    4.52    3.19    2.48    3.47    4.51    4.63    5.30    4.23    1.03    1.02    1.14    6.10    0.50    0.06    0.16    0.02    0.26    1.47    1.18   16.45    0.00    0.00    0.19    1.75    0.10    0.06    0.02    0.77    6.70    0.52    0.94    0.12
PSATENC     -9.90  -66.62    1.98    6.83    0.32    1.11    4.93    5.54    3.68    3.83    4.55    9.28    6.79    7.93    2.96    5.72    1.05    2.94    6.22    3.03    0.63    2.84    0.28    2.54    0.51    0.63    6.29    2.22    0.48    0.14    0.21    0.39    1.60    4.53    9.31    0.00    0.00    0.04    0.90    2.75    0.57    0.60    1.20    1.30    1.00    0.66    0.62
PSATAMY1   -11.71  -70.63    3.23    2.05    1.45    3.00    5.09    5.08    4.32    2.99    3.15    5.27    8.71    6.87    6.88    5.34    2.25    6.84    9.37    5.70    0.63    4.58    0.96    1.02    1.74    3.37    4.91    2.13    1.48    0.67    0.44    0.89    3.62    1.91   18.65    0.00    0.00    0.00    0.04    0.42    0.96    1.07    1.19    1.16    0.86    0.96    1.01
PSATAMY2   -12.37  -71.17    6.62    5.54    1.83    6.45    8.29    5.39    8.50    5.40    6.11    6.72    5.93    5.28    3.89    2.86    5.12   17.03   14.93   17.85    2.10    4.78    3.96    1.34    3.95    8.92   10.36    4.32    3.02    1.09    1.26    6.82    4.73    1.93   19.64    0.14    0.20    0.31    1.43    1.63    2.14    2.87    3.26    2.07    1.87    1.92    2.03
PSATAMY3   -13.75  -70.18    8.53    5.19    2.95   12.12   10.59    4.09    7.76    6.03    4.90    9.64    8.84    7.55    2.80    3.73    4.03   18.75   12.41   18.18    2.15    3.10    2.13    2.33    4.43    5.46    6.46    4.11    2.32    2.96    1.88    9.44    8.94    2.23    9.05    1.26    0.84    0.36    1.14    4.01    4.97    3.03    6.93    6.33    4.87    2.25    4.22
PSATAMY4   -13.45  -69.47    5.88    1.48    1.68    5.87    3.81    6.77    6.64    4.01    3.90    8.27   11.03    9.11    4.04    4.27    2.01   13.08    9.77    8.51    1.23    3.23    2.35    1.24    3.56    9.33   16.51    5.55    3.65    1.71    0.78    2.77    4.58    1.47   15.54    0.74    0.19    0.04    0.30    0.68    1.55    2.53    2.72    2.08    1.58    1.74    1.59
PSATJRN    -13.37  -59.01    1.75    2.32    1.71    3.62    5.91    2.68    6.37    1.98    2.49    3.34    0.73    2.03    1.38    2.26    2.10    1.02    4.32    0.03    0.16    1.21    0.48    0.40    0.00    0.00    0.31    0.08    0.05    0.08    0.02    0.00    0.12    0.38    0.12    0.00    0.00    0.00    0.08    0.00    0.00    0.00    0.00    0.00    0.02    0.00    0.00
PSATAPI    -10.34  -56.98    4.95    0.66    0.67    7.74    3.70    5.55    3.89    1.62    6.97   10.76    1.72    8.86    1.45    2.25    0.80    0.13    0.55    0.93    5.99    3.20    0.21    0.41    0.17    0.01    0.00    0.00    0.00    0.05    0.03    0.14    0.00    0.04    0.00    0.00    0.00    0.05    0.00    0.00    0.00    0.00    0.00    0.00    0.02    0.00    0.00
PSATSALT   -29.32  -50.68    0.00    0.97    0.23    2.86    0.14    0.01    0.00    0.00    0.00    0.00    0.06    0.86    0.67    0.01    0.53   18.31   23.73    0.20    1.05    0.00    4.99    0.44   14.68   15.24    0.00    0.00    1.92    1.08    0.12   11.75    0.85    0.73    0.00    0.00    0.00    0.00    0.00    0.00    0.00    0.00    0.00    0.00    0.00    0.00    1.19
