PSATAGV    -19.89  -50.35    3.10   19.97   14.96    1.56    3.35    2.70    0.40    0.00    0.00    0.00    2.33    4.41    0.02    0.00    0.00    0.00    0.00    0.00    0.00    0.00    0.00    0.00    0.00    0.00    0.00    0.00    0.00    0.00    0.00    0.40    0.24   16.42    2.21    0.00    0.00    0.82    3.08   10.68    0.00    0.00    0.00    0.00    0.00    0.00    0.01
PSATCMG    -21.28  -44.63    1.31    1.09    3.03    1.42    0.02    1.69    1.26    0.20    0.26    0.19    3.00   11.28    2.62    0.60    0.57    0.01    0.53    0.30    0.10    0.02    0.08    0.57    0.25    0.61    0.03    0.00    0.00    0.00    0.00    0.01    0.43   12.24    5.20    0.24    0.03    1.76    3.07    4.35    0.16    0.01    0.01    0.05    0.04    0.18    0.00
PSATCES    -20.25  -48.16    1.43    5.00   10.27    2.73    1.29    2.50    1.10    0.01    0.00    0.01    2.84   10.94    0.76    0.00    0.00    0.00    0.00    0.00    0.00    0.00    0.00    0.00    0.00    0.00    0.00    0.00    0.00    0.00    0.00    0.08    0.05   12.59    3.25    0.00    0.00    0.40    4.67   20.62    0.00    0.00    0.00    0.00    0.00    0.00    0.00
PSATELC    -21.60  -46.95    1.29   12.12   15.90    1.45    1.72    4.62    0.83    0.00    0.01    0.39   11.22   10.49    1.51    0.00    0.00    0.00    0.00    0.01    0.02    0.01    0.00    0.00    0.00    0.03    0.00    0.00    0.00    0.00    0.00    0.05    0.44   13.06    0.84    0.00    0.00   11.40    6.43   19.19    0.02    0.00    0.00    0.00    0.00    0.01    0.00
PSATFUN    -21.14  -45.04    0.48    0.74    4.65    1.27    0.09    2.95    0.69    0.01    0.18    0.14    0.89   10.08    1.28    0.11    0.09    0.00    0.14    0.05    0.02    0.00    0.03    0.10    0.05    0.24    0.01    0.00    0.00    0.00    0.00    0.00    0.05   13.12    6.06    0.17    0.01    1.70    2.51   10.17    0.24    0.00    0.01    0.01    0.02    0.03    0.00
PSATFUR    -20.67  -46.32    0.95    4.06    7.49    0.80    0.42    2.32    0.68    0.02    0.14    0.39    1.85    7.21    1.19    0.00    0.00    0.00    0.01    0.01    0.01    0.00    0.00    0.00    0.03    0.20    0.01    0.00    0.00    0.00    0.00    0.01    0.18   11.46    3.85    0.05    0.00    8.51    3.64   15.88    0.07    0.00    0.00    0.00    0.00    0.02    0.00
PSATMRB    -20.30  -49.18    2.84   12.79   12.12    2.56    1.61    3.63    0.81    0.00    0.00    0.03    3.53    9.18    0.36    0.00    0.00    0.00    0.00    0.00    0.00    0.00    0.00    0.00    0.00    0.00    0.00    0.00    0.00    0.00    0.00    0.24    0.34   15.51    3.27    0.00    0.00    0.86    4.76   16.53    0.00    0.00    0.00    0.00    0.00    0.00    0.00
PSATPRG    -21.59  -45.67    0.57   10.93   12.17    0.92    1.35    2.72    0.82    0.02    0.04    0.26    4.94    7.97    1.62    0.01    0.00    0.02    0.02    0.02    0.00    0.00    0.00    0.00    0.05    0.17    0.02    0.00    0.00    0.01    0.00    0.04    1.31    9.32    0.96    0.02    0.01    8.86    4.91   11.98    0.11    0.00    0.01    0.01    0.01    0.01    0.00
PSATPAS    -21.02  -48.18    1.00   23.27   18.16    2.39    4.27    4.88    0.62    0.00    0.00    0.05    8.80    9.77    0.53    0.00    0.00    0.00    0.00    0.00    0.00    0.00    0.00    0.00    0.00    0.00    0.00    0.00    0.00    0.01    0.00    0.96    0.72    9.07    0.50    0.00    0.02    8.12    7.24   19.59    0.06    0.00    0.00    0.00    0.00    0.02    0.00
PSATPTB    -21.61  -45.49    0.82    3.46    9.74    1.64    0.24    2.09    1.31    0.02    0.06    0.23    4.28    9.01    1.54    0.01    0.01    0.01    0.03    0.05    0.00    0.01    0.00    0.03    0.09    0.26    0.02    0.00    0.00    0.00    0.00    0.00    0.44   13.82    1.41    0.09    0.00    4.75    3.06    8.72    0.05    0.00    0.00    0.00    0.01    0.03    0.00
PSATPTC    -20.00  -48.55    2.20    2.17   12.62    1.21    0.61    2.43    0.95    0.01    0.02    0.12    5.29    9.48    1.59    0.00    0.00    0.00    0.00    0.00    0.00    0.02    0.00    0.00    0.00    0.00    0.00    0.00    0.00    0.00    0.00    0.05    0.09    7.41    5.34    0.00    0.01    0.23    4.20   13.74    0.13    0.00    0.00    0.00    0.00    0.00    0.00
PSATFZA    -26.00  -51.65    4.74   43.31    3.66   19.37   32.07    0.32    0.00    0.00    0.00    0.00    5.63    0.70    0.00    0.00    0.00    0.00    0.24    0.08    0.06    0.04    0.00    0.02    0.00    0.01    0.83    8.35    6.19    4.76   30.03    4.55    0.01    0.27    0.36    5.24    8.22    7.90   14.33    4.10    0.00    0.01    0.08    0.34   10.03   10.60    0.05
PSATJSG    -25.78  -52.00    7.06   60.60    4.67   20.30   23.34    0.14    0.00    0.00    0.00    0.00    5.02    0.87    0.00    0.00    0.00    0.00    0.06    0.01    0.01    0.01    0.00    0.00    0.00    0.00    0.68    8.31    4.30    8.46   34.92    2.09    0.04    0.04    0.05    5.00   13.78    6.38   15.86   10.49    0.01    0.00    0.01    0.06   17.85    7.73    0.05
PSATSCX    -25.53  -53.48   13.10   56.38    4.03   19.54   11.51    0.08    0.00    0.00    0.00    0.00    5.44    0.54    0.00    0.00    0.00    0.00    0.00    0.00    0.00    0.00    0.00    0.00    0.00    0.00    0.16   11.51    2.61   12.28   31.22    0.60    0.04    0.00    0.00    6.57   24.16   20.04   22.42   11.93    0.01    0.00    0.00    0.74   21.63    4.46    0.03
PSATSCL    -25.49  -51.74   11.42   36.01    1.81   16.10   20.60    0.20    0.00    0.00    0.00    0.00   10.14    0.05    0.00    0.00    0.00    0.00    0.05    0.00    0.00    0.02    0.00    0.00    0.00    0.00    0.38    6.50    3.66    3.23   33.28    1.53    0.00    0.02    0.05   12.54   24.63   14.91   17.35    8.01    0.00    0.00    0.02    0.00   35.78   13.26    0.03
PSATUVT    -26.23  -51.08    1.66   33.06    5.03    6.65   37.12    0.32    0.00    0.00    0.01    0.00    4.32    0.68    0.00    0.00    0.00    0.01    0.76    0.57    0.09    0.04    0.04    0.03    0.01    0.03    0.42    3.53    6.08    0.89   47.82    7.76    0.02    0.60    0.96    5.50    9.65    7.45   16.97    8.94    0.00    0.03    0.16    0.80    4.98    2.69    0.07
PSATBSM    -24.19  -53.74    4.88   31.13    4.51   11.93   16.10    0.49    0.00    0.00    0.00    0.26   15.80    0.05    0.00    0.00    0.00    0.00    0.00    0.00    0.00    0.00    0.00    0.00    0.00    0.00    0.06    4.62    0.27    7.22   19.85    0.08    0.00    0.00    0.00   15.35   36.19   36.18   15.71   11.86    0.01    0.00    0.00    1.12   15.87    4.41    0.01
PSATFLE    -22.97  -54.56    3.43   16.45    1.69   14.53    8.18    0.30    0.00    0.00    0.00    5.53   13.07    0.02    0.00    0.00    0.00    0.00    0.00    0.00    0.00    0.00    0.00    0.00    0.00    0.00    0.00    1.09    0.02   11.96    4.16    0.09    0.02    0.55    0.17    1.71    7.29   49.04    7.44    9.59    0.00    0.00    0.00    2.96   16.17    0.88    0.08
PSATITP    -25.42  -54.58    9.16   28.72    5.02   24.18    8.80    0.31    0.00    0.00    0.00    3.23   16.21    0.04    0.00    0.00    0.00    0.00    0.00    0.00    0.00    0.00    0.00    0.00    0.00    0.00    0.29    3.75    0.22   12.44   13.00    0.22    0.01    0.65    0.23    9.23   11.21   46.21    7.98    7.07    0.02    0.00    0.00    2.13    4.99    1.01    0.04
PSATIVM    -22.38  -53.53    0.52   13.81    6.55   18.25    8.44    0.92    0.00    0.00    0.00    5.29   12.54    0.04    0.00    0.00    0.00    0.00    0.00    0.00    0.00    0.00    0.00    0.00    0.00    0.00    0.00    0.07    0.00    4.51    7.08    1.18    0.27    3.65    0.00    0.21    0.27   14.11    4.09    5.32    0.00    0.00    0.00    0.30    2.85    0.10    0.14
PSATPTQ    -23.18  -53.17    2.24   27.40    8.33   10.52   24.21    0.36    0.00    0.00    0.00    0.25   15.87    0.11    0.00    0.00    0.00    0.00    0.01    0.01    0.00    0.00    0.00    0.00    0.00    0.00    0.10    3.50    0.60    1.62   13.45    0.90    0.00    0.01    0.04    9.22   27.57   35.71   19.22   13.39    0.00    0.00    0.00    0.12   11.06    3.18    0.01
PSATCBI    -17.99  -48.54    0.11    5.04    3.29    3.98    2.04    1.21    0.66    1.89    2.27    0.12    1.67    4.32    6.62    1.93    0.24    0.01    0.30    0.00    0.00    0.00    0.00    0.00    0.00    0.00    0.00    0.00    0.00    0.00    0.00    0.00    0.00    0.32    0.05    0.20    0.01    0.01    0.42    1.41    0.07    0.00    0.00    0.00    0.00    0.00    0.00
PSATCBIV   -16.15  -48.67    0.23   11.46    1.48    2.05    2.06    1.85    1.29    1.23    1.46    0.17    3.11    4.54    7.39    6.03    0.85    0.01    0.18    0.00    0.00    0.00    0.01    0.00    0.00    0.01    0.00    0.00    0.00    0.00    0.00    0.00    0.00    0.08    0.04    0.12    0.02    0.00    0.00    1.55    0.76    0.00    0.00    0.00    0.00    0.00    0.00
PSATEMB    -18.45  -47.98    0.66    0.16    9.27    2.93    0.28    1.16    0.34    0.01    0.05    0.21    0.17    5.84    3.36    0.00    0.00    0.00    0.00    0.01    0.01    0.00    0.00    0.00    0.00    0.02    0.00    0.00    0.00    0.00    0.00    0.00    0.00    3.97    1.71    0.08    0.00    0.00    0.68    7.82    0.28    0.00    0.00    0.00    0.00    0.00    0.01
PSATIMBR   -18.42  -49.10    2.40    1.18    7.11    3.13    1.19    1.90    0.60    0.01    0.01    0.07    0.78    6.75    2.98    0.01    0.00    0.00    0.00    0.00    0.00    0.00    0.00    0.00    0.00    0.01    0.00    0.00    0.00    0.00    0.00    0.00    0.00    1.17    0.48    0.01    0.01    0.02    1.16    4.09    0.12    0.00    0.00    0.00    0.00    0.00    0.00
PSATNPTE   -19.13  -47.70    1.97    0.90    8.34    0.80    0.25    1.56    0.34    0.00    0.07    0.25    2.76    7.03    1.30    0.01    0.00    0.00    0.00    0.00    0.02    0.02    0.00    0.00    0.00    0.00    0.00    0.00    0.00    0.00    0.00    0.00    0.44    5.51    5.92    0.02    0.03    0.02    2.62   13.43    0.40    0.00    0.00    0.00    0.00    0.00    0.01
PSATARV    -18.07  -50.16    6.28    0.53    4.67    4.51    2.47    3.89    0.81    0.00    0.00    0.04    5.66    8.45    3.66    0.00    0.00    0.00    0.00    0.00    0.00    0.00    0.00    0.00    0.00    0.00    0.00    0.00    0.00    0.00    0.00    0.14    0.00    0.86    0.00    0.00    0.10    0.04    0.58    0.20    0.03    0.00    0.00    0.00    0.00    0.00    0.00
PSATSFC    -18.05  -47.68    0.10    0.32    4.39    5.16    1.64    0.47    0.81    0.29    0.75    0.27    0.69    7.13    6.57    1.79    0.44    0.00    0.51    0.00    0.00    0.00    0.00    0.00    0.00    0.03    0.00    0.00    0.00    0.00    0.00    0.00    0.00    0.32    0.08    0.42    0.00    0.00    0.07    2.58    0.48    0.00    0.00    0.00    0.00    0.00    0.00
PSATSSM    -19.02  -50.50    8.49    0.99   11.50    4.36    1.65    2.44    0.45    0.00    0.01    0.03    4.66    4.35    1.77    0.01    0.00    0.00    0.00    0.00    0.00    0.00    0.00    0.00    0.00    0.00    0.00    0.00    0.00    0.00    0.00    0.04    0.02    2.79    0.13    0.00    0.02    0.11    0.97    2.35    0.05    0.00    0.00    0.00    0.00    0.01    0.00
PSATCNI    -22.94  -50.52    0.06   24.95    8.16    0.80    3.21    1.92    0.03    0.00    0.00    0.00   18.56    2.45    0.00    0.00    0.00    0.00    0.00    0.00    0.00    0.00    0.00    0.00    0.00    0.00    0.00    0.00    0.00    0.00    0.37    2.81    0.04    1.14    0.03    0.03    0.09   19.59   15.04   22.42    0.03    0.02    0.00    0.00    0.19    1.43    0.00
PSATCPV    -22.65  -51.33    0.95   19.25   10.64    1.14    8.71    0.52    0.00    0.00    0.00    0.01   17.48    0.76    0.00    0.00    0.00    0.00    0.00    0.00    0.00    0.00    0.00    0.00    0.00    0.00    0.00    0.94    0.05    0.00    5.99    3.84    0.02    0.54    0.09    1.46   11.27   27.14   18.04   24.18    0.00    0.03    0.00    0.00    2.67    2.85    0.02
PSATCHT    -23.01  -49.73    1.13   20.10    9.33    0.52    5.28    0.96    0.00    0.01    0.00    0.00   10.34    0.86    0.00    0.00    0.00    0.00    0.05    0.03    0.01    0.01    0.00    0.00    0.00    0.00    0.02    0.89    0.10    0.00    7.37    5.40    0.21    0.29    0.46    1.61    8.17   27.32   18.35   10.90    0.03    0.24    0.02    0.05    0.85    0.93    0.07
PSATJUR    -23.22  -49.23    0.23   19.28   14.22    0.77    5.64    3.18    0.41    0.02    0.00    0.01   12.43    2.13    0.04    0.00    0.00    0.01    0.14    0.08    0.02    0.03    0.01    0.01    0.01    0.03    0.14    0.31    0.21    0.00    2.77    5.96    0.75    0.65    0.74    1.22    2.70   21.67   19.47    8.19    0.30    1.12    0.18    0.17    0.30    0.67    0.05
PSATMAU    -24.06  -50.71    2.63   25.21    4.73    4.55   14.85    0.27    0.00    0.00    0.00    0.00    7.10    0.45    0.00    0.00    0.00    0.00    0.07    0.06    0.02    0.01    0.00    0.00    0.00    0.00    0.06    4.49    1.91    0.00   25.12    5.23    0.08    0.18    0.28    7.09   20.99   23.59   14.77   13.17    0.00    0.00    0.03    0.07    2.90    2.86    0.12
PSATROS    -22.50  -52.87    0.17   30.55   14.17    4.16   14.11    0.67    0.00    0.00    0.00    0.27   34.97    0.53    0.00    0.00    0.00    0.00    0.00    0.00    0.00    0.00    0.00    0.00    0.00    0.00    0.00    0.14    0.00    0.12   10.81    3.79    0.00    0.53    0.00    1.47    6.71   32.34   16.53   11.28    0.00    0.00    0.00    0.00    0.86    0.66    0.00
PSATQMD    -16.21  -47.33    0.19    0.87    1.47    3.75    5.22    1.49    0.93    4.81    4.26    0.68    0.62    1.52    9.07    3.20    4.26    0.16    1.13    0.00    0.00    0.00    0.01    0.00    0.02    0.00    0.00    0.00    0.00    0.00    0.00    0.00    0.00    0.00    0.06    0.37    0.00    0.00    0.00    1.36    1.56    0.00    0.00    0.00    0.00    0.00    0.02
PSATRBX    -18.95  -44.76    0.30    0.07    9.36    1.24    0.22    0.61    0.72    0.08    0.46    0.04    0.14    7.37    5.63    0.27    0.26    0.01    0.01    0.06    0.03    0.05    0.00    0.02    0.05    0.21    0.00    0.00    0.00    0.00    0.00    0.00    0.01   12.34   10.21    0.30    0.00    0.34    2.14    9.62    0.42    0.01    0.00    0.00    0.02    0.01    0.02
PSATSFR    -15.93  -44.86    0.09    0.44    1.09    1.48    3.70    8.28    3.42    1.89    3.19    1.36    0.80    0.24    3.33    1.07    3.42    0.26    0.48    0.00    0.01    0.00    0.01    0.00    0.00    0.01    0.00    0.00    0.00    0.00    0.00    0.00    0.00    0.00    0.07    0.14    0.01    0.00    0.00    0.35    0.21    0.00    0.01    0.00    0.00    0.00    0.00
PSATSRM    -16.37  -45.07    0.39    0.05    3.72    3.99    0.74    0.53    0.68    0.16    0.92    0.41    0.39    4.07    4.79    1.04    3.00    0.12    0.06    0.03    0.04    0.03    0.01    0.01    0.11    0.08    0.00    0.00    0.00    0.00    0.00    0.00    0.00    3.79    4.26    0.26    0.00    0.01    0.20    4.00    0.36    0.00    0.00    0.01    0.01    0.00    0.01
PSATTMR    -18.16  -45.27    0.46    0.23   11.73    1.66    0.15    0.85    0.33    0.02    0.31    0.27    0.61    8.96    2.55    0.20    0.19    0.00    0.00    0.05    0.05    0.02    0.00    0.00    0.03    0.05    0.00    0.00    0.00    0.00    0.00    0.01    0.05    8.98    6.92    0.19    0.01    0.37    2.09   12.12    0.30    0.00    0.00    0.00    0.00    0.00    0.00
PSATBOQ    -11.35  -43.83    6.42    1.13    0.13    0.24    0.28    0.22    0.11    0.48    1.84    0.54    0.02    0.00    0.01    0.06    0.15    0.52    0.90    0.07    0.03    0.17    0.11    0.04    0.08    0.01    0.05    0.00    0.00    0.00    0.00    0.00    0.03    0.03    0.53    0.34    0.19    0.00    0.00    0.00    0.00    0.37    1.09    0.18    0.00    0.00    0.00
PSATBBO    -22.52  -48.55    0.13   21.47   14.79    1.05    4.48    5.87    0.36    0.04    0.00    0.03   13.95    8.06    0.31    0.00    0.00    0.01    0.02    0.00    0.01    0.02    0.00    0.00    0.00    0.02    0.02    0.01    0.02    0.01    0.01    7.12    1.25    1.53    0.97    0.03    0.04   17.25   15.43   13.19    0.45    0.19    0.01    0.01    0.00    0.28    0.00
PSATESZ    -23.46  -46.91    0.43   17.39   23.87    6.10    2.47    9.56    1.19    0.78    0.04    0.02   16.58    8.10    1.36    0.06    0.02    0.04    0.27    0.09    0.06    0.20    0.06    0.07    0.19    0.54    0.28    0.21    0.04    0.00    0.04    7.05    6.47    3.39    2.80    0.20    0.05   10.95   13.15    5.17    4.67    0.85    0.28    0.32    0.00    0.36    0.09
PSATIBT    -21.76  -48.99    0.37   29.84   12.05    2.27    2.41    2.58    0.14    0.01    0.00    0.00   11.25    6.27    0.01    0.00    0.00    0.00    0.00    0.00    0.00    0.00    0.00    0.00    0.00    0.00    0.00    0.00    0.00    0.00    0.00    6.61    0.30    1.89    0.09    0.00    0.00   14.39   12.08   29.94    0.01    0.02    0.00    0.00    0.00    0.14    0.02
PSATNAV    -21.12  -50.20    0.59   28.51   16.22    2.75    2.26    2.43    0.13    0.00    0.00    0.00    4.98    6.57    0.01    0.00    0.00    0.00    0.00    0.00    0.00    0.00    0.00    0.00    0.00    0.00    0.00    0.00    0.00    0.00    0.00    1.51    0.19    7.92    0.52    0.00    0.00    2.93    9.20   18.79    0.00    0.00    0.00    0.00    0.00    0.00    0.00
PSATSME    -13.40  -48.30    2.68    1.95    1.61    1.31    1.72    1.36    1.41    4.39    1.63    2.51    4.29    1.49    4.44    2.64    0.59    0.27    0.25    0.00    0.00    0.00    0.00    0.00    0.00    0.00    0.00    0.00    0.00    0.00    0.00    0.00    0.00    0.10    0.06    0.26    0.09    0.00    0.03    0.71    0.12    0.01    0.02    0.00    0.00    0.00    0.00
PSATBGR    -27.78  -51.20    0.00    0.01    0.68    1.31    1.79    0.01    0.01    0.00    0.00    0.00    0.61    0.80    0.06    0.06    0.00    0.00    0.12    0.01    0.02    0.00    0.04    0.00    0.02    0.10    0.02    0.01    0.93   16.01   33.44    9.66    1.25    0.53    0.32    2.02   15.43    1.12   31.39   36.24    0.39    0.00    0.00    0.14    2.91    0.76    0.21
PSATCNV    -27.60  -51.33    0.02    9.65    2.80    1.74    2.64    0.10    0.00    0.00    0.01    0.00    1.64    0.70    0.02    0.02    0.00    0.00    0.48    0.14    0.06    0.01    0.02    0.02    0.00    0.03    0.25    0.05    1.42    6.73   37.16    9.43    0.58    0.18    0.62    2.39    9.99    1.00   26.80   22.00    0.07    0.00    0.01    0.59    6.27    1.41    0.10
PSATFCH    -27.14  -53.04    0.05   15.66    7.23    0.96    0.46    0.00    0.00    0.00    0.00    0.00    1.50    0.13    0.00    0.00    0.00    0.00    0.00    0.01    0.00    0.00    0.00    0.00    0.00    0.00    0.11    0.27    1.24   25.16   24.00    3.60    0.41    0.00    0.00    2.76    8.27    0.47   20.66    4.96    0.09    0.00    0.00    0.00   13.23    3.68    0.00
PSATITA    -27.27  -52.38    0.17   25.47    5.18    2.46    3.62    0.10    0.00    0.00    0.00    0.00    1.92    0.43    0.01    0.00    0.00    0.00    0.05    0.03    0.01    0.01    0.00    0.01    0.00    0.00    0.37    0.48    2.55   15.34   28.99    5.90    0.48    0.05    0.17    2.88    9.84    1.21   21.60    9.16    0.12    0.00    0.00    0.08    8.10    0.92    0.07
PSATMCD    -27.52  -51.78    0.00    1.21    1.96    0.51    0.40    0.00    0.00    0.00    0.00    0.00    1.37    0.30    0.02    0.02    0.00    0.00    0.00    0.00    0.00    0.00    0.00    0.00    0.00    0.00    0.03    0.08    0.58   21.26   27.63    7.29    0.31    0.00    0.03    1.19    7.86    1.28   29.10    9.92    0.15    0.00    0.00    0.05    2.91    0.58    0.00
PSATMOJ    -27.35  -52.73    0.00    0.58    1.31    0.42    0.24    0.00    0.00    0.00    0.00    0.00    0.98    0.16    0.00    0.00    0.01    0.00    0.00    0.00    0.00    0.00    0.00    0.00    0.00    0.00    0.02    0.12    0.24   43.70   23.70    5.83    0.38    0.00    0.02    2.56   12.68    1.40   13.38    4.38    0.12    0.00    0.00    0.00    8.56    0.60    0.00
PSATQQX    -26.66  -52.54    1.95   68.01    9.53    9.43    7.47    0.12    0.00    0.00    0.00    0.00    2.12    0.55    0.00    0.00    0.00    0.00    0.01    0.00    0.00    0.00    0.00    0.00    0.00    0.00    0.76    3.72    5.78   12.33   28.37    2.87    0.34    0.00    0.02    2.98   14.86    3.60   20.86   12.41    0.06    0.00    0.00    0.02   16.65    5.20    0.06
PSATPSJ    -28.14  -55.05    0.00    0.05    0.03    0.14    0.01    0.00    0.00    0.00    0.00    0.00    0.09    0.00    0.00    0.00    0.00    0.00    0.00    0.01    0.00    0.00    0.00    0.00    0.00    0.00    0.00    0.00    5.39   44.17    4.76    3.39    0.17    0.06    0.01    2.30   13.42    0.27   31.36   12.62    0.08    0.00    0.00    0.01    1.44    0.23    1.67
PSATESP    -18.68  -51.87    3.62    4.85    2.82    3.37    2.67    3.33    0.33    0.00    0.00    0.01    9.25    3.22    2.94    0.00    0.00    0.00    0.00    0.00    0.00    0.00    0.00    0.00    0.00    0.00    0.00    0.00    0.00    0.00    0.06    0.09    0.40    3.91    0.00    0.00    0.00    0.12    0.31    4.61    0.00    0.00    0.00    0.00    0.00    0.00    0.15
PSATSRC    -19.16  -50.76    8.33    6.22    3.21    3.19    3.43    3.15    0.32    0.00    0.00    0.00   12.78    7.24    1.01    0.00    0.00    0.00    0.00    0.00    0.00    0.00    0.00    0.00    0.00    0.01    0.00    0.00    0.00    0.00    0.03    0.16    1.38    3.99    0.05    0.00    0.01    0.11    0.49    1.89    0.02    0.00    0.00    0.00    0.00    2.20    0.01
PSATFRCL   -19.12  -50.64    7.84    2.97    4.10    3.39    2.28    3.65    0.56    0.00    0.00    0.02    8.53   11.57    1.24    0.00    0.00    0.00    0.00    0.00    0.00    0.00    0.00    0.00    0.00    0.00    0.00    0.00    0.00    0.00    0.00    0.97    0.04    2.66    0.05    0.00    0.05    0.11    0.29    1.08    0.07    0.00    0.00    0.00    0.00    0.69    0.00
PSATISOT   -20.40  -51.35    2.88   11.51   12.74    2.45    3.73    2.66    0.12    0.00    0.00    0.02    3.90    3.66    0.01    0.00    0.00    0.00    0.00    0.00    0.00    0.00    0.00    0.00    0.00    0.00    0.00    0.00    0.00    0.00    0.01    0.69    1.23   15.11    0.92    0.00    0.00    0.92    1.37    6.99    0.00    0.00    0.00    0.00    0.00    0.92    0.00
PSATJUP    -20.86  -51.63    3.63   10.08    5.14    4.29    4.96    2.88    0.09    0.00    0.00    0.00    6.65    2.96    0.13    0.00    0.00    0.00    0.00    0.00    0.00    0.00    0.00    0.00    0.00    0.01    0.00    0.02    0.00    0.00    0.06    2.81    2.96   14.70    0.07    0.00    0.02    0.17    0.68    1.96    0.00    0.00    0.00    0.00    0.00    0.57    0.01
PSATSDG    -20.06  -53.18    3.04   11.22    1.32    3.68    4.47    2.20    0.01    0.00    0.00    0.00    7.50    3.34    0.00    0.00    0.00    0.00    0.00    0.00    0.00    0.00    0.00    0.00    0.00    0.00    0.00    0.00    0.00    0.00    0.39    4.50    1.93   14.32    0.01    0.00    0.04    0.77    3.60    1.54    0.00    0.00    0.00    0.00    0.00    0.09    0.01
PSATFZBT   -21.66  -52.87    0.24   25.27    7.07    7.36    2.68    0.82    0.00    0.00    0.00    0.50    3.32    1.17    0.00    0.00    0.00    0.00    0.00    0.00    0.00    0.00    0.00    0.00    0.00    0.00    0.00    0.00    0.00    0.34    9.77   10.58    0.35    7.97    0.00    0.00    0.02    0.81    5.74    2.68    0.00    0.00    0.00    0.00    0.05    0.16    0.07
PSATPPRA   -22.46  -52.91    0.31   19.35   16.56    6.41    5.21    0.99    0.00    0.00    0.00    0.66   20.49    5.73    0.00    0.00    0.00    0.00    0.00    0.00    0.00    0.00    0.00    0.00    0.00    0.00    0.00    0.00    0.00    0.01    4.11    5.37    0.01    5.36    0.01    0.00    0.00    8.73    4.57   12.74    0.00    0.00    0.00    0.00    0.02    0.21    0.01
PSATBTE    -13.69  -50.80    8.90    2.51    4.22    2.80    0.96    1.11    0.39    0.04    0.04    0.14    9.96    6.01    3.57    0.34    0.00    0.00    0.01    0.00    0.00    0.00    0.00    0.00    0.00    0.00    0.00    0.00    0.00    0.00    0.00    0.00    0.00    0.31    0.00    0.00    0.02    0.03    0.03    1.18    0.05    0.00    0.00    0.01    0.08    0.02    0.01
PSATARAG    -8.27  -49.26    6.27    2.17    1.04    2.18    1.48    0.95    1.27    1.22    1.78    4.14    2.32    1.40    1.70    0.23    0.08    2.97    1.59    0.40    0.17    0.04    0.11    0.03    0.01    0.13    0.22    0.20    0.07    0.06    0.03    0.04    0.24    2.72    0.39    0.27    0.36    0.24    0.15    0.22    0.06    0.19    1.34    1.16    0.73    0.03    0.01
PSATLAJ     -9.76  -48.37    6.99    3.11    0.51    0.19    2.00    0.75    1.35    6.93    3.00    4.03    0.79    0.15    0.23    0.67    0.57    0.89    0.75    0.07    0.06    0.04    0.11    0.00    0.00    0.02    0.02    0.01    0.00    0.00    0.00    0.00    0.01    1.65    0.58    0.34    0.22    0.08    0.08    0.03    0.04    0.18    0.68    0.26    0.00    0.00    0.00
PSATPTRL    -9.31  -47.39    1.28    0.92    0.02    0.39    0.99    0.56    0.68    0.64    3.17    2.43    0.45    0.09    0.00    0.00    0.24    0.56    0.33    0.08    0.15    0.18    0.32    0.00    0.01    0.18    0.05    0.01    0.00    0.00    0.00    0.00    0.08    1.46    2.91    0.90    0.29    0.34    0.25    0.03    0.08    0.63    4.49    2.31    0.00    0.00    0.00
PSATLJET    -7.33  -47.48    3.18    0.62    0.40    4.24    2.86    1.84    4.34    3.82   10.95    3.32    0.58    0.36    0.16    0.06    4.03    1.42    1.74    0.37    0.27    0.31    0.29    0.03    0.08    0.44    0.34    0.86    0.32    0.38    0.22    0.72    2.29   11.80    4.52    0.85    0.42    0.31    0.67    0.64    0.70    2.05   12.19    3.91    0.02    0.01    0.02
PSATUCR     -3.83  -49.65    5.10    4.28    4.62   12.91    5.72    4.61    3.53    4.21    6.26    7.25    1.92    2.16    0.47    0.17    5.27    1.91    2.30    1.18    1.74    3.77    0.82    0.56    0.54    1.51    1.00    1.51    1.00    0.89    0.84    4.68    6.14    4.90    4.18    2.07    0.56    0.33    1.89    1.43    1.51    0.79   12.79    7.78    0.62    0.15    0.14
PSATXIVJ   -29.07  -51.67    0.00    0.00    0.78    0.84    0.54    0.01    0.07    0.00    0.00    0.00    2.01    0.74    0.16    0.08    0.02    0.00    0.00    0.00    0.00    0.00    0.00    0.00    0.00    0.01    0.00    0.00    0.52   65.23   26.05   16.80    1.54    0.35    0.06    2.73   19.07    0.56   21.50   20.84    0.73    0.00    0.00    0.02    1.21    0.12    0.02
PSATDFRC   -29.45  -53.28    0.00    0.00    0.00    0.09    0.05    0.00    0.05    0.00    0.00    0.00    0.08    0.03    0.04    0.01    0.02    0.00    0.00    0.01    0.00    0.00    0.00    0.00    0.00    0.00    0.00    0.00    9.94   60.29    3.91   11.76    0.31    0.04    0.02    1.87    5.78    0.24   22.86   24.22    0.43    0.00    0.00    0.00    0.88    0.03    3.02
PSATREAL   -29.02  -53.19    0.00    0.00    0.19    0.43    0.08    0.00    0.00    0.00    0.00    0.00    0.64    0.05    0.03    0.01    0.02    0.00    0.00    0.00    0.00    0.00    0.00    0.00    0.00    0.00    0.00    0.00    4.28   90.78    6.25   10.72    0.26    0.12    0.01    1.16   15.32    0.40   19.09   14.87    0.34    0.00    0.00    0.00    2.53    0.25    0.64
PSATCTAV   -29.01  -51.39    0.00    0.01    0.05    0.99    2.84    0.05    0.13    0.00    0.00    0.00    2.94    1.43    0.39    0.17    0.01    0.00    0.08    0.01    0.02    0.00    0.00    0.00    0.00    0.07    0.01    0.02    0.42   46.51   37.08   19.29    3.26    0.73    0.02    2.41   12.30    1.01   24.45   45.23    1.74    0.00    0.00    0.02    1.62    2.14    0.15
PSATERNT   -28.56  -52.54    0.00    0.00    0.94    0.89    0.17    0.00    0.00    0.00    0.00    0.00    0.66    0.13    0.03    0.00    0.02    0.00    0.00    0.00    0.00    0.00    0.00    0.00    0.00    0.00    0.00    0.00    0.73   59.57   21.94   10.12    0.26    0.08    0.02    1.21   14.22    1.45   29.85    5.43    0.27    0.00    0.00    0.00    4.68    0.20    0.02
PSATSTPL   -27.14  -49.52    0.01   16.44    6.31    1.90    4.82    0.35    0.00    0.00    0.01    0.03    0.77    0.25    0.00    0.00    0.00    0.01    0.99    0.90    0.14    0.01    0.07    0.06    0.00    0.05    0.60    0.33    0.65    1.45   45.40   14.56    0.22    0.12    0.58    3.84    5.77    0.97   35.93   17.81    0.00    0.00    0.04    1.57    5.77    0.83    0.10
PSATCVCH   -25.14  -48.87    1.07   25.60    8.50   10.93   23.26    0.50    0.01    0.02    0.00    0.02    5.46    1.39    0.00    0.00    0.00    0.00    1.04    0.98    0.08    0.15    0.17    0.02    0.02    0.03    0.12    3.75    4.12    0.00   44.74    7.48    0.24    0.64    1.01    6.29   10.74   12.12   27.53   11.47    0.00    0.37    0.89    1.34    2.50    8.33    0.03
PSATAMY    -12.60  -69.12    4.93    3.73    2.70    5.30   10.86    8.97    9.17    3.44    4.14    3.54    3.48    5.13    3.82    2.09    1.24    0.81    1.18    3.26    4.95    4.64    2.77    2.03    1.39    0.74    0.64    2.01    3.43    7.33   28.42    4.62    0.29    0.05    0.16    0.37    0.96    0.87    1.15    7.19    2.95    1.24    0.17    0.45    0.89    1.43   14.74
PSATGJR    -10.73  -65.35    8.51    2.52    1.81    7.37    7.18    1.63    1.25    0.83    3.18    3.43    3.42    1.81    1.30    0.42    0.12    0.07    1.11    1.06    1.02    0.65    1.14    0.68    1.23    0.60    0.51    0.57    1.05   12.37   13.66    0.21    0.06    0.00    0.04    0.10    0.21    0.47    1.13    3.77    0.39    0.09    1.03    1.12    0.21    1.23    5.46
PSATPRNC   -12.43  -64.43    5.93    1.81    1.04    6.08    8.84    4.04    1.47    0.51    1.09    0.89    2.87    4.08    2.21    0.09    0.00    0.10    0.91    0.81    0.00    0.37    0.50    0.47    1.98    0.64    0.54    0.61    0.84    1.58   13.89    0.05    0.01    0.00    0.00    0.03    0.55    0.38    0.56    3.24    0.20    0.00    0.04    0.17    0.07    4.88    8.11
PSATSANT    -8.87  -63.97    3.23    6.85    3.68    6.02   12.03    6.19    4.94    3.09    0.67    0.90    4.32    9.24    3.93    4.57    0.89    0.55    0.13    0.57    0.02    2.70   10.86    9.58    6.15    3.26    1.27    1.89    3.90    2.58    7.13    2.26    1.00    0.00    0.00    0.30    1.45    1.21    1.63    0.89    1.37    1.63    2.15    1.50    1.15    9.09   13.07
PSATDARD   -10.16  -59.46    8.76    4.05    3.65    6.75    4.51    1.21    3.57    2.78    1.52    1.62    2.84    4.70    3.73    3.16    0.43    0.65    0.29    0.00    0.06    6.99    0.59    4.93    1.98    0.00    0.06    2.01    1.67    3.74   19.30    1.27    0.00    0.00    0.00    0.16    3.07    1.89    0.59    1.19    0.98    0.27    0.44    0.40    1.02    4.40   14.29
PSATGUAP   -15.12  -58.96    5.79    1.19    1.84    3.78    7.51    3.58    1.32    0.17    1.27    2.40    3.21   11.17    1.04    0.00    0.00    0.00    0.64    0.00    0.00    0.00    0.05    0.26    0.11    0.11    0.03    0.27    0.73    0.46   14.10    3.94    0.00    0.09    0.00    0.15    1.37    0.49    0.21    2.69    0.21    0.00    0.09    0.00    0.00    6.29   13.49
PSATJIRA    -9.25  -64.65    8.87    2.08    1.32    7.05    5.68    6.23    4.57    2.21    2.23    1.53    2.91    7.41    3.11    1.38    0.25    0.17    0.60    1.16    1.56    1.80    1.95    3.30    3.65    1.28    0.58    0.88    1.59    3.25   14.90    2.03    0.20    0.02    0.08    0.13    0.42    0.70    0.84    6.59    1.89    0.34    0.80    1.45    0.64    3.40    7.54
PSATROND   -11.99  -60.70    2.03    1.63    0.44    4.80   10.96    2.33    0.71    2.56    2.22    1.50    2.74    9.02    3.54    4.15    0.06    0.76    0.60    0.02    0.00    6.07    0.79    0.35    4.61    0.29    0.06    2.20    1.68    4.43   10.47    0.27    0.00    0.00    0.00    0.49    1.50    0.82    0.43    1.25    0.64    0.24    0.12    0.76    0.73    2.99   23.16
PSATSAMU    -8.75  -63.45    0.59    8.26    0.99    9.32    7.61    6.42    7.42    2.42    0.89    1.00    6.14   10.41    3.85    4.65    1.11    0.50    0.28    0.48    0.00    4.89    6.95    7.56   10.33    3.61    1.39    1.74    3.37    3.92    4.93    1.27    0.22    0.00    0.00    0.94    5.10    0.65    1.32    1.15    0.97    0.98    1.95    2.17    1.65    8.31    8.87
PSATBALB    -1.92  -59.47   19.29   12.96   13.41    9.66   22.02    6.70   16.40    8.67   12.40    5.36    5.49    6.32    7.75    3.45    3.98    8.47    8.58    7.26   11.39    7.79    6.50    8.69   19.32    3.76    4.42    3.60    6.02    9.58   12.18   15.08   18.63   16.00   14.58    9.43    4.55    2.73    4.65    6.24    3.58    7.32    8.55   13.13    6.76    4.87    6.65
PSATCUNA    -2.82  -54.30    7.24   21.38    7.74   18.08    6.32    0.90    7.93    9.57    7.20    7.73    6.66    3.99    2.57    3.46    0.82    7.88    0.98    3.98    8.24    2.42    6.14    3.62    3.29   11.72    3.34    1.88    0.78    6.90   16.32   15.16   33.72   19.74    7.57    1.11    1.37    1.39    3.77    1.95    3.05    3.76    6.06    9.57    2.78    0.80    0.69
PSATJARI    -0.65  -52.52    5.03    9.30   25.76   12.98    6.48    9.17    4.44    9.83   10.52   10.21    8.57    3.20    3.49    3.85    4.59    3.65    2.10    2.94    8.38    7.67    7.83    8.24    2.08    3.89   11.09    3.05    9.31   12.69    5.24   15.40   19.13   23.94   10.36    9.48    5.37    4.14    7.64    2.44    4.42    4.23    1.78    4.26    2.97    8.38    1.79
PSATFGOM     0.86  -51.20    8.53   18.07   29.15   10.04   14.98    6.70    6.86   11.69   12.42   12.44   10.86    5.96    3.40    8.90    8.37    6.00    6.06    6.87    4.96    7.61    6.71    5.18    4.08    6.80   11.01    5.70    9.98   11.35    4.83   11.63   17.76   16.86    7.51    9.30    7.56    5.85    8.12    6.17    8.54    5.10    2.10    5.72    4.31    8.25    1.71
PSATUBE     -6.75  -43.57    2.10    0.47    0.42    2.05    0.79    0.95    2.00    1.03   13.35    0.77    0.48    0.20    0.03    0.17    2.15    0.52    0.29    0.13    0.12    0.34    0.05    0.09    0.05    0.15    0.07    0.01    0.01    0.01    0.02    0.78    4.41    3.29    3.06    0.45    0.18    0.22    0.53    0.13    0.46    1.34    9.42    0.92    0.03    0.00    0.01
PSATBSOR    -6.74  -52.00    3.32    2.21    1.93    2.66    3.12    1.95    2.26    3.52    2.33    2.46    4.43    0.99    3.31    2.28    0.46    0.98    0.90    2.59    0.70    0.24    0.45    0.11    0.08    0.30    0.21    0.44    0.14    0.18    0.20    1.00    0.27    0.35    0.31    0.27    0.58    0.28    0.30    0.34    0.07    0.11    0.95    2.37    5.52    0.09    0.00
PSATBESP    -6.75  -51.77    7.47    1.82    2.06    6.71    8.03    2.00    2.97    3.57    2.40    3.45    1.33    0.32    0.20    0.02    0.49    3.94    2.24    1.75    1.17    0.69    1.40    0.35    0.41    0.77    0.63    1.03    0.91    0.66    0.46    5.26    2.45    5.12    2.61    1.88    0.49    0.16    0.51    1.26    0.18    0.34    6.13    9.07    0.66    0.11    0.02
PSATPIME    -3.41  -51.91    2.77    6.52    5.81    6.52    8.24    2.51    3.32    3.81    6.87    5.10    4.36    1.96    1.52    0.97    0.94    5.50    2.04    2.45    4.94    4.42    2.47    1.68    1.01    3.70    2.30    1.60    0.83    1.61    5.60    5.90    6.92   10.43    2.28    0.89    1.17    0.65    2.03    1.92    1.24    1.25    4.20    9.53    2.90    0.38    0.16
PSATIRAP   -16.74  -42.57    0.34    0.02    0.03    1.66    0.45    0.74    1.64   10.13    1.07    1.35    1.77    0.93    2.88    5.76    4.72    1.23    0.05    0.40    0.53    0.31    0.02    0.13    0.34    0.06    0.03    0.01    0.02    0.02    0.00    0.00    0.00    0.55    7.69    0.36    0.01    0.00    0.01    0.22    0.33    0.00    0.01    0.05    0.02    0.01    0.15
PSATITBI   -15.97  -39.59    0.62    0.27    0.05    1.00    1.26    0.63    6.47   14.52   20.60    4.78    2.13    0.43    0.81    3.75    2.58    1.85    0.21    0.70    0.85    0.93    0.02    0.85    1.11    0.25    0.54    0.07    0.20    0.22    0.15    0.14    0.21    0.75    1.88    0.34    0.01    0.00    0.00    0.00    0.05    0.03    0.06    0.32    0.12    0.34    0.62
PSATCOLI   -10.98  -55.77    5.74    4.07    3.56    5.76    2.28    1.33    1.26    2.61    4.68    1.61    4.18    3.27    6.00    2.98    0.86    0.17    0.02    0.31    0.47    0.00    0.00    0.12    0.03    0.00    0.03    0.21    0.11    0.01    3.74    0.48    0.03    0.00    0.00    0.00    0.61    0.45    0.57    3.06    0.23    0.02    0.04    0.00    1.89    0.10    0.00
PSATSAEL    -9.19  -57.04    4.28    2.80    3.70    3.82    2.56    2.42    2.25    1.72    1.81    2.83    5.16    0.43    0.31    1.18    1.53    0.40    0.49    1.09    1.10    0.22    0.20    0.29    0.00    0.02    0.21    0.71    0.33    0.18    2.18    0.15    0.00    0.00    0.02    0.28    2.58    0.64    0.76    2.21    0.29    0.53    0.55    1.14    2.10    0.27    0.10
PSATITQ    -17.09  -54.83    7.62    2.59    3.24    4.33    3.13    1.44    0.69    0.00    0.02    0.01   12.03    5.73    3.10    0.00    0.00    0.00    0.00    0.00    0.00    0.00    0.00    0.00    0.00    0.00    0.00    0.00    0.00    0.00    0.84    0.33    0.24    2.18    0.00    0.00    0.01    0.27    0.10    8.39    0.15    0.00    0.00    0.00    0.01    0.69    0.11
PSATJAU    -15.24  -58.73    7.57    1.06    1.16    4.41   10.46    4.38    1.06    0.18    1.01    1.59    3.45    7.43    0.90    0.00    0.00    0.00    0.40    0.00    0.00    0.00    0.02    0.14    0.04    0.06    0.01    0.36    0.59    0.48   17.36    2.81    0.02    0.09    0.00    0.08    0.99    0.60    0.48    2.77    0.20    0.00    0.03    0.00    0.00    6.66   10.48
PSATMAN    -14.87  -55.78    5.07    5.64    1.24    3.15    2.86    2.69    0.91    0.43    1.75    0.39    6.47    9.47    7.51    0.42    0.00    0.00    0.00    0.01    0.00    0.00    0.00    0.03    0.04    0.00    0.00    0.08    0.01    0.00    1.28    0.01    0.01    0.07    0.00    0.00    0.00    0.07    0.20    1.37    0.07    0.00    0.01    0.00    0.37    0.18    0.00
PSATPTP    -17.61  -54.83   10.30    0.62    1.40    6.50    6.55    3.04    0.98    0.00    0.03    0.02   15.64    5.63    1.34    0.00    0.00    0.00    0.00    0.00    0.00    0.00    0.00    0.00    0.00    0.00    0.00    0.00    0.00    0.00    3.12    2.30    1.59    3.93    0.00    0.00    0.03    0.34    0.26   11.59    0.20    0.00    0.00    0.00    0.00    0.01    0.03
PSATSTCL   -17.90  -40.20    1.07    0.21    0.03    3.26    1.21    0.19   30.04    5.11    4.60    2.54    3.17    0.56    0.34    8.62   12.59    5.53    0.27    1.28    3.65    2.06    0.16    1.82    1.28    0.78    1.37    0.22    0.47    0.07    0.07    0.04    0.11    1.69    1.02    0.24    0.05    0.00    0.00    0.00    0.03    0.00    0.23    1.17    0.30    1.00    3.47
PSATPDC    -12.58  -39.00    4.33    1.92    1.29    0.28    0.09    0.01    0.00    0.35    0.20    0.20    0.79    0.27    0.26    0.52    0.06    1.27    1.75    0.49    0.72    1.23    0.85    4.13    4.00    0.51    0.91    0.61    0.60    1.23    0.77    1.36    0.84    0.33    0.04    0.75    0.61    0.46    0.37    0.01    0.00    0.63    0.24    0.13    0.03    1.08    4.48
PSATROSA   -20.92  -41.72    1.57    0.21    0.57    7.58    0.54    1.11    8.11    0.93    0.08    0.96    0.60    2.91   13.03   11.39   25.18    0.10    0.60    0.13    1.51    0.03    0.31    1.00    1.66    1.83    0.08    0.03    0.01    0.00    0.00    0.03    1.46   23.57   16.17    0.48    0.07    0.00    5.79    0.69    0.96    0.26    0.06    0.14    1.23    0.29    2.57
PSATCAN    -20.21  -42.85    1.07    0.13    2.51    1.68    0.08    0.37    1.42    0.58    0.28    0.34    0.51    6.25    3.17    2.01   12.39    0.04    0.04    0.09    0.19    0.16    0.07    0.38    0.86    0.60    0.15    0.03    0.00    0.00    0.00    0.00    1.24   18.59   11.60    0.29    0.04    0.02    7.20    5.51    0.23    0.05    0.05    0.02    0.20    0.20    0.09
PSATSAC    -19.64  -42.85    0.70    0.18    2.23    0.76    0.17    0.07    1.34    3.28    0.91    0.67    0.58    7.46    1.99    2.43    7.87    0.11    0.00    0.12    0.22    0.24    0.04    0.24    0.95    0.75    0.22    0.07    0.00    0.00    0.00    0.00    0.42   31.52    7.38    0.24    0.06    0.04    2.76    6.04    0.80    0.00    0.00    0.04    0.21    0.11    0.05
PSATPES    -19.12  -42.66    0.73    0.15    0.55    3.88    0.13    0.01    1.90    2.30    1.10    0.54    1.03    3.04    4.19    2.21   15.64    0.71    0.14    0.90    0.19    0.78    0.12    0.46    1.11    0.42    0.48    0.14    0.02    0.00    0.00    0.00    0.02   10.25   13.03    1.27    0.18    0.00    0.24    1.21    0.83    0.00    0.05    0.40    0.42    0.16    0.60
PSATMAS    -19.50  -40.92    0.85    0.21    0.17    2.77    0.26    0.04    3.99    2.38    0.77    0.57    0.96    2.80    8.71   14.93   23.99    0.57    0.02    0.35    0.47    0.44    0.11    0.39    0.87    0.79    0.72    0.23    0.04    0.02    0.00    0.01    0.05    7.50    7.12    0.43    0.06    0.00    0.87    0.44    0.21    0.00    0.02    0.12    0.31    0.17    1.75
PSATSBR    -23.37  -45.87    0.60   14.99   13.47    4.19    0.39    8.49    1.74    1.02    0.03    0.04    8.43    6.74    4.90    0.98    0.24    0.01    0.37    0.17    0.04    0.25    0.05    0.30    0.37    0.68    0.29    0.10    0.00    0.02    0.01    0.34   11.66    3.99    3.65    0.34    0.01    6.84   13.70    5.83    4.15    0.29    0.35    0.33    0.11    0.08    0.14
PSATJAG    -23.20  -46.03    0.19   19.20   17.53    1.04    0.43   10.03    0.86    0.31    0.02    0.12   13.02   11.65    0.58    0.00    0.02    0.00    0.08    0.08    0.06    0.17    0.02    0.03    0.02    0.23    0.15    0.06    0.00    0.00    0.00    0.12    4.24    1.46    2.99    0.03    0.00    9.52   15.81    8.30    1.95    0.15    0.09    0.06    0.00    0.00    0.00
PSATFUNI   -22.53  -44.57    0.28   13.21   12.47    1.12    0.43    6.40    1.20    0.39    0.02    0.09    8.44    8.07    2.01    0.33    0.08    0.02    0.10    0.06    0.02    0.18    0.02    0.04    0.06    0.25    0.09    0.03    0.00    0.01    0.00    0.12    5.02    5.67    2.89    0.14    0.00    6.28   10.67   13.50    1.12    0.05    0.11    0.05    0.00    0.02    0.00
PSATSACE   -22.48  -43.84    0.46    3.04    3.74    2.92    0.16    5.62    6.17    1.66    0.08    0.08    5.31    3.31    8.60    1.40    1.75    0.00    0.05    0.08    0.04    0.02    0.00    0.31    0.47    0.86    0.14    0.03    0.00    0.00    0.00    0.14    7.72    9.08    1.63    0.26    0.02    3.08    7.54    2.69    1.48    0.31    0.06    0.17    0.00    0.11    0.06
PSATPIC    -21.91  -43.54    1.42    0.85    1.41    3.35    0.02    1.82    3.19    0.79    0.34    0.27    2.34    4.61    4.20    1.89    1.66    0.00    0.73    0.46    0.14    0.00    0.03    0.92    0.61    0.85    0.06    0.00    0.00    0.00    0.00    0.03    5.40   11.75    2.90    0.21    0.06    1.13    3.02    1.86    0.76    0.09    0.06    0.18    0.00    0.24    0.12
PSATSOGI   -21.94  -43.36    0.65    0.99    2.18    1.33    0.03    0.79    1.86    0.32    0.21    0.28    0.57    4.35    2.89    1.91    1.94    0.01    1.40    0.61    0.20    0.01    0.14    1.32    1.11    0.91    0.09    0.03    0.00    0.00    0.00    0.00    2.01   10.51    5.72    0.37    0.05    0.49    4.20    1.42    1.79    0.14    0.23    0.08    0.11    0.27    0.06
PSATIPSI   -21.84  -42.58    0.87    3.24    1.61    1.59    0.23    5.65    2.94    0.25    0.15    0.13    0.77    2.40    5.37    1.77    1.59    0.01    0.70    0.13    0.50    0.03    0.12    1.52    1.27    0.67    0.06    0.01    0.00    0.00    0.00    0.05    4.00    9.45    3.53    0.60    0.06    0.56    4.55    1.32    4.33    0.83    0.46    0.23    0.05    0.09    0.10
PSATTCLJ   -22.69  -43.83    0.84    5.98    3.65    0.66    0.30   10.85    5.38    0.24    0.03    0.00    0.66    2.69    9.20    1.05    1.24    0.00    0.32    0.00    0.03    0.06    0.00    0.18    0.50    0.26    0.03    0.00    0.00    0.00    0.00    0.40   13.49    5.55    1.50    0.37    0.00    1.62    9.52    1.89    4.79    1.22    0.21    0.34    0.03    0.00    0.00
PSATBIGU   -25.51  -53.67   14.99   54.09    3.83   20.39   10.12    0.06    0.00    0.00    0.00    0.00    5.21    0.43    0.00    0.00    0.00    0.00    0.00    0.00    0.00    0.00    0.00    0.00    0.00    0.00    0.14   11.59    2.20   14.38   28.76    0.48    0.03    0.00    0.00    7.25   22.81   23.05   22.47   11.30    0.00    0.00    0.00    1.26   19.57    3.66    0.02
PSATBRAU   -21.45  -42.41    0.79    0.52    5.94    5.04    0.16    0.91    1.94    0.44    0.03    0.12    0.49    3.15    6.73    3.03    7.38    0.03    0.63    0.20    0.37    0.05    0.14    1.74    0.97    0.34    0.08    0.05    0.00    0.00    0.00    0.01    5.66   10.53    6.94    0.69    0.10    0.05    5.36    1.36    0.15    0.04    0.11    0.06    0.19    0.11    0.03
PSATSUIC   -20.08  -40.58    1.42    0.40    0.03    3.27    0.56    0.04   24.17    0.71    0.01    0.85    1.20    1.95    3.17   38.33   41.44    0.02    0.03    0.00    1.48    0.11    1.08    1.57    2.26    2.93    0.21    0.12    0.09    0.00    0.00    0.03    0.03    1.28   11.14    0.40    0.12    0.00    0.34    0.00    0.34    0.00    0.00    0.76    0.70    0.76    5.71
PSATJRI     -9.30  -64.70    9.53    2.45    1.38    7.55    5.44    6.78    5.20    2.14    2.09    1.07    2.60    6.93    3.22    1.35    0.14    0.11    0.11    0.47    0.30    0.38    1.59    3.50    3.41    1.51    0.76    1.06    1.91    2.91   13.97    2.23    0.03    0.00    0.00    0.05    0.34    0.68    0.67    6.09    1.48    0.19    0.17    0.76    0.51    4.50    8.02
PSATBENI   -14.59  -67.53    6.38    1.31    1.02    4.48    6.95    4.42    2.99    1.86    2.49    2.92    3.98    8.38    2.88    1.25    0.58    0.34    1.97    2.87    5.10    5.88    3.45    2.37    4.29    0.47    0.08    0.54    0.75    4.68   17.67    1.95    0.75    0.07    0.29    0.41    0.65    0.80    1.22    8.82    2.63    0.82    2.67    3.27    1.00    0.36    6.39
PSATEPB    -12.42  -64.42    7.37    2.05    1.20    5.64    7.25    2.98    1.09    0.55    1.69    1.84    2.70    2.95    1.61    0.07    0.01    0.09    1.04    0.67    0.06    0.27    0.35    0.33    1.42    0.53    0.45    0.48    0.64    5.48   11.19    0.06    0.01    0.00    0.02    0.07    0.45    0.36    0.82    2.86    0.16    0.01    0.23    0.29    0.07    3.49    6.20
PSATEGM    -10.79  -64.35    7.77    2.47    1.89    8.39    8.49    2.12    1.65    0.90    3.22    3.23    3.92    2.41    1.66    0.55    0.14    0.08    0.99    1.33    1.27    0.84    1.52    0.93    1.61    0.73    0.60    0.71    1.37   11.65   16.82    0.29    0.08    0.00    0.03    0.08    0.21    0.53    1.02    4.43    0.50    0.11    1.11    1.28    0.26    1.63    6.95
PSATSTOA    -8.79  -63.95    2.55    5.90    3.78    5.03   11.75    5.90    4.79    3.21    0.71    0.86    4.72    9.74    3.71    4.93    0.82    0.52    0.14    0.57    0.02    2.64   11.02   10.02    6.16    3.25    1.29    1.87    3.94    2.56    6.95    2.15    0.87    0.00    0.00    0.23    1.47    1.14    1.63    0.87    1.29    1.68    1.91    1.40    1.18    8.75   12.45
PSATENC     -9.90  -66.62   11.22    4.35    2.49   12.89    4.33    6.91    4.92    5.10    2.72    0.80    1.22    8.76    3.77    2.27    0.20    0.14    0.07    0.61    0.17    0.01    0.46    5.98    4.41    2.34    0.99    0.87    2.25    1.08   12.68    1.71    0.00    0.00    0.00    0.01    0.45    0.79    1.26    2.89    3.48    0.01    0.03    1.33    0.72    5.36    8.95
PSATAMY1   -11.71  -70.63    4.38    1.54    1.33    4.42   14.57   14.50   11.30    4.22    3.41    2.11    3.07    5.06    0.85    0.36    0.10    0.02    0.18    0.55    1.03    0.31    0.00    0.28    1.55    0.28    0.28    1.63    1.42    6.43   13.49    5.23    0.00    0.00    0.02    0.02    0.63    0.33    0.19   10.09    3.68    0.12    0.01    0.21    0.22    0.64    9.37
PSATAMY2   -12.37  -71.17    5.21    3.96    2.70    6.69   15.07    8.04   10.04    3.70    4.05    3.91    4.40    3.57    2.86    1.24    0.67    0.43    1.31    1.22    2.68    1.75    0.78    0.96    0.66    0.82    0.79    2.36    3.40    5.92   18.53    4.93    0.23    0.05    0.24    0.66    1.57    1.33    1.42    6.94    2.89    1.01    0.25    0.45    0.68    2.19   14.14
PSATAMY3   -13.75  -70.18    5.76    6.76    4.34    4.62    5.02    4.94    4.76    3.05    5.33    4.74    3.51    5.82    7.85    4.87    3.14    2.27    2.36    9.80   11.96   10.56    8.55    5.80    2.53    1.21    1.11    2.20    5.92   11.04   53.67    3.80    0.55    0.11    0.25    0.43    0.72    0.94    1.93    3.89    2.35    2.67    0.27    0.64    1.90    1.84   21.64
PSATAMY4   -13.45  -69.47    3.38    1.88    2.22    4.06    4.03    9.53   12.09    2.52    3.63    3.13    1.77    8.30    4.90    2.76    1.57    0.79    0.71    2.35    6.06   10.00    3.10    1.58    1.01    0.52    0.15    1.31    2.77    5.54   37.58    3.98    0.49    0.06    0.05    0.15    0.51    0.51    0.89    8.23    3.23    1.51    0.13    0.58    1.00    0.26   14.27
PSATJRN    -13.37  -59.01    2.79    1.84    1.52    3.22   12.18    3.09    2.33    0.52    3.44    3.73    2.76    8.56    4.30    0.05    0.00    0.12    0.40    0.00    0.00    0.06    0.11    0.07    0.18    0.19    0.09    0.69    0.89    0.32   11.18    3.63    0.00    0.03    0.00    0.40    0.49    0.92    0.52    3.77    0.03    0.00    0.47    0.06    0.14    6.94   15.82
PSATAPI    -10.34  -56.98   14.17    4.37    6.35    3.65    2.65    3.45    2.07    2.87    0.87    3.68    4.38    3.03    1.08    9.00    3.03    0.36    0.12    0.45    2.02    0.61    0.03    0.31    0.00    0.08    0.01    0.90    0.86    0.39    3.94    0.11    0.00    0.00    0.00    0.06    2.53    0.71    0.72    5.52    0.44    0.11    0.37    0.59    2.18    0.95    0.27
PSATSALT   -29.32  -50.68    0.00    0.00    0.00    1.16    2.53    0.07    0.21    0.02    0.00    0.00    4.20    1.51    0.81    0.27    0.02    0.00    0.05    0.05    0.02    0.00    0.00    0.00    0.00    0.08    0.00    0.00    1.13   67.17   39.37   26.92    8.58    1.07    0.03    3.08    9.19    1.22   22.06   62.13    1.71    0.00    0.00    0.03    1.37    1.04    0.21
