PSATAGV    -19.89  -50.35    1.53    1.60   17.71   17.80    9.99    0.84    0.40    0.34    1.70    1.61    7.94   26.54   12.65    4.10    0.17    0.02    0.51    0.01    0.12    0.53    3.91    3.70    2.86    0.28    5.06   22.37    7.52   13.07    3.45    1.25    1.15    4.90    0.54    1.11   10.03   29.38   14.21    1.01    0.33   12.37    4.61   15.93   29.97   14.69    8.14
PSATCMG    -21.28  -44.63    1.80    0.81    3.88   16.35   22.39    3.26    0.12    0.37    0.57    1.22    4.38    9.87   21.74    3.27    0.20    0.20    0.70    0.22    0.40    2.02    1.61    1.98    7.23    0.84    0.15    9.27    9.60   13.23   11.46    0.34    0.92   16.57   13.49    4.85   13.87   16.44   10.51    3.20    2.50    1.40    2.45   15.56   31.75   43.19  107.76
PSATCES    -20.25  -48.16    2.46    2.44   11.22   23.42   10.81    0.70    0.25    0.62    2.65    5.47    4.71   19.85   17.04   11.43    0.05    0.11    0.69    0.00    0.35    1.04    1.37    7.43    2.56    0.14    0.46    1.67    8.51   18.81    7.70    1.53    0.91    7.37    0.78    0.83    8.82   24.91   10.45    1.46    0.20    0.01    0.60    4.85   16.08   48.50    5.89
PSATELC    -21.60  -46.95    0.37    0.74    7.81   20.94   12.34    2.56    0.01    0.11    1.01    4.19    7.98   19.23   19.26    5.77    0.19    0.00    1.65    0.00    0.17    1.20    1.00    9.32    2.09    0.08    1.02   10.14   14.87    9.62   10.41    0.86    0.74   13.88    1.38    1.57    8.65   26.79   12.73    2.26    1.77    0.03    0.43    5.20   12.14   24.31    9.03
PSATFUN    -21.14  -45.04    2.03    0.50    6.56   17.27   15.64    3.87    0.06    0.56    0.67    3.73    4.35   11.68   20.80    0.99    0.18    0.02    0.14    0.04    0.50    2.45    1.23    2.57    4.76    0.37    0.03    2.12    4.46   11.51   10.89    0.85    1.11   11.07    7.15    3.97   11.67   25.63    8.04    0.81    1.16    1.37    1.79    9.95   32.30   32.82   66.02
PSATFUR    -20.67  -46.32    0.86    1.03    6.43   26.01   11.26    3.20    0.01    0.60    1.92    4.17    7.75   18.99   27.86    2.29    0.04    0.00    0.52    0.00    0.52    2.89    1.13    8.54    2.39    0.12    0.26    2.50    9.92    9.55    6.94    1.28    1.45   13.71    3.23    1.79    9.01   25.92   10.96    0.91    0.98    0.68    0.29    5.32   23.32   37.71   19.24
PSATMRB    -20.30  -49.18    1.65    1.61   13.10   22.82    9.01    1.10    0.19    0.33    2.60    3.99    6.17   25.98   16.51    5.26    0.04    0.04    0.61    0.00    0.21    0.88    2.06    5.06    2.16    0.11    1.23   10.48    8.83   19.20    6.83    0.99    0.72    7.19    0.72    0.93   10.95   31.13   13.82    1.20    0.21    2.21    2.43    5.04   17.77   19.85    5.36
PSATPRG    -21.59  -45.67    0.37    0.62    5.63   24.03   14.93    1.74    0.00    0.05    0.61    2.90    4.91   14.33   28.53   13.04    0.18    0.20    3.20    0.30    0.26    1.83    1.94    9.01    5.89    0.17    0.26   10.09   11.18    8.44    7.75    0.39    0.35   18.18    1.79    1.56    8.83   29.05   14.89    3.03    1.90    0.21    0.30    6.31   18.41   20.36   10.29
PSATPAS    -21.02  -48.18    0.26    0.45   15.26   21.00    9.20    0.83    0.03    0.13    0.61    2.04    4.59   29.30   19.64    9.59    0.40    0.02    2.56    0.13    0.10    1.93    1.66    5.88    4.01    0.07    0.48    8.95    3.72    8.25    5.51    0.44    0.30   11.33    0.83    0.96   10.49   31.05   15.05    5.96    1.15    0.06    0.55    6.95   10.03   10.11    5.20
PSATPTB    -21.61  -45.49    0.65    0.83    5.13   19.31   14.14    2.93    0.01    0.13    0.63    4.17    5.85    5.69   24.04    7.68    0.01    0.36    0.71    0.35    0.20    2.63    1.82    8.96    5.77    0.31    0.11    3.20   11.55    6.67    7.74    0.36    1.33   25.20    3.70    2.01   15.43   25.29   14.99    1.56    1.72    0.28    0.51   14.70   24.46   41.92   33.75
PSATPTC    -20.00  -48.55    2.78    1.58    9.75   17.44    9.34    2.47    0.40    1.24    2.90    1.87    6.62   17.01   20.24    7.12    0.00    0.04    0.24    0.11    0.60    2.12    3.23    5.40    1.64    0.24    0.53    5.08   14.45   23.81    8.54    1.55    1.42    6.73    1.11    1.31    8.63   28.91   12.54    1.10    0.81    0.59    3.27    2.78   32.39  101.32    6.25
PSATFZA    -26.00  -51.65    2.49   14.23   21.22   21.98    5.59    0.54    0.05    2.09    0.05    1.96   35.91   16.25   22.96   58.66    5.70    3.47    0.36    2.73    2.54    1.12    4.39   16.65    2.01    0.69   12.71   25.81    0.14    0.04    0.11    0.11    0.06    1.77    0.61    1.59   20.51    1.17    2.08    1.26    0.91    0.11    0.21    0.75    0.83    0.23    0.30
PSATJSG    -25.78  -52.00    0.86   11.02   15.23   27.19    3.04    1.54    0.31    2.05    0.16    3.18   35.79   10.95   28.63   52.01    5.28    3.44    0.54    5.73    6.25    1.06    6.10   10.51    1.45    0.80   12.24   15.75    0.13    0.00    0.01    0.01    0.02    0.76    0.54    1.20   17.47    1.60    2.41    1.33    0.73    0.01    0.13    0.43    0.34    0.12    0.60
PSATSCX    -25.53  -53.48    0.10   19.11   15.53   21.83    3.60    0.95    0.48    0.55    0.07    4.09   36.42   14.17   35.03   38.60    3.98    1.87    0.43    3.96    2.52    1.08    7.62    7.08    1.28    0.63   15.53   11.27    1.50    0.05    0.01    0.00    0.34    0.30    0.25    2.49   20.42    1.84    2.18    0.99    0.29    0.02    0.17    0.29    0.18    0.33    0.59
PSATSCL    -25.49  -51.74    0.54    3.69   15.26   31.36    3.75    2.09    0.22    1.34    0.10    1.90   31.50   19.57   10.07   60.35    7.61    3.49    0.61    1.56    6.80    1.16    6.13   12.57    3.20    0.67    9.73   15.46    0.38    0.02    0.00    0.00    0.00    0.81    0.44    0.79   14.80    1.34    1.25    0.21    0.09    0.00    0.18    1.39    0.56    0.29    0.67
PSATUVT    -26.23  -51.08    3.67   12.86   15.28   18.55    6.64    1.89    0.06    0.41    0.03    1.42   26.88   12.01   27.07   46.25    9.31    2.29    0.44    1.24    4.33    0.81    6.77    6.39    0.88    0.46   15.49   25.20    0.82    0.57    0.62    1.46    1.77    1.76    1.23    1.92   28.97    4.87    1.35    1.94    2.75    1.19    1.28    2.59    3.28    1.57    0.42
PSATBSM    -24.19  -53.74    0.11   20.91   14.91   28.87    4.70    0.47    0.29    0.20    0.14    2.75   27.37   18.88   13.07   36.66    5.72    1.10    0.39    0.41    2.24    0.78    6.93    2.33    1.38    0.55    7.75   21.19    0.94    0.59    0.00    0.00    0.03    0.17    0.05    2.15   12.79    0.83    0.57    0.05    0.01    0.00    0.08    0.62    0.39    0.35    0.31
PSATFLE    -22.97  -54.56    5.30   18.72    3.64    4.33    4.99    0.23    0.05    0.04    0.03   12.32   21.18    7.90    7.65   11.79    5.00    0.08    0.00    0.10    1.87    0.01    3.59    6.84    2.48    0.70   43.01    5.31    0.63    0.43    0.71    0.00    0.00    0.04    0.00   13.18   13.88    0.13    0.00    0.00    0.00    0.79    0.32    3.04    3.51    2.01    0.58
PSATITP    -25.42  -54.58    0.43   19.89   10.91   12.40    2.22    0.28    0.03    0.00    0.02   10.64   22.49   13.10   10.98   12.71    4.89    0.62    0.04    0.95    1.57    0.18    7.26    3.61    1.37    0.51   23.88   10.88    1.47    0.06    0.19    0.01    0.03    0.03    0.01    6.36   10.08    0.64    0.17    0.02    0.04    2.81    0.56    0.92    1.39    0.74    0.36
PSATIVM    -22.38  -53.53    5.20   18.50    8.84   11.13    2.19    0.90    0.09    0.09    0.02    7.21   13.69    9.07   10.77    7.99    7.22    0.03    0.04    0.28    0.44    0.12    3.77    7.27    1.54    1.47   31.89   15.30    3.82    0.79    0.79    0.00    0.00    0.03    0.00    4.19    5.73    0.05    0.00    0.00    0.59   12.19    1.70    1.22    5.04    6.51    0.39
PSATPTQ    -23.18  -53.17    0.20    8.21   11.10   28.88    2.56    0.46    0.08    0.09    0.11    1.14   22.67   21.79   10.86   26.58    9.28    0.92    0.19    0.23    1.20    0.63    4.54    6.35    1.38    0.65   12.08   30.65    0.72    0.44    0.03    0.01    0.03    0.19    0.06    0.21   10.94    0.57    0.01    0.00    0.04    0.40    0.16    3.32    1.13    0.87    0.24
PSATCBI    -17.99  -48.54    3.96    3.60    6.40   16.34    9.75    7.07    8.05    3.28    4.09    5.81    7.90   10.40    5.21    0.02    0.14    0.00    0.20    2.25    2.67    0.53    3.16    3.97    0.28    0.61    0.98    0.72    2.98   14.56   11.44    6.86    4.41    8.63    6.65    6.49    6.87   12.17    8.22    2.95   10.88   16.86   11.54   17.49   29.40   12.41    8.36
PSATCBIV   -16.15  -48.67    4.30    7.12    4.27   10.70   12.09   11.14   14.48    4.40    4.27    5.51    3.28   10.14    3.67    0.02    0.12    0.00    0.06    4.31    3.88    1.64    4.66    1.46    0.21    1.36    1.68    0.89    3.54   13.48   13.66    8.39    5.39    7.47    7.99    4.30    3.99   10.99    7.45    9.83   17.14   21.83   22.46   14.63   27.87   12.08    3.97
PSATEMB    -18.45  -47.98    3.34    2.05    3.55   24.55    8.12    5.42    2.29    5.07    2.45    2.66   10.02   11.88    4.11    0.09    0.02    0.01    0.52    0.86    1.49    1.84    1.33    4.80    0.05    0.17    0.25    0.16    4.37   19.79    8.40    3.31    1.75   11.05    3.05    5.34    9.11   20.95   13.85    1.73    6.39   20.66    3.86   16.17   35.03   25.64   10.35
PSATIMBR   -18.42  -49.10    4.74    2.68    4.40   24.57   10.67    2.57    2.92    4.94    1.62    3.50   10.91    7.80   12.05    0.46    0.06    0.00    0.37    0.84    1.07    0.87    5.18    5.48    0.38    0.21    0.46    2.68    7.10   18.87    6.86    3.97    2.43    7.47    2.37    3.64    5.64   30.51   10.79    0.70    7.42   24.40    7.29   12.78   37.32   24.26   11.24
PSATNPTE   -19.13  -47.70    2.28    2.36    4.47   20.82    7.01    7.06    0.87    4.26    2.49    1.84    5.64   10.36   13.56    0.18    0.03    0.00    0.77    0.63    2.04    4.52    2.07    6.09    0.18    0.13    0.28    0.78    8.73   30.95    7.33    1.41    1.69    6.58    1.68    2.27    5.73   24.37   11.47    1.00    2.75   18.67    2.10    4.07   34.36   49.24    9.11
PSATARV    -18.07  -50.16    2.15    6.16    3.94   13.86   11.87    4.82    6.63    2.34    4.12    3.75    7.76    1.96    8.21    2.33    0.01    0.00    0.09    0.72    0.84    1.05    3.93   10.08    2.46    3.66    1.91    4.03    9.63   10.52    8.59    4.58    3.46    7.90    3.49    4.20    4.44   31.83   10.12    0.34   17.40   18.91   13.61   22.51   22.17   14.35   13.66
PSATSFC    -18.05  -47.68    2.68    2.86    8.94   20.88    8.36    5.72    6.27    3.07    4.11    4.05    8.32   10.36    2.51    0.03    0.06    0.00    0.29    2.38    2.31    0.68    1.59    2.08    0.08    0.68    0.26    0.39    4.70   16.86   15.21    9.40    3.21   11.63    5.26    4.97    7.00   13.65   13.40    4.06    9.75   17.07    8.60   19.70   18.65   16.75   14.74
PSATSSM    -19.02  -50.50    4.01    2.28    7.62   19.95   11.96    2.32    2.86    2.96    1.96    3.18    9.11    3.91   10.57    2.39    0.02    0.00    0.18    0.27    0.76    0.87    5.84    9.31    1.54    0.40    2.10    8.56   12.36   16.02    6.67    2.90    2.02    3.83    1.97    2.66    4.38   32.66    9.45    0.81    7.44   20.51   13.98   17.47   38.14   26.51   13.37
PSATCNI    -22.94  -50.52    0.21    0.04   12.01   14.06    5.12    0.58    0.00    0.00    0.17    1.16    6.17   18.70   17.47   12.57    1.44    0.17    0.73    0.09    0.22    0.32    6.15    6.84    3.49    1.60    2.01   14.76    0.02    0.86    0.76    0.01    0.02    0.55    0.31    0.18   17.96    5.89    3.10   22.56    0.08    1.70    5.64   12.15    9.79    1.19    0.24
PSATCPV    -22.65  -51.33    0.25    0.34    8.31   25.71    2.68    0.52    0.02    0.00    0.50    1.02   12.03   14.12   10.05   12.55    6.46    0.23    0.11    0.24    0.71    0.44    2.93    6.84    1.31    1.86    6.87   19.73    1.44    0.70    0.15    0.01    0.03    0.26    0.10    0.22   17.34    2.69    0.53    1.01    0.53    2.83    4.07    9.41    4.89    0.52    0.27
PSATCHT    -23.01  -49.73    0.01    0.11    7.79   12.75    1.05    0.88    0.00    0.00    0.27    2.36    8.04   10.98    4.98   12.49    4.61    0.45    0.27    0.20    1.14    0.52    3.80    3.90    0.61    2.94    4.32   26.07    0.26    0.43    0.19    0.14    0.54    0.52    0.35    0.38   19.07    5.73    0.49    1.93    0.12    1.24    0.60    6.48    4.59    0.86    0.08
PSATJUR    -23.22  -49.23    0.01    0.04   14.74    9.10    3.80    2.29    0.00    0.00    0.05    1.64   10.09   14.70    3.35   17.91    2.55    0.48    1.29    0.23    2.13    0.32    2.22    4.27    0.94    3.08    1.16   21.19    1.36    1.86    1.10    0.85    1.11    2.51    1.32    1.02   20.29    5.20    5.91   16.12    0.69    1.09    0.84    5.57    4.83    0.79    0.07
PSATMAU    -24.06  -50.71    0.16    0.35   10.41   22.88    4.49    1.35    0.00    0.00    0.08    1.15   12.41   12.56    6.47   21.79    6.43    1.07    0.08    0.43    2.68    0.85    3.79   11.38    1.46    1.13   10.05   25.76    0.50    0.86    0.13    0.13    0.20    0.60    0.25    0.43   23.36    1.87    0.02    0.06    0.27    1.19    0.19    3.94    0.74    0.80    0.27
PSATROS    -22.50  -52.87    0.28    8.97   10.56   24.67    1.19    0.22    0.04    0.00    0.06    0.75   12.57   19.31   18.02    6.90    6.70    0.03    0.09    0.09    0.32    0.24    2.20    3.10    0.36    1.08   14.03   22.14    1.05    0.12    0.10    0.00    0.02    0.05    0.01    0.13    4.44    0.58    0.04    0.10    0.10    2.43    7.61    7.75    3.22    0.56    0.42
PSATQMD    -16.21  -47.33    1.60    1.20   13.84   10.56   11.58   12.70   10.95    3.89    3.95    4.82    0.76    8.85    1.30    0.00    0.76    0.02    0.94    2.28    1.66    0.95    1.91    0.11    0.43    1.09    0.27    0.03    1.46    9.99   16.88   13.96    9.41   11.44    7.52    4.90    3.68   15.76    1.66    3.95    9.48   12.89   15.06   18.10   21.33   10.35    5.75
PSATRBX    -18.95  -44.76    1.30    1.32    5.72   20.99   18.65    1.32    0.02    2.38    1.54    1.91    2.91   15.82   12.27    0.10    0.30    0.00    0.10    0.00    0.22    3.41    1.98    2.05    1.02    0.11    0.03    0.02    2.07   12.16   28.59    7.87    1.31    8.12    4.82    6.21   12.80   19.59   12.27    1.14    6.54   14.88    0.83   13.66   43.53   30.98   20.68
PSATSFR    -15.93  -44.86    2.98    2.82    8.29   12.50   10.74   14.99   10.77    6.12    4.78    5.25    1.53    3.83    1.25    0.02    0.99    0.28    1.21    0.48    0.54    0.61    0.24    0.10    0.41    0.41    0.06    0.02    3.66   20.07   20.18   18.69    5.97   11.01   13.48    5.42    4.05   14.07    5.86    8.81   12.44   14.11   22.83   27.04   11.07   17.75   13.97
PSATSRM    -16.37  -45.07    2.42    2.68    5.29   22.51   16.35    8.66    2.04    3.94    2.53    2.64    4.65   10.83    3.00    0.07    0.22    0.07    0.99    0.33    0.59    2.09    1.10    0.59    0.18    0.24    0.04    0.01    2.23   19.20   21.07   12.41    2.96   11.52    9.82    6.45    6.83   16.03    8.52    8.33   12.78   19.71   12.10   27.18   23.43   23.41   14.07
PSATTMR    -18.16  -45.27    1.63    2.93    7.77   20.85   12.44    4.43    0.04    2.87    2.71    2.82    6.59   19.25   13.63    0.35    0.05    0.00    0.30    0.04    0.57    5.79    1.18    5.06    0.29    0.23    0.08    0.25    4.71   21.30   19.68    4.67    2.32   13.74    3.73    4.78    9.67   24.25   13.19    3.58    7.59   15.26    1.17   10.96   28.95   56.96   16.17
PSATBOQ    -11.35  -43.83    0.51    1.35    1.11   12.94    5.69   11.85   12.09   12.46   14.80    1.32    0.12    0.02    0.00    0.09    0.88    0.26    0.54    0.12    0.24    0.52    0.68    1.61    1.92    0.59    0.14    0.16    2.97    3.88    3.71    8.93   15.74   18.84   12.06    2.69   11.21    3.09    9.46    1.22    0.56    5.59    7.05    5.99    3.59    6.92    6.34
PSATBBO    -22.52  -48.55    0.08    0.10   13.72   20.62    9.28    1.58    0.02    0.03    0.09    1.50    5.23   25.09   11.56   17.23    0.63    0.33    4.59    0.49    0.35    0.81    1.58    6.30    3.50    0.33    0.75   15.06    1.37    2.31    1.14    0.14    0.24    5.90    0.97    1.03   17.45   17.29   24.82   39.47    1.22    0.26    0.93    9.76    8.42    1.23    0.34
PSATESZ    -23.46  -46.91    0.20    0.05   17.05   60.23   56.86    5.54    0.39    0.05    0.23    0.36    2.37   31.53   10.86    5.83    1.40    0.62    8.07    0.06    3.96    1.33    5.71    6.97    1.44    0.59    2.60   32.32    7.28    6.55    4.13    3.81    2.03    6.22    4.60    3.09   13.92   13.24   18.31   27.54    5.91    1.13    1.77    6.71    7.43    1.70    0.98
PSATIBT    -21.76  -48.99    0.07    0.17   17.12   15.54    4.22    0.50    0.00    0.14    0.72    0.66    4.50   31.34   19.50    9.06    0.17    0.14    0.91    0.09    0.09    0.45    1.14    5.90    3.74    0.19    0.19   12.10    0.43    2.92    1.56    0.02    0.00    4.43    0.55    0.45   17.12   20.17   22.78   12.42    0.10    0.55    2.70    6.28   11.46    3.92    1.42
PSATNAV    -21.12  -50.20    0.56    0.80   18.72   17.99    6.39    0.14    0.08    0.20    1.45    2.00    6.57   35.94   17.36    6.42    0.38    0.03    0.73    0.03    0.06    0.16    2.24    5.36    6.85    0.14    1.84   11.87    0.17    3.30    0.89    0.36    0.17    2.39    0.36    0.46   10.51   21.37   22.23    3.14    0.07    9.84    2.22    8.58   13.37    6.26    1.70
PSATSME    -13.40  -48.30    2.04   10.71    4.08    7.28    9.84   12.90   11.22    5.51    2.85    6.75    3.27    6.10    1.68    0.15    0.20    0.01    0.63    2.22    3.22    1.89    2.35    1.10    2.48    2.12    2.41    1.45    9.92    9.33   11.48   13.71    4.14   15.98   15.73    6.68    7.46   16.40    4.01    7.51   12.19   11.08   14.57   26.02   26.28   11.59    6.27
PSATBGR    -27.78  -51.20   11.73   27.15   22.09   13.97    2.93    0.69    0.01    2.54    0.43    5.97   36.40    3.70    1.03    3.58    2.10   10.29    3.31   32.00    0.72    1.63   11.18    0.32    2.70    0.77   28.96    6.54    0.00    0.01    0.04    0.20    0.52    2.04    2.14   13.62   29.77   23.26    9.25    8.78    5.04    3.06    0.89    1.77    2.64    0.18    0.14
PSATCNV    -27.60  -51.33    4.76   28.51   21.55   20.09    5.14    1.20    0.04    1.94    0.31    2.85   52.08    5.14   12.14   28.14    2.98    7.18    1.62   12.87    1.06    0.23    9.03    4.09    1.54    0.63   21.17   21.03    0.01    0.13    0.17    0.32    0.53    2.59    1.51    9.85   31.97   21.57    4.48    7.91   12.09    1.55    0.83    1.29    4.18    0.53    0.25
PSATFCH    -27.14  -53.04    8.31   34.59   25.86   13.12    3.90    0.62    0.90    0.77    0.00   11.85   30.61    0.66   37.54   12.33    2.40    1.37    0.46   19.01    0.92    3.54   12.40    7.59    2.83    0.31   20.18    1.97    0.00    0.00    0.00    0.00    0.26    0.23    0.32   13.37   18.62    2.53    2.18    1.54    1.33    0.09    0.00    0.00    0.03    0.03    0.00
PSATITA    -27.27  -52.38    6.66   35.98   24.23   26.34    3.69    0.53    0.17    1.25    0.09    5.51   36.40    2.49   20.35   19.59    3.06    3.88    1.11   15.94    0.91    2.13   10.28    4.63    4.75    0.26   30.35   12.53    0.02    0.02    0.01    0.07    0.08    1.22    0.90    5.69   26.56    7.28    4.29    1.84    3.55    0.48    0.17    0.30    0.35    0.10    0.03
PSATMCD    -27.52  -51.78    1.43   28.41   28.04   36.93    1.65    0.47    0.09    1.68    0.04   10.40   38.80    0.47    3.79    3.49    1.37    7.02    1.30   24.87    0.23    3.30   11.01    0.75    7.68    0.08   46.17    4.41    0.00    0.00    0.00    0.00    0.03    0.37    0.53    9.05   36.09    9.54    3.95    1.13    2.49    0.55    0.27    0.12    0.56    0.02    0.00
PSATMOJ    -27.35  -52.73    8.70   29.33   15.14   19.98    0.64    0.99    1.56    0.32    0.00   13.62   41.67    0.07    8.67    2.40    1.50    8.43    8.10   24.35    0.47    4.78    8.96    0.97    9.04    1.82   57.88    0.21    0.00    0.00    0.00    0.00    0.41    0.43    4.01   15.40   14.85    7.49    6.64    1.01    3.04    0.29    0.15    0.02    0.03    0.02    0.00
PSATQQX    -26.66  -52.54    1.57   19.05   26.18   21.22    7.72    1.14    0.52    2.34    0.06    3.11   42.87    7.58   38.71   29.57    4.23    1.50    0.54    8.90    0.77    1.38   11.65    9.73    1.14    0.32   18.02   11.81    0.69    0.00    0.00    0.00    0.31    1.77    0.73    2.69   21.93    4.30    3.40    2.58    2.35    0.06    0.17    0.11    0.24    0.14    0.29
PSATPSJ    -28.14  -55.05   19.45   15.01   14.40    4.82    1.33    0.96    1.57    0.23    0.00   53.06    0.84    0.00    1.32    2.29    1.53   60.18   62.26   46.17    0.00   19.18    6.10    0.09   10.20    4.28   43.88    0.00    0.00    0.01    0.00    0.00    0.30    0.69    4.39   24.46    5.07   12.83    4.88    1.84    0.52    0.13    0.00    0.00    0.00    0.00    0.00
PSATESP    -18.68  -51.87    3.22    6.71    3.46    9.51    9.51    2.33    5.00    1.21    3.88    2.43    3.89   15.44    4.22    3.19    0.23    0.08    0.00    0.24    1.02    1.57    5.57    6.33    5.60    6.16    3.56    4.76    5.19    2.56    5.46    2.41    0.31    0.58    0.21    0.49   15.75   32.32   13.00    1.80   13.43   14.50    8.67    6.81    9.09   15.44   19.68
PSATSRC    -19.16  -50.76    3.24    4.62    9.21   11.51    9.63    2.63    2.81    1.07    3.16    2.05    5.31   12.22    4.86    3.38    0.07    0.04    0.00    0.09    0.73    1.09    7.29    8.58    7.24    8.47    3.16    5.22   12.66    7.04    5.75    1.40    1.24    0.91    0.40    1.12   13.08   26.31   11.17    2.13   17.79   18.20   22.65    8.67   15.70   17.76   37.25
PSATFRCL   -19.12  -50.64    3.62    6.57    8.83   12.73   14.08    3.59    5.09    2.34    3.43    2.29    4.02   13.80    8.32    3.41    0.09    0.02    0.05    0.16    0.94    1.43    5.27   18.51   10.45   11.32    4.24    6.25   14.09   11.71    6.01    3.15    2.10    2.72    1.91    2.69   10.46   29.46    8.46    1.05   18.11   17.88   18.09   21.13   17.51   14.53   23.67
PSATISOT   -20.40  -51.35    2.39    2.68   16.96   14.10    7.43    0.69    0.45    0.30    1.18    2.48    8.39   33.34   11.87    5.00    0.61    0.00    0.25    0.01    0.23    0.20    5.59    4.34    3.66    1.96    4.54   17.36    6.89    8.10    2.36    0.89    0.97    1.12    0.35    0.17   10.37   22.86   27.11    2.99    4.89   20.00   17.20   15.16   25.07   18.31   20.24
PSATJUP    -20.86  -51.63    1.55    7.13   13.33   11.04    6.27    1.09    0.80    0.15    1.09    4.05    5.04   31.70   10.54    7.02    1.15    0.00    0.20    0.11    0.47    0.15    6.98    5.18    8.24   10.17    6.55   16.14   13.39    5.91    2.59    0.69    0.50    0.31    0.20    0.07    8.16   16.92   35.78    5.50    7.38   20.23   30.02    7.00   13.18   17.01   22.74
PSATSDG    -20.06  -53.18    1.17    9.01    5.85   12.49    4.51    1.70    0.39    0.07    0.29    2.35    5.67   16.89   10.32    9.08    0.94    0.00    0.46    0.35    1.09    0.14   20.25    8.30    9.02   11.04    8.23   14.42   16.57    5.61    2.87    0.37    0.21    0.11    0.05    0.02    3.12   13.29   24.29    1.69    1.34   16.60   20.42    2.93    9.15   12.61   15.99
PSATFZBT   -21.66  -52.87    3.45   16.14    5.96   13.52    1.67    0.85    0.11    0.06    0.03    4.65    9.84   14.95   26.59    7.08    4.08    0.01    0.20    0.31    0.33    0.19    8.95    8.64    1.58    3.15   20.78   28.94    6.61    2.91    1.09    0.05    0.02    0.03    0.02    0.06    3.40    1.68    1.56    1.19    1.74   23.29   17.21    1.72    6.24    3.47    0.85
PSATPPRA   -22.46  -52.91    0.91   12.51   14.39   17.00    3.35    0.29    0.07    0.00    0.25    2.30    3.97   29.40   22.70    9.32    2.16    0.01    0.26    0.01    0.15    0.14    3.71    4.15    0.99    3.67    7.65   22.41    2.53    0.55    0.52    0.10    0.10    0.13    0.05    0.13    9.51    4.26    5.98    2.47    1.06   15.91   18.66    9.64   10.47    2.63    1.40
PSATBTE    -13.69  -50.80    0.89    7.96    6.21    8.93    7.09    8.58    7.05    3.18    4.84    6.51    9.30    7.82    4.60    2.09    0.08    0.25    0.30    0.62    0.96    1.98    3.44    5.40    8.16    3.77    5.52    2.29    5.57    3.94    9.16    5.89    3.95    7.96    3.16    4.26   16.42   28.95    8.64    1.46   11.04    6.18   20.67   17.05   20.91   21.20   30.17
PSATARAG    -8.27  -49.26    2.78    8.82    5.47    9.27    6.45   13.06   12.21    7.89   10.78   13.64    2.41    1.70    1.29    0.53    0.34    0.57    1.12    0.52    0.97    1.62    5.32    5.75    8.11    6.26    7.07    7.09    5.52    1.94    8.36    9.00    9.11   12.69   22.22    6.66    7.50   14.18    5.30    6.45    4.91    1.95    8.09   24.45   19.66   12.92   11.78
PSATLAJ     -9.76  -48.37    1.69    7.35    3.49    8.32    8.88   19.51   17.23   10.31    9.39   10.63    0.19    0.71    0.23    0.06    0.53    0.31    1.12    0.40    0.69    1.04    1.46    2.41    4.05    2.40    4.42    3.01    7.18    4.31   14.43   13.51    8.51   17.65   22.91    4.69    1.77    9.95    7.86    5.65    3.45    5.78   11.16   19.19   14.61    9.15    7.52
PSATPTRL    -9.31  -47.39    0.60    2.86    0.87   12.96    3.78    8.00   14.93   11.31    8.18    7.11    0.00    0.01    0.00    0.36    0.85    0.43    0.36    0.05    0.22    1.11    7.14    4.76    4.02    8.28    5.71    5.06    4.47    4.36    6.71   11.53   13.29   19.94   14.90    6.12   10.92    2.18    6.79    2.13    0.60    2.16    5.72   12.79    5.07    4.45    8.41
PSATLJET    -7.33  -47.48    0.61    4.80    2.20    7.05    8.28    7.72   10.58    5.01   12.65    4.60    0.06    0.00    0.15    1.21    0.91    1.15    0.40    0.21    1.23    2.55    7.42   21.69   10.92    5.56    5.83    6.55    2.58    5.33    7.88   10.46   12.78   49.22   14.00    9.00    3.96    1.36    5.60    5.71    4.38    3.55    4.80   10.88    6.12    3.14    2.83
PSATUCR     -3.83  -49.65    2.74    1.46    1.51    4.80    5.55    4.10    4.73   10.09   12.21    4.41    0.69    0.05    1.39    5.46    1.48    1.70    3.14    0.66    1.66    3.43    6.84    9.42   15.05   14.65    5.90    9.84    8.90    7.16    4.89    5.99   14.68   23.58   56.16    4.38    6.83    0.49    2.41    9.33    2.72    3.74    2.16    5.91    6.46    6.11    3.27
PSATXIVJ   -29.07  -51.67   14.62   28.87   25.42   21.23    1.15    0.62    0.10    2.04    0.08   21.27   39.44    1.10    0.06    0.88    1.20   29.11    9.68   44.70    0.46    1.09   11.36    0.00   15.48    1.50   35.05    2.87    0.00    0.00    0.00    0.00    0.09    2.46    2.56   11.96   41.96   15.35    7.57    2.15    1.27    1.65    0.37    0.72    0.32    0.06    0.00
PSATDFRC   -29.45  -53.28   19.46   30.30   11.30   17.69    1.26    0.85    2.01    1.10    0.19   55.62    0.16    0.00    0.05    0.60    1.24   59.48   77.40   30.50    0.00    8.79    8.20    0.00    7.54    5.48   57.61    0.05    0.00    0.00    0.00    0.02    0.81    1.00    4.43   43.05    5.31   12.88    6.66    1.63    0.20    0.24    0.02    0.02    0.00    0.00    0.00
PSATREAL   -29.02  -53.19   25.09   20.57   16.34   32.96    1.45    0.87    1.69    0.86    0.04   57.91   14.26    0.02    0.08    1.37    1.35   39.79   27.97   43.06    0.03    8.03    8.08    0.00   12.99    4.96   59.28    0.18    0.00    0.00    0.00    0.00    0.27    0.34    4.07   28.69   11.61   10.24    2.68    1.28    0.51    0.72    0.04    0.07    0.00    0.00    0.00
PSATCTAV   -29.01  -51.39   22.39   22.90   30.18   15.23    3.50    0.51    0.00    3.42    0.37   27.44   38.81    0.97    0.03    1.20    2.19   23.14   16.35   50.85    1.01    0.37   10.00    0.13    5.90    1.94   31.25    5.26    0.00    0.01    0.01    0.12    1.05    4.15    3.01   14.35   31.18   23.57   16.75    9.41    2.23    3.77    1.06    3.06    1.42    0.07    0.07
PSATERNT   -28.56  -52.54    8.85   25.36   19.48   36.84    1.11    1.14    0.79    1.56    0.05   27.44   42.88    0.11    0.56    0.78    1.40   17.40    8.02   36.58    0.14    4.64    9.02    0.18   12.24    1.43   63.39    0.20    0.00    0.00    0.00    0.00    0.17    0.34    1.85   15.05   18.05    8.64    5.57    0.99    1.36    1.07    0.20    0.14    0.11    0.02    0.00
PSATSTPL   -27.14  -49.52    4.60   16.33   13.00   16.84    4.48    2.63    0.16    1.00    0.03    1.18   68.89   10.95   24.51   29.44    6.99    3.64    5.05    6.04    1.77    0.08    6.20    2.70    0.17    0.14   21.51   24.25    0.09    0.37    0.42    1.76    1.60    4.03    1.93    5.77   41.32   24.06    4.02   11.64   18.95    3.03    2.62    4.16   12.48    1.43    0.47
PSATCVCH   -25.14  -48.87    0.30    0.66    9.05   10.19    9.70    2.96    0.04    0.00    0.00    2.54   10.29   10.64    9.67   23.51    7.71    2.15    0.23    0.17    4.81    0.23    4.06    2.79    0.38    1.66    7.95   18.31    1.01    1.37    1.43    3.33    3.17    1.01    2.38    2.20   38.51    2.87    0.06    1.01    1.50    1.74    2.50    2.29    1.95    1.80    0.95
PSATAMY    -12.60  -69.12   24.92   17.44   19.15   12.55   11.39    8.78    7.37    5.73    5.49    6.89   14.10   48.21   12.76    8.99   18.41   14.44    5.81    5.56   12.73    3.96   13.28    3.40    2.57    2.69    4.64   16.21    2.68    3.90    3.39   12.20   14.13   12.82   16.18   17.13   55.18    5.61    0.95    2.34    2.19    3.12    8.38   14.05   16.59   10.95   12.24
PSATGJR    -10.73  -65.35   17.74   11.17    9.48    7.51    2.81    2.34    9.50    5.49    2.18   28.72   29.62    9.13    4.44    7.22    5.76    3.39    0.94    1.62    3.67    1.38    2.15    0.89    2.03    1.45   20.56    4.59    0.60    1.43    4.19    7.80    5.91    8.07   11.34   40.63   13.08    1.67    1.36    2.36    2.44    7.01    9.81   14.01   15.54    8.13   17.70
PSATPRNC   -12.43  -64.43    9.61    6.09   11.03    6.89    3.15    2.69    7.29    4.93    1.31    6.98   27.51   22.47   14.06   13.20    4.69    2.33    0.62    1.62    3.21    1.29    1.89    0.88    4.59    1.61   15.17    3.92    0.70    3.38    2.76    7.87    3.07    0.88    5.61   37.07   25.59    4.01    0.81    4.58    4.54    8.55    2.56    4.51   18.45    6.90   13.93
PSATSANT    -8.87  -63.97    4.18    3.55   13.99    5.90    9.88    3.90   14.78    3.69    2.66    2.57   25.78   39.57   14.67   10.10    8.36    6.23    2.67    8.73   13.94    4.08   12.32    3.03    4.56    3.03    5.32   13.60   12.51   12.02    1.52    1.20    5.04    6.77    2.81   12.08   29.60   25.82   13.87   14.73   27.09    6.77    1.29    9.73    5.61    4.02   10.88
PSATDARD   -10.16  -59.46    0.17    3.82   11.65    5.92    3.86    7.33   12.49   15.90    4.43   17.64    8.55   28.04   12.59   13.00    4.27    6.18    2.59    7.87   10.24    3.00   11.30    1.95   12.70   13.14   13.81   28.79   14.55    5.60    6.00    6.65   11.66    5.96    6.74   15.83   32.29   48.05   14.48   13.13   28.37    3.27    0.46    4.38    6.77    9.67   11.68
PSATGUAP   -15.12  -58.96    6.02    5.71   10.09    5.63    0.86    4.61    7.41    2.50    2.14    2.82    7.29   21.10   15.04    9.41    2.58    1.56    1.10    1.05    3.45    4.55    3.45    0.78    1.24    1.68   24.69   12.33    1.01    7.05    2.62    6.90    3.39    0.00    0.34   53.80   74.52    9.67    5.40    0.79    4.30    8.18    0.85    1.83    6.44    2.11    5.22
PSATJIRA    -9.25  -64.65   18.41   13.54   13.96   15.16   10.59    4.81    5.64    6.60    2.46    4.66   17.03   19.88    8.45    9.29   11.53    7.10    2.74    2.68    9.20    4.84    4.48    2.02    1.68    1.28    5.05   15.60    1.60    1.94    5.01    6.57    7.68   10.95    9.39   18.37   47.64    7.36    4.86    5.44    5.67    4.12    4.83   10.40   15.35    8.63    9.21
PSATROND   -11.99  -60.70    2.76    7.11   14.18   12.36    7.28    2.18    5.20    3.62    4.26    4.73   16.59   14.53   38.83   10.25    4.49    3.75    0.31    1.71    5.75    5.19    2.73    2.06    1.91    3.31   16.40   21.58    3.42    6.35    2.75    4.43    2.47    3.63    5.65   12.85   19.04   15.62    1.34    7.05   16.24    3.23    0.61    0.85   17.12    6.81    3.33
PSATSAMU    -8.75  -63.45    6.56    2.38   10.71    4.96    7.85    9.76   13.25    2.20    2.51   15.99   20.85   28.35   17.49   16.30    4.60    5.95    1.49    5.48   13.56    3.51    5.53    2.79    5.17    2.68   12.48   18.82   13.55    8.95    3.20    7.02    8.92    6.47    4.25    7.23   39.60   26.77   19.97   11.97   20.83    2.28    0.99    3.30   11.52    2.20   12.75
PSATBALB    -1.92  -59.47    9.43   11.27   11.57    7.16   20.22   10.31    5.43    7.17    8.50    4.36    0.39    0.04    6.13    6.81   10.50    9.26    8.51    2.42    3.58    8.15   10.49   16.57    6.55    1.12    0.43    0.70   16.02   20.07   13.03    4.18    2.85    2.91    1.39    3.96    1.12    1.63   22.32   24.03   13.75   18.46   11.03    4.71    4.66    3.57   12.48
PSATCUNA    -2.82  -54.30    5.07    3.04    0.80    0.40    1.70   25.05    4.94    5.94    4.99    1.52    0.94    0.21    0.44    6.98    1.05    3.29    3.58    1.19    1.89    9.56   10.21    5.46    6.82    5.13    6.86   12.61   19.27   10.41    4.46    7.85    8.86    0.68   12.12    6.33    2.93    1.69    0.41   17.59    3.19    5.48    2.01    4.30    5.89    2.77    6.44
PSATJARI    -0.65  -52.52    0.60    0.14    0.13   10.75    6.05   16.96    4.34    4.92    2.04    2.35    0.49    0.06    0.22    1.70    1.54    2.02    4.16    1.23    2.07    3.73    3.01    3.57    3.97    1.71    0.97    7.63   12.64    5.69    7.20    4.42    2.61    0.51   11.77    7.97    3.32    4.10    3.62    3.64    9.03    3.71    3.79    4.59    6.41    4.74    7.38
PSATFGOM     0.86  -51.20    0.73    0.26    0.30   12.59   10.78   12.09    2.79    7.55    2.71    3.67    0.66    0.08    0.23    2.04    1.76    2.14    2.92    1.25    3.48    6.88    4.21    8.38    4.82    3.77    1.75    6.40   11.50   10.23    8.93    6.97    4.52    1.20    6.32    7.72    6.16    5.70    7.65    5.21   12.35    6.71    5.90    5.44   11.05    3.90    8.58
PSATUBE     -6.75  -43.57    0.24    1.04    1.01    4.93    1.92    4.34    6.64    5.94    6.47    2.43    0.00    0.00    0.03    0.40    0.84    0.37    0.08    0.06    0.82    1.70    7.68   20.50   12.22    5.67    1.85    1.01    2.36    4.45    2.79    5.63   16.31   27.00    5.79    1.61    5.00    1.76    5.27    0.97    0.86    2.30    3.85    5.43    3.89    3.18    3.65
PSATBSOR    -6.74  -52.00    3.53    6.11    7.26    4.66    6.22   12.29   13.14    6.91   13.14   16.18    3.03    8.64    2.60    1.48    1.03    0.75    4.34    1.52    1.25    2.03    6.97    4.39    9.31   10.66   18.87    9.92    7.87    2.66    3.16    5.87    7.67   10.89   10.02    9.59   14.36   15.46   13.44    6.61    6.10    1.37    4.77   14.19   15.57   12.03   10.72
PSATBESP    -6.75  -51.77    8.83    3.16    4.40    5.97   11.05   11.40    5.80    9.10    7.33   10.37    0.39    0.01    1.65    4.59    2.25    1.13    3.56    0.49    2.09    2.71    4.24    2.81    9.58    8.40    2.54    7.56    8.35    2.17    3.47    2.63   20.16   20.53   32.35    6.55    3.72    1.10   14.09   15.99    6.45    1.47    0.69    4.51    3.74    5.05    2.42
PSATPIME    -3.41  -51.91    4.78    3.04    5.17    2.85   11.66    7.31    5.43   12.85   13.32    4.98    2.54    0.88    4.56    9.15    4.24    3.03    3.94    1.23    3.04    7.11    6.61    7.50    7.02    6.89   12.80    9.20   12.92    6.79    5.28    4.83   14.68   24.12   25.15   17.98    9.77    1.43    5.78   16.43    5.20    1.50    2.18    2.59    3.42    4.55    3.94
PSATIRAP   -16.74  -42.57    1.37    0.88    0.61   17.03   18.23   13.17    5.02    3.62    2.58    0.84    3.09    2.12    0.53    0.38    0.14    0.17    0.21    0.00    0.10    0.96    0.09    0.07    0.30    0.02    0.01    0.00    2.00    4.33   28.21   21.52    8.36    7.22   16.56    7.40    6.60    5.89    9.33   12.14   13.34   23.25   12.05   29.57   13.44   12.35    8.17
PSATITBI   -15.97  -39.59    1.06    0.56    0.32   12.35   19.97   26.04    5.75   10.04    4.00    1.67    1.68    0.64    0.37    0.61    1.34    0.67    0.36    0.05    0.06    0.53    0.39    0.97    0.96    0.07    0.04    0.08    0.81    1.66   17.42   31.04    6.74   11.07   15.24   12.17   10.61    5.56    6.41    7.33    4.88    9.21    9.83   10.16    6.12    8.56    7.40
PSATCOLI   -10.98  -55.77    1.06   10.74    6.43    6.26    5.20   13.17    6.97    5.73    8.04   18.13    8.47   15.65    8.55    4.68    1.50    0.68    3.14    2.95    1.35    2.76    5.37    3.35    7.28   17.90   17.63   21.49    6.08    1.84    3.13    5.19    6.68    5.19    3.05    7.71   21.72   35.17   13.96    3.37    6.16    2.06    4.54   21.25   12.10   16.34   24.32
PSATSAEL    -9.19  -57.04    1.01   10.47    6.45    3.38    6.26   16.31   10.59   11.40   15.33   22.26    4.71   12.97    4.25    4.09    2.29    3.38    7.45    3.41    2.84    4.62    5.77    5.30    7.17    9.98   45.16   27.62   12.18    4.83    2.24    5.96   11.85   10.51    8.87   23.40   16.86   19.69    7.86    5.34   14.74    1.34    2.90   10.26   12.27    9.70    5.90
PSATITQ    -17.09  -54.83    4.76    7.81    5.89    7.56    6.71    5.53    3.52    1.46    3.08    3.81   13.11   27.38   10.29    8.36    0.14    0.09    0.27    0.65    1.99    1.09    4.81    6.69    6.43   12.83   24.58    7.68    8.84    4.50    5.66    2.61    1.81    0.72    0.25    0.37   22.09   28.66   11.89    9.12    8.05   10.35   15.65    5.39   19.36   38.76   86.76
PSATJAU    -15.24  -58.73    8.70    5.70   10.77    5.83    0.73    3.15    7.77    2.01    1.35    1.71   11.59   25.04   19.52    9.22    2.11    1.22    1.30    0.66    2.75    2.98    5.60    0.85    1.71    2.92   24.26    9.56    1.26    5.27    2.92    5.73    2.82    0.03    0.18   46.09   78.95   13.38    5.40    0.76    3.82    8.44    1.65    4.21    6.97    3.45    6.32
PSATMAN    -14.87  -55.78    2.34    4.34    7.27    9.11    2.61    9.42    3.43    2.35    2.13   11.96   13.70   17.18    7.82    3.50    1.57    0.00    1.06    0.74    0.53    2.19    5.23    0.76    4.11    5.02   15.98   24.39    3.80    3.47    5.98    5.36    4.25    1.00    0.37    0.30   21.95   29.00   15.48    3.18    4.49    1.93    3.10   10.21    6.62   23.07   33.29
PSATPTP    -17.61  -54.83    3.33    6.47    5.12    7.77    4.00    2.74    2.33    1.22    1.86    1.90   11.38   27.66   12.80    7.62    0.54    0.16    0.41    0.79    0.60    0.87    3.67    7.64   10.61   17.07   19.95   14.38   13.15    2.95    4.34    1.62    0.53    0.54    0.17    0.03   12.53   16.67   10.66    9.56   12.89   13.52   14.02   13.47   19.43   39.71   57.35
PSATSTCL   -17.90  -40.20    0.78    0.17    0.37   12.69   24.62   30.74    0.73    4.87    2.06    0.51    1.18    0.36    0.06    0.54    0.69    0.28    0.03    0.03    0.08    0.21    0.01    0.48    1.02    0.00    0.00    0.03    0.74    3.56   20.20   31.69    3.14    4.61    9.26   14.56   11.92   12.60   10.59    7.16    2.43    5.43    8.73    3.60    1.92    7.87   12.38
PSATPDC    -12.58  -39.00    0.25    0.14    0.29    3.37    4.67   11.30   21.07   11.49    6.72    1.13    1.19    0.60    0.80    3.17    2.66    1.06    1.18    0.29    0.21    0.28    0.81    1.24    0.79    0.43    0.10    0.15    1.06    2.72    0.48   10.43   21.70   20.30    8.19   20.44    3.16    1.85    1.26    0.38    0.40    0.15    0.19    0.61    2.68    8.36    3.34
PSATROSA   -20.92  -41.72    1.41    1.06    0.61   35.92   42.94    6.14    0.91    1.28    1.64    0.37    0.59    3.48    5.36    0.19    0.01    0.01    0.00    0.00    0.24    2.78    1.02    2.06    3.09    0.03    0.10    0.21    9.82   11.12   22.67   11.82    0.91    3.65   22.37    8.92    9.41    9.35   14.27   21.91   30.09   23.34    8.88   29.95   23.09   23.16   20.22
PSATCAN    -20.21  -42.85    4.14    1.55    5.68   23.15   25.44    3.47    0.11    1.50    1.36    0.29    1.50   20.78   19.64    0.44    0.18    0.07    0.00    0.00    0.46    2.93    0.71    2.39    3.67    0.11    0.01    0.05    4.36    8.25   13.80    6.33    0.46    4.32    9.38    4.27   18.60   15.94    9.86    3.22   22.46   17.16   16.91   16.27   60.74   27.00   28.66
PSATSAC    -19.64  -42.85    1.90    1.94    1.59   24.15   33.60    4.75    0.09    3.11    2.05    0.76    2.46   24.34   12.06    0.56    0.34    0.04    0.00    0.00    0.08    3.39    0.41    0.50    1.02    0.02    0.00    0.01   10.79   10.21   26.97    6.94    1.33    5.82   13.44    4.61   15.31   14.43    7.18   17.68   22.91   30.00   12.87   29.51   59.24   27.66   14.40
PSATPES    -19.12  -42.66    0.86    1.34    0.72   29.98   26.89    6.54    0.32    2.51    1.46    0.83    4.03   12.70    2.73    0.70    0.35    0.13    0.00    0.00    0.05    1.42    0.06    0.24    0.21    0.06    0.01    0.00   11.36    9.53   48.41    8.84    2.91    3.29   24.33    8.49   14.38   20.12   15.33   28.76   14.10   23.31    4.29   27.73   24.25   25.87    7.81
PSATMAS    -19.50  -40.92    1.82    0.77    0.35   21.45   30.49    4.63    0.08    1.34    1.57    0.44    1.32    3.28    1.94    0.46    0.16    0.08    0.03    0.00    0.03    1.55    0.05    0.30    0.36    0.02    0.01    0.02   13.74   11.08   36.30   17.52    1.69    2.80   12.92    9.04   14.98   14.90   22.46   25.10   15.71   16.93   14.07   24.66   24.72   23.81   14.60
PSATSBR    -23.37  -45.87    0.55    0.57    6.65   30.18   49.42    8.30    0.87    0.20    0.28    0.19    2.86   35.01   15.82    5.08    0.79    2.81    4.55    0.45    3.62    2.43    2.04    9.70    2.86    0.97    0.88   77.74    7.56    9.60    6.29    2.01    1.75   17.67   11.31    2.69   12.65   18.37   14.56   20.33    8.43    1.54    1.33    6.34   11.90    6.13    4.59
PSATJAG    -23.20  -46.03    0.22    0.21    9.32   41.03   42.60    4.30    0.77    0.00    0.06    1.15    3.91   29.88   16.56    8.90    2.03    0.96    8.50    0.14    1.51    2.30    1.83    7.95    3.02    0.37    2.43   44.34    3.51    4.30    2.81    0.85    0.37    7.97    4.36    2.59    8.21   20.23   22.74   50.75    4.58    0.67    1.37   11.81    9.64    1.98    1.13
PSATFUNI   -22.53  -44.57    0.31    0.41    5.29   26.26   32.32    4.99    0.26    0.06    0.09    0.66    3.89   21.10   25.16   12.60    0.84    1.83    6.80    0.44    0.85    2.30    1.16    9.84    4.50    0.38    1.06   42.62    6.36    7.49    6.15    0.52    0.65   22.14    8.06    2.99   14.33   22.22   16.37   19.40    3.47    0.76    1.03    9.72   15.40   13.44    4.52
PSATSACE   -22.48  -43.84    2.37    2.20    0.97   26.87   38.44    9.47    0.62    0.10    0.02    0.24    2.64   22.02   27.48   11.52    0.75    1.06    1.91    0.89    0.65    5.00    1.09    5.68    3.46    0.52    0.14   16.40    5.05    9.12    8.71    0.89    1.25   35.11   19.78    5.22   12.19   10.97   10.48   13.85    7.64    4.12    1.42   18.39   28.03   26.55   25.25
PSATPIC    -21.91  -43.54    3.77    1.63    1.74   20.44   22.68    5.61    0.38    0.31    0.24    0.08    3.52   13.73   23.36    2.63    0.11    0.06    0.34    0.17    0.46    2.15    0.89    2.96    5.05    0.64    0.03   19.62    6.90   13.15   11.17    0.37    0.61   14.19   16.24    9.22   11.63    8.51   11.08    3.45    5.55    3.36    1.71   15.78   28.90   46.69  115.02
PSATSOGI   -21.94  -43.36   10.43    1.21    5.42   23.56   16.29    4.60    0.57    0.42    0.88    0.29    8.30   14.31   37.56    0.63    0.46    0.00    0.06    0.11    0.99    2.92    1.75    3.95    5.58    0.89    0.01   15.09    1.83   14.60   13.00    1.07    1.17    7.64   18.39    5.58    9.22   10.36    9.25    5.98    5.34    9.75    3.42    9.23   40.63   49.06  148.16
PSATIPSI   -21.84  -42.58    4.98    1.34    1.73   35.60   17.41    6.84    0.71    0.27    0.41    0.05    8.22   15.33   32.43    2.46    0.10    0.01    0.15    0.05    0.55    4.87    0.70    3.28    5.50    0.82    0.15   12.83    5.62   15.05   10.00    0.51    1.39   14.36   18.61    4.85    6.45    9.73    8.62   15.45    8.98    8.40    1.56   10.52   28.74   38.47   75.02
PSATTCLJ   -22.69  -43.83    1.16    0.75    1.04   24.32   44.72   20.84    0.45    0.02    0.04    0.07    1.39   14.27   20.78    4.27    1.45    0.27    0.09    0.11    2.85    6.81    0.40    5.81    1.98    0.20    1.62   35.52   11.26    8.97    8.91    1.53    2.75   25.02   19.99    3.08    2.38   10.96   15.35    8.39   11.69    1.80    0.43    4.52   28.69    4.21   14.10
PSATBIGU   -25.51  -53.67    0.09   23.66   15.85   20.21    3.30    0.89    0.40    0.43    0.06    4.97   35.33   13.58   34.94   36.03    3.72    1.82    0.36    4.64    2.48    1.03    7.79    7.19    1.25    0.68   18.16   10.35    1.40    0.06    0.02    0.00    0.36    0.26    0.20    3.31   19.81    1.79    2.25    0.90    0.24    0.03    0.15    0.27    0.17    0.34    0.61
PSATBRAU   -21.45  -42.41    7.78    2.45    9.83   44.32   14.79    2.05    0.65    0.26    0.99    0.03    6.38   24.51   38.40    0.82    0.06    0.00    0.00    0.00    1.31    3.51    0.75    5.04    4.67    0.34    0.01    2.37    2.98   17.64   11.30    3.73    0.26    5.44   13.05    5.71   12.05   14.50    8.56    3.96   33.05   29.82    5.97    8.87   57.27   46.34   62.88
PSATSUIC   -20.08  -40.58    9.60    1.63    0.98   22.19   27.31    0.56    0.02    1.24    2.89    0.18    0.74    2.37    0.71    1.39    0.15    0.18    0.31    0.11    0.00    2.56    0.00    0.47    0.99    0.14    0.09    0.37   19.20   47.82   28.20   41.17    0.82    3.42   11.87   12.30   14.28   14.86   27.65   16.97    7.14   17.58   11.47   16.39   16.66    9.37   10.99
PSATJRI     -9.30  -64.70   18.92   16.75   13.09   12.89   11.05    5.19    5.09    7.44    1.62    2.06   12.66   24.97    9.97   10.15   12.05    6.91    2.76    3.06    9.46    4.99    5.00    2.09    1.70    1.06    3.26   16.31    0.95    1.50    4.93    6.94    7.53   10.78    7.74   14.08   52.27    7.40    4.86    6.42    7.05    5.55    4.04    9.95   17.72    9.67    6.90
PSATBENI   -14.59  -67.53   18.36    7.32   16.15   21.25    8.75    4.40    7.61    4.74    4.99   11.84   29.17    9.64    3.68    8.53   10.38    7.82    2.77    1.79    9.30    4.04    3.61    1.69    1.84    2.18   10.05   14.03    3.77    3.67    5.34    5.58    7.66   12.23   15.29   32.83   33.52    5.32    5.31    2.76    0.74    0.73    6.39   13.40   11.63    6.76   16.61
PSATEPB    -12.42  -64.42   11.51    5.70    8.90    5.54    2.20    2.00    7.01    3.78    1.08   14.86   22.97   16.66   10.38   10.36    3.93    1.94    0.56    1.38    2.42    0.95    1.72    0.69    3.41    1.22   15.46    2.85    0.49    2.84    3.15    7.19    2.56    1.02    6.74   40.52   18.50    2.78    0.58    3.12    3.20    6.39    4.42    6.59   14.96    7.38   15.63
PSATEGM    -10.79  -64.35   18.30   13.47   11.57    9.45    3.95    3.10   10.55    7.11    2.74   26.76   35.74   11.32    5.36    8.54    7.06    4.27    1.13    1.88    4.82    1.89    2.45    1.10    2.40    1.85   22.04    6.19    0.79    1.35    4.27    8.52    7.56   10.47   12.10   38.25   18.09    2.33    1.86    3.28    3.34    8.96    9.98   14.80   18.69    7.93   16.65
PSATSTOA    -8.79  -63.95    3.03    3.75   13.80    5.51   10.12    3.73   14.90    3.72    2.19    2.63   26.14   39.45   15.07    9.96    8.41    6.01    2.37    8.43   13.44    4.17   13.13    2.69    4.47    2.97    5.31   13.21   13.28   11.26    1.50    1.17    4.32    5.99    2.72   12.88   30.94   24.19   13.68   14.82   28.61    6.70    1.32    8.43    5.78    3.88   11.05
PSATENC     -9.90  -66.62   11.30    6.71   13.22   12.65   11.60    3.45    4.02    3.41    1.18    2.22    9.25   17.47   14.16    6.15   12.69    6.75    3.51    5.09    9.15    6.51    3.97    3.82    1.49    0.88    1.26   15.26    0.20    1.30    3.41    6.34    8.40    7.42    2.29    2.99   51.60   21.65    5.16    7.31   11.17    3.04    7.83    1.35    6.21   11.66    5.42
PSATAMY1   -11.71  -70.63   24.62   22.93   14.57   14.23    8.37    4.10    9.37    3.10    0.67    1.14    2.59   31.92   12.06    4.05   21.85   12.30    4.39    5.27   14.04    5.40   16.87    3.30    2.46    2.25    3.64   17.32    1.82    0.33    1.13    5.52    9.01    6.44    7.01   12.34   49.51    8.51    0.44    0.51    0.05    4.81    6.15    2.25    9.00    8.35    5.37
PSATAMY2   -12.37  -71.17   26.95   16.65   23.32   13.07   13.45   10.07    9.09    7.54    5.88    6.59   10.41   48.85   14.80    7.85   19.18   18.91    8.48    8.44   14.24    3.64   17.89    4.54    3.87    3.04    4.30   22.08    3.69    1.61    1.62    9.71    6.97   13.40    8.97   13.73   53.22    4.10    0.15    0.61    0.79    3.60   11.31   12.54   16.00   10.26    9.66
PSATAMY3   -13.75  -70.18   25.54   17.56   23.44    8.91   10.20   12.41    5.47    6.20   11.06   12.58   28.94   56.67   10.69    9.06   12.55    8.55    3.92    2.77    8.14    2.90    5.66    2.69    1.19    2.84    5.59    7.35    2.41   10.84    6.18   22.11   32.52   15.96   30.72   20.76   52.50    7.01    3.14    7.45    7.64    2.38    9.22   26.39   20.90   12.83   22.42
PSATAMY4   -13.45  -69.47   20.20    9.51   10.33   13.80   14.32    5.74    3.43    5.20    3.62    8.39   18.91   55.83   12.13   16.11   18.91   17.73    4.63    3.54   14.57    4.52    8.59    2.08    1.98    1.68    5.76   15.05    2.35    4.55    6.89   13.42   10.46   16.82   23.69   21.18   73.22    2.48    0.28    1.43    0.40    0.70    3.73   17.48   18.08    8.73   11.40
PSATJRN    -13.37  -59.01    4.04    5.96    8.29    6.14    4.34    7.27    7.51    2.69    2.93    4.28    8.80   26.55   14.53   10.64    2.56    1.30    1.47    1.24    2.78    2.60    2.38    0.79    1.40    1.16   17.33    8.01    3.43    5.37    5.00   13.32    4.56    0.03    0.82   21.64   35.74    9.74    2.41    1.17    0.89    5.43    2.01    0.98    4.46    8.33    6.74
