PSATAGV    -19.89  -50.35   14.34   22.16    8.61    3.00    1.40    0.06    2.13    2.67    6.76    1.41    3.66    0.65    1.86    1.91    0.06    3.56    5.50    8.99    9.31   43.95   23.80    2.70    3.34   17.14   22.34   13.63   17.42    6.12    2.46    4.73    9.83   16.94   27.39   29.00   15.55   26.55   61.57   23.40   32.49   18.05   11.69    8.34   12.35    9.96    7.21
PSATCMG    -21.28  -44.63    9.51   17.27    2.78    0.65    0.01    0.01    0.00    5.48    5.88    4.17    1.95    1.55    6.21    1.76    1.21    1.77    2.38    0.33    7.07   15.87   22.60   15.68   11.57   36.01   34.51   43.12   23.62    6.19    7.54    6.47    6.66    9.70   15.98   12.51   35.38   27.07    0.25    2.18    6.41   15.57   12.59    9.15   15.24   11.53    5.52
PSATCES    -20.25  -48.16   10.24   12.23    9.65    1.13    0.45    0.10    0.16    1.89    9.97    5.23    0.31    0.87    2.34    0.35    0.13    0.37   14.14    2.04    6.23   25.72   23.41    7.19    5.99   21.09   15.40   21.61   45.28   19.09    8.77    7.35    9.33   14.93   22.40   35.37   43.34   58.62   13.08   13.93   14.52   19.29   20.74   11.51    3.85   13.65    9.96
PSATELC    -21.60  -46.95   20.06    8.33    8.54    0.88    0.51    0.16    0.79    1.32    4.10   10.48    7.22   10.97    9.06    0.65    1.39    1.87    2.34    2.96    9.82   25.90   37.39    3.65    2.87   12.06   14.04   10.00   32.29   29.93   11.15   15.29    4.02   12.36   11.61   33.83   30.05   57.48    4.91    3.29   17.00   20.04   18.24   13.59   10.66    8.93    5.10
PSATFUN    -21.14  -45.04   10.00   19.27    1.46    1.62    0.05    0.02    0.00    2.32    2.71    4.53    0.60    1.07    1.10    4.91    0.69    1.93    2.94    0.25    3.87    9.90   14.32   10.37   13.48   33.34   30.54   44.05   25.59    6.87   11.97   11.33    7.23    6.27   11.30   14.31   28.24   22.36    0.08    1.46    5.89   15.56   12.19   10.58   11.65   13.37    8.12
PSATFUR    -20.67  -46.32   14.92   12.74    3.40    0.71    0.30    0.05    0.01    1.09    3.46    7.59    0.98    6.60    1.45    4.63    0.65    2.41    2.65    1.65    5.77   18.29   29.47    7.13    9.28   37.67   21.07   26.82   41.11   20.12   14.24   16.12    7.94   10.84   12.88   23.64   24.95   45.32    1.54    3.85    8.55   20.47   17.65   12.43   12.34    9.88    5.48
PSATMRB    -20.30  -49.18   11.74   13.53    8.36    1.54    0.63    0.09    0.43    1.70   10.11    3.72    0.84    2.16    2.40    0.76    0.12    0.89    8.82    7.42   11.76   33.72   29.09    7.22    3.22   20.42   18.18   17.23   34.21   18.26    6.05    8.21    7.54   12.94   28.22   39.24   44.25   45.16   37.08   21.06   21.99   22.42   18.22   12.42    8.78   12.14   10.92
PSATPRG    -21.59  -45.67   27.70    7.42    5.14    0.81    0.51    0.11    0.31    4.06    4.02   11.10    8.26    9.01    5.30    0.40    1.19    1.03    1.75    2.22   10.42   22.41   39.78    8.65    3.43   20.50   55.36   31.19   49.41   28.26   15.46   15.59    4.59   13.10   10.14   23.43   31.79   34.31    0.70    2.69   10.88   16.53   18.52   14.03   15.31    6.58    4.71
PSATPAS    -21.02  -48.18   23.87    6.63    5.55    1.05    0.89    0.42    0.86    1.86    6.83    6.28    6.87    3.84    7.87    0.24    1.03    0.59    2.58    7.70   22.61   28.08   24.50    4.46    0.85   16.31    8.68   10.53   19.58   17.97    6.43    5.44    4.06   12.60   17.67   24.97   40.51   38.64   12.98   12.32   21.12   21.77   13.57    9.44    7.69    6.12    6.76
PSATPTB    -21.61  -45.49   16.45    9.05    1.67    0.81    0.20    0.03    0.00    2.42    5.74   10.23    2.19    3.65    2.98    0.61    1.30    2.31    1.27    0.73    5.64   19.01   24.83    7.17    8.91   30.59   69.52   31.32   44.30   19.87   20.45   12.49    5.75   14.33   13.21   19.13   43.86   45.12    0.13    1.97    9.80   16.25   20.88   10.52   17.97    7.21    3.69
PSATPTC    -20.00  -48.55    9.08   18.03   10.68    0.74    0.12    0.06    0.17    1.54   10.07    2.25    0.13    0.75    1.05    4.29    0.09    2.99    8.45    5.44   10.17   27.39   21.44    8.97    8.50   23.25   18.90   25.62   35.53   14.34   10.86   10.07   14.78   15.70   28.89   37.54   21.72   62.98   12.43   13.96   16.92   22.44   18.44   16.06    8.92   16.13    8.39
PSATFZA    -26.00  -51.65   23.59   22.77    1.95    6.97   15.58   17.99   39.97    3.87   12.30    4.41   12.00   66.65   42.13    1.03    4.40    4.78    3.21   30.85   58.14    0.11    1.55    1.32    2.42    1.30    0.07    0.61   10.91    4.34    3.40   11.24    0.46   18.12   25.09    2.55    3.93    3.03    6.16    1.14    1.55    2.37    2.42    1.35   24.96    0.56    0.89
PSATJSG    -25.78  -52.00   13.92   19.82    2.32   11.56   32.31   20.74   47.14    3.19   12.27    5.65   15.56   86.28   23.13    1.58    4.64    4.38    2.61   46.88   53.73    0.02    0.22    0.74    1.61    1.03    0.11    0.17    9.55    4.08    4.17   10.79    0.50   15.76   21.14    1.52    1.05    1.25    1.65    0.98    1.14    2.61    2.36    3.54    8.58    0.62    1.12
PSATSCX    -25.53  -53.48    8.34   14.78    1.89   12.06   30.86   20.95   41.71    8.39    6.60    5.44   17.45  115.12    9.31    1.31    6.82    4.27    3.94   64.52   51.98    0.09    1.37    0.89    2.96    0.89    0.35    0.02    9.67    4.86   11.50   12.80    0.49   15.69   11.87    1.61    0.44    0.75    0.71    0.55    1.46    1.96    1.84    4.46    5.16    1.60    1.61
PSATSCL    -25.49  -51.74   15.00   18.88    2.28    5.71   16.01   32.69   29.04   15.37    5.71    5.81   11.70   61.99   55.63    3.93   12.43    6.17    3.14   33.17   42.53    0.02    0.30    1.21    1.79    1.53    0.22    0.02   10.27    2.91    4.33   12.69    0.67   12.73   10.84    6.04    9.11    2.50    1.88    1.59    0.64    3.56    2.96    1.85   11.34    0.84    2.85
PSATUVT    -26.23  -51.08    8.55   16.61    2.75    5.72   11.62   30.32   30.96    4.96    5.34    2.91   11.10   41.33   53.61    0.68    1.08    5.11    8.06   15.92   64.71    0.70    3.51    2.95    2.39    1.38    0.48    3.53   13.83    6.77    3.13    5.59    1.33   22.08   34.24    4.26   11.32    5.56    5.11    1.13    4.53    7.68    2.06    2.44   17.43    0.80    1.16
PSATBSM    -24.19  -53.74    8.76    7.93    1.00    8.83   19.83   26.37   20.49   20.37    3.47    3.76   14.60   55.84   10.27    0.87   27.77    5.80    5.23   34.99   13.53    2.28    1.06    0.77    6.65    0.92    0.63    0.05    6.64    5.79    6.72    6.32    2.37   17.45   10.30    4.12    1.05    1.13    0.73    0.60    4.27    2.20    1.87    3.30    4.58    3.84    2.64
PSATFLE    -22.97  -54.56   11.04    0.34    0.37    8.11    3.74   15.24   13.06   15.49    5.23    3.22    9.52   16.16   20.03   34.88   21.33   15.31    7.07   25.87   20.15    0.11    0.19    3.66   32.60    1.31    1.20    4.63    0.09    5.21   14.57    0.87   11.10   20.93    5.10    1.03    0.36    0.06    1.20    0.61    1.24    0.40    3.70    1.71   12.76    1.53    2.50
PSATITP    -25.42  -54.58   11.45    4.81    0.55    7.38    9.69   16.27   19.55   15.04    4.80    5.24   15.17   40.10   11.36   11.88   23.30   11.37    2.12   38.40   11.65    0.94    0.34    1.12   25.23    1.78    1.31    1.35    1.72    7.42   13.37    3.31    5.75   15.92    7.70    2.12    0.76    0.43    1.17    0.70    2.49    1.79    1.86    1.27    9.02    3.12    1.66
PSATIVM    -22.38  -53.53   13.05    0.50    1.18   12.97    6.28    5.85   10.77   10.95    6.03    4.74    4.86    1.85   28.95   26.50   25.27   12.20    3.45    6.40   12.31    1.52    0.39    6.14   36.36    6.87    1.70    0.82    0.29    1.39   10.08    2.74   12.71   27.31   11.00    1.21    1.48    0.79    2.11    1.68    2.70    1.92    3.28    2.47   14.76    2.64    2.04
PSATPTQ    -23.18  -53.17   13.04   10.38    5.53   10.67   12.02   24.10   24.30   15.24    2.57    5.03   10.12   23.66   19.60    6.34   18.40   10.48    3.72   24.85   15.16    2.67    1.04    1.11    7.55    1.03    0.56    0.04    6.75    5.22    4.46    8.07    4.78   19.50   11.62    4.94    8.63    1.98    1.38    0.89    3.02    4.07    2.09    4.39   10.84    2.75    2.78
PSATCBI    -17.99  -48.54    9.79   12.62    2.41    1.29    0.07    0.52    0.61    5.70    1.10    0.47    1.03    0.14    1.46    3.98   15.24    5.08   11.91    4.24    7.27   11.28    7.01   26.93   21.44   20.92   23.79   34.85   40.04   18.53   15.63   13.41   12.92   39.46   26.08    8.19    9.92   18.92   10.88   19.18   21.55   17.39   11.52    9.73   11.34   16.56   12.05
PSATCBIV   -16.15  -48.67    9.86   10.30    1.90    2.19    0.19    1.32    1.41    9.49    1.75    0.67    3.71    0.71    0.74    5.02   19.53    7.21   13.93    2.80    4.81    3.97    3.60   13.25   25.23   11.49   16.92   29.35   40.49   16.42   15.03   12.12    9.20   40.69   14.58    5.43   11.52    6.80    7.55   10.73   24.38   16.72   13.28    8.96   16.82   16.49   10.77
PSATEMB    -18.45  -47.98   14.60   14.35    1.90    0.60    0.02    0.02    0.04    1.56    0.48    0.00    0.00    0.03    1.17    3.72    4.94    3.79    5.06    0.24    2.78   16.62    8.23   11.21   12.18   24.74   27.96   38.62   39.87   28.55   27.02   18.30   10.59   20.66   24.29   19.46   18.93   27.72    5.32    9.07   11.34   16.67    9.45   11.00    9.95   10.21    5.46
PSATIMBR   -18.42  -49.10   17.51   16.12    4.02    1.49    0.03    0.22    0.83    2.44    4.57    0.56    0.67    0.09    1.26    2.76    2.62    8.07   15.44    1.85    4.82   20.09    7.48   19.66   16.34   24.72   29.52   36.99   39.03   19.25   10.23   13.78   17.23   25.68   28.12   26.41   20.81   40.89   25.54   27.25   19.01   22.86   11.85   13.19    9.36   20.58    9.37
PSATNPTE   -19.13  -47.70   16.09   13.59    3.56    0.55    0.01    0.03    0.07    2.19    2.55    0.04    0.04    0.02    1.70    1.72    1.41    4.24    6.69    1.86    8.85   21.35   12.49    6.76   10.85   24.88   28.84   25.76   34.39   33.14   15.32   10.93    8.54   17.18   15.90   22.53   15.76   30.83    6.79    8.77   13.96   15.85   11.30   14.56   14.14   12.43    5.80
PSATARV    -18.07  -50.16   15.46   20.70    9.89    3.54    0.44    0.85    2.78    4.45    4.07    3.28    2.79    0.11    0.53    0.96   10.06   11.01    7.27    1.95    8.06    8.66   12.84   31.05   28.58   18.82   28.90   29.74   33.17    9.95    4.56    8.60    9.15   25.92   14.11   16.47   16.87   11.28   24.41   15.12   11.56   14.30   13.01    7.11   11.19   10.16    7.66
PSATSFC    -18.05  -47.68   10.72   13.12    1.94    1.03    0.03    0.19    0.25    3.50    0.43    0.00    0.00    0.05    1.38    4.21   21.74    3.69    6.75    0.80    6.55   17.62   10.80   20.86   26.54   25.05   22.41   33.76   40.90   15.36   13.86   22.92   12.72   33.89   30.15    9.12    4.58   20.47    3.96    9.15   15.45   13.55    8.67    6.01   10.96    9.84   10.32
PSATSSM    -19.02  -50.50   18.86   24.76   10.18    2.46    0.32    0.58    2.32    3.49    4.44    2.15    1.95    0.20    0.25    2.09    3.51    8.97   10.29    3.09    7.21   16.35   14.44   20.41   18.19   11.60   29.18   28.49   37.77   11.05    5.96    8.92   12.43   30.75   25.47   23.82   22.92   26.42   45.04   19.41   12.84   24.98   17.85   11.90   11.95   15.20   10.73
PSATCNI    -22.94  -50.52   24.08    2.67    7.51    4.38    4.63    2.24    4.81    6.65    2.30    8.44    8.62    5.96    8.64    7.78    2.48    1.44    4.47   11.20   17.52   26.56   47.86    0.51    3.56    2.50    1.39    1.61    9.93    4.24    3.31    6.55    5.49    6.52   22.82   21.06    7.45    3.09   17.65   12.84    5.69    2.32    3.83    4.76   13.15    3.94    5.01
PSATCPV    -22.65  -51.33    9.82    3.80    6.98    7.39    9.98    7.50   15.38   11.93    1.30    8.14    6.92    7.71   13.01    6.05    3.25    2.38    4.87   14.50   22.78   16.76   10.44    0.53    5.04    3.24    0.64    0.59   11.15    5.34    3.41    8.70    4.98   23.57   24.06    5.22    7.68    2.99    2.76    1.64    5.01    3.20    3.19    5.63   11.89    3.64    2.98
PSATCHT    -23.01  -49.73    8.97    3.77    3.23    4.29    7.29   16.07   11.43    7.21    0.19    9.94    7.96    7.75   13.53    0.85    2.76    2.16    4.03    7.15   38.47   12.02   10.82    0.19    0.86    1.93    0.27    0.14    8.66    6.15    3.12    6.88    4.43   10.05   28.81   13.92   10.91    4.75    5.29    3.30    7.22    3.58    2.46    6.79   12.68    2.91    2.86
PSATJUR    -23.22  -49.23   32.08    1.86    3.04    4.60    3.31   11.45    7.40    3.91    0.15    8.18   10.04   11.06   13.52    2.04    1.92    3.85    3.62    5.67   30.12   22.01   56.33    0.39    1.21    3.38    1.41    2.84    9.54    9.29    3.33    3.71    3.79    7.18   20.89   37.91   16.30   11.62   38.36   25.93    4.45    4.14    3.78    4.45    7.01    1.87    5.24
PSATMAU    -24.06  -50.71    2.70    8.60    5.14    9.58    6.86   12.27   13.15   17.97    1.56    6.50    9.88   25.11   40.24    0.69    6.14    8.41    3.17   11.51   21.74    0.84    7.12    1.09    0.87    0.54    0.10    0.08    9.49    3.91    4.37    5.92    2.03   22.49   26.12    5.79   14.31    4.40    2.31    0.89    2.42    7.85    3.30    4.72   16.70    1.11    5.28
PSATROS    -22.50  -52.87   14.14   12.09   11.00    8.34   11.83    9.54   30.09    8.84    1.00    4.27    7.59   11.18   18.18   19.42    5.51   12.19    2.53   23.70   14.28   13.76    0.70    2.30   27.58    3.78    0.86    0.22    5.56    4.35    4.17    6.91    5.60   20.12   22.06    3.53    5.11    1.98    2.17    1.40    2.14    3.32    2.06    2.79    6.98    4.12    1.93
PSATQMD    -16.21  -47.33    7.19    7.06    1.82    0.24    0.04    0.16    0.15    0.35    0.03    0.00    0.00    0.02    2.56    6.55   29.62    3.75    0.26    0.06    1.29    9.86    8.46   17.81   38.70   16.88   16.67   23.06   36.40   10.09    4.27    7.42   11.85   30.71   27.64    3.17    3.22   12.70    5.66    3.17   10.59    8.77    8.39    3.08    8.74    5.83    4.33
PSATRBX    -18.95  -44.76    7.12    8.67    1.10    0.70    0.01    0.01    0.00    1.00    1.21    0.01    0.02    0.14    0.88    5.85    3.69    3.33    2.09    0.06    1.00   12.39   14.48   13.98   10.80   21.00   28.60   38.93   47.54    4.73   22.55    5.36    9.28    2.74    7.87   13.47    8.35    7.12    0.06    0.56    2.59    7.98    8.00    7.60    6.82   14.01   11.88
PSATSFR    -15.93  -44.86    9.32    7.34    1.43    0.11    0.01    0.05    0.04    0.07    0.02    0.00    0.00    0.01    2.66   12.40   21.00    3.18    0.04    0.01    0.01    3.88   12.84   21.52   39.02   23.99   27.38   25.02   37.24   11.72   14.33   14.50   10.14    7.69   21.74   10.50   11.35   14.00    2.72    1.05   10.28    5.09    5.47    4.58    4.76    8.94    9.86
PSATSRM    -16.37  -45.07   10.77    6.81    1.00    0.15    0.00    0.04    0.02    0.21    0.13    0.00    0.00    0.02    1.20    9.18   11.34    3.46    0.66    0.00    0.11    7.11   14.51   18.58   30.86   31.05   32.09   41.84   33.89   10.47   17.33   10.30    7.05    7.33   18.70   14.19   13.55   16.61    0.61    1.47    4.18    6.68    6.41    6.98    6.24    8.38    9.17
PSATTMR    -18.16  -45.27   12.28   11.14    2.26    0.74    0.04    0.00    0.00    0.06    1.02    0.17    0.03    0.02    0.41    3.34    2.61    2.90    4.57    0.80    3.06   14.56   21.11   19.14   18.11   27.75   30.57   48.69   36.22   17.28   20.18   10.65   10.39   11.27   17.30   31.78   16.96   37.42    0.43    2.46    6.09   21.98   12.25   13.47   11.35   13.86    7.21
PSATBOQ    -11.35  -43.83    9.79    6.21    1.25    0.28    0.65    1.37    3.44    0.68    0.55    0.39    0.70    0.39    1.26    1.42    2.99    0.33    0.31    0.23    1.32    1.20    9.72   22.52   33.40   25.26   16.74   17.00   12.29    5.18    1.03    0.36    0.42    4.83    7.54   11.51   11.45   13.55    0.79    2.25    2.09    1.44    1.99    2.10    1.76    6.52    6.49
PSATBBO    -22.52  -48.55   42.03    1.25    6.98    4.50    1.92    3.79    1.12    2.26    0.84   17.14   10.95    8.62    5.59    2.36    2.43    1.46    1.56    5.85   27.51   28.93   77.66    2.72    1.55    8.67    8.60    6.08   19.43   15.11    5.12    2.99    3.62    9.37   19.54   30.19   33.63   29.68   16.52   16.74   23.85   13.00   10.09    8.73    9.01    4.41    5.81
PSATESZ    -23.46  -46.91   68.68    1.60    3.56    3.85    0.37    4.78    2.06    7.11    1.58   14.08    6.62   10.56    9.00    2.03    0.89    2.41    1.35    0.96   21.50   30.12   81.82   11.82    2.75   16.09   10.87   11.87   22.38   10.93    2.10    0.97    2.00   14.26   18.59   18.67   29.16   57.23   10.89    8.87   15.26   15.19   13.73    8.92    5.18    3.23    7.61
PSATIBT    -21.76  -48.99   32.05    4.12    5.63    3.13    3.16    1.78    1.02    1.75    2.38    4.10    6.40    7.28   12.74    1.41    1.01    1.11    1.69   15.40   20.32   41.64   52.09    0.96    1.72    4.71    3.77    7.26   13.84    9.83    4.37    4.34    4.97    6.71   14.74   33.58   21.26   11.55   36.24   46.86   32.08    9.93    5.52    3.39   14.12    4.86    5.16
PSATNAV    -21.12  -50.20   23.81    8.93    5.33    2.05    3.86    1.06    1.84    3.50    7.74    3.06    3.88    2.31    9.57    1.40    0.07    1.09    2.60   17.88   18.83   51.65   35.30    0.72    0.64   20.97    6.54    6.93   12.51    5.93    4.13    5.32    8.15    9.25   22.55   34.66    9.99   18.34   33.81   28.80   35.18   14.47    6.92    3.05   11.93    7.64    4.35
PSATSME    -13.40  -48.30    7.81    8.40    2.40    1.34    0.90    1.42    2.02    3.92    2.62    1.31    3.13    0.21    1.37    3.51   11.76   11.69    8.30    2.10    3.39    2.62    6.42   11.64   29.60   16.99   17.62   33.95   52.29   25.13   16.71   10.67   12.50   25.09   22.11   10.82   12.64   11.74   13.85    8.39   14.14   11.68    6.27    5.61    7.96   15.23    7.58
PSATBGR    -27.78  -51.20    3.73    3.94    1.15   11.25   66.67   71.50    2.18    0.48    6.48   29.61   11.51   20.56    3.35    0.58    0.05    1.20    7.56   23.49   26.11    0.02    0.47    0.96    2.04    1.36    0.16    9.70   10.68   11.64    3.12    8.22    3.10   11.14   24.59   18.92    0.39    0.68    0.25    0.23    2.19    0.93    0.50    2.63    5.05    0.40    0.59
PSATCNV    -27.60  -51.33    8.86   12.53    1.05   10.35   47.64   71.27   10.46    3.03    3.90   18.39   12.57   30.31    4.30    1.00    0.09    2.65    4.63   19.56   43.17    0.07    0.75    1.01    2.04    0.80    0.52    6.85   14.28   10.81    4.30   13.14    1.91   21.80   37.80    7.73    0.60    1.63    1.56    0.42    1.52    1.32    0.59    2.42   15.21    0.40    0.43
PSATFCH    -27.14  -53.04    6.42   16.04    2.70   27.44   67.57   42.22    2.53    0.58    7.04   13.51   31.58   28.18    0.08    0.17    0.92    2.55   10.59   29.05    4.60    0.00    0.04    0.43    2.29    0.07    0.00    0.38    7.69    4.57   15.22   13.02    0.14   16.11    4.43    1.04    0.02    0.02    0.14    0.14    0.85    6.20    1.48    0.75    7.71    0.85    1.31
PSATITA    -27.27  -52.38    8.01   12.94    2.02   15.19   48.39   30.71   15.46    1.03    7.57   11.78   17.98   32.73    3.30    0.30    0.49    2.66    5.38   27.70   28.40    0.01    0.10    0.58    2.83    0.44    0.12    3.98   11.39    6.60    6.02   10.64    0.32   19.57   28.02    3.09    0.06    0.76    1.87    0.37    3.67    2.52    0.71    1.68   14.67    0.63    2.04
PSATMCD    -27.52  -51.78    4.92    5.32    1.00   22.29   66.38   46.49    1.57    0.21    4.98   15.71   16.31   20.50    1.50    0.02    0.09    1.90    6.58   27.52   14.65    0.00    0.02    0.40    2.20    0.14    0.01    7.56   10.52    5.78    2.79    6.39    0.46   15.16   20.90    3.52    0.09    0.06    0.17    0.00    1.17    2.82    0.40    2.46    7.52    0.08    2.53
PSATMOJ    -27.35  -52.73    3.99    5.89    1.21   30.49   70.07   28.82    0.51    0.00   12.25    9.84   19.30   16.63    0.18    0.08    0.34    5.39   12.74   39.74    7.62    0.00    0.02    0.49    1.87    0.14    0.00    0.24    7.66    3.78    8.11    5.55    0.27   16.02    5.89    0.73    0.05    0.02    0.21    0.11    0.85    0.58    0.58    0.60    5.51    0.15    2.46
PSATQQX    -26.66  -52.54   11.38   14.78    2.80   14.76   29.27   20.73   38.77    3.31   14.91    8.65   24.46   62.62    2.02    0.60    1.20    2.42    3.46   35.78   25.68    0.00    0.30    1.63    1.63    0.66    0.18    0.72   13.10    6.78    8.73   12.10    0.39   19.71   21.93    3.05    0.08    0.87    2.04    0.90    2.46    3.43    2.14    1.50   15.27    0.76    1.30
PSATPSJ    -28.14  -55.05    0.61    0.13    0.77   57.30   67.33    7.61    0.02    0.00   23.35   36.41   12.29    3.35    0.00    0.04    0.48   12.23   41.98   48.24    0.90    0.00    0.02    0.20    5.60    0.06    0.01    0.01    0.16    3.15    0.74    0.06    0.12   10.67    1.48    0.37    0.07    0.00    0.05    0.00    0.09    0.02    0.02    1.69    0.89    0.37   10.04
PSATESP    -18.68  -51.87   15.39   13.82    6.74    3.07    0.93    0.08    1.96    2.20    1.10    7.81    4.35    0.11    1.74    2.35    4.62    3.52    3.08    9.29   12.41   10.60    3.83   15.95    8.09   23.15   18.43   11.57    6.96    2.01    3.59    6.35   12.91   10.59   12.45   11.17    3.75   14.10   16.14   16.69    9.37   20.69   12.51    3.14   17.70    8.09    5.00
PSATSRC    -19.16  -50.76   17.60   15.99    9.74    5.50    0.18    0.03    1.53    3.58    2.80    7.18    4.42    0.07    1.02    2.01   10.49    2.96    3.71    9.52    3.13   22.94   13.57   19.86   12.93   17.91   21.25   13.94   10.48    2.07    3.38    6.23   14.00   24.23   17.71   22.95    4.52   22.06   19.38   14.56   12.62   27.35   15.57    3.39   18.91   13.21    8.91
PSATFRCL   -19.12  -50.64   17.94   16.03   13.25    6.12    0.22    0.22    1.95    3.81    5.93    5.89    4.98    0.64    0.48    2.64   14.72    6.57    2.68    7.15    2.69   11.59   14.44   21.51   15.44   16.96   21.42   15.70   17.00    4.82    3.85    4.34    8.69   28.20   19.52   24.67    8.26   15.83   18.68   15.13   10.58   19.21   14.93    3.56   11.09    9.61    6.31
PSATISOT   -20.40  -51.35   23.76   17.53    8.18    3.44    2.53    0.05    2.87    4.05    3.89    5.70    8.00    0.24    4.03    3.28    3.12    2.93    6.85   13.42    8.70   35.88   18.45    6.29    7.61   30.78   12.23    7.96    9.18    2.24    5.57    7.07   19.42   20.00   21.40   21.23    6.84   21.94   26.70   22.51   30.44   14.58   11.43    8.62   15.18    8.56    7.04
PSATJUP    -20.86  -51.63   18.52   10.02    6.41    6.74    3.02    0.74    2.56    3.90    6.60    8.42    8.02    0.23    1.03    4.35    9.46    3.15   11.34   15.95    8.39   25.71   10.98   10.27   12.18   33.60   11.62    6.58    4.27    2.09    3.42    4.04   23.77   19.77   21.06    8.04    3.40    5.10   16.72   16.23   25.63   10.77   11.66   10.17   20.52    9.72    9.39
PSATSDG    -20.06  -53.18   20.36    5.59    4.32    9.42    0.90    1.07    1.89    4.15    5.12    5.13    1.93    0.14    0.81    3.52    6.10    1.32    8.36    5.17    5.96   13.35    8.96    8.55   11.98   39.53   34.89    2.31    2.58    1.70    3.36    3.06   17.11   19.99   16.73    3.72    2.47    2.07   16.35    8.05   24.50    8.03    7.81    5.39    9.36    7.55    6.07
PSATFZBT   -21.66  -52.87   21.51    2.33    7.00   13.92    3.81    1.73    4.94    8.48    4.10    7.11    6.40    1.04   13.44   10.33    3.02    4.94    6.39    8.00    9.51   15.27    1.75    6.24   30.89   22.06    5.06    0.70    1.92    1.22    3.61    4.89   13.35   20.85   13.73    1.75    1.94    1.00    6.72    3.72    5.95    3.23    7.18    4.96   14.07    6.49    6.73
PSATPPRA   -22.46  -52.91   18.78    9.44    8.74    3.78    5.25    1.83    8.08    4.91    2.58   10.11    7.73    2.32   18.04    7.13    2.99    2.73    5.81   20.01   14.06   24.45    5.86    1.14   12.36   21.34    3.89    1.85    7.14    2.65    7.14   11.88    9.03   17.91   22.55    5.32    4.15    2.35    6.10    5.35    3.21    4.66    6.82    4.17   12.83    5.02    4.79
PSATBTE    -13.69  -50.80   13.45   11.51    6.35    3.04    1.17    0.53    1.56    4.71    2.65    2.97    2.65    0.23    0.59    0.50    5.29   13.52    5.91    7.71    5.14    9.37   10.50   21.06   25.13   23.64   35.45   33.05   32.70    9.89    6.83    7.31    8.74   16.71   20.77   19.53   16.17   11.05   19.72   16.87    9.04   12.24    9.74    2.79   10.55    7.49    6.25
PSATARAG    -8.27  -49.26    9.12   12.72    5.07    2.07    0.93    0.81    2.78    8.15    2.27    1.81    2.52    0.82    2.20    1.97    3.20   14.05    5.85    5.44    6.94    4.39    9.89   17.43   17.68   16.95   20.93   38.53   39.76   28.60   15.16    7.76   10.22   17.90   22.30   10.86   13.08   14.52   17.45    9.51    8.01    4.71    4.21    2.39   10.19   10.63    7.63
PSATLAJ     -9.76  -48.37    6.95   12.19    2.71    0.94    3.85    1.33    4.78    3.07    2.28    1.53    2.74    1.12    1.52    3.33   12.19    9.69    3.60    3.44    4.75    3.52    8.22   16.05   25.36   16.53   26.74   49.06   48.55   23.83    9.16    8.70    5.11   25.02   26.19    8.87    6.06   18.62    9.35    9.29    9.60    4.04    3.09    2.86    8.04   11.21    5.37
PSATPTRL    -9.31  -47.39    8.05   12.63    2.10    1.28    4.15    3.09    7.39    7.97    2.59    1.42    4.03    2.39    2.51    4.14    7.31    3.90    0.70    1.23    4.33    3.48    3.40   28.61   36.64   19.41   25.55   30.74   19.33   16.19    3.68    0.60    1.05   23.20   18.69    4.29    4.86   12.13    8.57   10.72    6.31    1.87    3.80    3.21    7.16    7.94    4.14
PSATLJET    -7.33  -47.48    4.95    8.28    3.32    2.18    0.92    3.03    8.62    9.42    3.77    2.16    3.11    3.18    1.79    2.78    3.27    9.88    1.72    3.44    1.91    4.28    2.42   10.19   18.01   15.10   12.91   22.47   21.52   18.20    3.88    1.02    4.85   17.46   14.03    7.18    6.47   20.80    5.80    9.08    5.15    3.68    4.07    2.30    4.10    5.02    2.95
PSATUCR     -3.83  -49.65   12.03    6.08    6.34    3.65    0.34    1.12    8.05   15.21    4.31    3.48    4.71    2.09    4.33    4.69    4.04    6.72    4.95    4.98    2.04    2.96    2.50    5.55    6.67   11.32   11.63   28.27   31.58   29.64    7.97    4.29   13.97   13.35   15.44    7.74    6.82   24.66   11.25    6.08    4.98    2.52    2.11    2.20    5.71    5.27    4.11
PSATXIVJ   -29.07  -51.67    1.60    2.04    0.91   35.35   79.81   21.73    0.36    0.00   15.02   40.81   17.95    4.01    0.37    0.05    0.13    0.63   15.19   61.97   14.28    0.00    0.13    0.14    2.98    0.25    0.35    3.11   10.02    7.76    3.35    5.42    0.84   13.22   18.71   10.53    0.90    0.03    0.00    0.06    0.53    0.37    0.06    4.47    1.05    0.17    9.69
PSATDFRC   -29.45  -53.28    0.06    0.03    1.22   32.37   82.41    8.23    0.22    0.00   22.68   44.57    7.04    0.09    0.00    0.02    0.37   12.34  107.69   97.64    0.10    0.00    0.00    0.43    5.95    0.22    0.14    0.02    0.49    5.57    2.00    0.50    0.16   11.09   10.59    1.42    0.72    0.00    0.02    0.03    0.00    0.04    0.00    2.54    0.02    0.21   14.06
PSATREAL   -29.02  -53.19    0.51    0.66    1.91   29.10   75.88    6.03    0.07    0.00   19.30   31.93   13.48    1.29    0.00    0.05    0.25    9.77   59.95  100.99    3.50    0.00    0.01    0.37    2.95    0.12    0.16    0.07    1.96    4.77    1.07    0.37    0.21    7.93    9.32    1.14    0.52    0.00    0.04    0.02    0.16    0.15    0.08    0.79    0.34    0.24   10.08
PSATCTAV   -29.01  -51.39    1.23    0.51    1.82   28.74   77.06   18.84    2.15    0.15   11.67   43.44   20.71    0.88    0.63    0.12    0.13    0.39   30.28   58.16   22.82    0.18    0.44    0.73    4.29    3.40    1.36    8.15    9.98    6.26    2.81    6.28    2.89   14.72   34.84   36.10    1.86    0.04    0.19    0.26    1.02    0.05    0.05    3.97    2.09    1.01    3.97
PSATERNT   -28.56  -52.54    1.39    2.42    0.96   25.96   80.01   16.01    0.24    0.00   17.69   19.60   14.67    7.41    0.29    0.02    0.09    2.34   12.82   48.48    6.74    0.00    0.02    0.40    1.65    0.13    0.02    1.50    8.58    3.10    2.94    1.72    0.33   13.17    9.28    2.90    0.18    0.02    0.06    0.00    0.82    0.52    0.31    1.14    1.21    0.02    7.78
PSATSTPL   -27.14  -49.52    9.88   19.23    1.44    3.77   30.55   55.93   25.02    3.57    1.99   14.47   10.55   37.80   10.29    2.01    0.10    0.94    6.28   13.27   51.12    0.17    1.57    0.84    2.04    0.88    0.39    2.20   13.16   12.31    3.40   11.47    2.95   30.32   55.06   15.91    3.88    2.74    5.29    0.40    2.28    3.77    1.18    5.09   16.76    0.50    0.56
PSATCVCH   -25.14  -48.87    3.72    9.69    2.19    6.64    2.69   28.66   27.78   21.00    0.60    1.27   15.40   30.12   56.55    0.96    0.15    5.95    4.38   13.75   43.35    1.22    3.23    0.63    0.78    0.52    0.67    4.09   12.30    4.56    3.37    3.20    0.82   23.85   28.52    5.80   12.66    4.58    5.62    1.01    0.52   12.08    4.21    1.68   21.39    1.77    5.55
PSATAMY    -12.60  -69.12   11.79   16.16   25.01   18.98   11.22    7.00   13.64   13.86    9.91    9.99    5.72    5.42    5.56    6.34    1.02    1.00    1.64    2.26    7.84    5.60    3.87    3.74    3.62    4.44   15.74   14.15    5.12   14.43   25.06   13.22    5.36    7.10   17.35    7.11    0.65    1.87    5.84    2.50    1.38    4.64    9.51   15.35    8.85   11.16   17.71
PSATGJR    -10.73  -65.35   15.77    4.52    7.87    5.68   14.18    4.49   16.33    4.95    2.22    2.22    6.64    4.63   13.31    6.79    1.63    1.09    1.35   22.49   15.13    4.22    2.97    2.45   13.47    8.11   17.12    8.75    3.59    7.35    6.89    9.29    6.79   21.70    5.01    0.45    0.42    0.19    0.08    0.39    0.65    2.16    3.72    5.29    5.83    6.08    5.49
PSATPRNC   -12.43  -64.43   19.87    8.14    5.88    6.92   12.97    6.17   11.25    6.78    1.19    4.41    2.23    2.35    0.61    5.43    1.57    0.75    0.91    1.38    9.14    6.77    2.84    0.88    2.65    0.72   25.41   11.34    4.40    8.08    5.43    8.34    4.55   20.05    5.06    0.08    0.00    0.00    0.61    2.17    4.25    5.80    9.17    3.21    5.15    2.55    5.33
PSATSANT    -8.87  -63.97    4.29   11.61   17.39   13.19   11.93    2.73    7.27    8.77    9.53    2.43    7.43    8.04    4.61    1.65    1.47    1.80    1.26    1.13    4.64    8.67    5.66    1.95    0.97    1.21    1.50    8.55   10.91   15.51   13.06   14.73    4.54    3.29   10.95    2.58    0.18    0.02    0.00    1.25    2.73    4.97   11.67    1.34    4.37   11.31   13.27
PSATDARD   -10.16  -59.46   15.19   24.90   18.56   11.73   20.64    4.12    5.65    3.99    2.16    4.44    2.57    0.71    1.30    6.41    1.63    1.15    3.82    2.24   17.96   10.86    3.30    2.20    1.60    2.51   10.80   11.88    7.66   11.24    5.73   15.01   10.12    7.21   11.35    6.19    0.21    5.77   10.42    3.74    2.18    6.23    3.84    4.07    6.56    7.52    8.28
PSATGUAP   -15.12  -58.96   16.12    9.35    2.62    7.68   15.75   21.39   13.31    2.17    2.73    2.75    2.65    0.67    0.50    8.00    1.88    2.59    1.01    0.90    5.00    0.47    2.79    0.56    0.17    0.14   19.26   18.33    2.18    3.40    0.87    4.00    3.48   19.07    5.04    0.46    0.00    0.00    6.56   17.58   13.85   15.59   13.12    4.12   14.83    3.14    3.69
PSATJIRA    -9.25  -64.65   12.62   14.71   11.68    5.81    9.84    7.43    9.12    9.95    3.82    7.76    5.37    5.41    3.13    3.47    1.08    0.89    0.98    2.17   12.54    8.83    1.88    1.54    3.20    1.99   10.11   16.24    6.84   14.90   11.68    9.96    4.73   11.67   17.50    1.94    0.66    1.79    0.43    0.36    2.50    4.99    6.97    5.73   10.52    7.08    7.92
PSATROND   -11.99  -60.70    9.31    6.80   13.35    9.65   19.67    2.34    3.14    5.38    1.39    1.87    4.13    0.44    0.18   17.76    1.88    1.85    3.91    3.85    3.69   15.90    4.04    0.70    0.32    8.01   13.12    9.72    7.00   15.06    1.56    7.87    4.23    8.64    5.49    0.76    0.00    0.34    3.23    9.40    7.39    5.62   10.07    5.00    8.48    2.14    4.64
PSATSAMU    -8.75  -63.45    6.25   13.52   19.22   13.50    5.05    1.77    6.92    9.83    5.68    2.13    4.52    2.97    3.95    1.33    2.22    1.14    1.38    2.43    4.76    7.20    2.84    1.27    0.83    3.18    0.35    7.61    9.69    7.74   15.48   13.60    6.71    4.92   13.14    3.43    0.11    0.00    0.22    2.37    3.51    7.43    7.32    1.34    4.68    8.08    5.61
PSATBALB    -1.92  -59.47    1.96    1.49    4.17    1.25    9.71    6.40    0.99    8.64   19.31    5.70    3.04    0.91    2.21    4.98   11.56    6.88   11.51    6.07    8.92   11.66    7.76    8.29    4.19    5.65   10.48   11.48    3.81    0.44    3.87   18.52   13.86    7.01    3.75    8.15    2.98    7.59    9.22    2.63    4.59    8.60   12.15    8.40   17.83    7.43   11.25
PSATCUNA    -2.82  -54.30    2.65    1.05    7.62    9.24    4.25    1.32    4.91    7.00    8.84    5.78    0.97    0.93    4.14    0.98    1.80    2.52    1.41    5.54    3.10    0.82    3.74    8.00   15.43   14.43    7.91   28.09   14.57    3.11    2.74   12.29   16.35   14.39   13.83    7.58    3.74    6.40    8.59    2.45    3.51    2.08    3.04    7.45   11.09    7.15    3.78
PSATJARI    -0.65  -52.52    2.56    1.52    3.80   15.17   11.10    0.23    2.15    2.04    6.21    2.69    2.00    0.54    1.10    1.02    3.54    2.13    2.60    4.69    4.30    0.94    2.99    3.34   10.19   12.90    9.28   17.62    2.41    0.19    7.83   25.11   22.65   11.41    2.70   11.12    4.36    4.35    4.61    1.80    3.57    7.62    5.00    2.56   13.01    3.74    6.28
PSATFGOM     0.86  -51.20    2.54    2.66    7.10    7.74   17.93    0.34    9.55    4.60    9.03    5.10    5.08    1.88    4.86    1.71    5.48    2.82    6.43    5.78    5.85    3.31    6.96    8.35   17.54   14.51   10.78   23.48    5.49    2.21   14.22   24.06   17.16    8.92    6.30    9.08    4.16    5.96    7.11    2.02    5.86    6.19    8.72    2.63   11.63    6.48    7.57
PSATUBE     -6.75  -43.57    6.19    6.54    1.33    2.43    0.65    2.08    8.93    3.68    0.97    1.33    2.65    3.03    2.10    0.75    3.11    8.75    0.61    0.36    1.14    0.88    4.68    7.83   17.21    9.76    9.27    7.13   18.21    3.53    0.64    0.87    2.07   16.29   11.33    7.85   10.75    6.71    5.28    9.81    3.86    2.96    3.88    3.24    2.27    4.48    4.50
PSATBSOR    -6.74  -52.00   10.79   12.46   11.25    5.04    0.78    1.55    1.21    9.88    2.19    2.43    2.24    0.67    3.31    0.27    1.11    8.73    3.90    2.33    6.74    4.05    7.04    7.90   15.11   13.61   20.70   19.15   26.15   11.41   13.55    9.05   14.86   17.42   14.62   14.99    8.25   12.85   15.93   10.32    5.53    4.51    3.67    1.66    9.34    8.09   10.52
PSATBESP    -6.75  -51.77    7.89   13.80    5.97    2.75    0.38    0.59    2.62   14.86    3.89    3.63    3.67    1.43    6.00    0.51    1.15    5.29    7.19    1.94    3.78    3.06    1.79    4.46    6.73   22.30   16.37   28.00   26.83   19.81   13.28   16.36   29.09   14.17   23.56    9.75    4.92   13.55   18.85    5.64    5.11    1.69    1.88    0.74    6.18    6.78    9.80
PSATPIME    -3.41  -51.91    7.59    7.88   13.98    6.24    1.88    1.94    4.83   10.03    6.15    3.63    1.84    1.11    4.73    1.09    1.85    4.78    3.96    4.32    4.12    3.81    2.41    3.25    9.87   12.47   11.15   20.28   15.90   15.47   13.84   10.17   29.89   19.99   22.62   10.13    5.68   10.56   16.18    7.13    4.62    2.75    3.28    3.36    8.37    8.76    5.97
PSATIRAP   -16.74  -42.57    5.98    2.34    0.57    0.00    0.00    0.10    0.00    0.01    0.00    0.00    0.00    0.00    0.55   15.19    1.61    0.84    0.06    0.00    0.01    0.00   15.89   16.16   17.29   20.73   20.00   30.60   10.03    3.30    2.14    2.08    0.90    0.22    4.09    2.88   22.14    1.92    0.50    0.43    0.66    0.43    1.41    0.55    1.38    1.58    2.06
PSATITBI   -15.97  -39.59    3.62    1.32    0.20    0.02    0.06    0.08    0.01    0.02    0.01    0.00    0.01    0.01    0.38    9.51    1.28    0.43    0.06    0.03    0.00    0.01    5.88   11.43    5.65    7.37   17.87   20.25    2.13    0.58    1.09    0.81    0.38    0.70    5.37    3.88   14.90    1.01    0.92    0.90    0.43    0.67    0.84    0.30    1.05    0.83    0.53
PSATCOLI   -10.98  -55.77   16.21   20.06   13.12   12.78    1.60    1.87    1.35    3.75    2.41    2.69    2.28    0.58    1.68    0.95    0.40    5.02    4.43    4.44    3.94    7.41    9.08    7.50   15.09   12.04   23.49   20.71   22.42    4.72    3.18    7.27    7.29   21.67   16.80    5.92    4.74   11.02   14.96    9.04    7.56    4.14    6.64    1.57    9.99    7.04    6.66
PSATSAEL    -9.19  -57.04   18.08   14.24   13.53    9.84    2.75    1.69    0.72    3.77    3.67    3.81    1.69    0.49    3.35    0.61    0.32    4.54    2.78    1.72    3.39    1.73    3.63    6.58    5.22   11.18   20.52   11.21   17.80   17.60    7.10   13.64   17.39   16.80   15.38   16.45    7.99   12.13   13.15   13.49    5.12    2.67    5.06    2.50   14.93    3.16   10.72
PSATITQ    -17.09  -54.83   13.72   13.92    6.08    5.04    1.29    1.43    2.08    4.63    3.13    3.84    1.67    0.06    0.29    0.90    3.34    1.08    5.08    6.33    9.82    9.00    7.88   12.83    8.18   24.70   17.46    8.32    3.75    1.53    1.56    5.17   14.03   17.73   21.94   10.82    3.17    4.65   30.85   18.03    3.22   17.30    9.76    2.07   11.07    3.78    4.05
PSATJAU    -15.24  -58.73   13.28   10.64    4.57    7.61   14.54   15.01   12.25    3.30    3.50    4.33    1.20    0.35    0.68    7.34    1.53    1.62    1.16    0.84    4.84    0.50    4.87    0.42    0.13    0.24   24.09   16.03    1.64    2.68    1.01    6.73    5.73   16.45    8.29    0.34    0.00    0.00    6.01   13.98   11.85   14.87   14.18    5.43   14.16    2.95    4.41
PSATMAN    -14.87  -55.78   15.48   19.09   12.00    5.00    1.02    1.47    1.60    4.81    4.13    2.43    2.08    1.50    0.42    0.78    0.50    2.24    3.34    9.94   13.64   14.63    5.67    4.01   18.03    7.89   25.64   36.36    3.87    4.86    1.08    1.64    1.82   13.09   25.88    3.36    1.49    9.17    8.45    7.36    5.46    5.55    8.53    2.59   12.01    4.84    3.68
PSATPTP    -17.61  -54.83   16.04   16.53    5.67    9.02    1.28    1.64    2.94    5.35    8.04    3.56    3.11    0.13    0.58    2.14    2.68    1.49    4.62    6.65    6.14   16.65    8.05   18.09    4.27   43.12   23.50    8.75    4.19    1.31    1.06    7.11   15.28   27.84   17.25    6.04    1.10    1.17   24.77   14.98    1.22   14.37   11.26    4.37   10.56    5.09    4.76
PSATSTCL   -17.90  -40.20    1.50    0.39    0.09    0.00    0.01    0.05    0.00    0.01    0.00    0.00    0.00    0.00    0.02   11.01    4.02    1.28    0.01    0.00    0.00    0.00    4.82    0.90    0.86    1.16   20.05   18.67    0.44    0.08    0.70    0.84    0.05    0.25   10.54    3.50    5.85    0.83    1.74    1.15    0.81    0.41    0.99    0.10    0.60    1.49    1.33
PSATPDC    -12.58  -39.00    0.60    0.05    0.00    0.02    0.15    0.10    0.10    0.07    0.03    0.03    0.11    0.13    0.12    0.17    1.15    0.41    0.17    0.16    0.10    0.10    0.52    0.36    0.86    6.84   11.60    0.87    0.48    0.78    0.66    0.35    0.80    0.07    1.63   17.75   18.44    2.23    1.17    0.96    1.58    1.72    1.33    0.65    0.04    1.27    2.25
PSATROSA   -20.92  -41.72    8.25    1.50    1.20    0.02    0.00    0.01    0.01    0.22    1.03    0.13    0.01    1.17   13.30   17.11    2.11    2.20    0.37    0.00    0.02   20.83    3.91    1.21   13.52    4.44   22.34   33.12   12.00    0.32    3.33    5.89    0.50    1.91   12.12    1.63    2.21    0.18    0.21    0.47    0.56    0.21    3.62    4.49    7.26    6.66    1.51
PSATCAN    -20.21  -42.85   13.48    4.36    1.40    0.05    0.00    0.00    0.00    2.86    1.43    0.02    1.47    5.31   16.56   17.82    2.10    1.78    0.51    0.01    4.35   29.74    3.89    7.11   18.04   12.42   38.84   35.05   17.18    4.53   13.80   10.58    2.31    0.67   10.08    9.36   22.33    0.92    0.32    0.76    0.42    1.95    7.58    5.10    4.02    5.50    6.32
PSATSAC    -19.64  -42.85   10.39    6.26    1.01    0.03    0.00    0.03    0.00    0.86    0.71    0.05    0.03    0.25   12.72   22.77    2.56    1.94    0.75    0.01    0.13   12.76   14.15   17.36   12.95   16.34   38.24   34.86   24.66    5.69   16.13    9.34    2.68    0.77    6.24   13.36   37.74    1.84    0.57    0.65    1.09    1.41    9.09    6.33    4.65    7.04    9.48
PSATPES    -19.12  -42.66   11.29    5.44    0.56    0.00    0.00    0.00    0.00    0.03    0.03    0.03    0.00    0.01    5.36   40.91    2.30    1.04    0.50    0.03    0.02    0.16   31.35   19.61   13.37   19.17   28.17   37.26   16.63    5.16   17.17   11.25    0.50    0.95    8.62    9.91   33.18    1.90    1.05    0.53    1.01    1.14    3.93    2.47    4.16    7.34    4.59
PSATMAS    -19.50  -40.92    8.36    1.66    0.49    0.01    0.01    0.01    0.00    0.08    0.12    0.09    0.00    0.18    9.70   28.64    1.10    0.70    0.37    0.01    0.01    2.48    9.09    9.14    7.24    7.41   26.01   31.03   11.22    1.28    6.46    3.72    0.32    1.14    6.57    5.77   19.59    1.07    1.21    0.61    0.68    0.72    2.42    1.41    2.00    5.25    1.17
PSATSBR    -23.37  -45.87   67.53    4.94    3.39    2.16    0.36    3.37    1.64   13.95    2.56   10.57    8.93    5.48   11.71    3.54    0.95    1.09    1.82    0.47   12.84   29.50   53.26   35.39    6.35   17.18   32.01   20.13   24.21   14.65    4.15    1.92    3.41   11.78    6.93   12.76   12.58   41.92    1.04    3.41    5.46   16.99   17.72   15.54   10.65    6.83    8.31
PSATJAG    -23.20  -46.03   78.96    2.12    3.98    3.11    0.56    2.00    0.60    7.07    0.56   17.47    7.22    4.69   10.45    1.16    1.05    1.19    0.98    2.75   18.26   28.90   67.83   19.97    4.85   20.57   23.59   12.08   21.45   15.01    5.11    1.46    2.32   15.11   12.28   15.47   21.91   54.66    2.90    2.90    4.46   16.78   16.97   13.46   11.81    4.61    9.25
PSATFUNI   -22.53  -44.57   50.27    4.62    6.02    1.46    0.54    1.68    0.81    8.23    2.06   13.39    6.79    4.68    8.83    1.22    1.16    1.60    1.46    1.64   12.99   26.33   57.09   25.41    6.31   19.78   44.73   24.36   32.33   18.34    6.23    2.45    3.18   14.68    7.72   17.14   17.46   41.50    1.14    2.29    6.09   12.26   15.14   11.70   13.35    5.69    8.51
PSATSACE   -22.48  -43.84   11.27   13.63    7.02    0.71    0.00    1.35    0.64   10.72    4.15    6.01    6.57    2.75   16.07    1.58    0.68    0.62    1.58    0.10   13.60   32.03   33.05   22.61   10.65   33.87   50.63   48.49   17.62    5.48    3.23    1.39    3.95   15.24   13.48   13.84   17.93   38.67    1.21    3.14    4.59   16.34    9.93   13.67   23.04   13.20   12.56
PSATPIC    -21.91  -43.54    6.81   18.23    4.98    0.28    0.00    0.14    0.02    5.42    4.03    1.51    3.66    1.91   18.71    0.82    0.63    1.59    1.94    0.05   12.73   26.78   24.35   15.03   13.08   36.51   31.91   65.02   19.30    3.65    4.81    3.34    7.22   11.32   17.67   10.99   31.22   26.40    0.55    2.75    6.10   19.44    8.61    9.74   20.05    8.67    6.62
PSATSOGI   -21.94  -43.36    9.11   21.18    4.28    0.29    0.00    0.04    0.03    4.56    4.64    0.06    9.76    0.79   11.69    1.85    0.52    0.70    0.46    0.02   22.19   24.64   15.56    8.35   13.09   35.99   25.95   70.76   23.37    5.49   10.14   10.42    5.84    3.91   20.36   12.74   36.42    6.58    0.43    3.22    2.52   11.66    6.93    8.71   20.84    6.79    9.78
PSATIPSI   -21.84  -42.58    8.81   17.78    5.18    0.20    0.00    0.33    0.25    5.89    7.00    0.43    7.78    0.93   18.09    1.76    0.49    0.49    0.46    0.07   26.47   25.46   22.41   12.42    9.34   29.50   23.40   79.48   19.64    7.40    7.93    7.08    3.01    4.64    9.56   11.60   18.55   10.32    0.46    2.20    3.45   10.31    4.63    5.55   10.52    5.20    6.52
PSATTCLJ   -22.69  -43.83   10.00   18.33    1.60    0.34    0.54    4.33    0.50   20.72    4.11    4.28    8.46    3.56   17.46    5.62    0.34    0.12    0.24    0.18   14.72   25.94   31.81   20.61    3.88   36.01   29.27   52.31   15.43    5.10    4.23    2.69    1.45   11.92   10.70   10.10    9.49   40.92    0.52   12.85    2.20   13.12    4.03    6.26    5.49    9.16   14.47
PSATBIGU   -25.51  -53.67    8.46   13.62    1.93   12.65   30.55   20.57   40.40    8.64    6.41    5.40   19.05  120.37    7.81    1.28    6.77    4.35    3.34   70.05   51.32    0.11    1.52    0.85    3.87    0.96    0.48    0.02    8.28    5.31   13.72   12.95    0.48   14.61   11.54    1.85    0.36    0.63    0.71    0.53    1.59    1.76    1.70    4.92    4.34    1.81    1.59
PSATBRAU   -21.45  -42.41   15.83    8.02    1.39    0.01    0.00    0.00    0.02    6.18    6.16    0.02    5.97    2.43    9.75    3.53    0.31    0.77    0.26    0.06   11.46   25.27    6.86    7.13   23.83   17.60   30.92   55.73   18.55    4.04    9.21   16.94    1.63    2.38   14.02   11.15   28.53    1.41    0.43    1.00    0.97    1.95    5.46    5.80   10.96    9.60    8.97
PSATSUIC   -20.08  -40.58    2.24    0.60    0.00    0.05    0.01    0.02    0.00    0.06    0.06    0.18    0.02    0.09    3.78   14.97    1.19    1.04    1.01    0.09    0.02    2.09    1.63    0.49    7.20    0.79    8.93   40.21    8.47    2.18    2.00    1.02    0.24   17.56    8.35    6.77    7.17    2.26    3.33    2.38    1.80    0.98    0.92    0.46    2.62    2.23    3.30
PSATJRI     -9.30  -64.70    9.50   17.69   14.34    6.32    9.71    7.34    6.86    8.82    3.60    7.77    5.47    5.22    2.01    2.08    1.01    0.63    0.61    0.73    5.15    7.59    1.66    1.18    1.02    0.81    5.27   11.36    7.43   16.90   13.42   10.22    4.13    5.12   15.53    1.11    0.01    0.48    0.09    0.19    3.12    6.29    7.66    4.40   10.29    6.52    6.99
PSATBENI   -14.59  -67.53   21.00    8.17    5.33    5.87   10.35    7.04   14.84   13.80    5.13    6.17    6.14    6.55    7.38    7.75    1.41    1.68    2.14    6.15   33.38   11.94    2.69    2.71    9.31    5.37   23.87   29.88    5.39   12.34    8.90   11.09    5.43   28.97   22.74    4.22    2.46    5.47    1.38    0.81    1.31    1.88    3.53    8.28    9.67    9.92   11.14
PSATEPB    -12.42  -64.42   16.30    6.50    6.28    5.55   12.05    5.51   10.93    5.32    1.15    3.32    2.86    2.39    3.79    4.84    1.51    0.75    0.84   11.49    8.51    4.85    3.06    1.12    6.61    2.55   23.65    8.93    3.22    6.20    4.22    7.62    4.58   18.69    3.61    0.06    0.01    0.05    0.45    1.60    3.23    4.32    6.42    2.45    5.76    4.22    4.80
PSATEGM    -10.79  -64.35   18.79    5.20    8.21    6.91   15.72    4.78   18.44    6.13    2.66    2.71    7.49    5.35   14.16    7.90    1.70    1.20    1.56   18.05   17.97    5.61    2.69    2.71   12.36    8.41   16.02   10.73    4.71    9.49    8.79   10.41    7.50   24.04    6.83    0.61    0.56    0.20    0.11    0.54    0.65    2.75    5.02    6.92    5.44    5.28    6.21
PSATSTOA    -8.79  -63.95    4.25   10.77   17.14   11.86   11.25    2.42    7.24    8.73   10.04    2.40    7.03    7.11    4.14    1.65    1.50    1.71    1.19    1.08    4.72    8.59    5.66    1.73    0.93    1.29    1.58    8.23   10.81   15.58   12.80   14.26    4.59    3.44   10.15    2.35    0.18    0.02    0.00    1.38    3.02    4.41   11.20    1.27    4.33   11.03   13.59
PSATENC     -9.90  -66.62    3.48   13.83   11.92    4.27   12.93   11.47    8.35    6.02    1.98   16.22    2.26    4.76    0.64    0.89    0.38    0.61    0.31    0.69    2.54    9.22    1.64    1.05    0.74    0.34    1.30    8.73    7.56    5.49   10.70    4.26    7.54    1.07   17.37    2.70    0.00    0.08    0.07    0.01    0.52    4.19   18.55    8.53   17.81    1.62    5.06
PSATAMY1   -11.71  -70.63    8.02   12.28   14.96   14.11    8.73    2.35    9.98   12.66    3.92   11.02    2.09    2.06    2.07    3.30    0.34    0.48    0.56    0.16    4.98    4.22    1.58    0.81    1.16    1.09    6.62    8.61    5.54   20.43   34.98   11.47    1.13    0.86   15.74    2.69    0.11    0.25    0.49    0.01    1.00    5.85    8.41   20.76    5.13    7.64    6.47
PSATAMY2   -12.37  -71.17   10.08   17.20   23.79   23.78   16.27    6.32   13.93   12.27   10.95   11.12    6.18    7.18    5.75    6.67    1.19    1.43    1.50    1.80    7.31    6.19    3.82    3.87    2.54    3.25   12.71   14.41    5.99   12.20   25.84   13.50    4.92    6.72   17.19    5.71    0.91    0.62    7.24    1.65    0.39    4.78   10.58   19.36    8.84   12.99   14.38
PSATAMY3   -13.75  -70.18   17.32   17.11   41.78   22.29    9.81   14.57   12.53   16.99   17.96    8.69    3.44    4.68    5.54    8.07    1.57    1.05    2.84    4.41   10.84    5.03    4.91    6.67    6.98    9.71   28.14   16.74    3.45   14.36   19.82   16.19   12.22   13.30   19.40   16.99    1.12    3.75   11.89    7.87    3.89    2.96   11.61    8.34    9.55   12.26   32.13
PSATAMY4   -13.45  -69.47   13.28   16.02   16.19   10.45    4.64    3.84   20.17   13.85    3.89    7.94   13.74    8.10    8.35    7.44    0.85    0.73    1.70    3.63    7.87    7.18    6.16    3.70    5.22    4.54   17.76   18.64    4.05    7.20   11.71    8.02    2.37    8.16   16.18    1.91    0.19    4.83    1.79    0.12    0.44    5.26    5.35    8.27   13.47   10.62   21.39
PSATJRN    -13.37  -59.01   13.19   11.43    6.07   11.78   17.25    8.66    9.71    4.36    1.86    1.98    3.57    0.84    0.83    5.95    1.92    2.66    1.77    2.88    5.49    1.10    6.65    3.33    0.25    0.33   20.10   17.15    1.93    5.12    1.13    6.53    5.22   14.54    4.49    0.79    0.00    0.02    6.30   13.70    7.68    7.95   13.26    2.93   10.10    2.49    6.24
PSATAPI    -10.34  -56.98   27.25   24.31   13.16   15.75    6.81    2.78    0.89    3.01    1.02    4.30    1.06    0.42    3.32    1.90    0.11    5.78    8.21    3.56    5.31    0.78    3.58    2.17    3.48   10.09   18.54   13.15   18.46   19.25    3.60   13.01   11.37   21.13   14.80   19.27    5.03   10.87   10.28   17.10    5.55    5.25    8.89    2.48   13.80    2.76    5.46
