PSATAGV    -19.89  -50.35    1.21    0.70    1.57   30.51   18.40    2.38    0.51    0.19    0.65    0.90    2.41    5.75    8.15   13.80   19.36   24.10    4.50    3.88   15.80   18.64    9.78   11.69    5.34    4.33   24.41   30.85    7.60   24.46   23.84    0.87    0.26    0.48    0.71    7.09   13.53    6.71   10.35   11.36    5.36    6.43    0.32    0.02    5.10    9.51   10.20
PSATCMG    -21.28  -44.63    0.95    0.98    1.30   25.57   12.21    1.23    0.37    0.01    0.01    0.00    0.16    1.27   12.42   33.92   15.58   13.57    4.02    8.42   13.63   17.75   13.18   12.71   22.95   31.46   14.56   24.86    9.73   35.49   36.73   40.96    0.16    2.17   11.19   15.58   25.47   20.68    3.68    7.48    2.07    1.33    1.57    1.10    0.51    1.04    1.88
PSATCES    -20.25  -48.16    0.43    1.10    1.44   27.59    6.87    0.81    0.11    0.00    0.01    0.09    1.38    5.78   12.42   23.88   19.18   23.54    4.41    3.21    6.87   13.94    4.21   11.77    5.28    2.53   32.30   43.37   23.27   18.01   26.05    4.94    1.63    0.84    0.49    4.47   16.48    8.32   12.52    6.64    6.01    9.37    3.95    0.36    0.65    0.79   18.09
PSATELC    -21.60  -46.95    0.36    0.55    2.33   17.02   14.79    1.05    0.03    0.01    0.03    0.01    0.22    5.69   10.53   17.55   32.62   18.30    6.70    8.38   13.81   14.33    5.43    6.85    8.26    2.02   37.76   50.78   21.22    8.04   58.40    2.96    1.78    0.41    0.70    1.40   23.71   11.66   16.24    5.48    4.61    6.81    1.63    3.20    1.00    1.86    8.81
PSATFUN    -21.14  -45.04    1.18    1.68    1.78   14.92   12.28    0.61    0.21    0.02    0.01    0.00    0.36    1.67   14.45   22.84   15.26   12.53    3.38    6.68   15.57   13.47   12.70   13.77   26.02   41.37   15.01   23.50    8.46   27.05   20.91   27.56    0.16    2.88   12.30   15.34   15.48   15.33    1.71    5.25    1.57    0.71    1.03    0.36    0.38    1.04    1.26
PSATFUR    -20.67  -46.32    0.93    1.43    2.15   19.51   20.68    0.57    0.01    0.06    0.09    0.06    0.55    4.66   15.21   24.38   25.57   16.82    5.57    7.35   12.90   13.34    4.84    9.09   24.52   25.57   23.01   39.09   11.35   18.09   21.30   18.39    0.64    0.24    7.13    8.55   19.45   21.44   11.30    6.71    2.49    2.00    0.52    0.92    0.88    0.96    3.27
PSATMRB    -20.30  -49.18    0.47    0.76    2.08   27.21   10.31    1.19    0.08    0.02    0.05    0.13    1.56    4.71   11.69   21.84   23.51   19.39    4.01    4.24   10.19   19.66    4.41   11.63    4.40    2.39   29.09   50.73   17.82   14.63   44.20    3.09    0.56    0.35    0.64    4.66   17.61    7.84   12.36    8.42    4.71    6.51    2.59    0.38    0.63    1.67   14.12
PSATPRG    -21.59  -45.67    0.34    1.02    3.17   21.05   12.28    0.56    0.00    0.01    0.04    0.02    0.31    4.35   14.94   19.28   34.69   16.89    9.13    9.27   21.23   15.00    5.86    4.72   10.94    7.83   36.43   45.66   23.36   21.62   57.76    4.98    0.48    0.04    2.57    5.61   19.16   20.66   12.02    5.83    3.44    3.72    1.81    6.58    1.01    1.83    4.47
PSATPAS    -21.02  -48.18    0.12    0.35    3.85   27.43   11.21    0.23    0.03    0.00    0.00    0.04    0.69    5.06    9.51   14.10   27.14   16.63   10.70    6.61   16.79   10.52    3.86    6.64    2.80    0.89   15.81   37.19   12.73    7.04   61.37    2.11    0.36    0.31    2.89    1.74   14.38    6.83   14.15    6.21    4.88    7.47    3.38    2.03    0.88    1.46    7.67
PSATPTB    -21.61  -45.49    0.87    1.45    2.29   16.75   11.24    0.54    0.01    0.01    0.02    0.01    0.56    2.49    9.80   29.53   23.39   28.12    6.89    8.58   13.74   15.67    7.62   12.02   18.77   14.84   27.29   46.37   19.64   30.19   37.04   19.04    0.49    0.05    3.72   11.78   20.55   16.78   10.68    6.63    2.76    1.88    0.74    5.32    0.68    1.83    3.73
PSATPTC    -20.00  -48.55    1.11    1.14    1.27   22.37   11.91    1.06    0.27    0.02    0.13    0.07    1.92    7.12   16.44   26.01   12.82   14.28    3.72    3.97    9.62   12.58    7.85   16.79    8.20    6.13   46.95   29.85   12.05   23.32   14.82   18.56    0.93    0.86    1.91    7.97   21.21   16.09   13.70    7.61    5.44    7.17    1.99    0.34    0.60    0.67   12.10
PSATFZA    -26.00  -51.65    3.26    1.14    7.85   11.03    4.33    0.24    0.17    0.00    0.00    0.68   11.31    4.34    3.10    3.68   21.52   15.55    6.69    1.26    4.33    4.82    0.31    5.63    2.77    0.67    5.59   20.12    0.71    2.64   12.49    0.21    0.45    1.14    1.58    2.01    2.72   12.30   11.09    4.56    8.07    6.99    5.48    6.00   11.93   11.57   21.13
PSATJSG    -25.78  -52.00    0.85    0.43    9.03   17.19    4.99    0.51    0.02    0.00    0.00    1.90   25.09    3.70    1.78    2.95   12.70   13.40    6.32    2.03    1.65    3.33    0.36    4.07    2.92    0.45    5.24   15.07    0.34    1.45    4.93    0.08    0.02    0.41    2.02    1.02    1.53    4.94    9.85    3.44    3.32    5.64    3.47    4.95    5.80   14.27   25.49
PSATSCX    -25.53  -53.48    0.31    0.50   10.55   21.33    4.35    0.48    0.00    0.00    0.01    4.45   24.03    6.08    1.32    2.50   17.00    7.01    2.39    3.25    2.02    1.60    0.57    3.88    1.56    0.23    6.58   10.35    0.06    0.88    2.24    0.08    0.01    0.45    2.29    0.35    2.11    3.22    6.87    3.34    2.36    3.39    2.10    6.24   11.33   31.04   23.27
PSATSCL    -25.49  -51.74    0.96    0.17    8.35   24.17    7.28    0.27    0.00    0.00    0.00    0.84   13.42    3.83    1.16    2.88   10.75   16.00    6.96    2.40    5.68    2.53    0.42    4.30    1.99    0.37    3.75   15.48    0.59    1.18    8.05    0.18    0.05    0.60    1.24    1.24    2.18    8.09    9.87    5.14    5.66    3.89    4.73    5.77   10.70    8.93   22.05
PSATUVT    -26.23  -51.08    1.41    3.40   19.58   12.54    4.35    1.16    0.39    0.01    0.00    0.09    5.78   11.48    1.69    1.54   20.71    6.67    3.52    0.87    2.97    5.90    0.39    5.29    1.97    1.30    5.19   15.21    1.74    6.56   17.52    1.00    1.93    1.20    2.39    2.48    5.69    4.40    7.19    5.92    6.66    7.29    2.13    7.91   15.05   12.56   15.20
PSATBSM    -24.19  -53.74    0.10    0.20   10.93   22.26    1.96    0.31    0.00    0.00    0.26    4.45   14.91   13.84    9.08    2.17   15.12    6.85    2.73    2.85    3.64    1.63    1.32    2.59    0.86    0.48    9.46    6.59    0.03    0.55    3.49    0.31    0.01    0.26    0.57    0.76    2.70    5.61    6.19    2.54    3.25    2.13    2.19    6.44   11.98   24.46   22.21
PSATFLE    -22.97  -54.56    0.26    0.82    4.78   23.27    5.67    0.06    0.00    0.00    0.97    1.02   22.05   13.96    9.97    6.64   13.85   10.50    1.88    3.50   10.44    3.09    2.51    1.29    4.10    6.31   13.46    1.04    0.03    6.63    1.98    0.36    0.24    0.05    0.14    1.34    3.78    5.51    6.19    2.75    5.01    2.79    4.17    4.75    8.86   20.24   17.78
PSATITP    -25.42  -54.58    0.05    2.35    7.68   28.78    5.17    0.13    0.00    0.00    0.45    1.38   23.35   14.42   15.95    9.41   19.27    4.73    3.47    3.95    9.51    2.42    2.49    1.27    1.73    1.94   24.15    2.17    0.06    0.82    1.59    0.45    0.22    0.03    0.21    0.61    2.32    6.98    6.71    3.71    3.39    2.41    3.94    5.75   13.77   24.60   25.01
PSATIVM    -22.38  -53.53    0.41    3.96    3.72   12.50   11.16    0.06    0.05    0.14    0.97    1.56   10.57    9.60   21.57   12.10   13.05   21.20   11.82    6.67   16.08    4.04    3.53    3.93    8.07    6.69   10.76    3.05    1.36   16.49    4.07    0.39    0.08    0.04    0.58    1.10    2.11    1.44    5.28    3.76    3.75    4.83    4.88    4.91    8.65   12.66   18.13
PSATPTQ    -23.18  -53.17    0.55    0.14    6.48   26.35    1.87    0.16    0.00    0.00    0.13    1.24    8.73   11.80   13.37    6.61   21.12   10.65    4.71    2.80    6.31    2.54    1.48    2.95    0.61    0.45    5.68   10.49    0.17    0.54   11.54    0.15    0.05    0.35    0.56    0.41    2.45    8.47    9.90    4.55    4.00    3.67    3.26    8.12   14.70    9.61   24.31
PSATCBI    -17.99  -48.54    2.92   10.68    1.71    4.46   10.01   27.77    9.86    3.40    3.04    5.12    4.60    8.07   10.50   13.18    9.03    7.56    1.02    3.31    2.56   17.52   18.92   17.99   19.75   18.68   20.41   11.51   18.87   15.95    7.37   15.41   35.05   39.37   43.55   25.82   13.76   17.27   14.63    9.19    4.47    0.40    0.54    0.17    1.79    5.19   10.96
PSATCBIV   -16.15  -48.67    2.57   10.72    1.15    3.70    3.83   35.39   14.84    9.87    6.31    7.99    4.20    4.92    6.44    7.35    3.06    0.33    1.78    4.23    3.46   10.97   19.96   24.76   13.85   19.90    8.37    7.29   13.75    7.69    7.85   11.80   47.16   40.65   34.45   12.34    8.58   13.48   13.85   10.48    5.08    0.55    0.84    0.21    6.04   10.36   11.41
PSATEMB    -18.45  -47.98    3.91    1.53    1.09    5.85   24.71    3.04    0.39    0.49    0.87    1.53    3.06    8.77   12.83   18.34   10.70    8.58    4.03    0.95    7.30   14.57   10.44   19.14   15.75   19.73   49.29   37.08   12.82   26.32    7.65   12.14    1.66    4.08   22.27    9.97   11.50   12.77    8.67    8.42    1.68    0.68    0.48    0.37    1.10    0.41    8.24
PSATIMBR   -18.42  -49.10    4.41    5.00    1.52    7.43   23.80    9.20    1.82    0.61    1.23    2.45    5.03    7.63   13.18   19.09    6.62   12.41    1.43    3.27    3.61   22.15    9.88   15.29   13.30   19.44   48.38   24.26   17.91   28.50    7.37   18.00    6.24    5.45    4.20   18.74   19.74   23.18   11.52    8.18    4.70    1.00    0.27    0.12    0.76    1.77   10.25
PSATNPTE   -19.13  -47.70    3.24    1.48    1.40   13.14   16.63    0.67    0.22    0.27    0.58    0.79    1.81    6.59    9.01   19.47    8.89    6.21    5.75    0.65    6.61   10.61   11.23   14.19   15.81   15.31   44.27   30.48   18.32   18.02    7.74   12.39    0.65    1.16   13.73    9.69   16.31   20.00    8.98    6.91    4.22    2.01    0.43    0.44    1.01    0.69    6.91
PSATARV    -18.07  -50.16    4.95    5.87    1.98   11.24   14.32   20.61    6.79    5.45    4.54    7.43    6.12    6.20    9.18   14.47    4.65   13.45    7.47    0.36    4.50   24.85    8.51   14.95    8.45   18.92   36.18   14.63   14.15   36.37   11.72   19.13    8.37    2.97    4.75   16.73   12.71   18.15   13.45   12.07    6.61    4.77    2.16    2.57    7.40   13.82   12.53
PSATSFC    -18.05  -47.68    1.79    4.40    0.83    3.60   11.05   27.26    9.80    2.79    2.75    5.90    6.55    9.67   13.30    9.20    4.99    9.00    3.03    2.74    6.82   17.77   29.78   26.74   19.37   23.37   18.07   16.47   21.64   13.54   10.49   13.61   30.28   29.29   35.94   25.53   10.46   17.29   16.73    6.87    2.65    0.45    0.31    0.55    1.20    1.38   10.49
PSATSSM    -19.02  -50.50    3.43    2.47    1.61   11.54   20.76   11.96    3.17    1.45    2.03    4.23    6.97    5.84   11.77   17.19    9.07   13.90    1.43    1.69    9.98   20.92    7.68   16.84   10.46   10.89   30.09   20.70   12.41   34.94   20.94   17.75    5.67    4.15    2.48   12.70   17.54   15.85   11.66    9.31    6.14    4.30    0.62    0.32    2.00    9.85   12.67
PSATCNI    -22.94  -50.52    0.18    0.06    5.82   15.88    2.56    0.00    0.00    0.00    0.05    0.18    1.47   10.00    5.77    9.39   23.15   31.99    7.60   20.56   22.22   10.34    1.83    2.57    1.43    0.68    4.46    9.35    3.39    9.03    8.65    0.01    0.06    0.11    0.33    0.68    8.73    8.46   12.07    8.83    2.18    3.09    3.34    4.99    8.23   20.16   10.71
PSATCPV    -22.65  -51.33    0.15    0.13   11.88   24.21    1.08    0.01    0.00    0.00    0.09    0.57    4.65   13.16    8.54    6.86   19.24   19.16    3.06   13.07   12.13    6.80    1.31    1.81    1.07    0.40    1.22   11.42    0.37    1.87    5.69    0.02    0.02    0.50    0.32    0.39    6.83    9.68   11.11    6.23    4.21    3.77    4.87    7.55    8.37    7.95   15.03
PSATCHT    -23.01  -49.73    0.02    0.06    7.22   20.25    0.78    0.06    0.02    0.00    0.00    0.20    1.45   15.40    2.67    7.73   16.06   17.85    6.09    4.77    4.75    5.47    0.30    0.80    0.66    0.56    0.90    9.83    0.84    2.24    4.91    0.15    0.10    0.37    0.42    0.91    8.07    8.78   11.20    7.83    2.40    3.82    5.01    6.16    9.45   10.12    9.28
PSATJUR    -23.22  -49.23    0.01    0.05    2.36   18.71    3.48    0.40    0.05    0.00    0.00    0.02    1.31   16.22    3.66    4.57   16.06    9.69    9.91    4.23   11.70   11.39    1.14    0.72    1.40    1.47    1.07   12.85    7.05    3.55    3.99    0.60    1.23    0.79    0.63    0.58   13.36   12.66    9.36    9.72    2.42    4.82    4.66    6.09   10.03   18.01    8.64
PSATMAU    -24.06  -50.71    0.39    0.23    8.49   17.11    2.85    0.13    0.02    0.00    0.00    0.27    4.83   12.79    4.83    5.37   18.35   14.54    5.77    2.44    6.64    3.66    0.97    6.12    0.63    0.80    1.82    9.89    1.05    1.02   19.68    0.22    0.29    1.06    0.34    1.29    3.68    5.14   10.62    5.27    3.95    4.32    4.92    7.22   16.18    4.62   12.29
PSATROS    -22.50  -52.87    0.29    0.22    2.40   26.75    2.41    0.12    0.00    0.00    0.25    1.07    6.54    7.30   14.98   31.09   26.03   12.84    4.63    8.64    7.72    5.01    1.95    1.58    0.90    0.25    5.73   10.06    0.02    0.31   10.35    0.03    0.00    0.32    0.32    0.33    3.90   12.82    9.15    4.84    3.56    2.79    2.62   11.00   15.28   11.41   17.68
PSATQMD    -16.21  -47.33    3.41    5.43    0.96    1.92    2.93   37.25   37.88   11.87    5.40    6.52    2.90    5.58    2.40    2.84    0.13    0.10    2.50    1.16    1.94   15.22   26.60   25.87   29.57    7.58   13.18    5.98   15.11    3.11    9.00    5.03   39.97   28.14   41.42   27.24    0.96    9.25   12.33    7.40    4.44    0.34    0.17    1.19    0.93    0.93   13.09
PSATRBX    -18.95  -44.76    1.49    0.93    1.22   13.94   21.26    0.34    0.05    0.07    0.04    0.01    1.26    1.98    7.92   16.78    3.05    4.34    4.39    4.55   11.83   19.59   14.22   31.08   63.26   56.23    7.99   26.83    5.91   13.74   22.85   29.96    1.58   41.91   36.45   17.94    3.07    0.63    6.22    1.13    1.10    0.35    0.65    0.12    0.54    0.21    1.90
PSATSFR    -15.93  -44.86    2.86    3.88    1.16    1.44   10.00   32.21   15.99    6.68    4.83    9.55    3.56    5.11    3.19    0.39    0.04    0.04    1.16    2.46    1.87   10.94   20.25   32.15   27.53    8.68    3.41    5.83   19.24    9.18   20.29   21.03   42.83   35.05   25.66   18.48    2.80    1.69    6.22    3.31    0.71    0.23    0.15    0.92    0.32    0.33    5.87
PSATSRM    -16.37  -45.07    1.69    1.22    1.02    5.08   29.50   16.66    1.88    0.90    1.02    1.85    2.69    3.37    4.93    4.73    1.00    2.02    4.35    2.04    5.27   15.11   20.61   32.92   35.96   16.92   10.79   11.39    8.92    6.04   24.74   31.39   21.69   40.98   28.08   16.19    4.32    1.52    6.12    4.19    0.53    0.23    0.33    0.45    0.56    0.31    4.25
PSATTMR    -18.16  -45.27    1.69    0.90    1.27   16.38   20.22    0.89    0.03    0.13    0.30    0.34    1.74    3.45    9.81   21.34   11.90    7.14    5.07    2.06    8.84   19.54   12.48   27.91   28.33   25.95   21.68   29.54    9.75   14.50   17.49   25.51    0.50   26.12   26.39   14.21   20.61    9.86   11.33    4.90    1.43    0.69    0.20    0.35    0.62    0.44    2.59
PSATBOQ    -11.35  -43.83    1.06    2.69    2.59    1.71    7.31    4.61    8.27   20.14   19.63    2.32    0.22    0.28    0.00    0.00    0.00    0.00    1.27    2.10    4.40    8.35    5.38   21.12   13.79   13.53    4.88    0.36    2.53    6.03    8.06   12.10   16.65   18.25   11.72    4.21    0.17    0.44    3.06    0.21    0.11    0.14    0.56    0.20    0.23    0.23    1.86
PSATBBO    -22.52  -48.55    0.06    0.11   10.86   22.91    7.89    0.35    0.00    0.00    0.00    0.01    0.53    8.96    8.75    6.97   25.91    8.15    7.59    7.98   20.68    8.52    2.29    2.02    1.70    2.62    5.92   18.32    9.75   11.15   29.00    0.48    0.29    0.23    2.08    1.87   20.06   12.96   11.66    5.95    4.12    6.89    5.45    4.63    3.31    9.50    9.15
PSATESZ    -23.46  -46.91    0.27    0.20    9.64   31.45   15.57    2.63    0.38    0.00    0.00    0.00    0.01    4.69   11.09    2.00   42.36    3.00    1.70    6.79   25.30    7.53    6.12    3.13    3.47    4.55    1.79   11.16   32.26    7.08   50.91    6.81    3.64    3.05    2.90    4.03   17.35   20.46    9.46    5.89    4.73    8.07   11.55    7.04    1.45    3.74    2.98
PSATIBT    -21.76  -48.99    0.08    0.04    3.09   27.01    7.51    0.04    0.02    0.00    0.00    0.14    1.29    8.22    6.79   16.32   19.27   18.36    9.99   10.35   17.43    8.89    5.09    2.77    2.04    0.74   11.66   15.08    4.42   14.39   12.94    0.01    0.12    0.02    1.33    3.06   14.15    7.32   10.53    5.72    4.38    6.57    3.08    1.05    2.91   10.14   12.98
PSATNAV    -21.12  -50.20    0.21    0.27    1.34   31.47    4.37    0.33    0.12    0.03    0.15    0.44    1.70    6.56   10.72    6.26   14.30   23.09   10.52    3.04   23.67   13.02    7.64    6.59    3.02    0.67   17.12   23.75    3.30   38.56   42.41    0.20    0.12    0.19    0.56    2.16   11.07    7.35   10.20    6.71    4.51    5.46    2.86    0.32    4.29   14.01    8.56
PSATSME    -13.40  -48.30    1.66    6.65    2.36    3.16    8.21   21.21   17.81   12.36   13.41   17.39    8.17    6.93    3.21    5.53    1.00    0.30    1.78    1.35    6.28   11.23   19.43   20.60   22.96   20.50   26.44    7.56   15.29   10.82   11.76   13.98   14.30   22.83   35.31   12.59    6.72   13.01   10.37    8.11    3.53    0.77    0.21    0.39    5.74    6.85   12.06
PSATBGR    -27.78  -51.20    5.24   32.74   28.45    7.81    1.43    0.85    0.08    0.01    0.00    5.93   10.90    1.48    0.56    2.30   15.89   17.75    2.33    0.58   13.19    4.93    0.29    7.27    2.30    1.80   26.58   26.75    1.89   14.28    6.76    0.62    4.39    1.55   11.85    7.39    2.96    0.98    4.63    3.74    4.84    1.34    1.00    5.64   10.69   27.60   43.58
PSATCNV    -27.60  -51.33    1.95   28.00   20.91   12.39    1.48    1.02    0.43    0.11    0.00    2.94   14.20    2.88    0.66    3.17   12.05   15.80    2.48    0.29    8.58    9.91    0.28    5.91    1.70    1.00   18.30   38.21    0.87   13.94   12.83    0.43    4.49    1.64    8.08    7.02    2.03    1.87    4.10    4.38    5.08    3.33    1.14   10.13    7.25   18.35   36.30
PSATFCH    -27.14  -53.04    0.17   10.21   18.75   14.53    2.61    0.63    0.00    0.00    0.00    5.90   30.89    1.42    2.12    4.13    9.32   12.84    2.64    1.36    7.32    1.97    0.01    5.94    0.75    0.07   32.01   27.25    0.27    6.14    0.08    0.00    0.04    1.66    2.89    1.49    0.41    0.69    5.94    3.14    2.94    1.53    0.93    2.69   20.97   49.48   40.56
PSATITA    -27.27  -52.38    0.43   15.20   13.05   17.22    1.56    0.37    0.03    0.01    0.00    3.24   20.16    2.18    1.99    2.53   15.69   11.01    2.68    0.89    6.25    4.56    0.12    6.86    1.62    0.25   24.68   26.07    0.26    6.79    4.72    0.06    1.16    1.36    7.05    4.16    1.12    2.11    5.05    3.88    4.88    4.06    2.67    9.69   12.00   29.99   34.80
PSATMCD    -27.52  -51.78    0.38   21.13   14.74   15.84    1.33    0.02    0.00    0.00    0.00    9.61   20.42    1.13    0.66    2.00   16.28   10.44    1.41    0.53    8.05    1.33    0.08    4.94    0.67    0.17   44.04   35.32    0.34    7.51    0.77    0.02    2.95    1.12    9.51    2.07    0.69    1.01    1.65    2.37    3.39    0.82    1.48   10.79   11.89   37.87   38.85
PSATMOJ    -27.35  -52.73    0.81   23.08   11.96   21.51    1.94    0.95    0.00    0.00    0.00    5.49   20.78    0.56    2.31    2.52    8.51    6.68    2.15    2.14    6.77    1.21    0.03    4.85    0.77    0.24   36.58   37.66    0.89    8.45    0.02    0.02    0.31    1.20    7.06    2.10    0.78    1.65    4.38    1.48    2.88    0.70    0.98    5.37   25.41   29.77   30.75
PSATQQX    -26.66  -52.54    0.67    2.82   12.40   22.30    5.56    0.91    0.00    0.00    0.00    1.29   20.20    2.35    2.96    2.80   16.96    9.74    3.17    3.68    3.44    3.59    0.43    7.49    3.57    0.28    8.03   16.06    0.08    2.66    4.85    0.02    0.07    1.83    9.90    4.09    1.37    2.75    6.84    4.78    4.97    6.29    4.58    4.04   11.66   18.94   31.65
PSATPSJ    -28.14  -55.05    3.10   26.17   10.75    4.94    1.65    0.63    0.04    0.00    0.00   35.70   13.25    0.03    0.73    9.33   14.10    1.71    4.48    4.32    5.00    0.01    0.00    1.01    0.05    1.13   17.72    2.44    0.13    0.05    0.00    0.00    0.81    3.62    3.81    0.74    0.66    0.72    2.70    4.12    4.17    0.64    0.68   10.80   43.49   22.70    5.49
PSATESP    -18.68  -51.87    2.60    1.66    1.55    8.93    8.09    9.59    3.19    5.98    2.01    6.26    7.90    8.45   13.21   25.20    3.40   10.05   11.73    6.44   15.37   18.04   11.75    5.69    4.01    8.50    3.72    8.73    4.18   11.58   19.18   18.02    0.15    0.15    0.14   10.21    8.03    4.82    5.13    6.53    5.80    1.40    3.54   16.42   17.00   14.40    9.43
PSATSRC    -19.16  -50.76    1.72    1.11    0.56   10.85   11.47   10.98    3.23    4.51    3.82    3.80    9.58    8.35   13.58   20.39   10.26    9.40   10.23    7.71   14.34   17.03    9.52    6.55    3.99    8.20   13.65   10.86   10.09   13.69   32.17   12.72    0.15    0.68    0.68    9.34   14.16    4.79   11.22    8.77    5.80    2.94    7.23   21.76   12.04   16.91    8.95
PSATFRCL   -19.12  -50.64    3.57    3.16    0.96   14.60   10.34   11.52    3.75    4.77    3.35    3.05   10.76   10.62   16.36   17.91    6.20   12.27    9.58    2.63   15.38   21.94   12.69   11.29    4.13   10.20   26.89   13.89   13.88   22.48   33.08   14.28    0.35    1.22    1.08   17.04   15.23    9.10   14.05    9.27    5.33    6.15    6.64   17.14   14.40   14.40    9.60
PSATISOT   -20.40  -51.35    0.65    0.40    1.73   23.88   16.43    3.33    1.27    0.63    1.31    1.94    4.14    8.28    8.32   10.15   15.23   25.04    8.87    7.47   20.36   11.71    5.19    7.57    5.11    8.25   15.44   20.73    7.90   17.40   15.05    1.24    0.12    0.70    0.70    9.84   10.83    8.12    6.74    8.36    5.21    2.42    4.30    4.95   11.11   18.04   10.32
PSATJUP    -20.86  -51.63    0.72    0.43    1.05   14.30   15.53    5.99    1.71    1.52    2.16    5.60    8.13   10.87    8.33    7.75    8.86   12.63   15.94   14.43   17.94   10.59    6.96    6.98    5.29   10.26    5.03    9.67    8.28   13.95   10.67    3.26    0.03    0.41    0.89    7.14    3.92    8.81    5.89    6.70    8.03    2.08    5.68   11.63   21.23   16.58    6.20
PSATSDG    -20.06  -53.18    0.75    0.53    0.62    7.82    8.59    3.86    1.10    1.46    3.76    5.77    9.62    7.34    7.16    7.84    9.95    6.64   14.38   14.06   20.09   11.66    6.59    7.82    7.52    8.80    4.02    6.92    2.21   13.92    4.67    1.88    0.01    0.06    0.98    2.40    0.66   10.08    4.47    7.01    8.63    1.84    6.74    7.06   12.54   11.97    8.76
PSATFZBT   -21.66  -52.87    0.73    0.64    3.19   12.79   16.86    0.46    0.20    0.46    2.85    1.77    7.94    9.54   17.81   11.63   15.87   21.11   17.11   21.43   18.30    5.02    4.55    6.13    7.11    7.62   15.53    3.59    2.42   13.45   12.04    1.22    0.02    0.08    0.93    1.36    1.22    3.07    4.85    4.73    6.69    5.18    6.47    5.87   11.73   10.62   16.49
PSATPPRA   -22.46  -52.91    0.17    0.12    1.49   26.40   12.10    0.21    0.13    0.19    0.72    1.30    7.33    9.74   11.55   15.44    9.40   17.19   12.57   19.56   18.96    8.11    3.87    3.92    3.18    2.72   10.82   11.12    1.31    9.40    7.45    0.36    0.03    0.33    0.61    1.79    5.59    7.35    5.91    6.60    4.26    2.74    3.13    5.33   10.41   12.32    9.94
PSATBTE    -13.69  -50.80    1.01    3.65    1.35   10.79   13.85   18.53   11.43   13.77   10.60   15.76    7.28    6.64    6.35    9.35    4.45    6.43    8.83    1.68    5.91   24.81    9.30   14.76    5.05   17.10   23.94   13.00   13.21   25.54   13.09   20.87    7.14    5.78   12.21   17.75   17.97   13.06   10.19   10.11    7.25    3.90    2.45    1.83    9.52   10.66   12.79
PSATARAG    -8.27  -49.26    4.49    5.39    2.87    8.94    8.24   14.27   13.49   12.00   20.30   21.75   10.62    6.84    1.93    2.97    1.98    2.61    6.56    9.21    8.62   16.11    7.83   17.35   20.52   17.29   15.01   15.38   14.53   14.49   13.01   10.92   24.60   21.77   19.29   14.36   11.95   17.74   12.02   14.99    7.50    2.64    1.64    1.28    4.88   15.41   13.14
PSATLAJ     -9.76  -48.37    2.45    7.08    2.93    6.72    7.20   10.70   13.97   10.82   24.32   17.76    1.49    2.27    0.12    0.24    0.08    0.51    2.56    6.03    8.48   11.08    7.57   11.16   32.10   17.45   12.73    2.43   36.26   11.20   16.62   17.86   14.24   21.24   30.89    5.83    2.40   13.55   10.40    6.45    0.66    0.11    0.37    0.44    0.32    2.70    8.47
PSATPTRL    -9.31  -47.39    1.37    2.17   13.86    4.58   12.90   12.86   10.73   12.32   34.48    3.29    0.04    0.02    0.19    0.15    0.09    1.57    5.99    7.53    4.49   17.17    4.72    5.40    8.21   16.14   14.49    2.09   26.99   12.05    5.49   23.83   17.92   12.54   14.91   28.19    2.35    6.20   12.21    2.75    0.11    0.09    0.43    0.31    0.16    3.25   19.50
PSATLJET    -7.33  -47.48    1.48    2.97    5.67   12.96    5.35    6.36    7.21    8.04   27.14    5.91    0.24    1.72    4.78    4.19    1.26    3.48   12.25   12.94    6.59    9.39    3.20    3.10    8.25   12.72   25.46    4.29   32.48   15.39    2.40   10.92    9.14    7.44    4.11   15.30   11.22   13.18   10.79    6.33    5.12    6.46    2.24    2.84    1.03   16.12   13.48
PSATUCR     -3.83  -49.65    3.13    7.25   10.95   11.11    5.04    6.60    9.58    9.05   11.14   13.01    1.17    8.08    3.42    3.05    2.86    5.42    6.10    9.34    5.04    4.80    5.95    5.83    6.26    9.75   11.03   10.30   19.00   12.55    2.77    8.87   10.13   10.31    7.54    9.30   13.95   11.77   10.34   14.65    8.13   13.67    5.32    4.99    2.97   10.00    9.37
PSATXIVJ   -29.07  -51.67    1.08   25.64   18.30    5.37    0.34    0.15    0.00    0.00    0.00   13.22    8.42    0.49    0.52    6.06   29.79   20.20    1.52    3.99   12.29    1.07    0.00    4.62    0.50    1.07   44.37    8.71    1.19    9.31    0.62    0.06    5.73    0.49   12.63    7.74    1.11    0.44    1.51    2.82    6.03    0.37    0.56    3.37   22.19   24.69   21.32
PSATDFRC   -29.45  -53.28    7.95   35.61    8.57    2.12    0.54    0.46    0.02    0.00    0.00   44.04    4.85    0.07    0.12   22.15   13.41    1.90    2.41    2.75   12.73    0.05    0.00    0.08    0.03    2.17   14.23    4.61    0.19    0.02    0.03    0.38    0.89    0.76    2.61    2.38    0.45    0.81    2.14    2.67    5.53    0.76    0.85    8.38   54.23   16.18    1.98
PSATREAL   -29.02  -53.19    1.33   28.55   13.77    5.60    0.47    0.36    0.00    0.00    0.00   31.54    5.78    0.04    0.58   11.39   15.95    3.40    1.34    2.80   13.41    0.17    0.00    1.76    0.13    0.30   21.39    5.97    0.34    0.60    0.01    0.02    0.99    1.38    4.76    4.13    0.95    0.83    2.53    3.38    5.27    0.61    0.96    8.12   42.68   14.51    7.06
PSATCTAV   -29.01  -51.39    7.79   35.32   21.45    5.33    1.74    0.28    0.07    0.00    0.00    9.98   11.31    0.61    0.39    6.18   27.98   28.08    1.64    3.34   15.72    2.57    0.54    2.01    1.28    3.04   30.93    8.16    2.50    6.80    2.80    1.41    1.78    2.02   13.25   11.78    2.90    0.43    4.29    5.15    5.99    1.24    0.76    8.00   18.86   29.74   24.89
PSATERNT   -28.56  -52.54    0.87   33.08   12.98   15.86    0.67    0.20    0.00    0.00    0.00   10.71   11.51    0.61    0.89    2.35   14.42    5.63    0.71    1.45   10.24    0.97    0.01    6.87    0.32    0.19   36.86   19.29    0.71    4.81    0.07    0.01    0.95    0.83    7.58    4.10    0.64    0.79    2.78    1.85    2.88    0.47    1.14    8.18   23.36   23.19   24.83
PSATSTPL   -27.14  -49.52    1.65   22.45   22.18   10.07    3.34    2.21    1.49    0.26    0.00    0.06   11.02    6.67    0.73    3.23    2.33    8.37    3.22    0.39    4.48   10.45    0.46    3.77    2.27    1.92    8.64   24.61    2.05   13.54   17.03    0.62    2.25    2.84    4.10    6.82    1.95    3.65    2.38    4.51    6.84    7.10    1.65    4.08    8.67   14.15   41.49
PSATCVCH   -25.14  -48.87    0.25    0.79    9.51   17.50    6.59    2.43    0.89    0.00    0.00    0.02    1.41   18.68    0.68    2.04    5.10    3.65    2.14    0.70    7.08    4.94    0.43    1.34    2.61    2.38    1.24   10.65    5.13    1.40   10.10    0.96    1.75    1.59    1.71    0.58    3.08    4.55    4.61    9.83    9.43   11.57    3.97   10.31   14.53    8.00    7.35
PSATAMY    -12.60  -69.12   15.99   10.15   10.84    6.15    8.99    6.91    8.98    5.79    5.80   15.96   16.00   15.82    8.66    8.99    6.77    5.52    2.65    4.45   17.94   15.58   17.27    9.44    4.96    7.57   10.51   14.16   15.91   17.05   28.40    6.37    3.68    3.12    3.80    8.65    6.89    4.43    3.00   14.23   10.13    6.48   12.80   12.09    6.98    6.96   10.62
PSATGJR    -10.73  -65.35   16.39    6.18    9.87   15.41    4.83    3.23    5.02    2.91    2.72    6.38   22.21   11.53   10.49    8.28    6.57    5.35    3.13    9.70   12.92   20.51   24.73    7.64    5.21    4.68    8.41   12.17   18.99   22.09    9.96    1.00    1.54    1.52    1.34    1.34    2.30    4.83    5.35   11.78    6.91    4.37    6.89    5.87    5.14   10.35   19.76
PSATPRNC   -12.43  -64.43   11.90    1.68    4.78   10.95    6.01    2.76    7.65    3.65    1.89    5.06    9.16    7.57    4.46    4.09    6.52    3.75    1.84    1.84   14.30   15.76   19.26   10.34    5.57    7.87    6.94   10.67   20.59   24.14   19.99    0.18    0.02    0.13    0.17    1.72    1.84    4.41    7.62    8.80   10.69    4.55    8.88    9.07    5.72    7.66   11.33
PSATSANT    -8.87  -63.97    8.12    1.70    8.45    5.50    6.97    6.64    8.12    6.68    6.50    8.92    8.37    6.50   11.83    5.42    8.09    8.68    9.18   12.11    6.25   12.47   22.38   10.03    5.56    5.02    9.46   10.55   17.66   23.73   12.16    7.56   17.21   21.80    7.55    3.60   15.19   14.43   10.18   16.88   11.61    9.40   18.09    9.76   18.29    6.44   22.73
PSATDARD   -10.16  -59.46    7.41    2.43    2.70    6.09    8.00   12.35    4.66    6.01    4.94    8.16    7.21    9.48    9.32    6.60   12.09    3.06    9.38    7.97   22.66   17.95   10.81    9.52    6.37    6.54    4.45   12.69   16.33    7.74   30.39   19.04   14.86   22.38   17.95   19.05   21.68   19.77    8.74   15.06   13.01   14.29   22.67    7.68    9.06    9.25   10.46
PSATGUAP   -15.12  -58.96   13.73    1.63   10.85   10.61   10.50    2.73    6.72    4.35    0.88    6.55    5.05    7.97    7.97   12.22   16.80    3.75    6.42    1.63   14.85   19.67   17.11    3.17    9.92   10.18    1.51    8.24    9.61   39.75   46.46    4.71    0.11    0.20    0.00    0.02    9.70    9.89    6.65   12.12    5.92    6.10    2.84    1.83    1.80    5.65    4.39
PSATJIRA    -9.25  -64.65   15.14    9.23    6.52   10.67    8.05    6.25    6.94    4.56    3.61    7.17   11.75   15.66    7.68    5.96    7.19    3.47    2.77    4.13    7.69   12.51   19.38   10.26    6.05    4.26    4.26    4.46    7.47   14.61   29.78    3.32    1.60    1.91    1.82    2.03    5.62    6.04    5.30   12.91    9.76    6.99    9.79   11.44    5.13    6.44   13.11
PSATROND   -11.99  -60.70    9.57    1.00    8.47    1.88    8.76    2.10    5.69    4.74    2.03    4.17    1.48    8.15    5.34    8.85    4.14    1.85    5.00    3.88   20.40   26.31   25.27   17.17    3.91    5.48    5.58   11.92    7.46   15.34   25.18    1.01    3.17    0.67    0.64    9.96    4.00    2.75    6.26   16.69   12.36    4.67   13.18    6.84    1.34   14.10    5.04
PSATSAMU    -8.75  -63.45    7.94    6.35    5.34    3.90    6.58    3.32    8.21    6.20    7.21    3.72    8.50   11.76   13.31    4.16    7.40    4.55    2.05   10.83   10.72   14.13   20.28    4.99    5.57    7.23   11.66    9.43   15.12   22.39   16.80   18.56   13.17   13.97   15.42    7.78    8.53   25.40   16.14   23.49    8.63    7.62   29.66   23.65   10.59    5.92   15.50
PSATBALB    -1.92  -59.47    2.55    8.82   19.27   10.53    6.09    3.69    4.50    6.44   12.44    0.65    1.82    7.63    9.90    8.67    9.52    5.95    6.03    2.22   10.89    9.59   18.62    7.28    9.83    1.47    1.46    4.26    7.95   10.70   13.52   21.45   19.95    6.00   19.00    5.44    5.50    8.18    9.02   14.89   13.68   10.68    9.65   15.88    4.66   12.92   12.25
PSATCUNA    -2.82  -54.30    1.73    4.68    2.84    4.95    5.48    3.12    6.41    5.92    4.40    4.23    7.79    4.79    4.63    2.16    4.71    2.70    2.49    5.78    3.21    3.35    9.21    8.24    5.75    1.97    2.06    4.24    6.06    1.89    2.72   10.29   22.91   12.02    4.94    2.86    1.05   12.67   10.91   23.83   14.78   12.26   13.62    8.40    7.35   12.39   18.35
PSATJARI    -0.65  -52.52    0.47    0.25    0.13    5.01    3.49    1.51    6.00    3.12    1.42    2.73    4.47    4.96    2.48    2.42    2.47    2.06    2.32    2.35    1.54    2.16    4.10    2.07    2.37    2.15    4.37    4.41    5.81    6.17    2.80    8.42    7.69    4.49    3.71    7.52    2.33    2.97    9.53    7.73   15.48   12.11    5.98    6.36    5.22    6.65    4.28
PSATFGOM     0.86  -51.20    1.29    0.36    0.45    6.41    6.90    5.19    9.69    7.93    1.78    5.81    5.35    5.82    3.52    4.18    4.74    3.36    3.85    2.30    3.17    2.63    3.23    3.04    3.59    3.14    5.08    9.33   10.07    6.90    4.84    9.09   11.14    9.03   15.61    9.32    4.31    4.84    9.77   10.37   19.10   13.87   11.03   12.53   14.24    9.08    6.87
PSATUBE     -6.75  -43.57    0.25    2.15    5.58    7.98    4.08    5.70    4.69   11.75   13.90    0.39    0.08    0.88    0.44    0.60    0.86    2.82    5.27    6.35    6.30   13.06    5.88    4.89   20.95    6.35   19.16    4.13   17.13   18.59    2.91   11.96   13.78    9.08    9.37   16.79    2.71    3.67    7.61    1.39    1.93    0.69    0.88    0.52    0.34    8.69   25.64
PSATBSOR    -6.74  -52.00    5.25    5.70    2.38   12.57    7.26   11.36    8.93    5.72   11.62   15.61    8.93   12.09    6.23    3.35    2.37    3.71    6.54    8.40   13.59   19.26   13.47   16.76   14.94   13.27   12.08   21.56   13.30   13.35   15.30    7.81   17.42   24.37   17.98   16.99   14.58   15.30   12.42   14.28   13.09    7.12    2.48    1.74    6.69   14.39   12.79
PSATBESP    -6.75  -51.77    6.57    4.42    6.04    7.55    5.76    7.51    9.32    5.74    9.99   17.81    0.90    3.25    1.64    3.21    1.84    1.93    8.50    8.94    3.11    4.46    4.66    2.52    6.71    5.14    8.70   13.88   15.70   16.29    3.13    5.22   13.43   16.52   19.16    4.76   11.06   14.99   10.56   17.10    9.51   15.21    3.31    2.86    1.70   15.85   15.41
PSATPIME    -3.41  -51.91    3.83    7.99    5.73   11.10    6.41    6.65    7.20    5.83    7.14   13.58    5.41   19.56    7.13    4.37    3.18    4.20    7.53    7.10    7.68    9.61   11.73    7.52   10.12    5.25    5.26   11.17   16.27    6.61    4.93    7.50   16.58   18.65   10.59    5.24    9.72   13.33   11.94   24.86   17.71   16.92    9.06    4.98    5.17    8.88   10.12
PSATIRAP   -16.74  -42.57    2.18    1.30    1.10    0.74   21.14   30.69    3.24    1.20    0.68    0.75    1.69    3.53    0.67    0.51    0.01    0.54    2.71    1.43   11.73   17.38   20.62   19.50   32.51    7.45    0.64    1.24    2.39    0.45   12.27   20.07   57.45   16.29    5.14    1.22    0.56    1.24    0.81    0.11    0.24    0.27    0.20    0.75    0.26    0.37    0.81
PSATITBI   -15.97  -39.59    1.70    0.69    0.45    1.36    9.69   24.92    5.27    1.31    1.02    1.97    2.01    0.88    0.15    0.04    0.01    0.14    2.02    2.29    3.72   10.57   23.30   13.44   14.74    3.15    0.88    3.80    0.50    0.12    2.32   21.32   43.57   10.87    3.55    0.74    0.66    1.53    0.72    0.77    0.74    0.54    0.79    0.75    1.57    0.72    0.60
PSATCOLI   -10.98  -55.77    5.70    2.30    1.14   14.76   12.71   10.67    8.50    8.20    6.88    9.70   10.03    9.48   13.16    6.25    7.35    8.49    6.12    2.64   17.52   11.30   11.32    8.95    6.81   19.04   21.31   27.64   14.72   15.90   11.18    5.52   16.20   15.62   12.58   16.65   14.46   10.98   12.89   13.52   13.15   15.99    3.73    2.55    4.71    7.27   11.02
PSATSAEL    -9.19  -57.04    8.57    5.66    1.42    8.53    3.44    4.34    4.22    6.55    6.97   15.63   10.98   19.15   13.74   10.11    5.17    3.15    4.41   15.31   33.23    7.31    8.26   27.75   21.78   19.29   13.89   30.60   12.74    5.58   18.75    6.97   26.22   26.37   19.54   21.36   13.98   14.00   16.04   23.97   23.95   18.48    6.40    4.98    6.89   11.58   11.66
PSATITQ    -17.09  -54.83    2.69    1.85    1.04   21.20   11.78   11.62    3.73    5.52    9.01   14.12   13.30    7.13    5.55   14.15    7.29    4.62    7.50    3.97    7.19   16.29    8.69    5.06    5.52    9.92    8.15   25.71    6.54   28.50   14.67    8.14    1.26    0.00    0.84    2.31    6.02    5.47    5.99    5.17    5.52    1.48    2.72    2.48    5.20   12.08   10.89
PSATJAU    -15.24  -58.73   11.69    1.26   10.29    9.60   12.08    2.13    6.61    5.90    1.35    5.55    5.11    9.71    6.60   10.82   16.88    5.49    7.16    1.53   15.74   21.88   18.41    2.89    8.69   10.44    1.53    7.38   12.78   33.91   34.59    3.11    0.16    0.34    0.00    0.00    9.67    8.66    8.80   11.84    6.26    5.68    3.49    2.08    4.00    5.86    4.34
PSATMAN    -14.87  -55.78    8.20    1.28    0.72    8.69   15.46   15.78    6.83    7.61    3.39   13.30    9.13    9.14    4.24    3.34    7.16    4.31    5.95    1.88   13.85   17.13    6.47    2.50    4.42   31.57    8.13   19.38   29.34   28.36   11.27    4.77    2.82    0.35    0.33    5.23    8.02   10.63    4.88    6.59    5.45    1.76    1.75    1.89    2.93    6.64   13.88
PSATPTP    -17.61  -54.83    5.20    0.53    0.93   17.35    8.16    8.21    3.32    3.01    5.68   11.65   13.00    8.36    6.26    9.41   11.03    6.99    8.53    4.56    9.71   19.67    8.48    5.58    6.41   12.05    8.81   34.04    4.56   33.16   24.49    6.31    0.68    0.00    0.31    1.04    1.40    8.20    6.45    5.83    7.51    1.23    2.73    9.76    5.55   12.34   14.07
PSATSTCL   -17.90  -40.20    2.74    0.45    0.41    0.93   21.65   10.39    1.62    0.93    1.31    1.13    2.96    0.80    0.03    0.00    0.00    0.07    1.90    2.72    2.10    9.58   21.12   13.95    4.58    0.60    1.10   16.31    0.07    0.01    0.36   26.84   35.73   14.48    5.35    0.32    0.73    1.67    0.85    1.83    2.42    2.22    0.76    0.94    4.15    1.07    0.55
PSATPDC    -12.58  -39.00    0.48    0.04    0.18    0.03    0.76   22.22   15.88    6.47    6.03    2.09    1.04    0.19    0.39    0.04    0.01    0.00    0.06    0.25    0.18    0.08    0.21    0.72    0.10    0.50    0.48    0.74    0.60    1.03    0.69    3.86    7.49    2.74    0.32    0.36    0.71    0.86    0.62    0.75    0.72    1.22    0.64    0.48    0.12    5.97    1.57
PSATROSA   -20.92  -41.72    1.62    0.83    0.34   27.60   27.89    2.63    0.97    0.29    0.05    0.11    0.12    1.00   13.79   11.14    0.86    1.79   11.97    9.15    8.05   22.95   17.18   19.09   34.14   25.51    3.65    4.86    1.64    8.47    8.71   56.87    7.03   38.70   45.63    2.46    0.68    0.84    1.02    0.68    0.27    1.81    1.63    0.39    2.59    0.90    1.21
PSATCAN    -20.21  -42.85    2.16    0.71    0.50   14.39   22.86    2.07    0.19    0.81    0.24    0.15    0.23    0.73   18.92   13.56    3.06    5.92    8.25   10.13    7.93   18.31   22.83   14.36   33.01   70.57    9.65    8.31    6.86   16.31   23.29   31.10    0.84   33.46   42.74    6.15    1.73    1.89    1.43    0.38    0.76    0.46    1.01    0.21    0.96    0.61    0.62
PSATSAC    -19.64  -42.85    2.20    1.42    1.43   10.31   28.06    0.93    0.42    1.16    0.80    0.34    0.48    1.91   15.40   12.54    1.09    3.68   11.11    6.83   11.53   19.74   22.62   25.79   74.05   44.98   25.37   10.35    5.50   14.63   25.15   51.16    8.41   56.47   70.50    5.50    1.14    1.89    1.95    0.62    1.29    0.59    1.15    0.68    1.56    1.28    1.17
PSATPES    -19.12  -42.66    1.12    0.44    0.97    7.85   30.24    1.64    1.36    0.94    1.34    0.54    0.58    2.92   10.45    8.44    0.26    0.67    7.13    3.16   17.05   15.69   13.61   22.03   51.86   25.33    7.78    3.65    4.89    8.55   34.29   28.58   15.99   36.15   18.64    2.55    1.11    1.86    1.35    0.66    0.74    0.86    1.09    1.05    1.13    1.13    1.45
PSATMAS    -19.50  -40.92    1.70    0.35    0.25   18.82   34.03    2.14    0.26    0.53    0.91    0.42    1.17    2.01    7.49    2.12    0.45    0.88    5.11    5.09   12.32   20.71   28.75   31.49   29.52   22.40    3.01    4.68    3.29    3.13    9.15   44.16   20.22   25.42   19.10    1.72    0.91    1.54    1.38    1.00    1.18    1.58    0.46    1.19    2.69    1.37    0.85
PSATSBR    -23.37  -45.87    0.47    0.49    3.94   38.53   33.27    3.44    0.16    0.00    0.00    0.00    0.01    4.19   22.49    5.37   56.15    9.21    3.03    3.97   23.31   15.14    7.35    2.86   13.59    8.96    8.85   13.29   24.51   14.09   67.14   13.11    1.90    4.51    1.91    2.40   10.11   27.09   11.92    5.18    6.83   11.72   12.33    8.87    1.14    1.50    1.98
PSATJAG    -23.20  -46.03    0.35    0.37    5.59   38.03   18.45    2.59    0.00    0.00    0.00    0.00    0.03    4.92   16.01    2.61   51.61   15.79    5.59    6.33   26.17    8.56    3.68    3.51    3.14    6.21    3.91   14.79    5.26   11.90   58.33    3.37    1.08    1.30    2.35    3.07   18.49   29.27   13.61    5.28    7.35   10.16   12.36    8.64    3.60    1.31    1.95
PSATFUNI   -22.53  -44.57    0.25    0.28    2.61   33.92   20.53    1.79    0.06    0.00    0.00    0.00    0.09    3.53   19.22   14.34   47.41   14.35    6.10    6.20   24.23   16.00    8.74    5.94   12.49   10.13   22.28   27.96   34.91   21.16   67.31   11.43    1.05    0.73    2.43    4.99   15.34   28.29   15.40    5.78    5.36    8.74    7.79    9.58    1.67    1.47    1.79
PSATSACE   -22.48  -43.84    0.68    0.28    0.50   42.24   38.60    5.10    0.87    0.00    0.00    0.00    0.00    1.67   21.38   23.14   14.62   15.96    4.17   11.28   24.49   17.52   10.26    9.38   22.55   26.09   29.96   22.66   28.63   31.44   73.62   48.05    1.44    1.59    8.90   12.81   21.62   33.58   14.31    7.81    5.97    7.29    2.81    3.78    0.17    0.96    1.04
PSATPIC    -21.91  -43.54    0.50    0.69    0.45   37.85   16.18    3.07    0.42    0.03    0.00    0.00    0.01    0.82   17.46   27.27   10.20   15.96    5.08   11.49   17.47   21.03    8.70    9.78   17.97   41.75    9.57   20.86    7.69   26.82   56.79   54.78    0.52    2.76   13.76   19.67   30.09   22.43    2.32    8.51    0.98    2.32    1.80    0.31    0.18    0.18    0.92
PSATSOGI   -21.94  -43.36    1.16    1.75    1.34   36.20    8.55    1.39    1.74    0.17    0.01    0.00    0.04    0.85   18.72   28.06    6.49   15.98    3.68   11.25   19.07   18.69   10.93   10.96   14.50   47.36   15.82   18.59    8.48   20.38   40.89   48.29    1.64    6.03   15.71   22.09   30.81   13.14    1.34    5.11    1.50    1.27    4.61    0.12    0.53    0.31    0.95
PSATIPSI   -21.84  -42.58    0.72    0.92    2.26   42.18   13.41    2.06    0.91    0.09    0.03    0.00    0.04    1.72   21.18   24.55    6.08   23.38    3.50   11.28   26.68   18.89    9.08   10.52   21.01   25.36    6.54   16.67   13.09   16.30   59.22   59.44    1.06    4.29   11.61   24.87   15.07    8.98    1.93    5.06    1.40    1.76    1.65    0.39    0.99    0.93    0.51
PSATTCLJ   -22.69  -43.83    0.42    0.34    0.57   42.07   40.57    4.51    0.76    0.00    0.00    0.00    0.00    2.26   19.83    7.54   10.52   16.45    2.14    3.69   16.11    8.88   11.12    4.38   13.18   30.59   41.47   19.99   35.32   21.99   62.33   48.28    1.74    4.55    3.22    5.86   15.72   15.75    8.12    3.23    6.10    6.62    5.55    0.09    0.00    0.06    0.24
PSATBIGU   -25.51  -53.67    0.25    0.59   10.78   20.66    3.73    0.42    0.00    0.00    0.03    5.73   24.19    6.23    1.37    2.48   16.52    6.66    2.54    3.61    2.00    1.50    1.02    3.50    1.60    0.38    7.63    8.97    0.06    0.74    1.86    0.06    0.01    0.38    1.84    0.38    3.16    3.56    6.64    3.25    2.16    3.52    2.40    6.36   11.34   36.12   23.26
PSATBRAU   -21.45  -42.41    1.28    2.08    0.86   29.04   12.09    2.65    1.17    0.21    0.14    0.00    0.02    0.58   24.97   26.13    1.59   19.51    4.36    9.79   16.82   17.94   15.70   11.98   15.63   49.68    8.48    9.21    7.00   29.25   26.21   37.23    3.28   14.05   16.91   14.76    5.31    5.68    3.19    1.30    0.73    0.43    3.27    0.48    1.14    0.49    0.29
PSATSUIC   -20.08  -40.58    3.88    0.27    0.30   37.22   27.71    0.10    0.14    0.24    0.06    0.07    1.47    1.43   10.24    5.04    0.22    1.05   11.00   10.93    5.55   14.21   29.33   68.12   20.46   11.86    8.01    5.66    1.19    0.58    0.81   49.07   24.81   22.75    7.60    3.46    0.85    1.77    2.93    4.58    4.12    4.27    0.76    3.36    6.01    1.10    2.50
PSATJRI     -9.30  -64.70   16.62    9.47    4.63    6.64    6.57    5.11    6.71    4.60    2.69    5.80    8.96   15.36    7.72    5.66    7.65    2.56    2.44    2.91    6.71   11.90   17.26    8.77    5.67    4.32    4.20    4.38    6.71   13.41   30.30    1.86    0.72    0.95    0.29    0.50    5.38    6.64    6.19   14.93   11.58    8.22   10.19   12.89    4.60    6.70   14.26
PSATBENI   -14.59  -67.53   12.44    7.34   11.45   22.49   12.36    9.71    8.20    4.46    6.26   10.99   19.99   16.35    7.58    6.65    6.23    6.29    3.53    8.25   11.32   15.71   26.14   14.54    7.98    3.77    4.79    5.05   10.70   18.84   26.58    7.06    4.82    5.52    6.19    6.24    5.00    5.56    2.49    9.83    5.88    3.65    8.84    7.59    7.00    5.85   11.63
PSATEPB    -12.42  -64.42   11.86    2.60    5.73    9.30    4.37    2.02    5.91    2.93    1.53    4.20   10.93    5.81    4.76    4.35    6.60    4.45    2.00    4.66   14.15   17.15   19.26    8.71    4.52    6.48    7.25   11.54   21.49   21.78   15.58    0.17    0.17    0.15    0.20    1.36    1.51    4.74    6.86    8.83    8.23    3.60    7.43    7.26    4.92    7.81   12.95
PSATEGM    -10.79  -64.35   18.33    6.76   10.54   18.97    6.38    4.29    6.15    3.50    3.41    7.89   24.78   15.22   12.42    9.45    6.51    4.91    3.46    8.83   12.45   20.49   26.65    8.62    6.31    5.18    8.48   11.44   17.09   24.18   12.08    1.33    1.80    1.94    1.65    1.57    2.87    4.59    5.34   12.87    8.59    5.47    7.89    6.71    5.73   11.04   20.81
PSATSTOA    -8.79  -63.95    7.87    1.81    8.60    5.20    7.15    6.34    7.70    6.45    6.65    9.61    8.38    6.40   12.07    5.25    8.18    9.20    9.72   11.54    5.88   12.26   21.93    9.78    4.67    4.91    8.88   10.20   16.69   23.60   11.05    7.81   16.31   20.77    7.95    3.77   16.31   14.95   10.61   17.85   12.32    8.64   19.97    8.93   18.93    6.21   23.08
PSATENC     -9.90  -66.62    8.63   14.62    7.63    2.68    6.31    5.43    3.84    4.87    3.17    6.05    6.85   17.15    7.64    6.95    7.03    1.74    3.76    1.70    3.05    7.19   15.53    8.21    2.88    5.57    3.84    5.86    4.79   15.11   34.79    4.05    0.09    0.27    0.09    0.97   12.35    4.27    8.64    5.98    5.72    9.75    9.45   12.27    5.15    6.22    8.47
PSATAMY1   -11.71  -70.63   20.08   10.22    4.26    4.21   11.69    3.63    7.25    2.68    0.88    6.29    9.50   10.42    5.59   10.21    6.58    2.21    1.05    1.06    4.27   11.11    9.22    8.88    1.50    1.43    2.32    5.06    8.06    8.81   27.87    2.75    0.18    0.18    0.19    0.34    6.28    4.75    2.93   16.49    6.97    4.23    3.52    3.91    3.67    4.23   11.03
PSATAMY2   -12.37  -71.17   17.03    9.85   11.00    5.81   10.17    7.93   12.08    5.07    5.31   16.01   11.39   10.60    7.71    8.48    7.22    5.41    3.41    3.73   12.26   14.51   17.13   12.20    4.04    7.78    8.56   11.59   15.89   17.27   39.16    7.63    1.64    1.25    1.27    8.30    7.60    5.60    4.05   15.81   11.49    7.60   10.96   10.93    8.11    9.23    8.96
PSATAMY3   -13.75  -70.18   12.16   11.69   18.75    7.68    4.66    8.56    7.12   11.35   12.14   24.52   26.58   24.95   13.00   11.06    6.68    9.91    3.15    9.09   39.91   25.72   26.08    9.10   10.56   14.12   25.44   26.28   23.09   23.87   16.09   10.27   10.03    8.95   10.79   19.51    8.20    2.22    1.69    8.49    7.21    8.97   25.82   24.84   11.23    8.00   11.82
PSATAMY4   -13.45  -69.47   13.68    7.59    8.24    7.17    9.45    7.72    7.26    4.06    5.08   17.94   18.57   20.50    8.47    5.19    5.92    4.39    2.63    4.00   19.04    8.47   16.20    3.99    3.91    6.72    5.03   15.69   15.11   16.51   24.26    3.59    4.53    3.40    5.01    6.35    4.26    4.08    2.92   12.94   13.69    3.28    8.90    8.17    2.89    4.08    9.10
PSATJRN    -13.37  -59.01   16.34    1.43    5.91   15.90    5.66    5.09    9.38    3.80    4.68    6.28    5.14    9.82    6.07    7.24    8.16    5.20    3.11    1.70   13.66    4.20   11.02    7.89    8.56   19.03    5.87   15.46    8.30   29.87   42.46    2.98    0.40    0.50    0.00    0.54   10.10    5.95    5.10    9.78    7.80    6.55    8.91    4.27    1.77   10.25    6.09
