PSATAGV    -19.89  -50.35    0.46    0.23    1.04   19.99   15.27    0.14    0.02    0.01    0.05    0.01    0.07    2.26    2.34    5.16    5.12    0.38    0.20    0.37    7.16   18.98   20.49    8.41    9.44    9.80   11.62    7.59   11.44   13.85   10.83    3.18    1.59    0.07    2.40    4.71    1.94    0.41    0.79   20.28   24.44    0.21    0.06    0.11    0.63    0.02    0.31
PSATCMG    -21.28  -44.63    0.60    0.12    3.36   18.50   29.56    0.32    0.02    0.00    0.00    0.01    0.07    2.08    1.29    1.86    8.56    0.98    3.02    2.76    0.80   11.01    1.99   12.14   11.04   10.59   14.88   22.47    7.83   11.76   10.19   11.86    1.45    0.36    6.23   10.78   11.91    1.53    0.34    1.16   36.84   16.76    0.40    0.27    0.13    0.30    0.06
PSATCES    -20.25  -48.16    0.88    1.98    1.96    7.02   18.99    0.70    0.00    0.00    0.00    0.00    0.00    1.00    0.80    2.69    2.13    1.11    0.37    0.48    2.68   11.99   15.42   11.67    2.48    5.52    5.10    7.82    7.41   12.41   14.69    4.85    1.55    0.08    0.10    2.48    1.05    0.47    0.11   10.54   39.17    0.71    0.02    0.06    0.00    0.00    0.00
PSATELC    -21.60  -46.95    0.34    1.18    3.92   10.77    9.95    0.50    0.00    0.00    0.00    0.00    0.03    0.83    3.73    3.41    4.88    4.35    1.46    2.45    2.59   12.04   14.60   14.13    3.31    8.09    4.65    9.26    5.10   16.06    5.69    5.84    0.74    0.09    0.19    3.14    2.26    1.66    0.03    4.15   34.51    3.59    0.28    0.15    0.02    0.01    0.10
PSATFUN    -21.14  -45.04    0.85    0.10    4.31    9.34   31.59    0.31    0.01    0.00    0.00    0.00    0.05    2.66    1.01    0.90    6.16    0.86    0.50    0.63    0.61    3.13    1.21    1.86    5.21    5.47   17.83   14.72    9.25   19.87   12.44   12.52    1.32    0.27    1.04    7.01    3.54    0.69    0.10    1.78   17.13   21.11    0.18    0.11    0.14    0.08    0.01
PSATFUR    -20.67  -46.32    0.95    1.54    4.04    5.63   24.66    0.47    0.00    0.00    0.00    0.00    0.09    3.36    1.31    1.51    5.81    2.79    1.03    0.58    1.35    2.16    4.39    5.27    1.00    3.54    9.00    8.20    8.17   17.16    9.75    8.82    0.57    0.13    1.64    4.35    1.53    0.92    0.06    6.23   24.08    8.59    0.22    0.02    0.06    0.03    0.02
PSATMRB    -20.30  -49.18    0.33    0.60    2.25   14.02   17.37    0.35    0.00    0.00    0.00    0.00    0.00    1.53    1.92    3.81    3.19    1.09    0.72    1.14    6.11   12.05   22.16    7.91    8.38    4.47    7.79    8.22    7.93   14.29   13.40    4.59    1.21    0.04    0.49    2.60    0.95    0.48    0.26   16.06   33.58    0.65    0.04    0.08    0.11    0.00    0.02
PSATPRG    -21.59  -45.67    0.22    0.16    2.18   13.29   28.54    0.17    0.01    0.00    0.00    0.00    0.42    2.01    2.28    4.48    6.12    3.75    2.79    1.82    1.75   11.05    5.85   10.06    4.71    6.70    9.09    8.85    5.41   16.65   11.51    8.94    0.63    0.28    5.68    5.49    1.88    0.66    0.02    1.95   32.61    7.18    0.16    0.02    0.05    0.20    0.13
PSATPAS    -21.02  -48.18    0.11    0.26    2.26   23.77   12.55    0.04    0.00    0.00    0.00    0.00    0.01    3.11    2.70    5.43    8.98    2.31    2.67    2.62    3.12   23.93    8.07   10.35    8.24    7.84    8.53    6.29    5.07   15.37    7.89    7.28    0.49    0.09    0.57    1.33    1.45    0.97    0.02    6.76   33.86    0.25    0.01    0.05    0.00    0.01    0.04
PSATPTB    -21.61  -45.49    0.41    0.11    2.41   10.63   31.33    0.06    0.00    0.00    0.00    0.00    0.21    2.70    0.58    2.70    5.94    1.82    1.28    1.22    1.24    3.43    1.82    5.07    2.37    6.06   13.90   13.81    6.73   12.48    8.84    5.79    0.66    0.09    1.31    4.71    5.64    1.23    0.03    0.94   34.76   10.04    0.66    0.15    0.09    0.35    0.10
PSATPTC    -20.00  -48.55    1.68    4.81    3.22    5.74   14.89    1.14    0.01    0.00    0.00    0.00    0.09    2.32    1.63    2.24    2.15    1.98    0.61    0.68    2.43    3.58    6.40    2.89    2.12    4.17    3.79    6.01    5.66   13.20   12.12    5.05    1.96    0.08    0.36    1.83    1.14    0.68    0.36   12.08   25.44    2.14    0.38    0.05    0.12    0.00    0.00
PSATFZA    -26.00  -51.65    0.69   16.05    9.03    6.89    1.13    0.07    0.01    0.04    0.19    0.10    0.36    0.25   19.70    0.20    0.95    6.86    6.34    6.41    4.70    6.53    3.44    5.42    3.67    1.13   10.99    3.09   13.23   20.26   11.02    4.07    0.94    0.66    0.41    0.92    0.56    0.27    0.02    3.78   21.71    0.01    0.04    0.02    0.00    0.00    0.02
PSATJSG    -25.78  -52.00    0.32   11.16    4.96   10.54    0.90    0.01    0.01    0.03    0.15    0.07    0.37    1.18   25.62    0.10    1.11    8.94    6.21    6.86    5.07    3.49    2.19    5.82    3.17    1.06    6.12    3.86   11.38   20.55    2.57    2.83    0.96    0.50    0.15    0.39    0.14    0.16    0.10    7.19   20.45    0.00    0.00    0.10    0.01    0.00    0.00
PSATSCX    -25.53  -53.48    0.14    6.90    9.88   17.36    0.54    0.03    0.00    0.08    0.16    0.01    0.11    3.39   21.27    0.13    0.76   11.59    6.87   11.81    6.08    4.05    4.50   10.25    2.92    1.41    7.48    3.93   14.79   26.44    2.14    1.40    1.09    0.42    0.12    0.74    0.15    0.04    0.04   17.96   12.38    0.00    0.02    0.05    0.00    0.01    0.00
PSATSCL    -25.49  -51.74    0.15    5.89   10.62    8.79    0.90    0.00    0.01    0.00    0.26    0.11    0.36    0.27   22.37    0.36    0.17    7.74    4.10    6.09   13.02    9.27   16.20   12.05    4.37    0.96    8.37    1.86   17.01   27.22    2.32    3.16    1.74    0.89    0.41    1.79    0.20    0.32    0.00    6.48    8.77    0.00    0.00    0.03    0.00    0.00    0.00
PSATUVT    -26.23  -51.08    2.05   12.42   10.53   18.81    4.77    0.74    0.04    0.02    0.40    0.17    0.21    0.11   15.85    0.68    3.40   10.00    8.08    3.34    6.86   11.57    6.28    3.85    2.10    1.10    6.85    0.74    3.55    9.93   16.81    7.28    1.08    1.34    2.39    2.95    2.38    1.02    0.03    3.98   33.39    0.03    0.11    0.04    0.00    0.00    0.02
PSATBSM    -24.19  -53.74    0.06    2.91    5.28   19.63    1.06    0.01    0.00    0.00    0.02    0.00    0.01    3.09   14.75    0.68    3.35    9.22    3.96    9.96   15.46   23.02   22.34   12.92    2.39    3.50    8.62    2.06   25.01   19.18    2.23    0.97    0.98    0.31    0.83    5.35    0.08    0.04    0.04   14.25    2.32    0.00    0.03    0.00    0.01    0.00    0.00
PSATFLE    -22.97  -54.56    0.20   20.05   11.15   15.34    2.39    0.09    0.00    0.00    0.00    0.00    0.00   18.69   14.98    1.25   11.65    9.26    5.44    5.68   20.79   42.18    5.33    7.68    3.30    5.21    4.15    7.44   28.34    6.95    2.13    0.26    0.00    1.11    7.82    5.05    2.35    0.00    0.02   20.65    1.24    0.00    0.00    0.00    0.01    0.00    0.00
PSATITP    -25.42  -54.58    0.11   13.06    8.89   13.28    2.38    0.01    0.00    0.00    0.00    0.00    0.00   12.96   16.88    2.02   12.84    7.80    6.15   12.54   13.75   23.95    7.99   12.51    4.58    4.22    7.29    4.99   33.82   14.45    2.34    0.55    0.32    0.33    4.30    4.46    0.39    0.02    0.02   19.45    3.96    0.01    0.07    0.00    0.02    0.00    0.00
PSATIVM    -22.38  -53.53    2.82   18.82    4.83   19.38    3.56    0.15    0.00    0.00    0.00    0.00    0.04   11.69   24.42   12.29   20.07    6.67    9.68    6.12   16.82   27.87   13.30    8.64    8.32    5.05    5.97    4.32   16.92   20.54    2.74    0.50    0.06    1.37    6.16    3.69    2.38    0.23    0.10   17.06   16.49    0.00    0.03    0.00    0.01    0.00    0.00
PSATPTQ    -23.18  -53.17    0.15    1.05    7.31   19.08    0.88    0.01    0.00    0.00    0.09    0.02    0.02    4.22   29.29    3.10    9.01   11.27    4.44   10.55   12.98   20.67   29.68   10.91    4.41    2.84    8.44    1.20   16.40   24.44    3.50    1.99    0.77    0.67    1.83    2.75    0.11    0.11    0.00    7.68    3.70    0.00    0.06    0.00    0.01    0.00    0.00
PSATCBI    -17.99  -48.54    3.56    3.58    2.10    7.80   17.29    8.24    1.43    0.97    4.73    2.49    4.02   11.48    0.12    0.34    0.01    0.11    0.04    0.12    1.88    0.39    0.63    0.26    0.31    0.23    0.82    2.24   16.88   12.55    5.57    8.84    3.70    5.50    1.25    1.84    9.21    7.03    4.54   16.74   15.36    1.63    0.85    2.43    4.70    2.74    3.36
PSATCBIV   -16.15  -48.67    8.49    9.10    1.32    7.13   14.04   10.88    1.13    0.71    3.12    6.21    6.57    9.07    0.13    0.44    0.01    0.25    0.08    0.17    2.73    0.68    0.95    0.37    0.65    0.24    0.32    2.24    6.50   11.15    6.15    8.23    2.23   11.13    1.63    1.43   14.16    6.26    6.15   12.08    9.32    1.13    1.74    1.96    5.13    5.17    3.45
PSATEMB    -18.45  -47.98    4.37    2.14    2.01    5.09   16.25    7.05    0.16    0.00    0.48    1.43    1.69    6.00    0.13    0.01    0.11    0.30    0.15    0.15    0.25    0.39    0.37    0.31    0.12    0.65    5.16    3.20    7.09   20.86   12.44    7.64    2.94    0.34    0.23    7.55    9.92    2.46    0.34   13.01    9.45    3.57    0.70    0.10    1.42    0.56    0.23
PSATIMBR   -18.42  -49.10    3.55    3.23    1.92   14.23   16.77    3.22    0.36    0.24    1.35    0.93    0.99    9.46    0.28    0.79    0.04    0.17    0.07    0.11    3.54    1.90    1.22    0.17    0.34    3.27    3.06    1.66    6.17   15.80   10.28    8.74    3.63    0.41    2.42    5.36    6.13    3.05    1.90   19.12   14.43    1.38    0.31    0.90    2.73    0.80    0.99
PSATNPTE   -19.13  -47.70    5.16    5.74    3.13    2.66   18.97    0.78    0.09    0.01    0.00    0.06    0.58    4.08    0.35    0.11    0.40    1.30    0.31    0.18    0.36    0.77    1.03    0.34    0.33    0.71    5.87    3.64    3.34   13.40   10.02    8.08    2.38    0.03    0.60    4.97    1.86    1.35    0.30    8.58    8.07    5.23    1.02    0.09    0.21    0.00    0.01
PSATARV    -18.07  -50.16    9.24    2.71    6.80   11.06   16.23    4.97    1.60    3.24    3.10    3.14    1.64    8.06    3.55    3.20    2.89    0.87    0.16    0.67    4.33    3.66    7.19    2.06    8.37    6.28    0.42    1.36    4.07   13.87   13.15    5.86    4.30    2.55    2.43    5.99    9.42    4.55   11.91   12.81   17.44    0.41    0.14    0.14    0.94    2.73    3.36
PSATSFC    -18.05  -47.68    2.42    2.28    4.62    4.90   12.33   15.26    0.29    0.48    2.39    1.57    4.27    9.51    0.13    0.00    0.00    0.03    0.10    0.04    0.19    0.40    0.37    0.28    0.04    0.60    1.00    2.10   15.37   12.71    9.77   12.93    3.11    6.71    0.50    4.89   10.24    6.86    1.84   13.54   10.93    2.72    0.65    3.09    3.38    3.30    4.07
PSATSSM    -19.02  -50.50    3.30    2.23    2.09   10.69   17.93    1.30    0.54    0.56    1.06    1.12    0.90    7.99    2.76    4.16    1.61    0.22    0.05    0.17    4.95    4.37    8.42    1.96    8.03    6.74    2.65    3.78    8.22   13.37    9.82    5.41    2.99    0.50    3.02    6.72    5.04    3.18    3.57   22.13   26.91    1.09    0.21    0.38    1.37    1.16    1.48
PSATCNI    -22.94  -50.52    0.04    0.00    8.60   19.26    0.96    0.00    0.00    0.00    0.00    0.00    0.01    2.92   21.08   16.31   11.14    5.32    4.02   10.98    7.68   27.58   12.72   20.28   13.87    9.95    5.61    1.13    2.49   17.46   11.51    2.00    0.62    0.34    0.20    1.21    0.11    0.18    0.00    7.29   15.51    0.03    0.02    0.00    0.00    0.00    0.00
PSATCPV    -22.65  -51.33    0.30    0.09    5.11   13.76    0.48    0.00    0.00    0.00    0.08    0.01    0.02    5.51   22.42    8.57    8.99    9.73    4.41    8.18    9.41   20.52   14.22   14.83   10.42    4.09    5.20    0.99    4.69   14.96   11.18    2.43    0.44    0.66    1.05    1.61    0.15    0.15    0.01   10.26    7.03    0.05    0.01    0.00    0.00    0.00    0.00
PSATCHT    -23.01  -49.73    0.23    0.13    7.93   10.98    0.40    0.05    0.00    0.00    0.11    0.02    0.04    2.85   18.08    7.21    3.82   10.36    3.55    7.53    7.36   24.52   17.81   11.85    7.07    3.78    2.47    0.19    1.51    7.34   21.39    2.47    0.42    0.82    0.65    1.48    0.37    0.34    0.00   11.54   12.51    0.06    0.13    0.00    0.00    0.00    0.00
PSATJUR    -23.22  -49.23    0.00    0.07    8.50   15.23    4.06    0.34    0.01    0.00    0.05    0.06    0.04    0.68   14.66   14.01    3.66   10.14    5.39   10.73    6.77   24.76   23.59   11.84    6.48    5.94    0.84    0.12    0.33   10.43   12.25    4.15    0.74    0.67    3.44    1.48    1.19    0.50    0.01    7.12   19.77    0.47    0.59    0.01    0.02    0.04    0.01
PSATMAU    -24.06  -50.71    0.90    1.17    7.48   16.03    0.26    0.05    0.00    0.00    0.11    0.14    0.18    1.32   23.14    2.67    0.87   13.45    5.02    5.52   12.98   17.32   34.03   14.40    5.00    1.30    5.64    0.44    5.05   10.23   15.04    3.00    1.09    1.63    1.14    1.70    0.65    0.51    0.00    8.24    8.29    0.00    0.01    0.01    0.00    0.00    0.00
PSATROS    -22.50  -52.87    0.16    1.38    6.93   24.06    2.67    0.01    0.00    0.00    0.00    0.00    0.00    9.83   24.74    3.88   18.20   10.44    5.01   17.32    8.47   17.13   19.47    8.29   10.19    3.30    7.02    1.41   10.74   24.73    3.95    1.54    0.55    0.33    3.09    3.52    0.08    0.09    0.02    7.37    8.05    0.02    0.04    0.00    0.00    0.00    0.00
PSATQMD    -16.21  -47.33    2.59    1.17    7.81    1.59    8.95   13.53    3.01    1.30    4.94    1.40    6.48    2.49    0.23    0.00    0.00    0.21    0.08    0.04    0.11    0.53    0.19    0.11    0.05    0.00    0.33    0.43   12.27   11.00    6.23    9.09    1.80   23.33    3.14    3.30   12.02   11.00    3.42   12.97    3.13    4.55    4.52    8.19    3.07    5.68   14.11
PSATRBX    -18.95  -44.76    0.83    0.46    2.62   11.63   31.61    1.74    0.01    0.00    0.01    0.00    0.17    3.30    0.95    0.15    3.46    0.40    0.15    0.30    0.25    0.82    0.25    0.28    0.37    1.52    4.00   13.49   11.31   22.50   15.85   19.02    4.88    0.72    0.74    8.32    1.96    1.56    0.35    2.70   12.12   31.77    0.27    0.14    0.10    0.02    0.00
PSATSFR    -15.93  -44.86    2.39    0.82    1.56    4.14   14.99   16.49    2.01    0.23    4.60    3.50    5.18    0.46    0.10    0.00    0.00    0.04    0.12    0.07    0.11    0.10    0.13    0.04    0.06    0.00    0.16    1.46    2.35   17.24   16.66   15.23    5.77   12.81    3.41   13.51   11.23   13.63    5.35   11.30    8.14   14.73    3.63    7.28    6.66    3.65    2.80
PSATSRM    -16.37  -45.07    2.17    1.12    1.78    6.45   21.08   15.41    0.02    0.02    0.64    1.04    3.69    1.99    0.07    0.01    0.39    0.28    0.20    0.09    0.36    0.14    0.11    0.04    0.04    0.38    0.92    7.75   10.27   18.39   20.23   21.72    5.62    3.05    0.72   11.11    9.20    4.65    1.10    9.98   14.54   18.47    0.50    0.99    2.45    1.33    1.49
PSATTMR    -18.16  -45.27    2.43    2.02    3.14    7.56   25.73    1.50    0.00    0.00    0.01    0.04    0.42    4.45    0.32    0.07    1.19    0.59    0.18    0.10    0.33    0.43    0.39    0.31    0.16    0.71    3.88    6.31    9.48   18.54   12.88   14.04    2.68    0.44    0.97    6.19    2.12    1.27    0.26    8.33    9.55   19.83    0.31    0.06    0.14    0.07    0.01
PSATBOQ    -11.35  -43.83    1.18    1.54    0.43    1.06    7.46    1.04    5.89   14.80   12.11    7.16    0.23    0.06    0.07    0.02    0.02    0.16    0.01    0.37    0.43    0.31    0.09    0.35    0.05    0.15    0.27    0.24    1.75    3.55    7.28    7.20   11.96   13.84    5.24   11.28   10.01    8.17    9.36   13.73   13.56   24.41   14.83   15.00   16.58   11.21    6.48
PSATBBO    -22.52  -48.55    0.02    0.03    4.14   25.68   11.32    0.22    0.01    0.00    0.00    0.03    0.08    3.33    5.64   12.38    7.20    5.12    4.45    8.48    6.03   22.57   13.73   19.97    9.86    8.26    2.90    1.74    2.31   15.21    9.86    8.41    0.85    0.14    1.34    1.22    1.39    0.33    0.03    1.87   20.31    0.89    0.29    0.04    0.03    0.04    0.02
PSATESZ    -23.46  -46.91    0.03    0.08    4.58   17.98   37.62    3.04    0.01    0.00    0.04    0.01    0.17    1.18    4.15   17.14    9.55    6.65    3.61    4.98    5.16   29.22   12.10   17.17    7.07   10.00    2.58    2.54    2.18   12.84   11.21    9.08    1.09    0.28    7.93    4.32    5.75    2.25    0.33    0.07   16.60    8.81    1.54    0.24    0.25    0.38    0.06
PSATIBT    -21.76  -48.99    0.10    0.02    9.97   21.75    2.72    0.01    0.00    0.00    0.00    0.00    0.00    2.50    5.95   14.03   11.81    2.67    4.12    4.68    3.52   32.12    7.77   18.08    7.39    6.32   10.36    3.92    7.23   14.02    6.61    3.69    0.47    0.06    0.20    1.83    0.54    0.38    0.01    6.20   23.83    0.10    0.02    0.02    0.01    0.00    0.00
PSATNAV    -21.12  -50.20    0.10    0.05    3.08   27.31    9.81    0.01    0.00    0.00    0.00    0.00    0.00    0.85   10.53   10.70    8.57    2.89    2.22    1.45    4.92   31.53    7.64   13.77    9.51    4.51    8.63    5.10    7.33   17.69   10.77    3.26    0.46    0.06    3.34    3.11    0.84    0.30    0.05   12.24   31.54    0.10    0.01    0.04    0.11    0.00    0.01
PSATSME    -13.40  -48.30    5.40    3.99    4.01    5.09   14.96    8.15   11.46    3.90   14.29    6.19   11.96    4.28    0.80    1.29    1.60    0.14    0.02    0.68    2.37    1.20    1.38    0.93    1.16    0.28    0.23    0.69    6.34   19.57    8.23   14.59    3.47    3.57    4.78    5.14   13.20    7.87   11.41   12.29   11.89    2.41    1.92    0.69    2.83    2.06    2.95
PSATBGR    -27.78  -51.20    8.70   31.57   14.35   16.10    7.88    0.15    0.00    0.84    0.22    0.16    1.49    4.63    6.12    0.04    0.25    7.27    3.30   11.39    0.69    0.61    3.40    2.42    1.84    1.06    1.13    2.06    1.37    9.06    5.68    5.57    2.49    0.98    0.42    2.08    2.17    0.80    0.03   13.66   14.39    0.14    0.05    0.05    0.10    0.00    0.00
PSATCNV    -27.60  -51.33    3.86   32.32   14.99   13.47    4.84    0.21    0.03    0.72    0.66    0.10    1.24    1.59   13.52    0.04    0.17   10.49    7.39    8.19    1.04    0.82    4.26    1.48    2.29    1.10    3.69    3.18    0.67    7.43    5.98    7.28    1.02    0.54    0.55    2.06    2.03    0.91    0.10    6.04   26.55    0.01    0.17    0.09    0.10    0.00    0.00
PSATFCH    -27.14  -53.04    0.65   29.43    4.97   12.90    0.05    0.00    0.01    0.29    0.31    0.00    0.03   21.86   15.56    0.00    0.03   10.44    5.70   13.50    0.62    0.04   11.53    1.03    1.34    0.36    5.03    6.87    1.82   13.84    0.82    0.43    0.31    0.03    0.02    0.02    0.12    0.03    0.14   29.37   17.09    0.00    0.00    0.02    0.00    0.00    0.00
PSATITA    -27.27  -52.38    1.49   29.27   10.68    4.70    0.81    0.05    0.00    0.39    0.47    0.03    0.23    6.27   12.68    0.01    0.18    9.92    4.99    6.38    1.53    1.19    6.08    1.85    2.40    0.84    5.92    4.93    1.15   10.97    2.79    3.13    0.64    0.19    0.20    0.25    0.46    0.19    0.16    9.52   26.91    0.00    0.03    0.01    0.00    0.00    0.00
PSATMCD    -27.52  -51.78    3.48   17.61    7.87   11.47    1.56    0.00    0.00    0.74    0.27    0.00    0.15    3.86    4.47    0.00    0.00    8.35    1.34   10.94    0.41    0.03    5.79    2.04    2.47    1.05    4.39    6.66    0.98   13.73    3.60    1.14    0.60    0.12    0.06    0.24    0.08    0.03    0.00   16.10   11.43    0.02    0.00    0.02    0.00    0.00    0.00
PSATMOJ    -27.35  -52.73    3.30   11.22    9.18    7.21    0.23    0.01    0.00    0.44    0.16    0.00    0.08   20.45    2.34    0.00    0.02    8.18    6.68   13.86    0.24    0.10    5.45    0.27    2.75    0.67    4.19    4.81    0.99   16.42    1.72    0.52    0.56    0.18    0.05    0.05    0.12    0.02    0.00   28.52    3.14    0.00    0.00    0.00    0.00    0.00    0.00
PSATQQX    -26.66  -52.54    1.15   16.14    6.59    8.27    0.51    0.02    0.00    0.21    0.55    0.02    0.24    3.93   17.86    0.00    1.27   13.82    6.73    6.10    3.81    1.14    3.51    3.72    3.20    1.63    7.24    3.98    5.19   12.94    3.08    2.43    0.93    0.47    0.11    0.14    0.15    0.15    0.27    7.66   37.80    0.00    0.00    0.08    0.00    0.02    0.00
PSATPSJ    -28.14  -55.05   10.80   24.55   14.72    1.15    0.04    0.00    0.01    0.76    0.05    0.00    0.01   24.59    0.32    0.00    0.00   12.31    4.09   12.79    0.03    0.00    0.23    1.07    1.02    2.57    6.26    2.71    0.81    4.97    2.35    1.20    0.06    0.21    0.11    0.02    0.08    0.05    0.81   22.72    0.00    0.00    0.00    0.02    0.00    0.00    0.00
PSATESP    -18.68  -51.87    3.79    3.36    1.96    6.95    3.58    4.33    0.38    1.07    7.73    1.59    0.86    1.05    1.86    9.06    1.30    0.47    0.46    1.02   13.63   22.66   17.20   10.01   19.71    6.65    1.43    5.87    7.08   11.38    4.49    3.78    4.36    2.59    4.67   16.45    7.17    2.04    4.09   18.04   11.32    0.12    0.06    0.00    0.00    0.31    2.29
PSATSRC    -19.16  -50.76    6.03    1.50    5.19    8.48   14.10    2.77    0.21    0.63    2.63    1.32    0.90    2.18    2.22   11.12    5.69    1.51    1.06    0.51   10.60   11.58   14.98    9.44   15.42    4.91    1.93    5.54   10.21   12.03    7.76    3.36    3.95    2.65    9.60    5.01    5.53    3.47    5.16   13.90   23.57    0.82    0.28    0.03    0.12    1.42    2.98
PSATFRCL   -19.12  -50.64    6.77    2.19    5.26   17.02   17.45    2.21    0.41    1.53    2.28    1.65    1.30    4.02    3.96    7.12    5.74    1.35    0.92    0.44    9.26   10.08   14.00    6.78   14.19    7.18    1.47    4.35    8.54   12.58    9.69    5.31    3.12    2.61    7.38    7.03    6.05    3.20   10.15    8.31   28.95    0.71    0.21    0.03    0.19    1.70    3.49
PSATISOT   -20.40  -51.35    2.18    0.11    3.98   24.18   14.40    0.19    0.04    0.18    0.14    0.27    0.20    1.55    6.98    8.83    8.61    2.29    1.21    0.47   12.78   23.17   15.09   13.57   14.95    6.53   12.40    9.15   10.03   15.06   12.28    2.92    0.60    0.29    8.89    6.73    1.71    0.88    2.31   17.89   27.05    0.62    0.19    0.04    0.44    0.43    0.32
PSATJUP    -20.86  -51.63    1.54    4.14    9.24   21.14   11.61    1.20    0.19    0.19    0.35    0.60    0.18    2.07    8.72   13.62    9.25    4.83    3.77    1.28   13.14   14.62   14.33   14.07   25.48   12.80    6.68    4.40   11.47   17.25    7.85    2.42    1.02    2.26    6.28    7.80    4.01    1.19    2.46   17.81   13.39    0.60    0.28    0.02    0.27    0.38    0.43
PSATSDG    -20.06  -53.18    3.08   16.04    2.76   25.91   15.93    1.02    0.14    0.06    0.05    0.31    0.43    1.84    7.81    6.82    5.46    9.62    4.95    3.00   13.35    7.42   10.82    5.27   14.65    8.17    4.77    0.99   14.51   21.16    5.09    2.00    0.68    1.93    3.80    8.89    6.82    1.55    3.13   18.71   13.89    0.12    0.19    0.02    0.14    0.37    0.50
PSATFZBT   -21.66  -52.87    4.53   21.56    2.02   16.53    9.17    0.23    0.03    0.00    0.00    0.05    0.07    6.82   15.20    7.83   13.78    9.52    6.14    4.82   14.32   12.14   11.91    6.06   11.09    6.04    5.12    1.26   14.42   23.39    3.23    0.75    0.13    1.28    4.49    4.39    3.44    0.39    0.46   17.81   24.88    0.03    0.25    0.01    0.06    0.03    0.02
PSATPPRA   -22.46  -52.91    1.10    6.26    4.29   24.18    5.53    0.00    0.00    0.00    0.00    0.00    0.02    4.93   17.39   13.29   14.70    6.69    5.89    6.40   11.19   17.72   13.63   13.69   14.46    6.13    8.74    2.17   11.08   20.68    4.47    1.86    0.36    0.68    4.45    4.40    1.35    0.37    0.29   11.69   18.72    0.26    0.16    0.00    0.11    0.01    0.01
PSATBTE    -13.69  -50.80    1.63    2.45    5.23   12.59   11.55    9.88   11.90    8.29    9.66    3.43    5.36    4.30    7.63    6.53    1.32    1.79    0.89    3.90    8.88    9.14    9.52    3.25   13.18    2.33    0.74    1.42   11.70   17.33   14.55    6.66    5.25    6.38    3.03    8.80   10.36   12.09   12.09   13.44   14.01    0.15    0.09    0.00    0.06    0.71    1.86
PSATARAG    -8.27  -49.26    0.98    3.95    5.09   13.04    7.26    9.79    9.63    6.94    9.80   18.95   19.20    6.18    5.95    5.73    2.55    2.76    1.10    3.16    5.78    6.97    5.92    3.99    2.27    1.51    1.42    3.83   15.02   14.26   12.37   14.07   13.79    6.18    4.51    9.97   11.57   11.93   10.71   11.43   18.59   13.35    7.44   14.11    7.12    5.18    4.58
PSATLAJ     -9.76  -48.37    2.68    5.08    2.16    7.20   12.30    9.10   18.85    4.43   13.56   13.18   10.78    0.23    0.18    0.43    0.59    0.30    0.14    1.21    2.28    2.18    1.48    0.70    0.27    0.29    0.35    2.39    8.65   12.92   10.18   13.94   11.50    6.05    3.59    9.32   16.86   10.25   13.63   12.42   13.65   23.17   12.16   11.94    8.74    6.41    6.15
PSATPTRL    -9.31  -47.39    1.02    2.89    6.04    4.11    5.11    4.07    4.68    3.70    5.67    9.51    6.68    0.06    0.06    0.24    0.55    0.93    0.51    4.68    7.97    0.96    1.36    0.68    0.33    0.75    0.81    1.12   10.06    7.29   12.81    9.55   23.24   14.12    4.64   17.89   12.47    9.40    9.61   11.70   12.20   26.56   13.77   21.16   11.82   12.78    9.40
PSATLJET    -7.33  -47.48    0.16    7.53    2.06    3.99    4.82    1.19    7.80    1.92    6.10    2.16    7.06    0.66    3.14    3.44    3.48    4.39    5.30    1.70    3.09    4.13    1.47    2.96    0.61    0.84    2.78    1.44   12.77    9.95    6.32   10.69   21.66   11.14   10.24   18.22    7.38    8.50    8.14   12.97   17.56   22.61   16.56   14.38   13.47   10.81    9.78
PSATUCR     -3.83  -49.65    0.38    0.90    0.92    1.85    1.97    1.26    5.01    2.98    6.53   18.05   12.79   12.06   12.91   12.71    7.86   12.26    4.98    6.31    2.78    3.62    7.78    2.61    0.71    1.92    1.69    3.01   10.64    8.18    8.07    5.85   19.61   11.41    5.68   16.94   12.76   10.33   10.18   10.36   14.67   26.18   18.49   25.15   15.91   15.48   13.10
PSATXIVJ   -29.07  -51.67    9.56   30.96   21.29   19.57    2.92    0.00    0.00    0.84    0.05    0.00    0.19   11.42    4.05    0.00    0.00    9.48    0.42   10.48    0.56    0.00    4.46    4.81    0.53    0.48    0.56    2.84    1.77    7.77    5.13    1.30    1.72    0.26    0.09    0.15    0.37    0.23    0.00   14.66    3.72    0.00    0.00    0.00    0.00    0.00    0.00
PSATDFRC   -29.45  -53.28   16.92   33.54   21.04    3.51    0.26    0.00    0.00    0.22    0.02    0.00    0.02   17.76    0.40    0.00    0.00    4.74    0.98   11.59    0.06    0.00    0.66    0.82    0.89    0.77    2.35    0.92    0.66    4.38    5.14    1.91    0.54    0.13    0.58    0.05    0.21    0.14    0.67   23.15    0.02    0.00    0.00    0.00    0.02    0.00    0.00
PSATREAL   -29.02  -53.19   14.36   25.83   16.59   10.76    0.21    0.00    0.01    0.55    0.01    0.00    0.00   20.06    0.89    0.00    0.01   13.52    3.26   12.77    0.11    0.02    0.89    0.68    0.92    0.86    3.32    3.54    1.17    5.12    3.36    0.58    0.38    0.12    0.19    0.03    0.20    0.01    0.38   14.91    0.07    0.00    0.00    0.02    0.01    0.00    0.00
PSATCTAV   -29.01  -51.39   10.78   51.03   32.78   41.63    6.64    0.15    0.01    0.78    0.20    0.24    2.21   14.18    3.11    0.00    0.13   11.15    0.74   12.45    1.07    0.53    2.10    4.19    1.61    1.68    0.51    3.31    2.44    8.34    7.87    7.38    3.39    1.79    0.61    3.18    3.04    0.81    0.08   16.00    7.08    0.38    0.01    0.08    0.13    0.00    0.00
PSATERNT   -28.56  -52.54    6.48   16.81    9.33    7.20    0.40    0.00    0.00    0.35    0.08    0.00    0.09   16.94    1.49    0.00    0.00    8.38    1.66   10.42    0.27    0.08    4.94    0.64    1.83    0.48    2.93    5.55    1.25   11.25    2.09    0.66    0.66    0.11    0.03    0.08    0.18    0.02    0.00   18.69    2.70    0.02    0.00    0.00    0.00    0.00    0.00
PSATSTPL   -27.14  -49.52    3.16   19.67   16.43   20.22    8.83    0.74    0.11    0.41    0.54    0.10    1.11    1.20   18.32    0.30    0.25    1.23    8.66    4.55    1.25    0.75    4.00    1.71    0.99    1.45    3.55    0.72    0.92    3.06    5.55   11.98    1.57    1.16    1.90    3.46    4.36    1.93    0.28    2.20   35.40    0.00    0.33    0.15    0.05    0.01    0.07
PSATCVCH   -25.14  -48.87    1.18    0.93   12.38   17.07    5.08    0.85    0.20    0.00    0.42    0.42    0.10    0.02   11.95    7.27    4.70    8.36   10.82    4.18   11.67   16.63   27.83    8.22    2.37    1.19    2.96    0.14    2.78    5.98   17.00    4.00    1.13    2.04    7.60    3.54    2.44    1.50    0.06    7.29   22.00    0.12    0.24    0.06    0.06    0.09    0.15
PSATAMY    -12.60  -69.12   17.45    6.83    9.62    8.67    9.28    9.39   10.97   14.12   16.75    6.18    5.87    6.14    9.90    9.47    8.44    7.18    4.48   17.01   19.42   23.84   22.95   11.49   12.64   12.39    4.90    7.45   11.03   11.70   12.24    9.32    5.34    8.59   10.54   12.52    9.55    7.90   18.15    8.68   32.07    1.05    0.70    7.72   18.55   22.45    7.51
PSATGJR    -10.73  -65.35   12.45    4.70   11.13   12.09    2.86    2.70   16.64   11.80    6.26    7.74    4.67   10.39   14.44    5.25    3.13    6.40    4.32    9.57   18.66   23.28   26.36    8.99    5.54    5.02   11.95   10.25   24.59   16.50    8.00    5.72    1.43    7.59    7.08   14.21    7.27   13.39   12.75   37.41   21.31    0.25    0.28    0.87    4.88    4.66    1.20
PSATPRNC   -12.43  -64.43    6.26    0.54   16.20   21.13    8.62    4.58   14.15   13.30    6.34   16.77    6.12   10.16   19.39    8.93   10.43    5.59    7.11    6.79   20.18   12.65   23.20    6.65    9.65    6.71    2.93    6.55    9.18   11.71   10.54    4.18    2.57    5.86   12.33   11.82   12.65   13.28    8.94    5.19   15.38    0.00    0.00    0.40    6.63    3.11    0.59
PSATSANT    -8.87  -63.97    4.03    0.88    9.86   15.91    8.11    8.05    5.79   16.79    4.82    6.54    3.73    7.59   13.59   14.98    7.96    7.56    7.94    5.87    9.85    2.98   16.90   19.38    4.38    5.73    3.03    2.69    4.39    6.64   17.76    7.89    8.50    9.79    2.65   17.81    5.44   14.26   10.03    2.02    6.88    0.00    0.01    1.01    7.81   20.88   13.78
PSATDARD   -10.16  -59.46    1.63    3.20   14.89    8.22    7.62    2.73   10.26   22.67    1.74   24.39    8.68    9.05   11.13    8.61    4.77    6.28   12.85   11.17   11.28   11.01    7.07   14.01    8.65    4.94    4.26    2.36    9.11   13.08   14.97    8.40    6.02   10.62   12.99   10.31   10.70   12.74    7.84    4.06    9.19    0.31    2.03    6.89   13.51   12.91   10.59
PSATGUAP   -15.12  -58.96    5.29    0.58   14.86   36.02   14.10    1.40   31.17   12.84    6.77   20.42    6.72   13.92   15.28   15.33    5.45    4.93   10.85    2.50   16.10    5.26   14.08   17.55    7.49    5.75    0.72   14.25    3.05    8.70    2.41    4.21    0.92   10.96   16.69   16.39   12.70   18.16   14.04    0.79   12.73    0.00    0.00    0.06    2.81    0.00    1.80
PSATJIRA    -9.25  -64.65   11.17    4.41    5.50   14.61    8.96    6.75    8.74   15.11   14.27    7.03    6.94    7.05   10.26   10.83    6.82    8.32    7.96    6.06    9.16   15.52   19.55   15.40    9.09    6.66    5.86    5.74    8.53    8.28   12.24   10.14    1.42    5.07   10.17   12.76   10.55    9.01   13.68    4.57   21.84    0.91    0.53    4.15   13.28   15.19    6.08
PSATROND   -11.99  -60.70    2.19    2.33   25.82    8.40    1.77    5.53    4.57   17.54    1.10   15.82    2.99    6.84   16.22    7.87    6.76    3.56    8.82    9.95   15.73   12.89   11.66    6.18   10.41    4.43    2.81   17.09    3.14   11.20    8.79    7.08    1.40   16.75   15.20   11.23   10.68   13.34   12.12    3.39    4.27    0.00    0.03    0.40   12.97    1.83    9.77
PSATSAMU    -8.75  -63.45    0.90    0.30   12.24   15.10    6.65    3.61    3.09   19.87    5.81   17.84    6.96   14.62   10.68   14.03   11.69    8.66   11.85    9.48   14.50    2.68   23.54   12.87    3.42    2.19    7.39    5.62   10.83   11.13   16.55   14.93    7.81    4.27   10.10   10.55    9.65   15.56   12.00    0.76    7.98    0.00    0.01    1.41   14.87   28.78   10.91
PSATBALB    -1.92  -59.47    0.41    9.98    2.92    5.62    4.24    4.71    0.82    7.82    2.40   12.18    4.08    2.06    6.34    2.46    0.67    3.51    7.98   12.01    1.20    1.23   15.06    7.48    6.20    8.41    6.83    8.61   15.80   12.95    7.06    4.56    9.44    2.82    6.14    1.66   15.37    2.46   10.20    5.70    2.21   21.37    4.69    9.00    2.33   20.21   19.06
PSATCUNA    -2.82  -54.30    0.42    0.60    0.48    0.24   10.86    2.71    4.35    6.95    2.00   15.07    7.42    4.61   10.82   12.49    0.79    6.16    1.36    1.48    0.95    0.78    5.98    7.66    1.49    3.25   10.50    9.88    7.30   12.93    4.29    9.59    8.41    2.24    0.86    8.27   19.53    6.01    8.90    7.21    6.32   20.34   16.02   31.81    2.62   21.70   12.10
PSATJARI    -0.65  -52.52    0.15    0.06    0.00    0.31    1.44    5.63    0.74    2.72    2.54    2.77    2.26    4.15    5.05    5.36    1.32    2.04    5.73    5.06    3.29    1.50    3.57    6.51    5.90    7.61    6.12   13.57   13.25    2.82    3.96    1.88    6.23    0.94    5.17    7.52    8.07    3.61    9.51   12.29    2.17    9.04   11.26    6.40    3.51   13.25   10.91
PSATFGOM     0.86  -51.20    2.68    0.15    0.01    0.64    3.59    7.23    3.09    3.13    1.42    2.31    8.04    6.86    3.92    6.34    2.24    3.37    7.23   10.90    8.43    6.62    5.15    7.24    7.96    9.25    6.27   12.24   13.51    5.63    2.17    4.50    6.87    3.00   11.78   13.54   10.39    4.07   17.83    7.95    6.41    4.29   10.59    8.48    6.94   10.35    7.16
PSATUBE     -6.75  -43.57    0.20    2.32    1.32    4.83    3.77    1.86    5.87    5.58    4.15    1.14    0.10    0.23    0.30    0.88    0.43    1.44    4.88    2.03    5.71    0.84    1.34    1.14    0.44    0.70    0.49    1.74    4.14    3.69   12.58   10.19   15.25   11.93    7.47   16.83    9.89    8.94    6.10   12.22   20.45   26.01   22.83   15.75   15.93   10.87    8.91
PSATBSOR    -6.74  -52.00    0.49    5.20    5.54   11.34    7.11    5.93    9.38    5.62   11.79   31.41   14.15   11.23    7.90    9.16    3.23    5.30    4.51    5.29    7.01    4.51    6.00    3.65    1.57    1.66    2.40   10.50   13.34   11.48    5.65   15.07    9.71    5.20    7.09    6.94    8.46   14.61    8.49    7.19   14.44    5.48    4.81   13.79    8.20    4.77    5.67
PSATBESP    -6.75  -51.77    0.58    4.26    1.88    9.11    3.82    1.00    8.52    2.10    3.36   30.10   12.21   14.16   11.45   13.37    6.92   10.01    2.08    7.34    4.54    3.43    8.24    2.75    0.43    1.36    2.27    3.14   23.86    4.21    4.02    6.14   17.14   10.40    7.24   11.27   15.23    9.31    8.76   10.17    5.16   25.90   10.05   12.50   13.12   11.71   10.62
PSATPIME    -3.41  -51.91    1.16    5.35    4.13    3.62    4.02    1.88    9.61    6.04    4.18   24.24   12.13   12.84   10.13   15.37    4.04    9.82    6.78    6.36    3.48    2.27    9.45    3.99    1.87    3.06    9.23    7.38   11.40    4.93    9.43    5.83   10.90    6.50    5.66   11.40   11.08    6.33   10.48    8.79   11.84   21.33   18.46   16.46   15.35   13.82   13.07
PSATIRAP   -16.74  -42.57    3.19    0.92    0.84    4.09   19.51   30.47    0.04    0.01    0.21    1.25    5.92    0.93    0.01    0.05    0.21    0.41    0.15    0.42    0.19    0.24    0.03    0.00    0.00    0.12    0.87    3.79    5.03   21.95   30.71   18.73    7.46    8.08    5.07   13.84   10.94    4.20    1.26    1.69   13.58   20.05    6.47    0.99    1.44    0.79    0.15
PSATITBI   -15.97  -39.59    3.25    1.04    0.49    2.18   17.21   35.16    0.31    0.17    1.03    4.61    6.34    1.01    0.14    0.17    0.40    1.50    1.10    0.94    0.08    0.11    0.10    0.03    0.29    0.10    0.25    1.02    4.86   15.15   27.66   15.47    6.28   12.52   14.51   17.84   12.60   12.56    2.95    1.29   17.94   28.71   10.36    1.88    0.97    0.63    0.24
PSATCOLI   -10.98  -55.77    0.69    5.81   10.28    9.03    5.23    3.21   13.31    8.53   12.33   24.95   16.43    8.64    5.30    9.39    2.44    6.88    5.90    7.46   16.39    5.45   12.28    2.66    6.20    5.79    0.88    4.40    7.58    3.45    2.21   17.41    2.48    6.64    5.66    9.87    7.80   20.01    7.63    6.83    6.43    0.01    0.20    9.30    4.83    3.69    4.04
PSATSAEL    -9.19  -57.04    4.81    9.02   14.60    8.43    5.05    0.69    7.47    9.80    8.86   28.22   20.76    9.15    7.20   13.85    4.67    5.50    8.09    8.63   11.08    2.65    7.42    2.45    4.33    5.02    1.10    3.76   13.89    4.26    3.95    3.39   12.22   11.63   14.46    9.10    8.91   18.08    7.27    4.08   11.99    5.54   20.59    8.09    8.86    6.73    7.24
PSATITQ    -17.09  -54.83    1.77    5.53    4.51   16.58    9.19    5.13   10.65    2.42    7.77    2.85    1.62    1.43    2.99   11.80    3.31    4.45    2.83    4.69   28.67   18.25   19.57    1.67   10.67    3.48    2.57    1.66    7.87   15.97   13.82    2.68    2.03    1.78    1.76   12.97    8.40    7.57    8.51   13.64    6.36    0.02    0.04    0.00    0.00    0.11    0.27
PSATJAU    -15.24  -58.73    6.46    0.76   15.79   35.17   15.32    2.13   28.19   10.89    5.71   20.00    7.80   18.40   17.99   18.48    5.84    4.33   10.18    3.98   16.35    7.12   13.52   18.14    8.26    6.14    1.88   15.32    3.56    9.35    2.02    5.39    1.22    9.62   15.78   16.75   11.21   13.73   14.30    0.83   12.02    0.00    0.00    0.06    2.09    0.00    1.67
PSATMAN    -14.87  -55.78    0.64    0.92    8.73   10.12    3.78    5.17   10.10    5.96    8.48   14.45    6.60    6.49    3.16    7.73    3.24    5.33    9.70    7.01   22.60   15.25   18.88    2.90    7.11    7.64    1.23    6.25   12.45    4.01    4.97    6.52    2.26    7.59    2.11   10.27    7.17   19.42    9.03    4.93    4.39    0.00    0.00    0.00    0.48    0.00    0.20
PSATPTP    -17.61  -54.83    3.50    4.64   10.30   28.74    8.44    5.36    8.93    0.61    3.55    2.69    1.00    0.80    6.17   22.68    1.99    5.08    3.18    4.68   23.74   19.97   19.58    2.44   13.14    6.08    4.18    3.83    7.64   15.23   13.64    2.84    1.95    0.55    2.35   12.19    8.46    8.65    7.12   13.97    7.47    0.03    0.00    0.00    0.00    0.10    0.53
PSATSTCL   -17.90  -40.20    0.97    1.24    0.80    0.50   12.35   40.24    0.20    0.04    0.26    2.25    8.27    2.96    0.03    0.02    0.15    2.00    1.26    1.58    0.17    0.02    0.05    0.00    0.01    0.01    0.51    3.68    6.22   21.45   21.56   13.71    3.62   24.59   18.85   33.68   17.78   21.51    2.79    0.91   18.16   20.02    4.18    2.89    2.11    1.06    0.90
PSATPDC    -12.58  -39.00    0.43    0.15    0.14    0.53    2.01   14.63   15.66    6.47   10.72    4.19    1.80    2.46    0.51    1.15    0.57    0.80    0.43    0.27    0.26    0.09    0.21    0.16    1.02    0.00    0.00    0.07    0.35    0.19    0.25    1.25   16.05   14.14    6.75    1.62    2.51    5.19   11.38   10.17   16.49   16.58   24.55   30.44    9.79    3.79    2.85
PSATROSA   -20.92  -41.72    1.51    3.66    0.71   32.39   36.32    5.12    0.05    0.27    0.06    0.05    0.87    1.55    0.09    0.00    1.61    1.50    0.54    0.11    0.00    0.41    0.09    0.03    0.21    1.06    3.36   22.06    5.09   11.52   19.00   21.75   15.40    2.70    0.70   11.92   11.94   12.41    2.11    1.57    2.50   61.00    2.22    1.75    1.15    0.83    0.07
PSATCAN    -20.21  -42.85    0.34    0.67    2.19   13.83   24.34    1.34    0.18    0.00    0.01    0.00    0.65    2.79    0.37    0.14   10.64    0.43    0.01    0.22    0.22    0.38    0.04    0.02    0.40    3.41    7.14   21.38    8.67   17.69   18.84   23.61    4.27    0.59    0.85   12.45    4.20    4.88    0.15    3.26    7.89   29.84    0.86    0.58    0.35    0.16    0.02
PSATSAC    -19.64  -42.85    0.29    0.84    1.51   16.76   33.35    2.09    0.00    0.00    0.02    0.04    2.26    3.58    0.30    0.01    2.63    0.81    0.03    0.08    0.54    0.37    0.04    0.03    0.14    4.74    1.91   19.25   12.74   14.33   17.52   15.31    3.85    1.07    0.68   15.52    4.40    3.02    1.08    2.16   12.02   32.31    0.46    0.53    1.27    0.67    0.36
PSATPES    -19.12  -42.66    0.88    1.04    0.55   14.93   34.71    9.03    0.00    0.02    0.02    0.23    2.52    3.58    0.08    0.02    0.58    0.53    0.01    0.03    0.24    0.39    0.02    0.00    0.02    0.83    1.61   17.03   10.80   13.21   24.22   13.29    6.66    2.93    1.17    5.82   10.25    7.89    2.03    1.23   24.72   44.29    1.86    1.24    2.20    3.72    1.84
PSATMAS    -19.50  -40.92    1.53    1.28    0.42   15.48   29.80   10.11    0.02    0.04    0.12    0.14    2.40    3.56    0.21    0.06    0.78    0.75    0.05    0.22    0.19    0.14    0.03    0.01    0.03    0.27    1.45   20.12    6.47   12.94   24.04   14.90   13.47   12.85    4.23   13.03   10.18   10.54    1.62    1.38   14.69   59.82    2.01    1.11    1.89    2.28    0.97
PSATSBR    -23.37  -45.87    0.32    0.19    9.30   19.37   41.15    4.96    0.07    0.05    0.08    0.08    0.29    1.27    2.22    8.37   11.70    4.71    5.84    4.43    4.14   19.93   16.24   15.83    7.58   10.03    6.50    7.98    3.68   15.79   11.38   11.21    1.63    0.79    6.07    7.35   14.60    2.62    0.53    0.24   24.08   10.82    1.53    0.31    0.24    0.56    0.08
PSATJAG    -23.20  -46.03    0.25    0.07    6.80   17.75   30.57    2.17    0.00    0.00    0.02    0.04    0.18    1.30    3.47    7.89    5.22    9.17    3.60    5.74    1.95   20.05   15.21   25.04   16.77    7.93    2.81    4.00    3.08   14.74    8.97   12.36    2.35    0.49    5.71    3.69    5.43    2.26    0.18    0.15   19.84    5.22    1.50    0.18    0.15    0.46    0.09
PSATFUNI   -22.53  -44.57    0.20    0.07    4.43   20.38   31.37    1.92    0.02    0.00    0.02    0.07    0.47    2.46    2.45    6.80    6.34    4.39    4.95    2.51    2.53   14.95    9.52   13.35    8.83    9.36    8.29    8.70    4.45   17.49   13.95   16.32    1.57    0.60    7.38    5.17    7.42    1.84    0.18    0.30   24.57    7.26    0.79    0.21    0.14    0.46    0.19
PSATSACE   -22.48  -43.84    0.37    0.67    5.98   24.97   38.40    4.55    0.31    0.00    0.06    0.06    0.13    1.73    0.33    4.24   10.16    1.10    9.11    2.69    4.08   14.03    5.85   13.35   13.05   15.14   21.26   21.45    6.74   18.45   15.73   17.76    9.22    1.22   10.80   19.20   16.66    4.20    0.69    0.29   25.54   15.24    0.84    0.35    0.41    1.62    0.27
PSATPIC    -21.91  -43.54    0.14    0.24    4.77   19.25   28.20    1.20    0.09    0.00    0.00    0.01    0.04    1.71    0.65    1.69   10.27    0.46    4.87    3.07    1.63    9.48    2.09   18.51   11.41   12.25   15.59   25.51    7.39   11.41    8.79   20.63    3.91    0.55   10.35   17.76   17.15    1.59    0.55    0.52   39.55   14.10    0.70    0.09    0.03    0.24    0.03
PSATSOGI   -21.94  -43.36    0.27    0.40    6.74   22.54   26.43    0.67    0.16    0.02    0.00    0.00    0.06    3.35    2.40    5.50   11.94    1.07    3.74    1.48    0.71    6.23    1.88    7.68    8.06   10.34   10.57   29.53    6.29   14.48   12.28   16.83    2.11    1.16   11.93   20.14   15.85    1.95    1.27    0.69   38.59   18.46    0.47    0.61    0.81    0.27    0.11
PSATIPSI   -21.84  -42.58    0.48    1.13    4.02   13.60   27.19    2.30    0.28    0.00    0.01    0.01    0.25    2.54    2.34    8.24    8.60    0.63    2.67    1.62    0.92    5.53    2.19    6.91    5.29    8.17    8.62   23.67    6.38   16.92   19.43   13.88    2.82    0.72    8.03   23.93   16.69    4.00    1.19    0.70   32.09   16.16    1.39    1.01    1.12    0.35    0.21
PSATTCLJ   -22.69  -43.83    0.41    0.45    2.02   17.15   58.74   10.01    1.29    0.00    0.00    0.02    0.05    2.71    2.66   15.68   12.01    2.90    4.24    3.95   11.64    7.45    9.70    9.41    6.36    7.92   11.73    5.71    3.33   12.60   13.03   10.01    1.56    0.55    3.60   22.80   16.30    4.97    1.77    0.24   21.36   13.82    1.31    0.06    0.55    0.06    0.03
PSATBIGU   -25.51  -53.67    0.11    6.79   10.44   15.53    0.49    0.03    0.00    0.09    0.14    0.01    0.08    4.14   19.94    0.12    0.89   12.05    6.60   13.86    5.89    4.00    4.25   11.18    2.96    1.54    7.60    4.54   17.39   28.52    2.08    1.43    0.98    0.35    0.12    0.76    0.15    0.03    0.03   19.58   10.19    0.00    0.02    0.04    0.00    0.00    0.00
PSATBRAU   -21.45  -42.41    0.12    2.46    4.55   21.35   30.79    1.12    0.35    0.01    0.03    0.01    0.49    4.73    0.50    3.45   11.12    0.98    0.24    0.16    0.29    3.54    0.35    0.29    2.42    6.23    9.45   27.04    4.38   17.77   19.37   20.64    2.97    0.88    2.81    8.14   10.41    6.69    0.56    1.14   23.16   22.52    0.80    1.14    1.32    0.93    0.09
PSATSUIC   -20.08  -40.58    3.80    2.30    0.40    5.54   19.18    7.15    0.00    0.43    0.02    0.04    1.17    3.94    1.27    0.09    0.75    4.15    0.02    0.26    0.09    0.29    0.12    0.02    0.21    0.58    3.05   15.96    3.60    7.66   19.81   10.04   16.36   14.65    4.27   15.32   19.68   10.04    1.65    3.42    4.97   63.14    1.53    0.43    1.43    0.64    0.03
PSATJRI     -9.30  -64.70   12.70    3.40    4.95   14.12    8.26    5.96    6.54   16.59   15.78    7.95    7.44    5.40   10.34   12.45    8.19    8.55    8.90    5.75    7.73   12.54   13.72   14.98   10.77    6.17    3.71    3.70    4.75    6.62   13.60    9.05    1.43    4.53   11.38   15.20   12.23    9.47   10.15    1.78   20.09    0.01    0.00    4.99   16.54   17.46    5.82
PSATBENI   -14.59  -67.53    8.43    6.14    8.02   16.03   11.72    9.51   14.56   10.78   10.61    5.16    5.52   10.35   10.12    6.97    2.76    8.75    5.61    8.49   14.26   26.29   35.79   17.72    5.26    5.68   12.05   11.12   19.13   13.57   10.68   12.79    1.91    6.20    6.75    8.12    5.33    6.17   24.69   12.51   26.45    3.39    1.98    3.00    5.99    9.60    6.74
PSATEPB    -12.42  -64.42    9.29    2.54   16.11   17.55    6.08    3.40   14.95   11.27    4.88   12.30    4.62    9.20   15.74    6.80    8.22    4.39    5.90    5.99   18.84   15.15   20.11    5.57    8.09    5.68    2.97    6.99   13.27   12.46    9.03    3.75    2.08    5.79   10.92   11.96   10.54   14.39    8.09   14.93   13.12    0.00    0.00    0.31    5.19    2.36    0.43
PSATEGM    -10.79  -64.35   11.17    3.85    9.26   13.00    3.90    3.44   16.48   13.85    8.17    9.90    5.97   11.58   17.20    6.60    3.11    8.20    4.73   11.42   19.31   23.97   31.16   11.29    6.03    5.60   15.20   11.33   25.19   17.29    8.86    6.87    1.58    8.36    6.84   15.13    7.98   11.88   15.07   36.53   26.12    0.32    0.35    1.15    5.95    6.25    1.66
PSATSTOA    -8.79  -63.95    3.49    0.82    9.97   15.72    7.93    7.56    5.94   16.81    5.00    6.61    3.86    7.11   13.66   14.98    8.22    8.22    8.45    5.93   10.33    3.06   17.12   18.58    4.44    5.60    3.12    2.93    4.83    7.11   15.51    8.21    7.72    9.71    2.53   18.49    5.92   14.57   10.25    1.97    6.84    0.00    0.01    0.97    7.31   22.32   14.48
PSATENC     -9.90  -66.62    5.50    9.51    2.71   14.19    5.71    4.53    6.50   16.56   13.48    3.28    6.16   11.42    8.29    9.23    9.57    2.98    6.52    1.96    3.37    4.47   10.79   10.32    7.56   17.74    0.75    3.34    1.21    0.95    8.54    8.72    1.47    6.29   11.16    2.43   10.99   18.08    8.80    0.98   22.47    0.00    0.00    0.80   11.44   13.83    8.55
PSATAMY1   -11.71  -70.63   20.37    7.48    5.90    8.64   11.69   10.28    4.33   11.38   16.31    3.66    1.78    3.22    9.04   14.12    8.65    3.56    1.95    4.96   11.45   17.52   14.86    8.92    8.37   14.75    1.94    2.08    4.09    4.40    8.76    5.04    1.00    2.82   12.31   17.83   15.98   11.53    8.21    4.07   30.55    0.00    0.05    3.79   27.14   16.34    6.45
PSATAMY2   -12.37  -71.17   20.51    6.90   10.71    8.73    8.87    9.25   12.78   14.40   13.08    7.34    9.75    7.00   11.52   10.66    9.13    9.10    4.84   14.93   23.94   24.44   26.46    9.45   13.90   13.90    6.31    7.16   10.67   11.98   13.89   10.59    8.57   12.11   12.71   14.54    7.69    8.13   21.82    9.98   31.80    0.80    0.66    5.15   16.16   21.10    4.30
PSATAMY3   -13.75  -70.18   13.68    8.63   14.24    8.11    6.55   10.35   16.63   11.71   13.93    8.34    4.98    8.27    8.59    5.85    5.63    7.49    7.27   34.18   26.00   29.77   28.27   17.88   16.72   12.21    6.37   12.17   20.54   17.61   11.47   13.73    6.62    7.29    6.60    6.47    4.94    3.78   24.04   12.40   35.08    2.10    1.51   13.78   17.12   30.09   12.83
PSATAMY4   -13.45  -69.47   10.48    2.96    4.19    9.54   10.27    7.09    8.31   21.38   29.28    3.88    4.78    4.90    8.31    4.56   10.96    6.77    3.17   11.40   10.65   18.27   17.20   10.14    9.89    4.47    3.23    9.75    7.90   13.25   13.33    6.49    2.80   12.03    8.89    9.03   12.14    8.13   14.49    7.65   28.33    1.85    0.61    9.99   12.73   22.64    7.90
PSATJRN    -13.37  -59.01    7.41    0.62   14.22   20.47   15.23    0.89   16.37   21.94    4.39   24.49   10.42    5.66   18.59   10.39    4.49    4.78    6.76    3.23   19.60    6.64   20.53   10.80   12.21    9.49    0.82   16.78    4.68    9.58    1.01    5.75    2.11    6.88    9.67   16.02    7.19   14.63    8.64    0.92   15.18    0.00    0.00    1.07    1.28    0.00    7.37
