PSATAGV    -19.89  -50.35   20.90   22.53    4.01    0.27    0.00    0.42    0.54    2.15    9.39    3.08   23.97   30.69   21.26   24.27   13.12   10.43   16.84    9.35   33.41    8.40    2.41    0.06    0.00    0.00    0.01    0.20   20.56   18.38    3.10   22.90    6.64    2.75    5.76   12.77    1.13    0.20    0.31    0.18    0.60    0.83    0.12   17.01    6.01    5.41   46.32
PSATCMG    -21.28  -44.63   45.41   18.68    2.10    0.00    0.00    0.00    0.01   13.79   16.02    0.41   21.29    9.38    4.96   18.34   16.50    5.24   13.05    9.88    6.18    0.99    0.15    0.02    0.00    0.00    0.00    0.00    1.84   13.32    0.73    4.59    4.43   17.50   19.61   17.01   21.60    0.34    0.02    0.36    4.44    0.20    3.50    0.58    1.16   18.16   13.38
PSATCES    -20.25  -48.16    6.80    8.22    8.95    0.00    0.00    0.00    0.23    8.13   19.10    3.18   13.46   27.82   22.64   15.90   22.82    6.73    9.23   13.81   21.90   12.43    3.19    0.04    0.02    0.00    0.01    0.00    6.77   10.02    1.02   24.33   11.54    4.04    4.51   26.91    3.24    0.39    0.05    0.14    0.52    0.21    0.20    0.19   12.02    8.42   30.30
PSATELC    -21.60  -46.95   13.20   14.30    2.84    0.00    0.00    0.01    0.10   14.13   11.02    9.00   23.33   29.59   10.17   10.12   17.08    4.01    9.52   16.69   19.73   17.72    1.38    0.02    0.06    0.01    0.00    0.00    7.85   13.75    3.66    9.39    2.40    4.94    1.61   17.43   15.03    0.34    1.04    0.31    0.55    0.16    0.38    0.04    4.45   16.34   43.35
PSATFUN    -21.14  -45.04   20.89   27.85    0.75    0.00    0.00    0.00    0.00    8.13   14.30    0.24    7.32    7.85    4.37   16.68    9.67    9.81    6.84    8.02    3.57    0.38    0.27    0.02    0.00    0.00    0.00    0.00    5.23   19.71    0.77    5.14    3.91   21.22   15.60   19.74    9.00    0.86    0.20    0.19    2.02    0.13    0.27    0.21    2.44   29.45   13.24
PSATFUR    -20.67  -46.32    9.58   17.75    0.45    0.00    0.00    0.00    0.11   14.32   13.07    2.61   19.50   19.26   11.46   19.05   14.62    6.66    9.90   10.86   13.85    4.97    0.23    0.01    0.02    0.00    0.00    0.00    3.36    9.63    1.43   11.57    4.39    9.23    9.45   22.48   15.32    0.35    0.62    0.13    0.20    0.11    0.17    0.08    0.97   24.14   14.05
PSATMRB    -20.30  -49.18   11.08   13.54    4.17    0.00    0.00    0.00    0.13    8.94   13.88    7.25   22.36   35.42   20.57   17.95   21.75    5.50    9.68   10.83   22.30   11.01    2.47    0.00    0.01    0.00    0.00    0.00   11.80   13.37    1.34   19.62    8.16    2.77    3.95   21.48    2.95    0.32    0.24    0.20    0.29    0.39    0.06    3.88    7.69   10.41   55.55
PSATPRG    -21.59  -45.67   17.87   12.66    0.92    0.00    0.00    0.00    0.23   16.47   13.36    3.15   26.62   27.56   18.68   13.97   15.86    6.91   10.06   12.34   30.33   10.95    0.33    0.00    0.09    0.01    0.00    0.01    2.86   15.78    3.59    8.36    3.02    7.68    5.46   14.12   18.18    0.03    0.48    0.54    0.04    0.16    1.06    0.27    1.64   23.78   25.26
PSATPAS    -21.02  -48.18   17.19    1.97    2.90    0.01    0.00    0.01    0.80    9.83   17.87    3.33   24.60   38.01   20.17   15.29   27.71    4.05    8.47   21.27   33.59   21.22    6.45    0.01    0.00    0.00    0.00    0.00   11.63   13.39    4.32   13.74    8.48    6.45    3.57   21.29    3.00    0.07    0.79    0.65    0.35    0.01    0.22    1.55    9.99   11.71   62.33
PSATPTB    -21.61  -45.49   29.04   21.30    2.45    0.00    0.00    0.00    0.02   11.80   15.36    0.40   22.48   23.12   11.31   14.32   15.65    8.75   12.40   11.44   17.36    3.21    0.10    0.00    0.09    0.00    0.01    0.00    2.51   11.68    1.67    9.85    5.23    5.81    3.96    8.66   26.41    0.01    0.06    0.26    0.26    0.14    1.40    0.44    0.60   24.05   22.47
PSATPTC    -20.00  -48.55    8.66   15.52    3.96    0.00    0.00    0.00    0.04    9.76   14.41    6.10   18.44   19.94   23.40   19.36   15.52    7.96    7.51    7.34   12.45    5.99    1.15    0.00    0.02    0.00    0.00    0.00    7.73   11.05    2.37   22.05    9.55    6.10   10.92   22.00    4.91    0.65    0.13    0.31    0.28    0.60    0.18    0.48   11.02   15.80   18.73
PSATFZA    -26.00  -51.65    9.81   17.85    0.97    7.79   37.53   22.48   48.05   14.65    6.81    3.51   10.55   18.72    1.57    5.98    2.69    1.33   17.17   19.06    0.03    0.15    5.21   10.52    4.24    9.82    8.69    3.78   11.17    1.46    0.69    1.39   10.07   17.42   12.90    4.45    0.00    0.00    0.00    0.00    0.53    0.15    0.18    0.15    8.63   10.49    0.04
PSATJSG    -25.78  -52.00    3.69   18.24    1.36   14.96   43.87   22.38   53.50    8.39    5.79    3.66    9.56   28.64    2.51    1.07    2.07    1.89   22.93   24.63    0.14    0.21    4.34   14.21    4.60    9.38   11.69    9.19    8.01    4.96    0.28    1.68   11.64   23.64   19.41    4.08    0.00    0.00    0.00    0.00    0.26    0.42    0.02    0.02    4.18    8.65    0.57
PSATSCX    -25.53  -53.48    1.45   22.31    1.21   17.26   39.99   23.19   59.72    5.05    3.44    4.94   10.47   24.25    2.67    1.05    2.38    1.49   38.66   38.79    0.15    0.88    5.20   12.94    5.45   12.54   12.66   16.12    7.51    9.06    0.54    2.15   11.68   30.69   24.20    3.93    0.00    0.00    0.00    0.00    0.17    0.68    0.00    0.01    2.52    3.91    0.67
PSATSCL    -25.49  -51.74    6.84   21.55    1.49   18.17   31.50   28.03   44.71   21.81    1.40    3.29    8.89   15.06    4.27    7.74    2.43    1.50   19.17   26.82    0.31    1.00    4.98    5.79    8.20   14.46    5.45    6.09    6.93    1.68    0.08    2.81   12.04   25.80   29.04   13.05    0.00    0.00    0.02    0.00    0.63    0.84    0.00    0.06    9.87    4.97    0.92
PSATUVT    -26.23  -51.08    4.42    7.27    0.46    7.57   34.98   28.75   51.49   28.82    4.62    4.35    8.15    8.56    2.10   12.03    2.00    1.27   10.32   13.87    0.55    0.01    5.31   12.41    3.72   20.43    8.60   18.69   19.62    1.17    2.11    1.62    8.71    9.70   11.59   14.89    0.45    0.44    0.03    0.00    0.27    0.38    0.56    0.54   20.17   28.23    0.23
PSATBSM    -24.19  -53.74    2.18   14.09    0.69   20.67   27.82   22.57   38.21   10.73    0.27    1.97   14.31   23.55   11.97    5.92    2.08    1.14   36.36   39.11    0.36   17.34   10.79    8.28    6.59   15.99    9.94   16.96   17.72   12.96    3.54   16.87   14.97   19.20   38.51    4.78    0.00    0.01    0.00    0.00    0.06    0.87    0.01    1.74   17.90   11.50    1.53
PSATFLE    -22.97  -54.56   14.88    2.90    0.89    6.05   11.54   13.82   11.46    6.52    1.52    7.53   14.36   28.80   29.68    1.30    0.12    0.92    6.58   33.69    0.94    4.14   23.05    2.32    5.62   14.00   11.04   13.83   24.29   19.90   10.96   22.23   17.40    5.24   26.67    2.67    0.02    0.00    0.00    0.06    1.04    2.19    1.19   31.22   38.82    8.96   19.11
PSATITP    -25.42  -54.58    7.10   11.02    1.51   13.38   12.33   16.52   23.34    5.72    1.22    9.61   18.40   31.44   23.82    1.78    1.35    2.23   16.07   24.76    0.74   10.14   15.30    8.69    7.79   13.89   19.17   13.82   19.97   10.71   11.53   23.38   16.37    7.11   38.42    3.04    0.02    0.00    0.01    0.01    0.21    0.48    0.14    6.55   28.28    8.91    7.21
PSATIVM    -22.38  -53.53   14.74    3.60    1.88   16.92    3.34    4.94    1.32    2.15    1.97    7.17    9.58   26.58   27.74    1.29    0.51    7.12    5.58   30.15    6.30   20.86    7.64    1.40    7.76    5.49   15.96   20.94   18.22   16.09   28.94   27.83   21.71    1.63   36.38    4.17    1.69    0.04    0.10    1.18    2.68    6.67    6.01   38.43   39.94    6.53   27.84
PSATPTQ    -23.18  -53.17    6.92    3.75    0.86   28.48   25.23   22.32   23.06   18.17    0.13    1.44   14.92   24.80   29.48   13.32    1.35    1.47   16.87   42.82    0.65    6.50   12.75   14.04    5.69    8.47    3.30   13.81   20.94   12.32    5.13   19.20   15.75   15.31   27.96   10.27    0.03    0.04    0.02    0.01    0.11    1.25    0.00    4.66   36.60   32.18    2.52
PSATCBI    -17.99  -48.54   11.85   15.91    2.01    0.00    0.00    0.00    0.64    3.96    1.23    3.50    2.78   11.06    9.25    7.96   10.64   10.30   10.36    5.20    2.58    0.68    0.72    0.00    0.00    0.00    0.02    3.96   10.09    5.62   16.50   18.35    8.86    6.55   35.82   19.94   41.27   43.00   13.10   12.61    6.11    5.60    7.11   15.27   16.13   16.25   23.96
PSATCBIV   -16.15  -48.67    8.67   21.75    2.83    0.00    0.00    0.00    2.02    1.87    2.22    2.74    0.47    7.77    7.99    5.37    9.24   12.00    9.38    6.36    3.28    0.64    1.55    0.00    0.00    0.00    0.14    3.41    9.35    5.43   14.59   18.84    9.89    6.80   34.06   14.43   32.51   62.77   24.38    9.23    9.07    7.43    7.19   17.07   16.26   24.60   20.55
PSATEMB    -18.45  -47.98   15.51   14.46    0.84    0.00    0.00    0.00    0.29    5.26    0.35    0.14   13.20   14.59    6.87   12.55   16.35    3.72    4.11    4.22    2.66    0.51    0.07    0.00    0.00    0.00    0.00    0.02   12.68   11.83   21.18   21.50    9.57   14.93   32.98   32.26    8.75    3.00    0.83   15.00    0.68    0.51    1.21    1.39   12.04   20.79   17.91
PSATIMBR   -18.42  -49.10   15.82   19.98    3.80    0.00    0.00    0.00    0.38    3.81    3.30    5.50   19.11   11.86   14.68   14.74   10.13    4.75   10.36    5.74    6.52    1.08    0.47    0.00    0.00    0.00    0.00    0.60   10.58    5.32   14.99   20.87    3.20    5.05   25.17   20.16   11.07    6.53    4.38    5.87    3.84    2.03    1.31   10.81    9.13    8.14   22.35
PSATNPTE   -19.13  -47.70   16.84   13.01    1.60    0.00    0.00    0.00    0.13    7.89    5.31    3.75   15.61   17.36   10.79   14.77   13.56    4.77    3.30    4.79    3.39    1.80    0.34    0.00    0.00    0.00    0.00    0.00   12.03    8.92    9.17   10.30   10.90    9.13   22.83   35.95   10.80    0.43    0.27    1.19    0.31    0.58    0.49    1.25    7.42   24.80   15.74
PSATARV    -18.07  -50.16    6.49   24.00    5.97    0.79    0.11    0.39    3.72    5.16    5.59    9.90    4.85    8.54   10.75   10.68    3.68   11.07    8.16    5.53    2.72    9.64    7.07    0.71    0.00    0.01    0.41    1.82    6.88    5.95    9.19   17.25    3.55    1.81   23.20   26.58   47.57   36.17   23.79    8.46   19.55    4.21   11.91   17.48    4.66    6.59   14.94
PSATSFC    -18.05  -47.68   11.32   13.05    0.77    0.00    0.00    0.00    0.34    1.12    0.02    0.14    1.85   13.62   11.30    9.62   12.09   10.49    3.20    2.55    2.30    0.22    0.08    0.00    0.00    0.00    0.00    1.00   13.58    9.38   29.61   21.68   17.40   10.64   33.20   23.32   41.63   36.15   11.37   23.78    2.27    3.12    6.67    3.17   24.77   17.07   16.41
PSATSSM    -19.02  -50.50   15.73   30.79    2.86    0.14    0.02    0.55    1.05    5.02    6.89    4.67   19.30   18.91   21.03   19.85    6.79    8.10   10.49    8.71   10.05   11.68    2.85    0.05    0.00    0.00    0.01    1.09   11.88    8.57   12.65   20.32    2.47    2.07   26.18   21.19   14.17    8.66    6.43    2.61    7.26    2.07    2.53   24.01    4.57    3.85   18.55
PSATCNI    -22.94  -50.52   15.00    0.05    2.60    4.04    6.62    3.20    9.66   11.68    0.39    3.67   19.29   14.54   18.63   23.57    3.86    2.04    8.70   17.44   29.51   26.00   18.48    0.37    0.01    0.00    0.03    3.02   12.99    3.34    2.77   12.69    7.30    6.33   15.11   20.68    0.66    0.08    0.82    0.38    0.24    0.51    0.05    4.77   27.85   13.78   20.11
PSATCPV    -22.65  -51.33    7.41    0.38    2.12    9.30   16.78   12.16   11.07   14.43    0.38    1.60   15.43   15.81   17.08   16.70    2.52    1.27   14.11   51.56   11.56   10.28    7.92    6.51    0.29    0.05    0.45    7.91   14.75   10.93    1.96    8.02    4.68    4.71   14.45   17.72    0.26    0.30    0.29    0.09    0.21    2.70    0.01    7.32   72.54   44.23   10.92
PSATCHT    -23.01  -49.73   10.95    0.16    2.79    6.20   13.94    6.71   17.14   16.10    0.14    2.10   13.91    6.59   12.67   18.80    1.74    1.19    8.37  129.07   18.19    4.40   12.02    0.51    0.19    0.01    0.10    3.08   14.35    3.06    0.45    4.27    2.75    4.84    5.22    8.64    0.10    0.56    0.57    0.05    0.20    0.57    0.08    0.34   43.35   65.35    2.99
PSATJUR    -23.22  -49.23   22.50    0.47    3.88    4.20    8.51    4.94   17.01    8.88    0.48    9.23    9.25    8.30   10.79   26.34    2.35    0.89    4.63   59.13   51.51    7.77   16.86    0.05    0.02    0.00    0.26    1.38   27.74    4.81    1.91    8.15    4.58    3.03    4.09    8.33    1.13    0.60    0.43    0.03    0.18    0.29    0.92    0.27   17.51   62.50    5.80
PSATMAU    -24.06  -50.71    6.21    0.24    1.05   10.20   18.42   21.90   23.82   59.79    0.24    1.82   12.62    6.61    7.50   20.24    1.44    1.72   13.45   77.71    1.75    0.24    3.95   11.35    2.74    1.38    2.08    5.65   11.68    7.97    0.14    2.16    6.24    9.27    9.69   25.36    0.07    0.12    0.10    0.01    0.12    1.13    0.03    0.23   67.83   61.40    0.82
PSATROS    -22.50  -52.87   14.18    2.18    1.03    9.78    8.84    6.20    3.99    4.46    0.05    0.54   18.81   23.64   30.26   12.89    2.76    1.58   11.71   24.33   11.03   20.03    9.45   10.22    0.65    0.07    0.69   21.20   17.46   17.54   15.41   16.99   13.03    2.40   29.45   26.18    0.20    0.00    0.08    0.05    0.18    0.66    0.00   13.99   61.97   30.18    7.40
PSATQMD    -16.21  -47.33   13.24    3.02    0.63    0.00    0.00    0.00    0.42    0.11    0.08    0.21    0.21    2.97    8.70    5.43    5.76   12.02    0.78    1.57    1.23    0.42    0.18    0.00    0.00    0.00    0.08    1.10   10.42    7.34   13.43   15.98    2.44    9.49   19.79   29.98   15.29   38.94   12.59   28.35    5.19    4.15    5.02    4.84   22.11   13.85    9.99
PSATRBX    -18.95  -44.76   16.98    8.74    0.12    0.00    0.00    0.00    0.15    2.49    2.65    0.20    3.07    4.31   10.71   23.87   19.17    9.19    6.08    1.60    0.65    0.32    0.05    0.02    0.00    0.00    0.00    0.00    4.47   16.25    0.22    6.20   10.38   23.55   22.47   29.95   13.95    2.66    0.34    2.59    7.90    0.31    0.30    0.56   14.31   45.97   12.69
PSATSFR    -15.93  -44.86   12.20    2.15    0.32    0.00    0.00    0.00    0.07    0.02    0.08    0.07    0.60    5.15   18.67    9.81   13.14    6.83    2.05    1.62    0.63    0.28    0.02    0.00    0.00    0.00    0.01    0.61   12.31   22.22   11.97   12.80    7.44   11.80   23.05    5.44   44.19   31.42   32.89   19.04    9.11    7.97    1.08   10.29   24.36   13.29   27.03
PSATSRM    -16.37  -45.07   14.48    6.05    0.14    0.00    0.00    0.00    0.15    1.03    0.12    0.03    3.00    9.54   12.39   17.13   17.38    8.45    1.87    0.87    0.60    0.19    0.04    0.02    0.00    0.00    0.00    0.24    6.68   11.81    8.25   19.01   12.51   14.24   26.31   19.34   33.87   22.07    4.55   22.34    4.16    1.17    1.27    3.94   17.72   16.29   14.58
PSATTMR    -18.16  -45.27   17.08   15.23    0.46    0.00    0.00    0.00    0.06    5.26    3.62    0.02   15.90   12.61   16.15   19.43   16.36    7.44    4.69    3.98    4.21    0.90    0.11    0.00    0.00    0.00    0.00    0.00    4.47   11.88    3.73   11.49   20.78   18.30   24.37   30.35   15.23    1.52    0.50    4.58    0.90    0.20    0.50    0.59   11.77   33.34   11.89
PSATBOQ    -11.35  -43.83    3.48    2.04    0.12    0.24    0.01    5.78    1.53    0.74    0.78    0.85    2.21    2.62    4.14    2.23    7.01    7.22    2.90    1.21    0.33    0.21    0.05    0.00    0.04    0.69    1.66    0.86    0.84    0.81    0.86    2.57    0.25    1.21    4.12   18.34    9.17   12.78   11.86   16.86   21.52   28.09   36.61   17.77   16.11    3.87    1.86
PSATBBO    -22.52  -48.55   36.91    0.29    3.96    0.17    0.10    0.07    7.54    7.29    7.59    9.81   19.56   22.48   13.43   21.06   13.98    2.20    3.86   21.47   45.33   42.64   10.85    0.01    0.04    0.09    0.14    0.04   22.51    8.13    3.31    7.04    7.01    4.74    2.49   13.68    3.11    0.21    0.40    0.28    0.13    0.10    0.81    0.28    8.77   32.04   22.15
PSATESZ    -23.46  -46.91   47.02    3.23    4.26    0.24    0.00    0.02   13.82    6.76    2.24    8.66   14.35   12.86   10.91   31.24   18.13    2.47    1.78   20.92   60.77   50.48    3.45    0.01    0.00    0.01    0.35    1.94   38.37   17.28    5.46   10.52   11.39    3.13    2.86   19.52   14.83    0.68    0.11    0.35    0.47    1.61    2.18    1.31    3.96   49.68   20.17
PSATIBT    -21.76  -48.99   18.51    0.57    1.28    0.49    0.55    0.72    6.09    6.42    6.97    4.80   21.06   30.79   18.26   26.83   11.45    3.35    9.17   19.46   33.78   20.96   12.36    0.02    0.00    0.00    0.02    0.06   16.05    6.71    1.32   12.57    6.34    3.89    7.07    8.49    1.00    0.10    0.92    0.46    0.13    0.02    0.07    2.77    8.40   15.65   38.57
PSATNAV    -21.12  -50.20   21.70    7.54    4.50    0.81    0.54    0.75    1.93    3.42    9.38    3.92   21.74   28.62   19.18   23.75   19.42    6.32   23.31   16.83   32.66   16.45    8.33    0.02    0.00    0.01    0.01    0.42   14.88    6.60    1.85   26.71   13.19    2.05    6.67    9.80    0.72    0.37    0.26    0.43    0.35    0.29    0.03   12.98    8.06   13.11   42.59
PSATSME    -13.40  -48.30    8.51   10.20    3.48    0.11    0.02    0.02    2.65    3.71    8.72    2.79    0.94    4.39    9.99   15.80   11.42    7.97   10.79    7.34    4.19    1.48    0.89    0.08    0.00    0.00    0.82    5.68    8.67    6.89   11.51   13.96    2.42    4.60    8.89   28.15   21.01   45.28   28.52   27.98   13.48   10.15   23.32   15.72    9.17   13.74   18.46
PSATBGR    -27.78  -51.20    0.55   16.68    2.34   12.88   33.40   44.88    5.02    0.07   26.07   26.58    3.43   33.17    2.11    4.09    1.81    1.28    0.41    1.09    0.06    0.00    0.07   10.31    7.05   10.09   24.10   25.90    2.48    0.49    0.75    0.39    1.02    8.19   23.92    4.75    0.34    0.03    0.02    0.00    0.09    0.05    0.07    0.11    0.35   15.93    1.64
PSATCNV    -27.60  -51.33    1.82   14.98    1.30   12.58   42.26   31.15   28.66    0.37   15.59   12.51    4.02   18.94    1.04    6.69    1.74    0.84    3.07    1.09    0.09    0.00    0.56   13.42    8.26    8.00   31.02   19.54    3.28    0.63    1.05    0.72    3.71   19.86   17.94    6.09    0.05    0.03    0.01    0.01    0.14    0.14    0.12    0.50    1.67    8.25    1.02
PSATFCH    -27.14  -53.04    0.31    7.70    3.60   24.63   54.36   45.27   24.59    6.57   19.43   17.44   12.76   10.96    0.09    0.16    0.60    0.79    4.81    0.05    0.02    0.00    1.43    8.81    4.65   10.62   27.42    5.34    0.67    0.11    0.27    0.23    6.48   30.20   28.37    2.29    0.00    0.00    0.00    0.00    0.24    0.00    0.00    0.00    0.00    1.56    0.06
PSATITA    -27.27  -52.38    1.21    8.21    3.26   16.64   42.87   30.85   36.24    3.97   18.21   14.67    9.98   16.70    0.54    0.66    1.26    0.85    6.92    3.23    0.05    0.00    2.59   11.43    6.49   10.01   22.71    8.12    4.88    0.68    0.58    0.25    4.90   20.30   19.39    3.83    0.01    0.00    0.00    0.00    0.24    0.03    0.04    0.04    0.99    2.97    0.26
PSATMCD    -27.52  -51.78    0.15   18.75    3.94   24.93   37.33   30.87   10.31    0.84   30.79   28.39    6.25   28.59    1.56    0.37    0.56    0.70    0.56    0.47    0.00    0.00    0.14    9.61    9.47   14.43   25.57   10.51    0.64    0.02    0.20    0.15    0.79   14.51   28.11    2.55    0.08    0.00    0.00    0.00    0.00    0.00    0.00    0.00    0.05    2.01    0.17
PSATMOJ    -27.35  -52.73    0.18   18.38    2.20   35.15   41.27   36.09    3.35    3.77   26.97   36.03   10.48   35.24    0.76    0.10    0.11    0.44    0.05    0.43    0.01    0.00    0.92    3.90   13.54   25.62   30.82    3.91    0.67    0.00    0.18    0.56    0.38   16.28   27.45    1.69    0.00    0.00    0.00    0.00    0.00    0.00    0.00    0.02    0.00    1.01    0.00
PSATQQX    -26.66  -52.54    1.41    9.05    2.49   11.82   60.91   29.19   74.58    8.58   10.97    8.78   12.58   18.91    1.05    0.43    1.36    2.38   23.95   15.19    0.17    0.00    3.71    6.94    4.12   12.19   17.25    6.71    8.04   13.14    0.61    0.44   13.64   22.95   15.01    2.70    0.00    0.00    0.00    0.00    0.38    0.05    0.00    0.03    2.52    3.40    0.35
PSATPSJ    -28.14  -55.05    0.02    3.87    2.18  109.28   36.14   42.98    0.23    3.85   56.70    4.11    8.64   16.00    0.55    0.00    0.04    0.08    0.01    0.08    0.00    0.00    0.73    3.38   36.27   19.87   18.08    0.28    0.45    0.05    0.76    1.60    0.31    3.14    4.88    0.93    0.00    0.00    0.00    0.00    0.00    0.00    0.01    0.01    0.00    0.11    0.00
PSATESP    -18.68  -51.87   20.85   20.88    7.08    0.69    0.82    0.22    0.98    6.38    2.62    7.78   13.21   12.47    6.71   17.11   11.70   16.72    6.84   20.98    9.52    2.81   14.30    3.74    2.01    0.03    1.08    0.92    3.78   12.88   12.42   15.93    9.43    2.29    8.61    2.62   29.27    9.77   17.76    6.81    9.55    2.23   15.01   20.87    7.02    9.25   16.24
PSATSRC    -19.16  -50.76   13.03   33.00   11.67    0.95    0.26    1.34    0.53    4.31    4.19   10.29   15.53   17.75    8.73   10.20   17.14    9.83    6.42   14.17   10.15   17.98   14.07    2.72    0.04    0.00    0.38    1.80    9.24   11.49   11.85   20.02   12.99    4.86   13.47   21.17   15.79   14.41   19.04   11.75   18.31    2.48   13.14   18.88    8.44    8.96   15.56
PSATFRCL   -19.12  -50.64   10.60   31.95   13.85    1.48    0.16    1.23    1.06    6.04    6.18   12.85   15.94   15.47   10.44   10.56   11.89   14.64    5.73   11.00    7.12   17.64   13.53    1.39    0.00    0.01    1.08    2.33   10.41   11.07   15.87   17.68   10.35    9.53   23.11   27.41   28.35   16.63   23.24   16.03   16.64    2.78   10.86   15.74    7.61    3.23   13.37
PSATISOT   -20.40  -51.35   32.50   22.06   10.66    1.07    0.48    1.37    2.13    3.43    6.45   11.02   27.51   29.72   17.73   18.37    7.78    7.82   17.32   13.18   30.28   22.05    8.51    0.71    0.01    0.00    0.01    4.56   12.99   17.40   10.79   22.15   14.59    4.19   17.79   16.79    3.50    0.94    0.77    2.64    4.39    0.90    3.05   23.79    7.15    9.96   32.57
PSATJUP    -20.86  -51.63   16.24   18.32   15.92    0.13    0.66    0.48    0.58    3.05    5.85   20.14   17.74   12.96   11.76   16.71    2.39   10.74   23.35   18.16   29.67   16.46    9.06   11.17    3.99    0.02    1.73    9.30    4.88   15.48   15.33   21.28   13.93    3.53   21.77   11.56   17.47    2.56    2.37    7.03    5.52    2.19    8.80   25.76   12.44    7.26   13.96
PSATSDG    -20.06  -53.18   11.22   11.77   11.19    0.77    1.12    1.14    0.49    2.74    3.51   17.02   21.59   14.12    8.58   13.31    3.22   12.43   11.68   14.22   28.63   15.21    2.99   10.94   12.26    0.06    6.36    6.05    5.03    6.25   17.77   22.99    5.13    0.95    5.95    6.43   28.67    3.86    2.54    7.59    4.62    4.57    9.66   17.66   14.68    2.32   10.55
PSATFZBT   -21.66  -52.87   21.91   11.12   11.84    8.86    2.59    3.29    0.68    2.70    1.56    9.32   12.73   13.28   21.79   14.08    2.55    6.82    8.73   11.90   22.48   19.70    8.32    7.16    7.79    2.15   16.07   10.46   11.12    9.58   21.86   29.10   19.94    5.13   11.46    4.65    7.98    2.67    0.71    3.58    2.82    7.07    6.91   22.38   46.24    4.40   11.85
PSATPPRA   -22.46  -52.91   24.34   10.08   10.21    1.98    4.99    3.18    2.09    4.91    2.81    8.49   21.16   22.61   19.76   20.15    8.90    3.75   18.10   14.06   28.99   16.45    8.08   10.12    0.18    0.03    1.92   12.14   12.22   12.20    9.36   19.10   16.32    4.90   27.44   10.20    1.25    0.06    0.15    0.53    1.14    0.82    0.65   24.88   29.19   14.02   22.81
PSATBTE    -13.69  -50.80   12.22   20.80    7.25    1.02    0.83    0.40    2.45    5.33    4.77    8.30    1.94    7.57   16.07   24.03   18.74    7.85    9.55   12.47    2.70    5.27   12.26    1.44    1.10    0.02    2.02    4.20    7.42    4.78    7.91   12.22    1.77    0.41   12.09   17.99   18.11   26.80   37.74   22.92   23.03   11.05   14.14   25.35    7.86    5.70   19.43
PSATARAG    -8.27  -49.26    9.19   10.62    3.21    0.99    0.44    0.81    4.42    5.32    6.12    3.55    0.74    7.77    9.67   13.07   11.86   10.18   10.53    9.70    1.68    2.57    4.42    2.04    0.65    0.33    7.32    4.65   10.10    7.18    8.83    6.81    1.72    3.85    6.96   10.61    6.19   23.02   29.82   25.51   17.96   26.33   22.37   19.44   13.45   15.42   10.72
PSATLAJ     -9.76  -48.37   14.78    7.99    1.28    0.14    0.00    1.05    7.66    1.84    3.93    3.58    2.77    7.84   13.10    9.27   10.38   13.34    8.76    4.79    1.39    0.58    0.25    0.10    0.08    0.43    3.83    2.89   12.65    8.49   12.84    6.27    1.23   11.45   16.44   12.47   12.48   26.57   29.38   23.18   14.69   29.27   45.53   35.15   12.69   18.53    9.97
PSATPTRL    -9.31  -47.39   19.27    3.62    1.66    0.17    0.06    4.04    3.64    3.15    0.99    6.70    5.19    3.44   10.24    1.68   11.20   10.95   11.63    3.30    2.70    1.10    0.11    0.32    0.07    2.66    4.96    2.78    7.25   12.64    5.09    4.32    0.95    8.29   14.88   14.95    8.63   10.48    9.97   22.45   23.53   35.05   32.48   20.37    5.80   31.84    5.61
PSATLJET    -7.33  -47.48    3.63    3.10    0.66    0.16    0.35    0.54    0.88    3.51    1.89    4.62    1.45   10.72    4.69    4.32    5.91    4.77   10.53    5.88    2.02    1.06    2.02    3.07    0.70    4.59    8.32    4.86    9.80    4.75    3.72    4.42    3.24    2.34    8.89   17.37    4.30    8.17    7.53   12.70   19.90   26.35   18.01   18.40   19.18   22.26    8.21
PSATUCR     -3.83  -49.65    1.71    3.74    2.28    2.83    1.25    0.58    1.09   14.57    8.45    8.91    3.23   11.05    8.65    8.06    7.11    7.65   10.19   13.16    2.46    7.77    5.32    5.41    1.25    3.03    6.10    6.45    6.07    4.00    3.28    2.67    2.72    2.65    4.76   11.40    7.26   10.00   10.64    6.00   14.79   16.84   11.90   17.46   21.89    8.68    2.94
PSATXIVJ   -29.07  -51.67    0.12   12.75    1.59   27.42   30.93   54.02    0.41    0.08   63.39   16.98    6.42   38.09    2.27    0.30    0.90    0.76    0.57    0.40    0.00    0.00    0.08    4.11   12.97   15.08   77.29   13.31    0.93    0.09    0.12    0.21    0.05    3.36   28.27    2.37    0.09    0.00    0.00    0.00    0.05    0.00    0.00    0.00    0.00    3.60    2.03
PSATDFRC   -29.45  -53.28    0.01    1.05    1.60   89.70   19.54   26.45    0.21    0.00   45.78    0.61    4.32   71.36    1.17    1.14    0.48    0.10    0.01    0.22    0.00    0.00    0.22    6.74   14.94   11.37   61.46    0.87    0.58    0.20    0.24    0.70    0.02    6.05    6.51    0.77    0.01    0.00    0.00    0.01    0.01    0.00    0.00    0.00    0.01    0.07    0.09
PSATREAL   -29.02  -53.19    0.00    7.35    2.59   93.39   52.24   53.10    0.22    0.22   57.10    4.30    6.04   16.91    1.28    0.07    0.26    0.20    0.06    0.29    0.00    0.00    0.39    2.29   29.06   13.09   51.76    0.39    0.67    0.04    0.20    0.49    0.10    3.86    6.02    1.10    0.02    0.00    0.00    0.00    0.00    0.00    0.00    0.01    0.00    0.54    0.00
PSATCTAV   -29.01  -51.39    0.44   10.93    0.39   12.36   22.41   57.28    1.92    0.00   40.01   17.19    3.10   66.28    4.03    3.39    1.88    1.52    0.58    2.09    0.00    0.00    0.07    6.81    7.67   22.34   42.07   31.03    3.32    1.16    0.46    0.35    0.51    3.40   28.43    3.44    0.94    0.01    0.01    0.02    0.08    0.09    0.05    0.37    0.41   18.08    1.18
PSATERNT   -28.56  -52.54    0.02   17.55    4.21   40.24   37.09   41.63    1.64    0.48   48.87   22.29    9.08   25.67    1.28    0.09    0.19    0.47    0.08    0.24    0.00    0.00    0.09    1.96   20.03   17.60   32.43    3.68    0.72    0.00    0.17    0.41    0.11    7.74   15.05    1.62    0.03    0.00    0.00    0.00    0.02    0.00    0.00    0.02    0.00    0.52    0.00
PSATSTPL   -27.14  -49.52    1.75   15.18    2.55    6.65   39.44   20.89   39.64    0.38    9.04    6.96    2.60   17.49    1.07   11.18    1.57    0.45    5.66    1.52    0.09    0.02    0.30   15.47   11.62   17.19   36.87    9.87    9.49    0.77    1.95    1.67    6.18   13.40   15.50    6.74    0.37    0.42    0.12    0.07    0.19    0.41    0.43    1.70   11.16   13.31    0.13
PSATCVCH   -25.14  -48.87    3.29    1.59    0.31    4.33   16.77   11.17   45.78   42.00    0.96    6.64    8.88    8.27   12.47   22.31    2.79    2.41    4.56   48.11    6.58    0.17    2.94    1.16    0.87    5.45    1.62    7.11   28.11    4.33    2.17    2.23    7.84    5.00   13.64   16.20    1.53    2.04    0.27    0.00    0.46    0.49    1.53    0.73   40.01   98.82    0.98
PSATAMY    -12.60  -69.12    8.71   10.15   23.78    9.92    7.32    9.86    7.25    7.16    7.18   13.12   14.71    5.35    7.33   12.62   14.70   11.49    8.85    6.87    4.71   36.55   12.91   19.79   16.08    5.76   24.81   22.82   11.05   16.43   11.01    9.28   14.32   11.42   31.94   12.71    8.18    3.38    5.69    3.21    2.90    2.67    3.71    5.66    8.77    9.72    6.20
PSATGJR    -10.73  -65.35   16.85    8.10    5.61    6.45   20.35    9.45    9.29    7.74    9.64   11.53    2.51    4.58   18.00   15.02    8.05    9.78    2.98   17.38   25.42   18.56   10.06    4.30    8.25    6.19   21.09   13.10   15.22   13.74   12.85   15.51   23.20    4.71   13.46    6.11    3.29    0.98    1.02   11.48    5.48    6.59    7.81    6.10    4.87    4.16    4.07
PSATPRNC   -12.43  -64.43   17.10   10.35    8.55    5.61   14.63    6.64    3.28    2.34    2.30    4.34    2.03    1.54    6.80    8.93    8.58    9.24    5.08    3.30   12.41   14.92    9.53    3.81    2.19    6.72   13.50    9.31   10.34    6.88    6.68    4.37   10.74    2.58    2.04    4.43    5.37    1.59    1.68    5.52    1.38    1.23    7.40    9.31    7.24    6.43    2.32
PSATSANT    -8.87  -63.97    8.45    7.70   12.20   15.28   13.71    3.36    5.27   14.35    7.48   15.47    9.20    2.19    3.06    4.54    6.15    7.51    7.90    6.08    8.76   12.52    2.16    0.48    8.07    2.48    3.06    3.06   11.11    7.09    6.09   11.62   19.26   25.30   11.00    2.59    3.69    2.90    1.68    3.31   11.66    4.81    1.30    3.60    9.48    6.98    1.25
PSATDARD   -10.16  -59.46    8.95    8.76   24.99   18.86    7.08    2.30    1.42    2.17    7.73    1.14    3.19    4.74    7.78    7.14    8.47   20.08   14.74   12.68   15.56   12.50    1.01    1.55    1.42    8.88    9.08   17.19    6.83    5.29    4.75    4.42    5.33    3.74   22.01    1.90    8.34    1.90    5.26    1.40    7.04    8.03    2.25    6.36   12.81    2.75    8.25
PSATGUAP   -15.12  -58.96    0.63    3.30    5.83   10.82   12.61    1.92    2.98    7.02    2.47    0.53    1.56    6.96    0.43   10.88    4.79   11.58   14.13    6.81   16.71   10.82    3.30    5.87    2.37    6.15   13.15    9.31   10.47   13.95   11.75   13.95   12.12    8.51    2.01   16.27    7.20    2.41    1.95    0.49    0.34    1.16   11.51   11.14    0.37    2.47    0.52
PSATJIRA    -9.25  -64.65   10.65    8.82   11.02    5.07   11.06   10.08    4.47    5.81    9.88   16.38    7.78    4.10    7.31   13.13   12.17    7.36    5.39    9.83    6.32   18.46   11.43    9.06    8.01    6.46   11.15   16.02   10.04   14.88    8.52    7.26   14.50   10.54   16.49    8.12    5.57    2.45    1.12    2.20    3.49    2.74    3.16    5.91    7.75    9.25    3.46
PSATROND   -11.99  -60.70    1.16    7.06    3.04   14.24    6.58    1.11    6.25    0.37    5.36    2.01    8.10    4.04    1.54    6.56    6.18    3.66    9.78    3.31   15.11   13.05    1.14    0.89    0.76    9.26    7.34   20.57    6.59    0.95    3.63    7.29    4.27   16.78    8.73    2.69    7.29    2.23    2.93    1.98    0.31    4.88    7.08   13.73    5.10    3.54   10.93
PSATSAMU    -8.75  -63.45    7.50   13.42   22.28   17.21    9.48    2.94    5.21    3.01    7.74    5.90    4.06    8.35    4.66    9.59    3.47    7.75    8.18    4.61    9.09   14.12    1.95    0.87    2.65    1.25    6.48    6.28   13.47    2.72    5.82   10.16   13.36   16.20   17.09    2.86    2.15    5.32    3.14    1.90    7.47    3.39    2.86    2.86   11.02    5.92    2.68
PSATBALB    -1.92  -59.47    6.62    9.37    2.41   17.07   13.14   12.19    4.60   11.82    6.76   10.30    9.44    7.99    3.39    4.70    9.08    7.83    5.06    5.02    4.20    3.94    1.53    0.55    1.58    4.73    6.65    5.36    2.70    5.93    4.42    8.58    8.29    4.83    2.42    3.76    7.35   15.56    4.86    0.88    0.29    1.00    0.19    0.00    0.00    2.45    1.31
PSATCUNA    -2.82  -54.30    4.07   12.39    1.75   13.07    3.73    2.28    8.83   13.44   15.51    5.19    0.65   10.21    1.16    6.66    4.00    1.65    2.07    7.33    6.77    4.76    1.95    3.86    3.42    1.21    7.98    4.00    5.70    6.91   20.34    4.30    2.18    1.29    1.29    4.48   10.34   13.64   17.43    5.81    3.57   19.45    3.54    2.70    3.43    5.77    5.22
PSATJARI    -0.65  -52.52    4.47    2.44    3.81    8.40    4.46    9.64    3.71    5.12   13.86    4.97    2.73    2.85    1.25    2.03    2.24    2.24    2.80    4.44    4.13    3.56    3.82    4.60    3.70    7.64    6.43    4.53    3.26    5.29    7.26    8.61    4.73    3.13    4.29    5.29   10.63    8.58    7.56    3.28    1.49    8.90    0.60    1.04    2.47    8.22    5.29
PSATFGOM     0.86  -51.20    8.16    5.12    9.12   20.88   10.22   14.38    8.33   12.79   10.61    5.22    5.04    7.90    2.59    7.82    3.09    5.64    5.84    8.85    9.36   10.29    5.16    6.20    5.42   13.19    6.99    7.65    5.85    6.84    9.71    4.45    3.16    2.00    6.11    8.38   12.73    8.92   11.97    5.90    3.85    4.65    1.13    1.67    2.95   11.21    6.30
PSATUBE     -6.75  -43.57    2.52    5.63    0.89    0.24    0.54    2.87    1.27    2.69    1.98    3.60    4.59    8.21    5.18    1.81    8.25    7.84    3.47    4.73    2.77    0.62    2.33    0.38    0.21    2.85    2.55    3.36    3.54    2.63    1.73    1.97    1.27    2.62    9.71   18.96   14.57    9.16    9.53   11.35   25.66   28.13   19.80   23.97    9.62    4.61    2.80
PSATBSOR    -6.74  -52.00   18.68   17.86    6.26    5.15    3.24    0.99    2.65    3.66    5.12    4.76    1.17    7.77    8.38   13.77    9.99   14.53    8.37   14.80    3.67    1.70    3.10    2.41    0.65    0.33    5.16    3.93   10.72    5.89    7.15    8.46    1.85    3.36    6.25    7.02    8.26   11.96   21.09   13.33   11.90   11.07   18.42   15.49   11.89    7.92   12.15
PSATBESP    -6.75  -51.77    6.28   10.43    8.81    2.10    0.78    1.06    2.11   11.65   11.54    3.71    3.61    7.04    4.43    7.09    7.11    8.57   10.48   13.43    3.11    4.50    6.17    3.18    0.93    1.83    9.96    5.59    4.29    4.86    3.93    2.33    1.50    3.90    2.34    6.02    5.75    5.39   15.20   18.51    9.05   16.98   12.48    8.64    9.50    9.20    5.70
PSATPIME    -3.41  -51.91    7.50   11.15    4.83    7.56    3.93    1.62    4.99    8.99   11.27    8.60    2.23    8.62    5.07    5.63    5.57    5.11    4.84   14.98    7.84    5.02    2.29    4.76    1.05    2.72    7.98    5.16    6.34    7.06    5.59    2.20    3.67    4.54    1.92    3.91    7.39   13.27   15.63   12.84   12.61   14.63   14.68   10.71    8.13    8.27    5.90
PSATIRAP   -16.74  -42.57    6.00    1.73    0.00    0.00    0.00    0.00    0.01    0.02    0.00    0.01    0.01    1.91   12.42   12.90   13.65    6.75    0.48    0.27    0.09    0.09    0.12    0.17    0.01    0.00    0.01    0.11    0.43    6.00    4.93   25.66    8.24    9.72    7.54    7.77   14.73   24.44   10.56   26.77   16.04    1.21    0.28   20.14   15.60   15.05    9.36
PSATITBI   -15.97  -39.59    2.60    0.45    0.09    0.09    0.14    0.05    0.06    0.39    0.28    0.16    0.05    0.71    5.11    5.11    4.93    1.51    0.38    0.44    0.58    0.94    0.52    0.66    0.23    0.17    0.10    0.09    0.31    4.91    4.41   12.05    4.60    4.30    1.98   18.39   11.18   31.80   44.66   33.03   35.46    9.50    1.78   18.52   13.34    2.46    9.04
PSATCOLI   -10.98  -55.77   22.03   16.02    9.06    7.78    4.29    1.48    1.08    1.93    1.10    2.53    1.46   12.53    6.59   13.99   11.50   17.46    9.83    7.01   10.96    2.34    2.23    2.03    1.51    1.34    2.63    3.89    9.34    9.57    9.64    7.12    2.66    2.81    8.13    8.83    2.22   14.86   11.81    1.97    4.69    7.53   10.17   16.93    9.80    4.91    8.10
PSATSAEL    -9.19  -57.04   17.82   13.81    5.25    9.06    4.31    1.85    1.27    1.49    5.43    1.26    1.80    3.47    6.77   11.64    9.20   21.74    7.66   11.80   14.57    3.25    1.57    1.09    0.41    2.19    6.96    4.19    5.51    3.67    7.24    7.54    5.77    1.63    1.22    2.30    9.15   14.96   11.59    5.86   20.86   10.79    5.78   10.03   10.32    7.66    9.70
PSATITQ    -17.09  -54.83   14.90   10.98   14.30    1.90    1.04    0.31    0.38    6.25    2.25    6.37    2.20   23.33   13.44   24.31    7.83    9.34    9.33   18.69   18.86    2.30    2.87    2.23    2.60    0.61    4.28    7.08    7.71   17.52    6.90   20.47    3.68    0.87    9.29    7.05    3.52   20.10   30.50   14.69   16.65   23.84   28.11   24.86    1.80   10.07   10.77
PSATJAU    -15.24  -58.73    1.43    3.96    9.27   11.85   12.56    1.52    4.56    4.30    1.55    0.37    1.41    7.09    0.58    9.03    4.03   15.41   14.78    6.38   16.36    8.34    2.21    6.96    2.05    6.65   11.91    7.28   11.30   10.28   15.13   14.88   14.97    8.45    1.60   14.41    8.48    3.27    1.71    0.67    0.65    1.76   10.65   10.60    0.25    3.82    0.38
PSATMAN    -14.87  -55.78   15.01   13.67    3.60    4.82    1.37    1.92    0.51    1.08    1.08    4.75    0.65   19.95   12.89   21.79    9.00    7.99   11.27    8.70   10.24    2.51    5.52    4.89    1.51    0.32    0.70    4.55    8.97   11.07    6.13   11.52   11.47    3.57    6.54   23.50    1.43   17.52   15.89    2.78    2.57    4.14   16.52   18.34    1.03    4.97    5.95
PSATPTP    -17.61  -54.83   10.71    9.86   25.20    0.68    0.55    0.35    0.34    5.99    0.99   10.39    6.15   19.50    9.34   28.08    7.71    8.82   14.64   20.38   26.72    6.62    5.96    3.31    2.00    3.89    5.34    9.21    7.59   17.00    7.53   21.14    6.99    0.71   12.33    5.69    6.52   39.86   21.69   17.77   12.91   24.43   34.10   30.56    1.92    3.21   12.18
PSATSTCL   -17.90  -40.20    1.21    0.02    0.00    0.00    0.03    0.01    0.00    0.02    0.03    0.42    0.00    0.81   10.39    1.58    2.64    0.22    0.09    0.13    0.36    1.43    1.29    1.19    0.45    0.01    0.26    0.06    0.62   13.63    1.45   15.55    7.78    6.51    2.00   37.36    5.78   35.40   26.80   31.76   73.27   13.31    1.10   16.06   10.51    1.15   24.56
PSATPDC    -12.58  -39.00    0.27    0.17    0.27    1.09    2.37    0.57    0.65    2.34    0.48    1.15    0.34    0.33    0.10    0.23    0.45    0.78    0.79    1.01    1.20    1.23    1.83    2.60    3.36    0.11    0.25    0.82    0.19    0.20    0.06    0.06    0.32    0.56    0.89    1.16   25.27   23.76   11.27   14.08   31.11   12.09   23.84   14.62    3.54    1.45    0.68
PSATROSA   -20.92  -41.72   11.60    4.10    0.02    0.13    0.01    0.20    0.00    2.48    0.56    0.00    8.72    8.29    0.97   17.61   12.06    4.93    1.09    0.09    0.04    0.10    0.02    0.01    0.03    0.08    0.00    0.00    7.94   18.77    9.86    2.30    8.03   27.72    5.70   12.35    8.99    5.26    0.01    1.05    1.20    0.32    1.49    2.39    8.49    3.76    7.88
PSATCAN    -20.21  -42.85   21.43    8.64    0.29    0.01    0.00    0.00    0.12    3.69    2.73    0.00   16.77   10.95    3.66   16.64    9.20   12.68    9.60    0.64    0.31    0.21    0.11    0.13    0.04    0.00    0.00    0.01   13.84   15.69    7.31    1.16    3.30   20.32   14.58   27.93   17.01    2.40    0.21    0.76   12.54    0.67    1.06    2.69   14.37   33.62   27.96
PSATSAC    -19.64  -42.85    9.19    5.31    0.06    0.01    0.00    0.07    0.28    0.18    0.25    0.00    1.61   15.46   11.19   16.04   17.57   15.22    6.87    0.72    0.77    0.74    0.35    0.29    0.00    0.01    0.00    0.00    1.34   23.94    0.17    4.07    5.46   27.26   27.66   40.59   28.49    4.30    0.21    6.85    1.44    1.18    0.65    6.18   28.68   28.58   17.93
PSATPES    -19.12  -42.66   12.72    3.35    0.03    0.00    0.00    0.06    0.08    0.08    0.02    0.00    0.04    7.91    8.66   20.34   14.73    8.06    0.42    0.51    0.45    0.76    0.63    0.24    0.00    0.01    0.01    0.00    0.57   20.10   10.75   10.77    7.60   25.71   25.20   38.46   36.11   12.72    0.40   19.50    2.03    0.35    1.10    8.77   23.70    7.89    8.10
PSATMAS    -19.50  -40.92    7.13    2.06    0.03    0.17    0.03    0.07    0.00    0.25    0.07    0.00    0.66    1.05    5.99   12.32   14.19    5.59    0.58    0.59    0.37    0.55    0.52    0.18    0.04    0.05    0.04    0.01    0.97   20.78    9.10   10.96    7.09   19.22    9.74   29.95   31.21   25.49    0.48    8.87    5.73    0.30    0.73    9.70   15.86    6.77    9.62
PSATSBR    -23.37  -45.87   82.29   17.28    1.33    0.01    0.00    0.29    7.85   19.92    4.00    6.82   15.32    9.11   13.07   26.79   19.94    4.52    2.32   20.40   33.18   20.32    0.26    0.09    0.02    0.00    0.04    0.59   23.93   36.60    8.36    6.67    7.26    3.43   10.79   25.59   36.54    0.66    0.05    0.34    0.44    2.35    3.33    0.60    0.20   24.44   24.60
PSATJAG    -23.20  -46.03   48.63    1.19    8.45    0.01    0.00    0.07    6.42    8.09    4.55    3.35   20.04   16.45    9.49   20.78   23.53    1.77    1.54   23.67   32.70   30.55    0.58    0.00    0.00    0.00    0.02    0.12   21.70   21.48    6.87    6.07   12.27    4.09    6.44   24.69   21.97    0.31    0.09    0.06    0.09    0.70    1.46    1.31    1.62   32.20   21.36
PSATFUNI   -22.53  -44.57   53.09   14.49    2.95    0.00    0.00    0.02    2.59   12.38    9.73    1.89   25.37   17.24   16.86   17.37   17.23    6.12    5.71   14.16   29.74   17.26    0.19    0.00    0.08    0.00    0.02    0.04    7.97   28.11    6.08    6.32    6.57    4.80    7.61   19.90   31.88    0.21    0.09    0.37    0.13    0.71    3.65    1.23    0.55   25.54   24.23
PSATSACE   -22.48  -43.84   60.42   17.61    6.91    0.00    0.00    0.00    0.23   14.80   17.48    3.26   35.55   16.24   10.12   32.88   31.52    7.99   12.98   10.69   12.45    5.74    0.25    0.21    0.00    0.00    0.00    0.02    1.48   18.43    6.41    3.89    5.51    5.26   20.43   22.58   42.05    0.08    0.06    0.89    3.52    0.99    4.81    4.65    0.55    9.00   24.78
PSATPIC    -21.91  -43.54   48.79   12.39    2.76    0.00    0.00    0.00    0.03    7.82   16.20    0.22   31.30   11.43   10.47   20.58   21.47    3.46   11.52    9.57    9.61    0.96    0.17    0.03    0.00    0.00    0.00    0.00    0.40   15.05    2.59    1.34    5.40   20.29   26.18   22.71   37.99    0.03    0.03    0.27    5.40    0.31    5.52    1.50    1.31   11.35   16.69
PSATSOGI   -21.94  -43.36   40.34   12.04    1.93    0.00    0.00    0.00    0.01    8.69   12.85    0.25   27.63   15.34   14.69   13.92   14.05    9.88   11.41    8.53    9.88    0.76    0.47    0.24    0.01    0.00    0.01    0.00    2.32   26.57    2.29    0.72    4.38   29.62   28.69   25.54   38.44    0.03    0.02    0.21    9.08    0.96    5.14    0.85   12.22   25.02   26.87
PSATIPSI   -21.84  -42.58   26.72   18.50    2.03    0.00    0.00    0.01    0.10   10.66    9.13    0.56   23.59   12.70   32.16   24.36   29.06    7.59   12.03    8.43    9.10    0.77    0.31    0.20    0.02    0.00    0.00    0.01    0.60   39.43    3.09    1.15    5.47   18.31   19.66   26.72   42.71    0.33    0.02    0.78    7.71    1.87   10.65    6.68    8.29   13.13   21.56
PSATTCLJ   -22.69  -43.83   42.90   51.03    6.65    0.00    0.00    0.18    0.66   31.07    3.22   11.65   24.06    8.74    8.71   28.02   25.56    3.49   19.93   20.71   22.83    2.38    0.02    0.00    0.00    0.00    0.00    0.24    2.26   19.13    7.02    1.22    4.58    2.96    5.31   10.74   19.20    0.06    0.00    0.12    1.68    3.27    3.88   21.88    0.24    3.63   32.65
PSATBIGU   -25.51  -53.67    1.44   22.98    1.21   17.17   37.90   24.20   60.30    4.76    3.35    5.49   10.88   24.44    2.34    0.95    2.37    1.25   42.29   39.58    0.12    0.74    5.22   14.28    5.19   12.80   14.13   16.80    7.50    8.27    0.56    2.17   11.16   30.25   24.37    3.46    0.00    0.00    0.00    0.00    0.17    0.71    0.01    0.01    2.40    3.63    0.89
PSATBRAU   -21.45  -42.41   22.74   11.07    0.21    0.00    0.00    0.00    0.00    5.72   11.43    0.01   22.33   14.92   10.00   17.25    9.65   13.32    4.69    1.03    0.36    0.39    0.97    0.40    0.03    0.00    0.00    0.00   13.24   29.85   13.60    1.66    2.38   16.55   27.04   23.88   23.13    0.43    0.05    0.46   14.44    3.53    1.59    0.82   15.71   29.31   40.78
PSATSUIC   -20.08  -40.58    6.70    0.02    0.03    1.04    0.11    0.10    0.00    0.09    0.29    0.02    0.14    0.95   11.15    5.13   12.39    3.36    0.81    1.62    1.14    1.60    1.45    0.63    0.69    0.12    0.21    0.00    2.44   14.95   19.59   18.34    2.66   21.27    5.98   26.76   35.03   36.19    0.40    0.61    0.89    0.21    0.55   11.38   12.15    4.61   13.85
PSATJRI     -9.30  -64.70   10.53    9.49   14.71    4.29    9.96    9.59    3.30    4.75    9.25   17.91    7.88    4.65    7.69   11.47   12.20    6.38    5.27    7.72    5.66   19.95   10.19    9.20    7.43    5.46    9.45   16.08   10.05   14.26    7.75    4.42   10.64    7.43   17.19    9.08    5.73    1.57    0.98    1.59    3.68    1.17    2.09    6.32    8.73   10.67    2.39
PSATBENI   -14.59  -67.53   12.63    7.63    3.72    8.12   14.08   11.37    8.05    8.95   11.83    9.68    7.56    2.72    6.94   18.01   11.96    9.61    6.40   15.45    8.21   17.42   15.68    8.27    9.52    7.84   16.66   17.09    8.68   14.67   11.44   15.85   25.60   20.10   13.26    6.82    5.55    4.93    1.52    3.43    3.05    7.16    5.86    3.89    4.70    5.75    6.61
PSATEPB    -12.42  -64.42   15.07    8.39    6.81    4.82   16.68    6.81    4.23    2.16    2.52    4.91    1.78    2.29   10.74    8.62    6.68    8.50    3.82    9.54   18.51   13.84    8.50    3.59    2.62    6.32   15.22    7.77   13.29    8.47    9.28    7.87   12.12    2.05    3.09    4.60    4.18    1.37    1.43    9.38    3.34    2.92    8.43    7.40    5.73    4.89    2.38
PSATEGM    -10.79  -64.35   19.01    9.63    6.75    7.63   19.81   10.21   10.29    9.96   12.05   13.44    2.95    4.71   16.94   17.54   10.15   10.65    3.73   14.73   22.37   21.58   11.45    4.79    9.92    6.33   21.12   16.43   13.50   14.48   11.75   15.27   25.83    6.17   16.24    6.54    3.95    1.04    1.07    9.39    4.51    6.40    6.75    7.23    5.71    5.25    4.54
PSATSTOA    -8.79  -63.95    8.69    7.07   12.75   15.70   14.34    3.40    4.92   15.35    8.08   14.48   10.07    2.30    3.26    4.84    6.19    7.37    7.37    5.79    8.61   13.25    2.31    0.48    7.58    2.02    3.02    2.69   11.74    7.03    6.29   10.73   20.52   24.46   11.66    2.54    3.54    2.77    1.73    3.51   10.40    4.72    1.29    3.73   10.37    7.43    1.30
PSATENC     -9.90  -66.62    0.76    9.51    4.82    2.22    7.89    8.59    2.15    4.76    8.53   28.71   10.46    5.48    4.47    7.82   10.35    9.45    4.38    6.79    5.59    3.10    4.41   12.35    8.35   11.01    5.79   10.01   16.21   18.51    4.46    3.44    8.74    8.18   22.71    3.91    4.14    1.83    0.95    3.78    5.34    1.07    3.52   10.29   12.64    9.91    1.11
PSATAMY1   -11.71  -70.63    2.75   11.02   22.35    5.05    0.89    2.13    2.44    1.38    6.70   18.78   20.18    2.47    4.49   10.39    6.24    3.72    5.67    2.31    4.30   31.71   10.06   13.32   22.86    7.13   30.59   22.32   13.84   29.71   12.10    3.25   10.37    8.49   19.94   16.45    4.80    0.93    0.45    0.74    0.49    0.22    0.40    1.02    8.96   14.59    1.44
PSATAMY2   -12.37  -71.17    7.26    9.92   25.09   11.14    5.46    7.45    9.01    8.20    6.46   13.29   15.73    5.93    9.82   15.06   11.68   13.10    7.48    5.59    5.40   33.25   13.66   22.92   18.16    6.31   26.39   23.44   14.33   11.82   12.31   10.37   14.19   15.32   29.29   11.61    6.60    4.24    7.17    5.88    3.99    2.54    3.56    6.41    9.65    9.48    3.33
PSATAMY3   -13.75  -70.18   17.00    9.35   28.30   13.89   16.09   20.34   11.85   11.45    7.32    7.52    7.63    5.20    8.78   12.88   30.82   18.20   14.79   11.96    5.53   34.20   11.76   24.63    9.62    4.63   21.96   21.72    6.72    7.98    7.90   14.15   21.30   13.28   45.28   13.14   13.04    5.68   10.53    2.88    4.61    5.14    7.27    9.24    8.87    6.45   17.65
PSATAMY4   -13.45  -69.47    7.67   10.12   11.34    7.91    8.39   11.25    3.83    7.32    7.05   13.18   14.60    7.48    3.53    9.39   10.53    9.67    7.20    9.37    2.34   54.57   17.29   14.43    9.43    4.37   17.43   24.80    5.03   19.74   10.37    8.18   10.84    3.78   38.81    8.26    9.82    1.75    3.25    1.49    1.67    3.25    3.94    5.99    5.93    6.75    2.89
PSATJRN    -13.37  -59.01    4.38    6.46    6.26   11.57   10.67    2.40    1.49    2.11    1.61    0.98    5.69   10.49    7.28   12.83   10.23    8.52   18.78    7.39   21.85    5.81    1.69    4.68    0.89    9.27   13.55    6.53    4.32    4.79   11.00    9.20    6.44    8.35    3.59    7.66    5.77    2.32    2.37    1.60    0.38    0.44    4.93   17.97    1.75    7.68    1.43
PSATAPI    -10.34  -56.98   24.33    8.45   14.36   14.36    4.72    2.58    1.49    4.14    2.64    0.71    7.86   11.32    3.64   13.79    9.93   26.70    4.60   14.52   17.70    5.19    0.82    1.62    0.80    4.05    5.31    7.21    2.74    5.92   11.57    7.55    6.76    1.56    2.54    3.13    7.87    7.15    7.38    0.76   25.17   21.79    0.99    7.29    8.30    9.98   10.86
