PSATAGV    -19.89  -50.35   29.75   16.70   16.48   48.61    9.08   15.93   14.52   19.44   11.54    9.22   14.43   13.86    3.21    0.36   10.37    1.43    0.03    0.62    0.72    4.12    5.33    8.38    7.78    9.61   12.22   11.84    5.74   11.60    8.68    3.48   27.03   22.11   17.51   11.24    0.41    8.39    2.85    2.32    8.42   20.47    9.38   17.19   12.08   18.10    7.53
PSATCMG    -21.28  -44.63   39.83   25.56   13.40   29.95    8.59   11.63   12.94   17.01    5.38    8.01   12.59    9.03    9.12    1.42    1.01    0.72    0.31    1.69    0.28    1.03    5.36   11.39    4.74    0.75    0.77    0.36    9.31    3.66    0.24    1.11    4.18    9.54   10.33    2.69    3.63    0.34    0.06    0.03    3.60    7.98   13.00   25.54    6.28    4.72    9.36
PSATCES    -20.25  -48.16   23.44   43.61   35.97   24.19   16.87   16.70    7.27   16.82   11.38    0.87   16.11   14.35    1.67    9.03    2.42    0.82    0.05    1.24    0.32    0.29    2.74    9.63    5.00    8.14    2.00    1.01   23.24   11.23    7.69    7.20   15.71   17.21   17.72    5.81    2.94    7.58    0.19    0.68   20.44   20.34   20.56   18.46   19.05   19.34   14.69
PSATELC    -21.60  -46.95   11.58   24.23   26.02   33.37   20.79   11.38    5.88   14.16    7.20    1.24   12.04    7.06    7.40   12.96    2.63    1.08    0.03    2.12    2.72    0.91    6.88    0.81    7.27    5.92    3.52    0.82   17.80    4.82    6.66    5.78   10.33   13.91   21.93   12.42    2.33    3.09    0.20    0.07   19.57   21.94   24.80   28.31   20.02   27.59    7.69
PSATFUN    -21.14  -45.04   60.74   34.18   15.01   25.65   10.23   13.49   13.45   25.75    7.94    5.13   15.53    7.87    2.97    0.49    0.88    0.47    0.24    0.75    0.28    1.44    2.62    5.04    3.16    0.52    0.50    0.52    7.59    3.67    0.23    1.16    6.14    7.91   13.16    4.10    3.34    0.40    0.13    0.02    3.06    4.45   11.46   27.72   11.16    9.95   14.37
PSATFUR    -20.67  -46.32   26.85   31.56   25.53   27.35    9.99    9.93   12.95   21.23    8.53    3.87   16.29    6.05    8.30    2.89    2.53    0.94    0.16    1.25    1.46    1.70    4.36    2.02    4.23    1.56    0.96    1.03   12.59    8.19    2.30    4.01   13.54   10.16   16.62    2.80    2.81    1.32    0.13    0.03   14.02   15.31   17.84   26.81   14.77   12.70   18.23
PSATMRB    -20.30  -49.18   24.56   48.70   40.97   28.60   13.12   13.78    7.54   26.43   11.77    1.44   14.57   12.84    5.92    6.17    4.28    1.17    0.10    1.14    0.76    1.40    5.76    8.37    4.54    9.09    4.96    1.42   12.54   14.74    5.51   10.80   18.84   17.23   20.36    7.33    1.63    5.32    0.43    1.48   21.63   23.28   17.33   17.52   20.81   25.07   10.48
PSATPRG    -21.59  -45.67   17.40   10.83   20.10   36.41   15.23   10.27   10.68   21.05    9.69    5.81   12.87    5.36   11.11    7.80    1.23    0.81    0.13    3.49    4.20    1.54    5.54    2.18    8.97    0.25    1.83    0.57   13.23    4.55    9.10    6.25   13.35    9.96   13.33    2.55    2.12    1.47    0.13    0.09   22.11   23.31   21.28   32.04   10.91   16.64   18.52
PSATPAS    -21.02  -48.18    6.97   30.73   35.68   65.07   16.67   16.86   11.10   20.40   11.31    1.96   12.06    9.68    5.52   11.62    3.20    0.75    0.01    0.94    4.21    0.85    6.86    4.71    9.92    6.97    9.89    0.94   14.77    9.28    8.77   12.39   24.88   18.79   22.49   10.35    2.51    4.96    0.34    1.57   27.82   26.16   19.21   18.41   17.42   21.64    5.62
PSATPTB    -21.61  -45.49   21.54   21.37   15.31   50.27    7.29   14.35   15.56   17.91    5.64    3.80   11.77    5.28    4.46    3.13    0.89    1.08    0.18    2.64    0.53    1.38   10.62    3.63    3.17    0.31    1.08    0.40   15.80    5.65    5.13    6.27   13.15    3.59   14.97    3.32    4.75    0.70    0.21    0.11   10.72   21.84   20.56   29.69    8.92   17.73   13.54
PSATPTC    -20.00  -48.55   32.15   25.67   33.41   16.88    8.11   16.35   10.70   26.16   15.16    2.04   19.61   11.85    3.72    4.57    4.65    1.58    0.09    1.21    0.14    0.64    5.27   12.43    4.32    7.56    1.61    1.71   13.87   12.94    6.66    5.75   15.77   15.13   16.68    7.08    2.98    5.93    0.20    0.38   12.19   20.83   17.26   14.84   17.18   15.27    9.87
PSATFZA    -26.00  -51.65    0.03    0.31    0.66    1.16    3.16   19.13    5.35    7.19   23.16   12.48    5.33    5.97   13.83   15.78    9.17   18.22    9.62    0.40    0.49    1.33    5.21    4.96    1.43   10.50    8.25   15.74   27.29    6.67    3.69    4.93   27.11   32.38    8.11    6.78   12.52    1.66    6.20   10.63   13.89   15.87   20.48    9.12   19.99    1.56    1.81
PSATJSG    -25.78  -52.00    0.00    0.06    0.15    0.24    2.39   10.65    3.66    6.84   16.48   19.27    5.55    5.36   14.99   15.89    9.88   16.98   13.99    0.82    0.75    2.52    5.84    4.61    1.12    6.83    5.72   17.58   18.07    5.73    3.95   10.50   33.66   30.39    6.04    3.84    8.81    0.86    4.78   12.12   12.72   12.72   15.24    3.68   10.05    1.89    0.34
PSATSCX    -25.53  -53.48    0.00    0.00    0.00    0.56    2.98   10.97    2.26    6.36   16.63   13.96    6.62    7.52   11.03   11.87    8.34   17.67   11.30    1.39    1.87    3.89    7.09    2.16    0.75    5.44    3.60   20.25   33.10    5.77    5.48   13.25   41.75   18.55    6.69    7.44    8.56    3.02    3.33   12.72    9.87   15.20   12.63    9.70    7.80    1.83    0.35
PSATSCL    -25.49  -51.74    0.00    0.02    0.03    0.69    1.96   20.98    5.02    7.59   18.91   21.09    7.80    9.85   12.06   16.61    5.05   13.77    3.20    0.11    1.63    1.34   10.24    6.45    0.92    9.45    6.22   19.87   21.72    6.87    5.84    7.23   28.20   41.40    7.68    2.12   16.48    1.24    7.13   13.61   13.61   14.50   12.97   10.03   18.65    2.24    0.89
PSATUVT    -26.23  -51.08    0.14    1.32    1.57    2.85    7.74   19.74    7.33    8.28   17.76    8.95    6.03    4.22    9.38   12.05   12.29   16.29    2.35    0.20    0.37    0.17    3.35    5.66    2.17   10.80    8.95   10.55   13.18    5.31    5.94    7.42   16.20   16.84   10.77    4.94   12.80    2.51    6.98   13.80   16.42    9.60   15.99    9.48   24.91    4.81    1.04
PSATBSM    -24.19  -53.74    0.00    0.00    0.01    1.55    6.27   12.36    2.34    9.76   18.80   15.06    8.94    2.97   14.66   14.92    9.87   16.74    2.85    0.07    1.43    6.51    7.18    5.22    0.94    4.06    4.10   23.22   19.00    6.56   10.68   17.42   31.71   22.30    5.53    2.91   14.38    3.02    5.02    7.10    9.24   17.56   16.43   21.52   14.04    1.21    6.87
PSATFLE    -22.97  -54.56    0.00    0.00    0.01    0.48    2.20   12.58    3.79    8.56   13.38   13.80   12.30    6.08   13.19   13.87    2.55    8.38    7.94    0.31    1.08   10.80    7.95   11.73    2.26    5.90    5.60    2.69   19.64    6.26   13.19   12.16   12.95    4.59    0.99    0.44    9.29   10.42    5.20    3.37    2.23    1.62   16.38   39.06   86.10    1.85    2.72
PSATITP    -25.42  -54.58    0.00    0.00    0.00    0.79    7.76   11.90    1.95    9.17   18.84    9.96   10.84    9.63    9.37    9.03    6.96   12.18    4.17    0.36    0.69    8.03   10.88    5.28    1.13    3.53    3.37   13.78   14.78    8.14   12.33   14.12   29.61    7.72    1.46    1.16    8.71    9.32    6.01    4.02    9.39    9.02   17.90   37.33   31.72    1.47    2.81
PSATIVM    -22.38  -53.53    0.00    0.00    0.03    0.17    1.53   10.54    7.18    5.20   13.27    2.32    3.77   10.59    5.24    4.69    1.99    6.13    3.66    0.12    1.07   14.80   17.35   10.28    2.42    6.37    5.57    2.28   16.24   10.57   10.67    9.94   12.05    1.67    1.10    0.89   10.93    5.81    4.39    2.89    1.17    2.95    4.39    4.38    7.53    7.03    8.12
PSATPTQ    -23.18  -53.17    0.02    0.02    0.04    2.58    9.97   13.29    4.44    9.50   17.73   13.33    6.93    4.86    7.97    8.55    5.39    9.03    0.92    0.04    0.68    2.58    5.35    3.93    0.69    5.83   10.09   26.45   16.76    6.87   14.13   16.20   22.73   32.50    8.02    5.41   13.29    3.03    5.21    6.38   10.54   19.57   16.08   15.80   32.67    1.50    7.16
PSATCBI    -17.99  -48.54   18.17    7.93    4.07   20.41    7.93    5.85    7.99    7.66   12.02    6.62   12.60    9.63    0.54    0.77    9.86    0.57    0.09    0.71    0.13    0.20    6.73    9.62    4.11    2.42    0.47    6.40    6.49   10.16    0.22    0.00   17.65   12.96    8.16   13.01    2.59    4.69    0.59    1.38    1.85    7.20    8.42    4.67    6.76   10.49   13.91
PSATCBIV   -16.15  -48.67   17.23   10.22    3.24    8.50    6.17    4.88    5.04    7.04    7.16    5.87   13.81    7.71    0.50    1.42    7.06    0.69    0.13    0.43    0.09    0.35    7.95    9.02    7.09    2.33    0.58    7.73   10.35   12.69    0.27    0.00   19.12   19.83    4.29   12.53    2.53    7.35    1.17    2.42    3.30    1.82    6.32    2.49    5.91    5.95   12.34
PSATEMB    -18.45  -47.98   30.66   22.66   21.75   15.07    6.41   10.63   12.29   20.66   10.64    4.24   20.40    2.96    0.17    0.71    7.24    1.17    0.62    0.27    0.41    0.47    4.67    8.06    3.52    3.08    0.63    5.82    4.85    5.20    0.54    1.63   11.23   11.54   13.70    4.05    2.72    0.24    0.56    0.54    0.22    8.59   10.15   13.02    9.77   20.62   11.90
PSATIMBR   -18.42  -49.10   29.93   22.22   15.71   26.78    9.14    9.22   11.66   22.01   19.44    5.16   13.06   14.80    0.76    0.69    6.46    0.82    0.14    0.52    0.04    0.17    5.76    6.42    3.38    2.76    0.60    6.18    4.70    9.51    1.32    1.92   21.61    9.35    5.56   12.08    3.00    4.83    0.54    0.68    1.35   12.53    5.81    9.21    6.08   18.20   12.56
PSATNPTE   -19.13  -47.70   31.81   24.95   23.82   22.28    7.81   15.87   14.21   31.27   12.76    3.33   19.39    6.83    1.65    1.56    6.50    1.18    0.37    0.46    0.20    0.85    5.31   11.98    3.49    5.45    0.52    5.95   10.36    8.52    1.74    3.83   11.42   11.10   13.59    4.24    4.54    1.21    0.33    0.13    1.47    9.60   11.21    6.40    5.35   15.86   10.06
PSATARV    -18.07  -50.16   25.10   21.23    8.22    6.67   12.90    5.20    6.73   11.62   10.03   13.72   14.80   13.64    0.80    0.30    8.95    0.84    0.01    0.34    0.03    3.30   10.20    7.75    6.15    8.29    2.70   16.11   11.74    8.46    5.41    0.84   14.75   10.56   11.46    9.92    0.77    9.45    6.09    2.09    2.62    1.29    4.85    2.95    1.04    7.77   19.18
PSATSFC    -18.05  -47.68   21.73    8.52   11.14   13.77    8.46    5.24    7.48    8.40   12.86    5.19   14.20    0.73    0.03    0.58    5.25    0.64    0.23    0.17    0.30    0.35    5.63   10.51    1.97    1.46    0.55    6.77    8.10    4.09    0.25    0.09   15.63   13.51   15.08   11.63    2.48    0.34    0.69    0.93    0.21    7.06   15.55   14.78    9.79   15.74   17.75
PSATSSM    -19.02  -50.50   28.24   27.16   20.93   12.62   12.05   14.19    9.74   16.97   13.02    9.11   11.63   16.37    2.62    0.32    5.39    0.84    0.03    0.50    0.04    0.18    6.52    6.97    4.64    7.54    1.94   10.52    6.19   10.97    6.51    3.38   17.25   12.10   14.66   15.77    1.45    8.24    3.31    1.92    4.16    8.46    7.66    9.45    4.24   17.21   11.96
PSATCNI    -22.94  -50.52    0.14    0.23    3.72    1.60   13.52   36.88   11.81   16.86   10.69    4.24    9.01    7.74    0.93    4.66    4.85    2.53    0.15    0.63    2.17    7.73    6.82    5.56    1.15    8.30   15.11   13.80    4.22   14.50    1.12   18.07   16.62   28.44   24.51   11.41    1.94   15.55    2.83    4.47   13.84   25.99   23.61   14.79   26.41    5.71    2.32
PSATCPV    -22.65  -51.33    0.22    0.02    0.05    1.16    9.75   38.65    8.33    8.66   11.60    8.17    7.56   10.86    2.24    8.37    5.55    3.28    0.65    0.38    1.31    4.90    4.69    4.69    0.71    8.65    9.88   28.15    9.82   13.34    9.50   11.98   21.25   40.50   13.56   11.86    5.70   10.28    5.81    5.08   11.56   18.57   15.13   14.06   29.74    3.82    6.88
PSATCHT    -23.01  -49.73    0.13    0.26    0.25    2.27    3.43   46.16   11.36   13.09   19.33    5.11   11.30    7.04    2.97    9.94    6.35    5.32    0.87    0.04    1.98    2.96    3.72    3.90    2.15    8.86   12.45   16.20   10.64   15.59    1.91   11.03   21.46   21.88   30.68   10.89    4.35    2.24    3.30    8.38   16.45   12.07   26.01   15.09   34.08    5.90    0.72
PSATJUR    -23.22  -49.23    0.46    0.74    0.70    1.92    3.21   30.23   15.41   14.49   16.26    4.96    9.41    8.56    3.32   10.23    8.26    4.36    0.35    0.29    2.26    2.00    4.31    3.02    4.42   10.98   14.03    8.23    5.74   12.94    2.16   10.74   20.51   14.05   34.10   11.06    2.60    2.41    2.40    6.72   27.16   20.88   20.40   14.65   22.56    9.79    1.03
PSATMAU    -24.06  -50.71    0.23    0.15    0.20    3.80    2.80   30.59    5.54    9.19   19.78    6.21    4.79    8.09    5.28   10.06   10.93    7.62    1.53    0.00    1.47    0.68    6.64    3.23    3.51    8.84    7.88   13.33   10.33    2.58    9.20    6.79   18.39   19.61   11.93   10.00   10.63    1.87    6.17    9.22   10.75   11.55   18.62   12.83   50.56    1.77    2.28
PSATROS    -22.50  -52.87    0.28    0.00    0.00    0.78   10.99   21.87    9.09    8.75    9.32    8.56    6.08   10.79    1.92    7.29    2.74    3.71    0.22    0.61    5.26    6.78   14.61    7.66    0.26    5.91    8.20   21.64   18.08    9.91   16.93   14.22   19.52   28.66    3.05    8.39    5.13   11.12    4.08    4.24   10.60   12.42   13.15   11.27   19.57    1.81    5.49
PSATQMD    -16.21  -47.33   13.34   12.19    3.84    5.01    4.51    1.23    1.62    1.92    7.74    5.19   20.03    0.63    0.05    0.63    9.68    0.86    0.20    0.14    0.40    0.26    8.51    9.35    1.41    0.46    0.79    5.49    8.32    1.46    0.05    0.01   10.09   15.15   15.15    4.39    4.67    0.44    0.85    1.13    0.41    1.13    7.34   13.06    6.00   15.64   44.13
PSATRBX    -18.95  -44.76   57.14   47.50   16.52   23.48   10.74   10.94    6.91   14.05    6.25    3.00    6.86    4.30    1.04    0.37    1.14    0.18    0.89    0.36    0.31    0.83    1.19    6.05    4.33    0.51    0.77    1.90    2.00    1.63    0.01    0.04    4.31   11.67    7.91    4.01    1.16    0.12    0.31    0.00    0.78    0.61   13.34   16.82   14.84   17.18   21.84
PSATSFR    -15.93  -44.86   18.50   19.76    4.99    8.86    5.27    4.07    2.43    6.61    5.88    5.57   15.46    0.43    0.21    1.37    9.21    0.53    0.61    0.15    0.31    0.18    8.41    6.64    1.48    0.91    0.71    2.69    8.44    0.21    0.01    0.05    2.29    7.94    7.11    6.67    2.61    0.21    0.38    0.10    0.03    3.41    3.46   16.16    9.55    7.52   19.84
PSATSRM    -16.37  -45.07   22.33   23.28   12.24    8.36    7.31   11.22    3.87   10.73    7.69    2.19   17.50    0.57    0.18    2.18    5.51    0.38    0.95    0.19    0.23    0.52    3.67    6.86    2.97    1.23    0.61    5.25    5.01    1.02    0.11    0.17    6.10   14.53    8.15    4.33    1.47    0.10    0.31    0.11    0.05    2.86   11.46   14.40   11.15   15.35   16.96
PSATTMR    -18.16  -45.27   35.20   38.06   24.11   17.79   12.92   10.96    9.27   23.59   10.54    3.90   19.62    3.60    3.02    0.81    2.42    0.81    0.41    0.50    0.37    0.73    1.72    6.46    1.47    1.72    0.48    1.69    4.90    4.14    0.50    1.10   11.55   11.41    7.81    3.85    1.89    0.28    0.24    0.02    1.90    7.42   11.99   15.11   19.19   16.85   18.63
PSATBOQ    -11.35  -43.83    6.93    7.21    1.40    1.26    0.31    1.94    1.49    6.86    2.90    3.41    2.29    4.82    2.54    3.84    3.16    0.20    1.83   11.49    3.91    3.53    4.30    1.76    0.32    0.23    1.00    0.68    5.62    0.15    0.01    0.12    0.08    2.01    7.46    5.85    8.72    0.75    1.26    0.60    6.05    3.00    0.62   11.12    0.76    5.39    8.05
PSATBBO    -22.52  -48.55    1.37    3.16   10.35   15.02    9.77   14.07   18.21   19.15   13.38    5.22    6.94   13.33    7.62   12.14    6.69    2.28    0.09    1.01    4.61    1.16    8.32    3.00    9.88    7.75   14.70    2.31   12.37   12.73    8.17   10.39   27.19   15.16   22.42    9.81    2.43    4.68    0.47    5.69   25.44   24.13   18.61   14.24   11.78   17.97    2.30
PSATESZ    -23.46  -46.91    3.71    2.45    4.55   15.11    9.26   11.68   10.82   16.91   13.37   11.46    4.72    7.20   11.78   11.37    3.25    4.78    0.37    1.39    0.53    1.58    5.24    9.35   13.86    7.75   13.95    1.96   15.71    9.39   13.47   10.87   17.48   12.16   11.89   12.87    3.47    2.36    0.43    1.38   33.14   21.57   12.69   19.59    4.43   30.86   17.27
PSATIBT    -21.76  -48.99    0.61    7.34   55.92   30.86   10.66   23.94   13.55   22.62   12.66    1.03   13.66    7.35    2.10    2.61    6.68    0.87    0.06    1.20    2.28    2.76    4.36    7.01    4.07    4.13   16.23    7.49    7.89   15.93    7.73   28.55   23.77   20.69   28.26    8.14    0.84    8.53    1.81    4.78   20.11   30.69   22.53   13.46   20.70   13.57    4.97
PSATNAV    -21.12  -50.20    5.21    6.98   35.86   21.00    9.86   20.16   15.80   20.38    7.99    3.02   13.12   13.48    2.91    1.82    5.76    1.32    0.12    0.55    1.68    8.11    5.72    6.96    3.70    9.34   12.70    8.63    8.64   17.65    5.83    6.65   32.77   22.13   23.55    9.92    0.82   11.59    3.37    2.10   13.66   25.61   17.64   12.16   19.06   11.22    5.52
PSATSME    -13.40  -48.30   33.35   19.94    4.51   13.46    8.58    3.45    7.13   10.41    8.34    5.27   13.19    9.43    1.05    3.19    7.70    0.44    0.04    2.63    1.67    3.52   10.54    7.08    4.25    0.56    0.38    7.19    6.77    7.21    0.09    0.11    7.93   10.77   16.36   10.37    2.80    9.78    7.44    1.13    5.92    1.59    1.99    5.23    9.75    3.83   11.27
PSATBGR    -27.78  -51.20    0.01    1.21    0.83    0.43    3.91   14.25    7.39    3.53   12.81   14.01   10.85    8.14   18.75   20.77    7.23   18.63   12.78    5.90    2.51    0.20    1.06    0.50    1.88    9.20    6.59    6.41    9.93    2.87    1.61   22.29   22.36    6.84    4.57    2.18   15.97   12.77    5.17   11.86    9.07    3.52   11.15   16.41   15.77    3.83    0.19
PSATCNV    -27.60  -51.33    0.01    0.71    0.83    1.39    3.43   11.17    4.67    4.64   16.36   13.09   10.71    6.60   15.30   17.43   11.83   19.30   17.22    6.27    0.35    0.14    0.92    1.29    1.71   12.45    8.31    8.67   11.67    4.64    2.37   12.73   18.96    6.58    2.82    1.75   14.90    6.15    3.85   12.04   12.75    5.81   13.38   15.90   15.98    3.26    0.25
PSATFCH    -27.14  -53.04    0.00    0.00    0.00    0.00    0.02   10.01    1.62    9.01   14.18   16.77    4.11    9.52    5.52   23.83   18.24   22.94    6.36    7.75    0.05    0.76   12.34    0.37    2.11    6.73    1.08   10.97   23.15    1.55    4.55   21.21   24.69   18.36   13.12    4.73    3.57    4.67    0.67    9.31    6.58    7.89   12.92    6.41   14.25    1.89    0.02
PSATITA    -27.27  -52.38    0.00    0.06    0.09    0.15    1.77    7.81    2.36    5.01   15.80   11.60    6.91    8.55   10.40   18.89   11.64   21.68   15.61    4.91    0.06    1.74    3.77    0.48    2.00    9.54    8.21   14.67   10.73    4.20    3.10   16.26   23.09   10.87    7.36    7.68   13.43    6.10    2.19   13.38    9.57   10.25   20.18    6.88   11.10    2.94    0.10
PSATMCD    -27.52  -51.78    0.00    0.00    0.00    0.00    2.94    4.01    0.22    4.89   17.86   13.25    8.03    3.59   11.07   18.07   10.89   18.42   15.44    5.78    0.03    4.46    0.36    0.19    0.47    4.71    2.88   15.30    5.39    1.08    1.64   25.89   24.81    9.24    6.27    4.46   12.57    8.45    1.89   12.66    8.68    7.46   10.38    6.64   13.87    2.35    0.00
PSATMOJ    -27.35  -52.73    0.00    0.00    0.00    0.02    0.48    6.92    0.60    0.57   23.45   14.04    8.09    9.54    5.58   14.10   12.29   18.65    3.91   10.28    0.05    1.50    9.51    0.25    1.17    4.80    2.00    8.83   16.32    0.85    2.73   47.49   23.29   12.10   19.58    1.92    5.75   14.37    3.07    9.81    4.52    9.32   16.86    9.74   14.50    1.33    0.00
PSATQQX    -26.66  -52.54    0.00    0.01    0.02    0.01    3.08    8.66    3.28    4.16   16.27   10.76    6.07    7.28    6.94   11.37    5.86   19.24   11.30    2.75    0.21    2.30    3.85    0.79    1.75    8.92    6.13   16.25   27.98    6.25    6.01   12.89   30.42   13.24    6.13    7.13   15.47    4.75    3.30   16.53   14.54   10.83   13.52    4.73    8.39    4.15    0.06
PSATPSJ    -28.14  -55.05    0.00    0.02    0.01    0.02    0.28    1.42    0.03    0.13   27.33   18.75   12.39    3.47    2.32   13.08   16.30   23.09   16.19   11.35    1.11    2.30   22.64    0.46    3.51    2.72    1.08   10.31   21.72    2.12    2.21   35.08    3.89    5.03    3.84    4.67    0.98    7.71    5.69    5.47    3.05   20.47    9.83    8.64   11.45    0.32    0.00
PSATESP    -18.68  -51.87   33.18   13.05   23.10   29.14   16.59    4.51   13.75    8.39    8.59    9.46   17.23   15.37    3.45    0.24    3.85    2.67    0.31    0.03   13.43    8.45   18.88    2.72    6.30    6.59    7.11   21.91    5.13   11.54   13.05    1.83   12.13   11.55   10.89   22.92   11.51    8.97    6.99    9.40    1.07    1.83    3.27    9.16    9.58   10.35   10.65
PSATSRC    -19.16  -50.76   20.95   13.75   18.16   14.70   24.20    5.15   17.54   10.07    7.75   13.63   19.47   10.00    2.58    0.10    5.97    4.14    0.20    0.02    5.45    6.81   14.32    3.29    6.01    8.77   14.31   23.71    8.69   15.11   13.79    1.05    4.82   10.03   11.42   21.02    5.86    7.53    9.51    4.20    1.22    1.49    8.15    5.32    3.40    9.39   18.90
PSATFRCL   -19.12  -50.64   25.22   38.83   19.71    5.92   20.84    5.72   17.50   11.10    6.99   16.36   19.66    6.24    3.43    0.19    7.51    2.17    0.11    0.06    1.00    6.76   12.37    3.28    5.78    6.67   11.18   21.69    9.11    9.05   13.40    0.63    9.35   15.57   21.60   26.15    1.73    8.82   11.71    3.68    1.21    1.37    5.72    5.26    2.05    9.51   22.32
PSATISOT   -20.40  -51.35   11.49    1.88    4.67   30.35   11.42   11.63   13.55   16.14    9.03    9.27   16.92   13.69    4.01    0.32    3.00    1.96    0.09    0.07    1.77    6.28   11.53    8.82    4.43   10.25   14.38   14.28    9.07   17.07    5.78    0.49   12.23   17.22   13.11   13.84    3.99    6.00    5.27    3.22    5.22    8.25    9.97   14.66   10.11   13.47    9.08
PSATJUP    -20.86  -51.63    2.77    1.41    2.55   16.17   18.13   13.24   12.81    6.90   10.23    8.76   14.60   16.69    2.90    1.14    8.69    8.86    0.09    0.04    6.66   19.29   16.92   11.07    8.57    9.67    6.71   19.73   10.50   13.30    5.98    0.52    6.10   16.22    4.49   19.97    7.58    6.96    9.60    5.47    4.07    1.20    4.46    8.71    4.72   13.72   11.24
PSATSDG    -20.06  -53.18    0.44    0.38    0.42    4.96   24.91   12.53    7.52    5.41    8.12    5.37   10.80   24.98    0.73    1.30   11.18    8.24    0.12    0.04    8.82   15.53   13.92   14.61   10.13    5.92    7.12   17.29   16.01    4.38   10.98    0.26    3.11    9.97    4.11   12.60    8.19    3.78    9.03    4.26    1.13    1.30    1.73    4.09    2.28    9.72    5.94
PSATFZBT   -21.66  -52.87    0.13    0.01    0.04    0.14    9.22   18.15    7.20    6.23    8.22    4.29    2.44   15.58    3.48    0.56    2.25    4.73    0.51    0.08    0.90   17.75   14.49    8.83    2.92    3.46   10.34   12.87   18.48    5.79    9.55    6.15    6.87    2.92    0.95    2.99    9.61    4.87    4.38    3.32    1.40    1.41    2.33    4.55    6.76    5.76    5.57
PSATPPRA   -22.46  -52.91    0.12    0.10    0.09    0.73    9.80   20.02   10.65   11.04    7.79    9.31    8.84   11.64    2.28    2.93    3.29    3.48    0.12    0.20    2.32   12.58   15.98    7.59    1.90    8.83   11.54   20.84   14.34   15.99    5.56    3.65   12.22   19.08    5.62   11.56    4.03   11.25    4.64    2.03    6.96    9.88   10.82   12.58   16.49    4.87    4.82
PSATBTE    -13.69  -50.80   31.59   22.09   17.33   11.82   16.15    6.01    8.36   13.44    9.18    6.31   18.10   10.92    2.75    1.79   12.43    1.33    0.24    0.91   11.45    8.63   14.93    9.95    6.08    5.85    1.72   12.67    9.35    5.37    3.99    0.40   11.54   11.80   18.19   18.61    2.48   13.11    6.90    1.75    3.48    2.18    6.98    6.16    5.11    8.85    6.11
PSATARAG    -8.27  -49.26   25.79   20.61    6.02   13.72    4.08    2.03   10.83   11.03    5.08    6.58   10.99    7.39    3.46    3.70    7.06    4.76    6.41    3.81   13.65   12.64   17.46   13.32    8.52    3.86    1.78    8.68   11.40    6.50    0.63    1.66    4.86    7.66   15.30    9.32    8.27   11.77    9.80    5.63    4.75    2.01    4.45    7.95    9.37   11.18    6.81
PSATLAJ     -9.76  -48.37   15.80   19.97    2.85    9.87    1.66    0.68    4.98   10.21    4.79    3.93    9.58    4.02    4.71    1.41    4.92    1.26    2.00    7.29    4.69   13.19   13.58    6.04    2.58    0.40    3.22    6.06   10.21    0.67    0.01    0.48    1.47    6.57   10.23    8.82    8.40   11.20    6.65    2.13    1.85    1.73    5.71   12.60    6.71   11.35    7.53
PSATPTRL    -9.31  -47.39   15.56   17.98    3.23    8.33    0.80    0.25    5.92    3.36    3.67    4.93    4.80    5.97    7.52    3.98    1.01    6.54    7.93   14.39    7.18   13.27   16.01    2.37    0.88    4.95    7.04    5.90    6.33    0.11    0.29    0.16    0.03    4.16    5.37    8.24   10.98    7.23    5.17    5.94    3.04    2.53    8.88   20.80    2.17   10.82    7.12
PSATLJET    -7.33  -47.48   11.92   12.69    1.72   11.27    1.64    1.26   10.11    5.78    5.04    2.61    6.80    8.25    8.87    4.27    2.07   10.07    9.71    8.60   15.96   16.08   14.73    8.19    2.38    6.49    4.33    9.98    7.90    0.43    2.47    0.47    0.02    1.91    5.06    6.98    8.55    2.01    3.33    8.02    5.44    2.70    7.85   14.65    4.62    7.21    3.84
PSATUCR     -3.83  -49.65   10.26    8.36    1.24   13.46    1.84    4.27    8.38    7.61    9.31    3.79    9.60   10.65   11.41    7.04    5.56    8.01    9.46    5.22   12.92   16.65   23.06    8.15    9.00    7.80    3.24   18.34    7.92    2.02    5.56    2.11    0.91    2.38    4.62    2.52    8.82    2.65    5.31    9.22    6.77    1.96    4.93    6.21    2.48    3.00    2.72
PSATXIVJ   -29.07  -51.67    0.00    0.00    0.00    0.00    0.47   11.52    1.34    0.40    6.95   13.06    8.06    7.61    9.96   23.11   10.41   17.56   16.79    8.19    1.34    0.32    5.42    0.22    0.89    5.20    4.74    5.91    1.62    2.52    0.86   41.36   20.32    8.19   25.89    1.75   13.11   16.77    3.19   13.47    7.75    2.37    5.80   17.01   16.95    3.65    0.05
PSATDFRC   -29.45  -53.28    0.00    0.01    0.01    0.34    1.17    5.83    0.15    0.07   21.28   11.67   16.35    3.03    5.34    4.09   14.54   13.50   11.51    4.89    2.82    7.50   15.16    0.58    0.67    5.17    1.18   14.90    9.19    1.83    0.95   35.38    3.02    2.97    8.78    3.94    3.01    1.87    3.40    8.85    1.99    6.03    6.46    8.04   11.86    0.40    0.09
PSATREAL   -29.02  -53.19    0.00    0.00    0.00    0.02    0.55    5.35    0.12    0.29   15.23    9.71   15.49    8.56    7.48    5.40   17.67   15.42   13.58   11.47    0.78    5.41   15.03    0.25    1.22    3.86    2.38   10.57    7.28    1.34    1.18   40.70    8.70    7.27   15.18    2.04    1.89    6.59    2.29    8.91    1.56    7.48    6.98    3.88   19.48    0.52    0.03
PSATCTAV   -29.01  -51.39    0.04    1.51    1.07    0.08    4.70   12.67    5.00    3.14    4.72   15.91   11.40    7.17   15.77   17.36    6.46   14.99   16.41    7.05    5.34    0.48    8.80    0.93    1.61   10.19    5.85    7.09    5.55    4.82    0.56   30.55   19.05    8.10   20.33    4.18   15.76   12.50   15.88   12.01    9.21    2.70    8.17   17.79   21.68    6.03    0.67
PSATERNT   -28.56  -52.54    0.00    0.00    0.00    0.00    0.16    3.58    0.17    0.47   11.57   12.47    9.00   10.89   10.23   18.28   13.71   18.81    8.34   10.38    0.43    1.69    6.81    0.16    1.47    5.12    2.10   11.53   10.02    1.02    1.37   38.54   26.76   11.54   16.56    4.49    7.37   11.63    1.97   11.28    2.24    8.48    9.25    6.74   13.57    1.40    0.00
PSATSTPL   -27.14  -49.52    0.02    1.64    1.96    2.82    3.24   12.63    7.17    5.90   18.42   12.02    7.03    6.53   18.55   20.99   10.99   12.71    8.46    3.34    0.34    0.17    1.94    2.18    1.26    6.18    9.01    5.22   13.47    4.27    4.10    9.37   12.10    7.70    3.05    1.78   18.14    6.05    5.55   13.70   16.11    5.03   11.87   18.91   16.34    5.71    0.09
PSATCVCH   -25.14  -48.87    0.16    1.74    1.45    1.19    2.11   18.91    4.07    8.39    8.88    7.42    5.26    5.57    4.32   10.39   12.10   11.14    1.57    0.00    0.03    0.24   12.62   10.15   10.67    7.42    6.00    8.36   11.03    2.56    6.21    5.84   18.91   10.31   26.31    3.63    9.55    0.64    2.32   20.81   17.76   13.52    9.43   14.01   43.98   19.41    0.85
PSATAMY    -12.60  -69.12    2.01    2.44    3.74   12.25    7.12   18.80   13.58   11.71   11.18    8.10    9.73   10.33   15.09    9.88    8.31   11.51   15.87   17.50   15.24   12.77   13.29   18.86   22.12   15.11   11.75   36.02   12.69    7.59   12.38   17.21    9.75   23.51   34.63   31.00   25.23    4.76    7.63   19.62   20.48   26.19   14.49    6.13    1.73    5.13   14.66
PSATGJR    -10.73  -65.35    1.98    0.36    0.85   11.01   14.20   10.92    7.33    4.95    4.17    4.56   10.94    6.66    8.49    4.35    2.80    8.72    9.87    9.24   11.44   13.35    9.71   16.15   10.57   10.29    6.78   10.03    4.16    5.90   10.15   18.33   13.52   11.37    9.97    7.02   16.74   10.12    8.55    6.32    7.67   11.26    4.48    1.64    1.59    9.23    3.56
PSATPRNC   -12.43  -64.43    4.81    1.09    1.26    2.52    8.61    3.96    9.67    8.91    3.22    4.84    6.96    7.52    3.88    2.61    4.10    5.30   11.79   14.66   11.82   10.96    7.99   15.22   18.33   12.92   10.85    8.02    8.94   10.96   13.06   15.42    9.71   16.30    8.21    5.42   15.65   11.40    8.11    2.96   12.43   11.87    6.94    1.89    1.95    8.57    6.24
PSATSANT    -8.87  -63.97   14.35   19.30    7.78   10.36   16.39    7.71    8.81   10.79    4.13    5.25    6.74    3.44    4.20    6.55    3.00   15.00   19.93   14.74    4.03    8.30    8.39    2.83   11.44   14.00    5.59   12.46    7.04    5.46   12.36    5.92    5.26   19.70   16.12    5.90   12.98   15.00   10.22    3.70    9.94    6.51    5.93    3.35    3.65    4.35    8.56
PSATDARD   -10.16  -59.46    9.53   31.10   27.39   25.35   16.54    0.90    1.79   14.53    4.70    9.11    8.77    2.95    2.55   17.50    8.70   10.84    7.84    6.10    2.98    7.43   21.46   20.88   15.43   19.51   12.51    7.20   11.14   20.68    6.89    7.42    8.32   14.80   13.97    2.31    5.85   11.89    6.48    5.56    5.21   12.68    7.14    0.62    2.90    6.79    9.67
PSATGUAP   -15.12  -58.96    2.70    6.16    4.31    1.75    9.22    0.53   12.98    1.98    2.01    6.23    9.12   12.39    4.04    9.60    4.82    3.80    8.27   13.64    2.29   10.80    7.66   23.30   18.59    2.91    4.58   10.51   19.09   10.39   13.87    2.40    2.43   13.29    3.48    4.76   20.84    2.69    4.00    8.70    5.00   14.19    3.23    0.61    0.52    8.88   10.35
PSATJIRA    -9.25  -64.65    5.93    3.18    2.75    8.19   12.83   11.96    6.48    5.62    4.52    4.73    8.65    7.39    4.72    8.28    3.26   11.30   15.38   15.54   13.20   12.41    8.47   11.00   14.46   10.15    9.16   16.15   10.38    5.53   10.55   12.10   14.49   20.17   20.85   13.71   15.59    9.30    7.29    8.57   11.34   18.25   10.98    3.89    0.87    4.72   10.56
PSATROND   -11.99  -60.70    5.55    2.19   31.46    9.18    8.90    2.89    5.39   23.68    3.94    9.17   19.61    6.74    1.48    8.12    6.29    4.20    8.59    3.30    4.58   11.61    5.43    9.38   39.08    4.96    4.90    4.29   11.57   11.98    7.89   11.55   12.50   16.36    4.12    5.04   12.27    9.22    4.39    6.16    9.03   14.34    7.51    0.37    4.15    4.82   10.77
PSATSAMU    -8.75  -63.45   14.07   16.76   12.64   13.40   13.19    8.97    5.26   13.65    2.11    4.84    8.67    5.71    5.64    3.03    3.90   15.74   10.88    8.35    2.73    4.87   13.16    6.07   19.60   10.04    7.65    4.19    4.05    9.63   17.19    1.55    5.04   17.70   19.43    3.03    6.87   22.68   11.81    3.43   10.32   12.48    9.66    2.41    1.94    2.97   10.27
PSATBALB    -1.92  -59.47   25.42    5.89    1.52    4.92   20.83   10.86    2.77    5.90    9.34    4.93    2.39    9.51    9.88   12.48   12.23   10.50    4.12   18.80   14.43   23.42    6.66    4.55   17.49   18.08    9.55    9.96   12.06   18.86   23.78   11.26   14.12   14.61    3.73    3.26    5.62    9.62    9.58   12.12   12.72    4.25    1.18   11.69   12.39   17.64    5.09
PSATCUNA    -2.82  -54.30   16.49    0.87   19.26    5.43    4.67    3.80    2.54    1.58    2.63    2.16    7.37    9.42   15.59    7.68   11.14   25.53    9.43   11.07    5.44   18.35    6.37    1.41    5.12    6.94    3.10    6.58    3.88    2.89   10.83    1.78    2.69    4.57   17.39    4.68    6.91    9.32   10.01    7.95    5.45    1.51    9.97    6.44    2.49    1.63    4.19
PSATJARI    -0.65  -52.52    5.91    1.17   10.09   15.26   13.40    9.47    6.36    6.44    9.24   11.48    3.88   10.72   11.22   13.88   17.06   20.73    3.22   13.54    7.60   11.07    1.89    1.32    6.66    6.72    8.89    8.08    5.65   12.15   14.78   15.36   11.83    9.58    9.97    4.33    3.90    7.51    7.71    9.00    7.72    8.92    3.37    5.76    5.66    4.66    7.33
PSATFGOM     0.86  -51.20    5.70    2.38   18.12   16.80   17.43   12.55   13.00    9.75   11.55   15.21    6.66   13.53    6.19   14.21   14.48   10.40    4.26   15.43    6.18   15.14    2.51    3.93    5.23    6.96   18.47   10.25    9.76   15.49   16.88   21.20   16.21   20.58   11.42    6.67    8.70   13.07    6.14   11.27    4.26   15.80    5.58    5.77    8.83    5.40    5.74
PSATUBE     -6.75  -43.57   13.84    6.20    1.26    1.26    1.12    1.26    3.96    6.72    4.31    4.89    7.72   14.32   11.21    2.24    1.05    2.66   12.82    9.77    6.52    9.86    7.83    2.66    0.95    3.05    6.09    5.39    4.15    0.52    1.86    0.23    0.01    0.43    2.99    9.05    9.42    1.07    2.16    9.72    8.85    2.78    2.59    6.25    1.39    6.45    1.29
PSATBSOR    -6.74  -52.00   26.42   19.13   14.17    8.79    9.72    2.44    6.73    9.94    6.34    7.91    6.79    5.07    4.93    2.23    6.83    4.23    5.17    6.21    9.68   13.43   12.11    9.41   11.25    4.50    3.66    8.22   12.24    6.39    1.24    1.71    6.42    9.08   10.86    5.54    4.17    6.53    4.36    7.84    5.56    3.80    3.06    6.99    5.90   14.15    5.66
PSATBESP    -6.75  -51.77   18.58   10.30    1.72    6.91    1.14    1.28    7.43    4.04    6.53    2.08    8.37   10.02   13.01    9.19    4.53    6.44    7.07    5.59    9.21   15.91   21.25    9.43   11.42    7.93    4.05   14.02   13.46    1.95    2.89    6.93    0.94    4.72    2.90    1.84    7.50    1.85    6.12   13.65   12.72    2.53    3.28    8.14    6.23    6.38    3.72
PSATPIME    -3.41  -51.91   13.35    6.78   12.09    4.98    2.60    1.78    6.04    3.98    3.17    4.14    4.29    7.87   10.87   10.41    8.97    9.57    8.74    6.94   10.48   18.38   15.08    5.48    5.54    4.81    6.15    6.90   10.35    4.21    6.29    2.32    2.30    4.14    9.21    1.53    3.40    5.04    7.34   10.01    6.34    3.98    1.90    7.31    3.41   10.73    2.68
PSATIRAP   -16.74  -42.57    8.11   12.86   10.96    7.02    7.36   15.13    4.10    5.84    0.98    2.17    1.01    0.14    0.18    3.95    3.82    0.49    0.45    0.21    0.38    1.00    2.18    3.48    2.80    2.02    0.72    5.12    6.39    0.50    0.03    0.03    0.28   10.30    5.38    1.51    0.46    0.39    0.03    0.07    0.01    1.84    5.43    6.48   13.48    9.90   15.10
PSATITBI   -15.97  -39.59    6.93    6.22    4.19    4.84    2.57    3.61    2.43    3.11    1.19    1.41    0.60    0.28    0.55    7.63    4.39    1.55    0.70    0.52    1.24    1.40    5.01    4.53    2.40    4.48    1.97    6.13    5.22    0.90    0.31    0.48    0.24    5.10    5.78    0.82    0.79    0.51    0.34    0.08    0.04    0.38    2.64    3.40    2.93    4.61    8.64
PSATCOLI   -10.98  -55.77   22.75   19.20   28.27   13.49   11.90    4.76    8.23   14.70   10.76    6.76    4.01    4.36    4.54    2.07    2.48    1.23    3.93    9.04    9.46   15.65   10.60   29.11    8.35    3.11    1.80    8.13    7.95    2.41    3.00    0.66   16.35   15.11    7.68   21.63    9.00    6.43    2.40   13.11    9.29    4.45    3.09    2.25    2.37   17.71    3.98
PSATSAEL    -9.19  -57.04   19.26   18.85   19.26    9.93   11.04    2.21    6.95    3.41    5.74   12.16    1.76    2.99    5.55    7.79    4.16    4.96    6.29   12.24    5.99   10.28   15.77   23.03    8.59    6.19    8.96   10.45   13.42    5.56    0.99    4.25   11.76    5.07   13.61    2.08    3.17    3.58    4.74   10.88    9.12    6.58    7.48    6.22    8.20   20.46   13.73
PSATITQ    -17.09  -54.83   11.45   10.99   14.01   16.46   35.52    9.20   12.56    5.38    7.30    7.30   13.88   13.07    3.07    1.81    9.37    0.74    0.26    1.45   13.85    4.88   12.65    2.02    5.15    9.99    6.68   14.26   17.72    1.51   14.79    3.28   10.12    8.78   15.53   17.65    7.39    4.58    7.03    6.55    1.34    3.79    3.71    1.72    3.49   16.43   13.25
PSATJAU    -15.24  -58.73   10.40    4.04    5.32    1.39    6.29    1.04   10.40    3.87    4.28    5.47    7.58   11.77    3.71   13.68    8.39    4.22    9.76   14.65    3.21   11.30   11.88   27.93   14.63    4.88    4.45   13.38   20.15   10.67   14.50    2.68    3.78   13.47    3.98    4.72   19.05    2.45    4.81    7.63    5.00   13.46    2.56    0.70    0.46    9.32   10.65
PSATMAN    -14.87  -55.78   23.04   33.62   30.27   19.00   19.51   14.81    3.97   13.44    7.63    3.12    9.27   15.99    6.97    0.90    7.96    0.40    2.31    3.56    7.82   19.67   11.69   15.21    6.13    2.84    5.52    9.82    7.48    4.11    2.26    0.56    6.92   13.73    7.71   29.06   17.93    1.19    1.56    6.32    1.17    7.35    1.66    2.01    0.93   11.49    1.95
PSATPTP    -17.61  -54.83   12.00    2.15    1.58   12.92   28.14    7.29    8.05    5.61    7.20    8.83    7.46   17.18    2.14    1.85    3.68    3.26    0.23    1.92    8.80   10.72    9.77    0.98    5.26    7.19    8.22   20.39   24.80    0.79   10.36    3.35    7.10    7.48   10.99   20.09   18.45    4.48    7.26    6.95    1.27    3.38    1.23    2.73    3.63   15.11   17.04
PSATSTCL   -17.90  -40.20    5.48    4.67    8.88   12.09    1.56    1.48    2.55    2.53    2.08    1.06    0.20    0.01    0.96   13.32    7.06    2.83    1.23    1.88    2.14    1.88    4.91   12.37    2.10    4.27    2.08    6.29    5.31    2.35    0.36    0.13    0.22    1.41    4.02    0.41    0.93    0.45    0.11    0.01    0.10    0.13    7.89   12.18    1.22    3.96    5.79
PSATPDC    -12.58  -39.00    1.17    0.63    1.71    1.13    1.68    1.33    2.37    1.05    1.06    0.53    3.47    1.89    1.61    2.22    3.27    1.09    6.25    9.86    7.86    3.94    4.28    2.81    4.42    1.47    3.34    5.79    3.05    1.85    1.55    1.26    0.65    0.27    0.83    1.51    1.35    0.57    0.35    0.31    0.50    0.83    0.46    0.66    0.42    1.01    0.67
PSATROSA   -20.92  -41.72   24.18   52.25   13.21   28.46   15.21   11.65    8.12    7.04    1.50    6.83    3.78    0.93    0.12    4.06    3.56    0.13    0.36    0.80    1.45    3.19    6.40    8.43    0.88    4.04    0.24    8.13    7.69    0.47    0.91    0.83    0.29    4.85    2.10    2.10    0.08    0.14    0.05    0.02    1.82    0.63    9.62   10.96   14.11   20.85   12.10
PSATCAN    -20.21  -42.85   45.48   30.28    4.32   23.15   12.79   20.50    4.73   10.89    6.13   11.32    9.07    1.80    0.73    2.75    1.51    0.13    1.26    0.57    1.81    2.22    2.22    6.47    2.98    3.19    0.61    5.59    3.76    0.52    0.12    0.20    2.29   11.44    8.80    2.33    0.57    0.28    0.09    0.01    1.34    0.56    8.35   17.07   10.11   13.31   26.59
PSATSAC    -19.64  -42.85   27.28   35.02   14.10   24.99   10.53   12.59    1.69    8.00    3.79    3.31    3.59    0.30    0.68    5.37    3.87    0.39    1.28    0.57    1.36    1.46    3.35    5.84    3.94    4.16    1.06    8.54    5.75    1.13    0.08    0.30    3.02   11.07   13.39    3.38    0.94    0.28    0.12    0.01    0.50    2.17    8.53   10.16   10.90   14.85   18.15
PSATPES    -19.12  -42.66   18.08   27.03   21.55   15.87    7.08   12.78    4.38   14.40    2.04    7.93    2.47    0.05    0.76    4.32    3.25    0.83    0.75    0.62    3.55    1.69    5.35   10.56    3.37    4.48    1.49    7.52    4.64    0.90    0.22    0.25    2.10   16.58    7.26    2.11    0.89    0.69    0.09    0.01    0.05    2.52   10.01   14.20   18.18   21.76   24.89
PSATMAS    -19.50  -40.92   20.65   29.81   17.09   15.66    8.39   12.81    4.99    9.56    3.81    4.25    1.69    0.25    0.41    4.98    3.79    0.88    0.79    0.86    2.17    1.29    4.06    6.63    2.14    3.75    1.31    5.64    4.33    1.25    0.80    0.45    0.60    9.55    5.75    1.54    0.52    0.57    0.28    0.05    0.22    0.77    8.30   17.22   23.78   20.04   20.18
PSATSBR    -23.37  -45.87    8.03    4.46    8.14   19.41    5.82   13.76    5.12   22.91   13.34   19.49    3.54    6.27   19.94    8.58    1.62    1.80    0.29    1.43    0.92    2.29    5.89    9.78    9.47    0.24    3.31    2.74   11.36    6.52    9.56    4.12    5.52   22.27   17.07    7.76    2.94    0.66    0.11    0.37   24.94   21.77   10.37   25.48   14.72   22.60   22.42
PSATJAG    -23.20  -46.03    4.54    4.33    3.78    8.35    3.41    9.58   10.49   24.52   12.76   13.11    3.78    7.84   11.58    6.85    0.37    0.81    0.02    2.76    1.46    0.96    9.31    3.74   10.77    0.06    7.81    0.47   13.00    6.52   16.19    5.23   10.01   18.26   24.78   10.22    3.57    2.69    0.18    0.67   42.76   28.56   12.42   21.12   14.86   23.53   13.89
PSATFUNI   -22.53  -44.57   13.67    6.66   11.92   31.36    5.42   13.06    7.44   18.60   17.95   19.17    7.22    8.96   12.71   11.56    1.50    1.08    0.08    3.79    2.74    1.50    8.34    7.05   10.40    0.13    3.25    0.43   12.32    3.54   10.22    2.92    7.60   15.79   20.07    5.04    2.77    1.40    0.07    0.24   23.89   24.14   14.76   24.32   13.05   17.07   14.98
PSATSACE   -22.48  -43.84   42.35   18.03   16.77   51.94   17.60   21.64   24.00   18.49   17.79   23.26   13.57   10.77   21.86    3.80    0.34    0.35    0.02    1.80    0.08    0.26    4.45   12.66    3.95    0.81    0.30    0.15   10.67    0.99    0.43    0.35    1.28   14.23   14.18    8.06    3.92    0.63    0.09    0.18   14.48   18.78   20.43   25.83    9.22    4.56   13.50
PSATPIC    -21.91  -43.54   70.08   26.37   15.87   35.07   11.16   15.47    9.90   25.92    3.25   11.15   15.24    9.58   13.85    1.94    0.99    0.38    0.24    1.13    0.15    0.55    2.35   11.49    3.81    0.63    0.34    0.21    8.27    3.43    0.09    0.11    1.16    8.04   12.57    3.48    4.49    0.21    0.03    0.15    5.95   11.57   14.53   20.72    3.17    1.10    8.36
PSATSOGI   -21.94  -43.36   81.01   26.03   17.83   76.32   16.62   20.87   12.12   22.43   10.96   10.60   17.59    9.50   14.73    1.18    1.05    0.29    0.85    0.65    0.34    0.72    1.01    7.03    0.47    1.08    0.72    0.55    4.81    0.82    0.08    0.08    3.20   13.04   14.56    4.09    3.02    0.27    0.11    0.02    6.13   14.27   16.66   23.76    2.50    1.40   12.83
PSATIPSI   -21.84  -42.58   55.86   24.17   14.17   55.95   15.90   21.66   15.94   19.56    8.13   15.38    9.93    4.68    8.35    0.79    1.14    0.30    0.38    0.72    0.28    0.72    1.33    4.69    1.11    0.61    0.42    0.75    2.99    1.03    0.21    0.06    7.26   18.30   11.91    5.91    2.94    0.55    0.37    0.07    6.12   22.23   12.23   21.62    8.56    7.64   16.96
PSATTCLJ   -22.69  -43.83   19.85   16.90   20.92   67.67    6.29   15.83    6.64   22.45   13.21   19.30    9.92   11.37   12.99    1.97    0.27    0.09    0.00    1.51    0.02    0.00    0.70    2.61    0.03    2.00    0.00    0.06    1.08    0.08    0.11    0.20   11.00   22.29   18.95   11.20    0.55    0.15    0.12    0.24    8.18   15.84   10.80   18.49   21.39    9.12   15.59
PSATBIGU   -25.51  -53.67    0.00    0.01    0.00    0.45    3.30   11.12    2.06    6.23   17.82   13.39    6.63    8.51   10.60   13.85    9.49   17.91   11.64    1.73    1.83    4.37    6.80    2.43    0.81    4.98    3.37   19.52   30.45    5.84    5.53   14.27   41.51   16.72    6.02    6.67    8.67    4.00    3.35   12.89    9.23   15.40   13.81   11.15    7.33    1.96    0.31
PSATBRAU   -21.45  -42.41   46.32   24.57    6.24   27.43   16.84   19.89   10.86   12.41    9.57   19.97   13.13    1.69    1.97    4.46    3.18    0.54    0.92    0.90    1.19    4.16    1.70    8.38    1.64    1.80    0.99    2.34    3.79    0.89    0.37    0.07    2.45   14.38   12.65    3.15    3.34    0.62    0.36    0.00    2.72    2.09   12.91   22.45    8.61   12.20   26.90
