PSATAGV    -19.89  -50.35   18.95    0.57    2.94   14.47   26.96   14.26    9.95   11.92   15.44   12.14   12.37   16.24   17.55   10.10    8.96    2.57    0.49    9.82    4.27    9.52    7.38    0.31    0.18    6.87   17.38   22.71   10.49   19.49   20.63   19.18    1.66    7.84    5.21    1.11    0.09   14.50    7.18   17.03   16.65   19.00   12.53    7.36   12.83   16.99   18.45
PSATCMG    -21.28  -44.63   48.56    6.83   38.58   36.95   19.43   11.32   15.27   15.84   13.80   20.13   18.53   15.31    0.93    1.86    1.28   15.80   19.63    6.13   19.73    9.01    0.95    0.11    0.52    0.49   11.57   12.78   10.84   10.25   14.72   19.42    1.72    1.28    8.19    1.21    8.94    6.05   13.63   13.89   11.44   12.61   15.57   14.50   21.84   10.28   22.20
PSATCES    -20.25  -48.16   37.09    6.83    2.83   25.31   16.58   11.21    7.30    6.93   16.59   10.80   22.13   10.33   19.02    1.96    3.12    4.59    5.00    5.60    9.31   17.94    2.14    0.04    0.50    2.48   18.48   14.98   14.88   11.99   10.09   22.83    0.89    1.88    3.17    1.18    1.18   13.65    7.77   11.64    8.51   11.46   11.06    4.91   18.10   18.77   12.69
PSATELC    -21.60  -46.95   21.08    5.82    3.92   16.43   32.27   10.93   15.42    9.77   15.09   21.11   13.81   12.12   12.75    1.93    1.88   10.13   12.81    6.91   15.40    8.70    1.86    0.09    1.03    9.78   22.30   17.83   11.43   16.07   12.75   32.25    0.65    1.07    6.69    4.13    4.93    4.45    7.45   16.42   14.19   13.96    8.73   10.20   18.86   17.78   34.48
PSATFUN    -21.14  -45.04   43.55   23.29   68.73   30.20   18.14   13.82   13.01   16.76   22.66   20.55   17.50   21.28    0.64    1.38    0.38    8.50   15.45    7.64    9.31    3.96    1.08    0.07    0.45    0.51    6.38   10.66   20.33   10.47   13.70   11.00    0.94    1.21    4.64    0.42    6.81    4.47    9.68   14.81    8.59    9.95    9.64   18.37   20.87    8.44   32.09
PSATFUR    -20.67  -46.32   30.36   30.88   14.27   24.42   13.86   13.03   13.00   12.19   22.01   24.56   18.75   12.18    4.85    1.80    1.36    7.73   15.23   13.60   14.65    8.37    0.98    0.08    0.78    1.74   10.02   11.96   17.28   14.19   27.29   28.19    1.19    1.67    5.23    1.72    6.40   10.94   13.35   13.56   11.24   14.40   17.37   17.88   17.99   13.67   26.63
PSATMRB    -20.30  -49.18   26.66    3.81    2.10   21.47   26.34   13.86    9.23    7.00   14.86   17.77   13.33   14.02   16.15    2.78    4.08    4.10    4.31    7.65    8.62   15.14    4.49    0.08    0.49    3.82   19.74   16.26   15.68   16.55   14.19   23.23    1.73    4.23    3.35    1.72    0.88   14.77    6.91   13.06    8.21   14.62   11.76    5.66   15.56   19.37   19.21
PSATPRG    -21.59  -45.67   53.27    6.18   10.11   15.24   17.52   16.76   16.29    9.39   15.70   17.32   20.08    9.21    6.75    2.59    1.47   13.07   18.38    8.14   11.74   14.75    2.10    0.23    0.81    8.91   14.42   11.82   12.60   20.28   26.10   29.99    1.42    1.61    8.47    6.40   10.42    9.33   10.19   18.74   15.67   14.52   10.00    7.71   13.77   10.82   23.32
PSATPAS    -21.02  -48.18   11.49    3.72    1.89   13.41   31.53   16.61   12.01    8.24   15.16   16.02   10.75   14.40   10.98    4.67    1.24    5.25   11.20    7.07    6.20   10.88    4.82    0.02    0.49    7.34   14.74    8.67   14.07   17.15   18.12   24.95    2.15    0.73    3.71    5.92    4.60   10.23    3.31   20.73   16.05   14.48   10.56    4.82   10.31   14.34   27.15
PSATPTB    -21.61  -45.49   45.08    8.18   20.72   24.77   19.30   13.11   15.23   15.08   16.91   14.70   23.72   16.39    1.62    2.41    2.95   11.04   16.77    7.45   14.70   12.62    1.61    0.07    0.66    3.53    9.24   14.06   17.03   15.43   26.55   22.74    1.55    2.08   10.03    1.48    8.73   10.55    8.06   16.91    9.89   12.30    7.93   13.58   20.48   11.00   27.95
PSATPTC    -20.00  -48.55   37.92   10.87   14.35   28.21   19.82   15.69    8.83    8.77   15.75   13.76   19.14   13.49   17.07    2.64    3.19    3.88    4.32    7.49   16.16   14.01    1.43    0.05    0.20    0.89    9.62   14.97   15.92   15.86   21.71   20.43    1.44    2.62    3.02    0.63    0.32   13.14    9.41   15.15   13.02   10.72   13.98   12.53   18.08   19.76   17.92
PSATFZA    -26.00  -51.65    0.05    0.26    0.53    0.21    0.41    9.37    5.36    2.93   14.11    9.48   10.97    1.93   13.64   10.43   13.97   11.59    9.19    6.03    6.47    1.24   13.58    8.54   14.26   18.12   17.80    3.38    1.42    8.42   10.31   15.97   49.03    7.08    6.10    3.05    6.25   22.85   15.58    2.09    6.41    2.75    6.88    0.89    1.08    0.40    0.72
PSATJSG    -25.78  -52.00    0.00    0.05    0.08    0.07    0.57    5.35    3.71    2.73   15.61   10.99   24.12    2.20    6.33   11.86   13.14    9.11    9.13    5.18    3.66    1.62   15.70    7.67    8.51   15.33   14.84    2.64    1.56    4.18    5.52    5.48   47.19    7.06    2.20    3.98    1.93   14.15    8.20    0.79    3.86    1.45    7.60    2.71    1.07    0.40    0.51
PSATSCX    -25.53  -53.48    0.00    0.00    0.00    0.07    2.62    9.37    3.17    2.48    7.64   15.81   15.58    3.03    7.61   12.19   19.92    6.68    9.76    4.06    7.48    3.08   15.69   10.02   13.19   11.90   14.39    3.98    2.07    5.30    9.92    8.44   23.08    8.54    1.27    3.19    2.74   12.20    7.48    4.19    1.99    1.62    5.71    2.65    1.61    0.61    0.32
PSATSCL    -25.49  -51.74    0.00    0.00    0.02    0.22    0.63   11.75    4.40    2.51   11.62   15.97   15.62    2.49   10.29   13.76   10.19    6.09    6.22    6.31    3.13    1.49   16.28   13.23    8.09   23.59   22.13    5.08    2.43    3.42    9.31   15.67   47.09   10.31    2.14    5.39    5.29   18.04   11.37    1.50    8.65    1.43    8.07    1.43    0.40    0.29    0.90
PSATUVT    -26.23  -51.08    0.14    0.80    2.26    1.63    1.14    5.32    6.52    4.15   15.05   15.76    6.30    4.81   14.54   28.87   12.36    8.68   12.07    4.80    6.50    2.72   18.36   14.57   16.14   31.14   19.94    7.13    1.66    9.35   11.11   22.45   18.69    8.02    8.27    2.36    5.35   30.62    7.10    1.67    2.66    4.23    4.70    0.49    1.20    0.90    0.99
PSATBSM    -24.19  -53.74    0.00    0.00    0.00    0.39    3.01    7.76    4.88    4.03   12.57   26.50   20.05   12.65    5.63   13.91   23.29    2.06    8.97    9.45    8.12    1.71    7.88    8.23   12.33   11.52   12.96    7.20    4.08   10.22   15.61   15.87   47.90   11.47    1.42    2.33    3.08   10.49    8.62    4.55    1.87    1.98    3.36    2.85    0.57    0.06    0.62
PSATFLE    -22.97  -54.56    0.00    0.00    0.02    0.89    2.59    8.68    5.89   25.22   19.03   13.31   11.41    8.04   12.16   12.19   24.59    2.51    6.97   10.26    4.02    0.88    0.12   17.12    5.68   11.81   14.77   16.24   12.00    9.70   16.76   22.58   28.49    4.82    3.27    0.92    2.73   18.86    4.56    3.57    2.68    3.47    9.76    6.30    4.63    2.76    2.93
PSATITP    -25.42  -54.58    0.04    0.00    0.03    0.32    3.25    6.29    5.03   10.23   14.16   18.70   10.67    9.77   10.17   21.88   25.13    5.36    8.22   10.41    7.12    1.37    3.50   16.77    9.27    9.90    9.66    8.76    8.34   16.54   15.80   33.28   26.27    6.84    4.51    0.83    4.74   11.32    6.91    6.03    1.63    2.60    7.18    3.07    1.83    1.25    2.32
PSATIVM    -22.38  -53.53    0.07    0.00    0.03    0.55    1.75    4.96    3.71   26.50   16.28    5.75   13.00    7.12   12.41   11.71    9.92    2.57    3.07    4.75    3.44    0.27    1.02   12.79    8.08    6.37    9.15   12.60    6.29   16.60   17.44   26.62   31.70    2.40    2.90    2.00    1.47   12.99    4.06    3.73    2.02    6.38    7.69    9.78    4.83    5.81    5.14
PSATPTQ    -23.18  -53.17    0.09    0.02    0.06    0.31    0.72    5.18    5.72    4.49   14.37   17.65   21.95    8.45   12.87   15.68   12.91    5.80   10.31   17.27    7.15    1.90   10.55    8.83    8.53    9.71   18.78    8.99    5.64   10.27   14.31   29.39   23.94   10.70    2.82    3.38    5.34   11.65    7.37    3.60    3.60    2.61    3.38    0.97    0.66    0.10    1.18
PSATCBI    -17.99  -48.54   13.86   13.23   14.42   16.49    6.80   10.84   13.02   10.59    4.71    2.98   10.47    7.89    3.15    0.72    0.02    0.03    0.19    0.64    0.26    6.33    0.74    0.07    0.21    0.12    5.79    5.93    9.37   16.26    9.02    3.94    6.18    0.70    0.05    0.00    0.02    4.42    1.77    1.91    1.28    2.98    3.13    8.47   12.89   11.34    4.51
PSATCBIV   -16.15  -48.67   16.45    9.51    5.79    9.64    3.60   11.65    7.12   11.26    2.72    1.56    5.79    1.17    0.42    0.02    0.00    0.03    0.38    1.60    0.32    5.22    0.93    0.05    0.48    0.12    8.44    5.85    6.33   17.29    4.70    2.91    8.01    1.14    0.02    0.00    0.00    3.30    1.38    1.11    1.59    3.38    0.88    4.23   10.34    5.79    0.94
PSATEMB    -18.45  -47.98   34.63   26.06   24.64   23.81   18.72   10.46   19.40    9.87   20.66   17.12   17.05    8.94    1.13    0.99    0.20    0.00    0.32    0.45    0.53   11.20    0.61    0.26    0.41    0.28    5.02    5.80   13.76   12.04   22.76   10.68    1.39    0.33    0.27    0.03    0.21    5.82    6.07    6.69    3.18    3.18   14.49   18.62   20.91   29.32   24.46
PSATIMBR   -18.42  -49.10   38.03   15.76   23.54   27.75   16.62   20.14   21.56   14.49    9.72   11.19   13.41   17.30   14.73    2.02    0.57    0.04    0.13    2.06    1.54    9.06    0.76    0.11    0.17    0.23    6.21    9.00    9.53   17.64   21.12   11.65    2.54    0.88    0.65    0.02    0.04    4.50    6.59   10.50    3.82    3.81   17.80   19.44   16.30   19.89   14.15
PSATNPTE   -19.13  -47.70   42.45   19.81   23.56   21.81   23.63   14.33   17.91    6.93   18.60   16.37   16.50    9.63    6.29    2.20    0.70    0.60    1.25    2.76    6.89   14.11    1.51    0.12    0.78    0.38    5.25    6.23   12.20   11.54   28.73   18.14    3.39    0.33    2.45    0.36    0.11    8.07   11.26   16.57    7.75    8.49   14.25   14.00   14.66   15.28   16.17
PSATARV    -18.07  -50.16   24.62   28.86   20.89   17.74    6.39   10.54    9.89   14.17    6.95    1.93    3.88   10.07    2.87    1.41    2.02    0.72    1.46    1.24    0.66    3.79    2.47    1.39    1.43    0.31    6.79    8.98    7.40   17.26   12.43    2.87    0.69    4.30    2.69    0.12    0.00    1.93    4.75    5.03    0.71    2.95   20.25   16.43   15.35    8.91    1.38
PSATSFC    -18.05  -47.68   15.60   14.66   23.32   20.93   11.16   10.77   11.50    6.58    8.84   11.08   13.16    6.29    0.34    0.35    0.02    0.00    0.13    0.18    0.17    7.79    0.59    0.39    0.16    0.16    8.67    8.75   10.04   20.48   10.93    3.07    3.97    0.63    0.03    0.00    0.14    2.95    1.73    0.95    0.84    2.28    5.01    5.91   20.77   24.08    9.32
PSATSSM    -19.02  -50.50   27.41    9.81   24.59   24.93   15.29   17.52   12.25   17.13   10.70    3.93    8.15   14.54   17.70    3.76    7.21    0.78    0.50    3.74    2.55    7.72    2.21    0.20    0.13    0.55   12.38    8.53    9.09   19.82   19.99    7.80    1.04    4.02    2.68    0.08    0.00    2.99    4.89   13.06    5.30   11.23   15.36   12.92   12.62   13.32    2.74
PSATCNI    -22.94  -50.52    0.10    0.01    0.26    1.29    2.68    8.38    7.17    4.66   11.93   17.77    8.85    5.35   12.97   19.02    0.82    5.83    5.96   13.98    5.22    3.70   20.21    1.49    5.55   14.82   30.77   21.67   12.12   10.45   27.11   23.52   16.41    3.77    6.66    3.00    4.84   14.27    8.82    0.94    9.47    7.00    5.93    1.09    3.00    1.69   11.53
PSATCPV    -22.65  -51.33    0.15    0.00    0.45    0.78    1.10    7.29    7.76    3.31   10.00   17.16    8.78    4.25   10.53   18.00    6.12   11.04    5.22   21.44    6.96    1.84   17.07    6.02   10.03   15.70   20.91   15.63    7.77    7.70   20.62   26.59   18.88    8.51    5.93    3.54    4.25   13.22   11.29    1.60    6.24    3.21    7.17    0.58    2.41    0.54    3.77
PSATCHT    -23.01  -49.73    0.04    0.07    0.82    1.01    0.82    6.78    5.62    4.90    6.95   12.60    2.17    5.76    6.56   18.51    5.58    5.21    3.42   10.83    1.40    2.22   21.48    8.35    9.84   16.28   16.10   17.69    4.37    3.64   27.20   17.05   11.81    2.55    7.75    5.07    5.50   20.07   15.63    0.99    6.62    9.06    4.53    0.49    0.51    0.44    4.46
PSATJUR    -23.22  -49.23    0.83    0.78    1.98    1.68    1.03    9.56    6.64    4.85   11.43    9.81    4.00    8.11    5.14   16.17    3.46    5.49    4.95    8.02    0.87    2.76   19.50    9.34   10.68   23.60   28.84   16.41    8.78    6.97   32.77   14.32   11.14    2.85    7.70    6.06    6.58   18.51   10.46    1.03   13.61    8.82    4.19    1.31    1.11    2.21   10.09
PSATMAU    -24.06  -50.71    0.05    0.11    0.32    1.00    1.01    5.67    6.42    3.23   10.33   15.60    7.27    4.92   14.29   21.27   13.92   12.43    9.53   10.90    1.75    2.47   13.73   11.94    7.27   11.18   11.17    3.77    1.76    2.01   14.64   33.30   11.76    9.29    3.88    4.56    4.13   22.07   11.47    4.08    1.67    2.47    4.24    0.35    0.24    0.06    2.33
PSATROS    -22.50  -52.87    0.25    0.00    0.14    0.53    1.25   10.15    2.86    5.63   15.83   10.96   12.54    7.89    9.45   16.69   12.23    7.78   11.14   24.52    8.72    1.18   18.56    6.03    4.92   10.87   20.47   17.21   17.07   14.52   19.83   32.12   15.37   11.97    5.31    0.70    4.51   14.25    7.76    4.87    6.00    2.44    4.06    0.34    3.15    0.67    3.88
PSATQMD    -16.21  -47.33   12.45    6.39   10.76   15.20    1.66    5.68    3.62    3.06    1.27    4.87   12.29    0.90    0.18    0.00    0.00    0.11    0.30    0.18    0.27    6.47    0.92    0.46    0.24    0.21   10.19    3.71    5.87   16.68    8.87    0.82    5.31    0.92    0.08    0.00    0.08    1.10    0.20    0.20    0.82    1.05    0.85    2.72   11.51   11.38    7.43
PSATRBX    -18.95  -44.76   27.21   53.89   24.32   22.55    9.26   10.51    9.56   16.79   19.56   22.81    4.98   11.51    0.49    0.46    0.00    0.20    4.03    1.17    6.81    4.99    0.50    0.10    0.38    0.25    2.97    1.16   15.11   12.20    9.84    9.51    1.25    0.49    0.17    0.05    0.36    1.74    1.65    2.93    3.35   12.36   14.91   17.46   15.59   11.41   18.34
PSATSFR    -15.93  -44.86   21.33   24.79   18.57   19.75    2.76    6.01    3.79    4.41    4.95    6.36    6.10    0.33    0.00    0.00    0.00    0.23    0.25    0.05    0.15    7.50    0.44    0.38    0.11    0.18    6.50    4.34    8.98   13.63   10.26    5.69    1.96    0.21    0.06    0.00    0.26    0.85    0.07    0.09    1.34    0.93    1.87    8.65   14.93   12.24    2.89
PSATSRM    -16.37  -45.07   22.49   29.41   21.17   16.17    4.73    6.77    7.05    8.23   16.06   12.33    7.79    2.44    0.07    0.07    0.01    0.03    0.26    0.06    1.54    7.39    0.58    0.16    0.17    0.29    3.80    1.12    8.04   17.04   11.23    8.05    1.81    0.18    0.03    0.04    0.49    0.97    1.07    0.52    1.66    3.15   10.78    8.52   13.98   18.52    8.19
PSATTMR    -18.16  -45.27   27.25   46.39   30.70   28.06   10.09   11.55   10.01   15.34   24.07   22.56   12.63   14.27    0.73    0.91    0.22    1.19    2.92    4.07    9.70   11.47    1.20    0.12    0.44    0.26    5.90    3.95   14.02   20.37   19.92   12.04    1.39    0.45    0.60    0.10    0.29    5.54    7.82   10.61   11.32   15.09   18.86   23.42   16.94   18.87   18.66
PSATBOQ    -11.35  -43.83    3.86    7.52   12.75    3.03    0.70    1.70    4.26    5.95    5.13    1.42    0.25    0.16    0.06    0.00    1.91    3.24    1.18    3.56    4.36    2.78    1.60    0.34    0.46    0.52    3.48    0.94    0.95    6.93    1.43    0.53    2.17    0.27    0.49    0.00    0.00    0.03    1.25    2.44    1.29    1.81    3.73    8.49    5.32    1.38    1.03
PSATBBO    -22.52  -48.55    6.57    1.37    3.84    2.85   17.34   11.56    8.94    6.37   12.73    9.03    9.39   11.17    5.64    9.70    1.88    8.83   11.92    8.78    4.59   10.88   14.70    2.98    2.54   16.52   24.42   12.82    9.37   13.10   24.71   23.40    9.53    1.20    6.22    8.51    8.02    3.20    0.38    7.27   16.59   12.42    5.07    1.15    2.40    6.65   24.20
PSATESZ    -23.46  -46.91   14.68    4.61    8.01    2.39    9.23   11.58   14.91    6.70   13.53    7.20    4.57    8.18    3.36   10.39    5.11    5.41    8.99    1.91    6.00   11.09   20.76    8.77    2.54   24.97   34.69    7.65    6.42   18.86   29.54   24.77    5.85    0.75   10.33   11.61    7.25    1.92    0.91    5.79   19.44   17.28    6.26    3.81    3.52    9.15   25.58
PSATIBT    -21.76  -48.99    1.26    0.13    0.55    4.92   19.95   14.35    6.52    5.76   14.73   11.92    9.13    5.62   16.69   13.11    0.55    4.43    7.74   10.51    5.56    8.25   14.79    0.15    0.42   10.03   23.34   11.91   15.03   15.99   21.91   34.95   11.53    2.88    5.74    6.21    7.78   10.92    2.98    8.72   10.89    8.78    7.47    1.41    9.08   10.92   19.37
PSATNAV    -21.12  -50.20    4.56    0.05    0.38    4.39   26.08   15.38    9.05    4.54   11.58   16.85    8.23    7.61   19.10   16.76    3.25    1.81    2.75   10.16    6.38    9.14   13.89    0.96    0.07    5.12   16.89   12.62   20.22   21.40   25.02   34.33   10.40    3.31    5.87    2.51    3.30   11.39   11.16   16.30   15.92   13.43    9.66    2.62   10.15   16.62   36.93
PSATSME    -13.40  -48.30   27.48   14.27   12.69    9.95    3.45    4.47    2.20    7.55    6.54    6.05    6.12    0.75    0.25    0.17    0.53    0.38    1.17    2.96    0.87    3.56    1.59    1.38    0.48    0.17    6.05   10.08    9.15   15.36    3.18    3.17    2.87    1.57    0.10    1.17    0.00    1.27    1.13    1.77    1.03    1.27    1.90    6.24    5.44    9.49    1.69
PSATBGR    -27.78  -51.20    0.01    0.50    1.13    0.26    0.58   12.60    7.35    8.38   15.07   16.99   13.87    3.11   11.30   22.08    3.71    1.29    5.23    9.41    2.02    5.14   23.69    2.78   17.93    9.21   17.11    9.45    1.55    6.30    7.01    0.62    5.70    3.68    0.10    0.33    5.84   12.92    3.47    0.91    2.43    2.30    3.07    1.12    4.67    2.38    1.82
PSATCNV    -27.60  -51.33    0.02    0.28    0.67    0.17    0.37   13.43    7.19    6.96   13.92   18.67   18.24    2.82   13.74   24.82    9.55    2.63    7.78    9.67    3.32    2.81   14.60    4.34   25.30   12.24   17.51    9.43    1.40    9.10   11.69    2.85   17.91   10.97    0.90    1.35    5.10    9.09    3.01    0.61    2.19    3.14    3.14    1.06    3.36    2.06    1.23
PSATFCH    -27.14  -53.04    0.00    0.00    0.00    0.00    0.53    8.27    3.50    5.90    5.46    9.96   13.16    4.68    8.01   28.90    3.16   10.06   11.92   13.25   10.07    6.44   17.42    6.55   23.75    5.26   17.14    1.98    0.53    1.79   12.86    0.09    1.91    5.08    0.67    2.94   15.21    6.44   13.23    4.32    2.20    1.02    4.20    2.82    0.64    1.72    0.18
PSATITA    -27.27  -52.38    0.00    0.05    0.16    0.00    0.15   13.29    7.39    9.51   10.35   11.51   11.77    3.74   13.48   18.21   14.11    6.16   17.92   11.16    6.20    4.90   14.40    6.36   22.29   13.89   11.44    6.98    1.05    6.41   11.64    3.80   13.21    5.94    3.36    1.23    9.16    5.25    8.48    2.52    3.10    2.02    3.15    2.15    1.14    2.77    0.69
PSATMCD    -27.52  -51.78    0.00    0.00    0.00    0.00    0.08   15.39    5.69    8.39    9.45    7.97   19.61    4.04   13.37   16.56    2.32    0.79   16.97    7.61    3.27    9.71   17.50    8.02   29.89    7.25   14.29    7.42    1.19    3.43    4.79    0.20    2.66    3.81    0.81    0.81    9.28    5.00   12.42    0.18    1.45    1.43    2.37    0.89    0.49    2.20    0.31
PSATMOJ    -27.35  -52.73    0.00    0.00    0.00    0.00    1.43   13.15    5.03    9.45   15.91   13.84   12.53    5.30    4.08   15.08    0.63    1.60   15.75   15.01    9.23   18.30   16.34    2.38   14.53    1.95   10.86    5.13    1.10    3.88    1.37    0.02    0.72    1.63    1.19    0.85   11.93    5.55    7.80    2.52    2.14    1.16    2.47    2.17    1.62    4.97    0.41
PSATQQX    -26.66  -52.54    0.00    0.00    0.00    0.01    0.21   15.80    3.87    9.56    8.06   15.14    9.33    1.88    8.12   17.14   10.00   14.69   15.56    7.17    4.30    1.72   18.55   10.52   16.90   16.08   16.51    5.20    1.16    3.78   11.81    4.41   13.89    7.54    3.91    3.08    7.42   11.44   11.41    3.31    3.04    1.92    5.48    2.79    4.97    2.78    0.73
PSATPSJ    -28.14  -55.05    0.00    0.00    0.00    0.00    1.59    6.99    0.33    8.97   17.69    8.15   12.68    3.53    5.37   12.32    0.56    0.08   31.14   34.47   29.19   55.54   17.93    2.78   10.38    2.27    1.11    1.41    1.66   11.70    0.26    0.00    0.17    0.42    0.71    4.30   15.71   17.81    7.54   12.37    1.21    0.27    0.51    3.43    2.91    1.86    1.94
PSATESP    -18.68  -51.87   12.57   16.83   35.08   32.00   11.28    9.57    4.30    5.98    9.51    1.27   18.28    7.55    6.64    3.36    0.69    7.10    2.33    5.10    0.34    0.73    6.94    2.41    2.52    1.10    3.95   19.17    1.56   13.24   11.23    5.16    0.76    4.58    1.50    1.13    0.06    0.21    4.00    9.67    9.31    4.88   15.01    9.16    8.54   10.83    2.08
PSATSRC    -19.16  -50.76   20.47    6.77   18.82   23.18   14.75   13.05    5.88   11.82   11.69    1.72   10.94   10.24   14.21    7.15    1.00    3.72    1.48    2.65    0.20    0.47    7.38    1.77    3.44    1.75    8.64   19.02    1.63   17.45   18.35    2.11    0.44    4.34    5.99    1.93    0.03    0.74    8.28    7.81    4.64   10.00   18.46   10.49    8.71   10.19    1.87
PSATFRCL   -19.12  -50.64   22.36   12.04   31.37   21.18   14.56   16.63    7.02   16.12    7.86    4.02    6.13   10.63   10.12    5.86    1.48    1.53    2.81    2.44    0.30    1.39    5.75    1.09    3.31    0.59    8.27   12.60    4.83   15.29   19.32    1.11    0.42    5.93    9.55    1.06    0.02    2.14    6.62   15.49    2.94    8.85   18.07   12.19    9.89    9.09    2.64
PSATISOT   -20.40  -51.35   15.68    0.11    2.13   11.77   28.55   16.72    8.41   11.99   10.86    8.38    8.58   14.39   19.34   15.78    5.40    3.92    0.73    9.88    0.91    4.87    4.92    1.46    3.08    7.41   17.90   18.06   17.43   26.53   25.71   17.72    4.48    6.35    9.90    1.02    0.35    3.13   11.03   15.50   20.72   14.09    8.53    8.71   11.58    9.78   11.80
PSATJUP    -20.86  -51.63   11.00    1.42    2.46   10.83   21.44   10.97    4.84    9.17    9.23    0.95    9.10    6.20   17.57   12.25    5.43    5.28    3.68    9.18    0.32    1.03    4.13    4.45    7.93    4.30   11.78   21.64   13.05   17.52   14.04   11.33    1.55    5.65   11.15    1.83    0.33    1.40   10.01   13.57   10.95   12.55    6.79    9.98   10.52   10.07    6.67
PSATSDG    -20.06  -53.18    4.50    0.32    0.68    6.84   19.14    6.24    2.46    1.70    7.71    0.24    6.58    6.56   10.76   10.52    5.91    4.08    0.78    3.28    0.37    0.08    5.30   10.99    9.11    3.33    3.06   19.29    9.34   10.83   18.01   11.52    3.52    3.68    8.09    3.43    0.34    4.76    6.28   12.83    6.53   12.79    9.54   10.13   11.67    7.45    8.66
PSATFZBT   -21.66  -52.87    0.68    0.00    0.03    0.88    5.78    4.78    3.56    7.62   12.43    0.64   10.72    7.28   13.88   13.86    9.95    3.86    2.20    6.74    5.19    0.15    6.10   13.19    8.70    8.06    6.48    9.94    9.03   16.29   27.91   18.99   12.29    3.16    4.56    4.14    0.86   11.09    6.94    7.77    4.06    9.42   12.27    9.16   10.83    7.96    7.14
PSATPPRA   -22.46  -52.91    0.74    0.01    0.22    0.80    6.52    9.07    6.04    8.23    9.44    6.84   10.68    7.57   18.94   24.84    9.38    7.39    6.51   16.16    6.61    2.23   13.42    5.35    3.48   11.01   16.40   18.93   19.73   25.44   18.70   25.00   11.01    4.39   11.51    0.74    2.60    8.87   10.21   12.80   10.70    7.46    7.35    2.41    8.44    7.10   12.19
PSATBTE    -13.69  -50.80   25.71   23.73   21.37   13.84    8.18   12.65    6.84   12.38   10.69    8.25    5.97    6.08    1.06    0.19    1.95    0.76    1.20    3.53    0.61    7.30    7.32    3.45    3.49    1.17    0.78    7.70    3.80   20.40   12.46    6.42    0.66    6.29    1.19    1.27    0.25    2.18    5.84    4.21    2.76    3.61   12.75   14.68   13.42   11.31    4.39
PSATARAG    -8.27  -49.26   15.41   15.93   13.63    8.32    3.22    3.85    4.37    6.92    7.21    7.89    4.71    0.82    0.12    0.07    0.07    0.99    9.52    6.82    3.61    2.22    7.65    8.76    4.69    4.03    7.08    8.17    6.14   11.13    4.57    3.54    2.21    4.17    5.41    0.80    0.08    0.35    5.96    3.38    1.45    2.40    4.92    7.23    4.33   10.99    3.43
PSATLAJ     -9.76  -48.37   17.48   13.79   16.34    9.26    1.39    0.91    1.16    4.30    7.78    7.99    0.86    0.05    0.01    0.01    0.02    1.77    5.48    3.54    3.62    6.34    4.47    3.23    0.20    0.95   10.14    9.61    5.84    9.76    2.11    3.30    4.82    1.23    0.95    0.43    0.01    0.05    0.59    1.98    1.70    1.92    3.54    7.64    3.21    9.70    1.12
PSATPTRL    -9.31  -47.39   12.13    7.72    8.44    5.30    0.66    0.10    7.23    4.16   15.60    4.15    0.48    0.03    0.04    0.00    0.19    7.73    8.63    3.80    2.57    5.80   11.32    3.45    0.39    0.86   11.46    4.30    3.61    3.91    1.61    0.88   10.85    1.17    1.24    0.05    0.03    0.39    7.80    3.95    5.20    3.00    7.78    4.80    2.18    7.14    1.08
PSATLJET    -7.33  -47.48   14.22    6.18    2.50    3.75    0.69    1.22   11.08    3.82   14.45    5.25    1.40    0.30    0.61    0.30    6.23    7.36   14.27    5.28    1.49    5.36    8.57   11.67    0.93    4.94    7.79    4.47    4.89    1.35    1.13    1.58    6.96    0.80    1.45    0.29    0.92    4.44    7.19    6.05    3.59    2.27    6.79    5.73    1.17    8.80    3.02
PSATUCR     -3.83  -49.65   15.13    6.09    1.73    1.81    4.24    2.60    8.78    6.46   12.69    5.69    7.63    2.54    2.47    2.19    2.83    8.96   25.47   18.87    3.12    4.13   11.16   24.12    4.90    7.41    5.11    3.94    3.92    1.75    2.04    7.20    5.52    1.05    2.22    1.14    2.72    4.75   10.01   10.90    3.55    2.73    3.84    4.45    1.67    4.15    5.38
PSATXIVJ   -29.07  -51.67    0.00    0.00    0.00    0.00    0.66    6.13    6.79    7.35   15.56   13.17    9.35    3.36    7.43   14.82    1.05    0.12   15.25   12.25    4.28   30.96   15.71    0.24   17.90    5.63   10.54   10.39    1.31    6.21    1.46    0.02    1.10    1.66    0.03    0.40    9.31    3.98    4.14    1.60    2.24    0.95    1.69    1.24    0.90    2.47    0.87
PSATDFRC   -29.45  -53.28    0.00    0.00    0.00    0.10    1.20    3.97    1.11   11.15   16.09    9.37   11.53    1.92    4.26    5.22    0.58    0.02   15.89   22.25   15.07   62.40    9.01    6.09    3.96    1.77    2.01    1.57    3.23    3.04    0.71    0.05    0.21    0.84    0.53    1.15   11.97    7.26    7.19   18.86    1.14    0.19    0.92    3.30    2.08    1.21    1.20
PSATREAL   -29.02  -53.19    0.00    0.00    0.00    0.02    0.87    7.41    2.06    9.96   17.40   15.58   11.53    3.54    6.24    7.29    0.94    0.07   24.52   19.67   15.43   46.92   17.00    1.97   12.27    1.27    2.11    3.08    1.47    5.38    0.58    0.00    0.28    0.77    0.53    0.98   12.17    5.62    0.88   10.16    2.17    0.66    0.63    2.28    2.42    1.95    1.42
PSATCTAV   -29.01  -51.39    0.00    0.34    1.01    0.08    1.57   14.68    5.75    3.29   14.23   15.41    4.98    4.21   15.53   13.52    3.27    0.23   11.62   16.53    3.61   22.18   23.62    5.02   12.04    2.88    8.40    7.71    2.13    9.75    6.74    1.16    3.23    1.51    0.12    0.03    9.94   14.25    1.51    1.18    2.19    3.05    3.00    1.14    7.90    1.75    1.93
PSATERNT   -28.56  -52.54    0.00    0.00    0.00    0.00    0.78   11.14    2.07   12.22   15.64   10.76   16.43    4.64    5.68   15.45    0.66    0.17   26.96   15.62    7.77   21.51   15.14    3.57   22.39    1.24    5.36    5.46    1.28    4.27    0.93    0.02    0.81    0.64    0.84    0.84    9.78    4.09    3.52    2.23    1.98    0.95    1.17    1.33    0.53    3.62    1.11
PSATSTPL   -27.14  -49.52    0.08    0.29    1.71    0.30    0.93    0.67   10.61    4.76   17.56   22.93   18.37    2.26   22.00   32.67   10.50    3.35    4.39    8.12    9.75    2.02   22.72    5.48   13.03   11.84   31.34    9.46    1.74   20.60   10.29    3.81   18.73   25.15    1.06    1.01    2.72   31.15    1.07    0.98    1.29    9.49    4.38    0.38    3.98    2.32    1.85
PSATCVCH   -25.14  -48.87    0.29    0.80    1.88    2.85    2.37    2.49    6.90    2.09   12.22    5.63    3.40    6.03    6.59   21.19   19.13    6.42    6.12   10.60    2.64    5.65   32.93   11.83    5.46   22.57   19.42    5.74    3.08    5.31   14.43   35.28    7.54    5.40    8.76    4.21    3.54   38.73   37.26    1.95    7.48    8.51    5.92    0.52    1.28    0.70    3.14
PSATAMY    -12.60  -69.12    3.07    0.42    4.19    5.94    9.15   11.30    9.83   14.99   10.14    7.75   17.27    6.86   13.05   23.21   10.93   16.48    6.59    5.35    8.53    9.49   14.55   14.56   16.12   11.64    9.31    1.99   11.29   18.17   12.65   11.86   17.59   14.31    4.65    6.78   16.42   17.57    6.90    5.07    4.38    9.42   15.81   18.22   17.17    9.05   11.34
PSATGJR    -10.73  -65.35    0.57    0.12    0.86    1.75    4.88    6.16    6.16    5.55    5.71   16.15    5.72    5.06    5.69   15.03   19.90    6.15    1.68    3.54    2.88    6.33    8.61   11.87   16.19    4.79    1.59    1.16   12.39   13.14   23.12    8.95    8.69    5.47    2.35    1.59   10.09    5.78    0.98    0.71    0.78    1.67    4.85    5.36    6.69    6.09    3.83
PSATPRNC   -12.43  -64.43    1.85    0.20    2.29    2.25    3.80    6.16    7.51    4.82    8.98    2.80    4.05    5.12    5.13    5.35   11.61    1.01    2.72    1.87    1.74    1.66    6.59    7.22   14.36    5.85    4.98    2.66    4.32    5.41   15.21   22.52   11.49    3.41    3.22    0.96    1.67    5.58    1.00    0.51    0.39    2.66    2.89    4.24    6.24    4.32    2.91
PSATSANT    -8.87  -63.97    8.50   14.91    7.62   12.96   14.22    4.82    0.87    6.97    3.18    5.53   12.47   12.39   12.02    3.65    7.29    3.97    4.54    4.11    6.21    4.49    5.97    5.48   13.28   15.10    3.27    5.52    5.53    1.10   10.33    8.24    6.72    6.14    2.74    0.84    6.71    7.82    8.62    1.20    1.73    2.31    9.01   16.91   12.28    7.05   13.49
PSATDARD   -10.16  -59.46    7.64   10.80    9.56   17.66   13.25    7.79    2.62    4.85    3.54    9.24    1.88   12.64    6.98    0.85    3.38    0.35    1.27    1.25    4.76   13.86    9.00    5.01    8.60    8.15    6.38    5.68    4.83    4.13   17.67    9.25   14.11    7.95    1.49    1.16    0.42    2.01    0.25   10.03    7.47   12.99    6.11   16.84   13.91   16.74    6.72
PSATGUAP   -15.12  -58.96    0.53    2.15    2.67    1.14    4.30   10.56    1.51    4.46   12.05    1.05    2.18    0.76    6.82    1.56    2.58    0.26    4.55    7.77    1.63    1.08    4.44   17.17    5.62    4.94   11.83    5.31    1.10    2.11   11.08    7.17    8.79    2.01    2.35    0.24    0.46    5.95    2.04    0.58    1.25    4.61    2.23    2.99    6.74    4.67    2.72
PSATJIRA    -9.25  -64.65    3.59    0.69    2.44    3.05    6.63    8.00    6.11    8.30    7.15    7.13    9.34    8.27   10.00   13.66    8.58    6.58    4.81    3.30    3.23    5.69    8.49    8.18   15.95   12.66    6.86    0.90    9.65    8.20   12.08   10.17    8.77   13.05    3.49    1.51    8.55   17.45    3.25    2.07    1.70    2.37    8.76    8.04    6.91    8.58    3.71
PSATROND   -11.99  -60.70    1.36    0.96   23.16   13.23   16.40    1.39    0.38    6.58    6.09    8.48    1.21    2.79    6.45    5.74    1.37    0.79    6.27    0.60    8.45    2.87    7.86    6.38    3.68   10.73    9.08    8.45    2.96    2.04   16.75   11.35   21.91    4.43    3.27    0.85    0.79    8.88    0.95    0.61    3.72   12.08    4.18    0.95    6.59    2.38    4.52
PSATSAMU    -8.75  -63.45    3.32   15.88   11.44   11.52   28.13    8.07    0.52    7.63    6.35    5.80    9.02   10.17    6.50    2.14    9.86    2.27    3.24    1.62    8.87    4.71    6.59    6.04   16.98   14.98    3.48    5.88    2.33    1.09   13.51   11.67    6.96    5.34    5.91    0.94    2.06    6.57    1.36    0.66    2.12    2.89    8.96    9.84   12.71   11.99   11.55
PSATBALB    -1.92  -59.47    6.28    6.67    4.62   12.91   12.16    4.39    2.87    5.40   17.81    9.51    5.77   11.65   12.44    5.61    8.87   19.75   21.28    4.70   10.48   14.94    8.79    6.48    9.45    9.38    1.44   13.61   19.07   24.63   29.97   26.47   17.27    3.43   10.30   12.17    8.07   18.96   12.70   10.17   23.74   18.38   11.17   10.81    6.04   16.62   19.51
PSATCUNA    -2.82  -54.30   14.45    5.70    1.28    1.15    1.06    1.00    1.98    6.06   18.28    3.07   10.03    5.45    2.00    2.86    8.64    1.14    9.62    4.77   12.44   10.46   29.00   11.76    6.16    3.02    2.74    5.24    1.64    6.56    3.40    4.59    5.88    1.80    2.29    0.72    2.61    7.47    7.99   11.64    4.77    4.30    5.09    2.96    3.77    4.70    8.46
PSATJARI    -0.65  -52.52    7.95    1.04    5.70    7.88    2.34    3.52    2.84    3.51    5.59    4.65    3.62   10.42    8.85   13.80    7.62    7.83   10.36   11.01   15.96   14.46   17.68   11.16    9.03    0.56    2.36    3.82    2.28    7.96    6.40   11.48   13.48   12.13    8.28   12.55    8.55   12.67   12.80    9.83   13.86   19.11   10.50    3.87    9.41    9.16   11.83
PSATFGOM     0.86  -51.20    7.96    1.65   12.38   10.68    9.84    4.10    4.63    8.63    9.50    3.71    7.32   13.06   16.71   15.15    9.73   13.64   19.65   11.28   13.00   15.05   13.00   10.61    9.85    0.41    2.81    4.81    6.66    9.20   10.25   14.40   16.38   17.61   11.78   19.87    9.29   14.72   14.24    8.96   21.49   14.67    9.90    9.79   13.37   12.95   18.69
PSATUBE     -6.75  -43.57    5.26    6.25    6.04    1.98    0.86    2.69    6.82    4.01   19.05    5.47    0.47    0.47    0.47    0.35    5.62   12.42    7.78    4.13    0.83    3.23    6.81    1.32    0.53    1.40    3.72    4.04    0.97    2.13    4.17    5.14    6.07    0.70    0.53    0.25    0.86    2.68   10.28    5.55    3.95    1.67    3.85    4.67    1.95    3.93    3.26
PSATBSOR    -6.74  -52.00   12.37   15.76   11.76    8.51    3.18    4.13    4.59    5.73    7.37    7.48    5.41    2.51    0.43    0.27    0.16    0.21    6.64    9.82    3.79    2.34    7.35    7.92    3.50    4.97    4.80    7.61    3.40    8.12    5.89    3.99    1.24    4.00    3.33    1.63    0.28    0.72    4.12    4.75    3.33    7.53    5.34    9.10    4.60   10.42   10.52
PSATBESP    -6.75  -51.77   16.71   15.57    3.13    2.88    1.01    1.95    8.05    5.60    8.21    7.97    5.73    1.47    1.16    0.67    0.79    8.48   20.40   19.20    4.97    3.64    9.12   13.38    6.67   13.29    6.69    5.94    3.12    6.01    2.21    3.87    1.77    0.79    2.43    0.93    0.42    2.76    7.40    5.48    2.86    7.16    4.18    5.29    1.15    5.47   10.68
PSATPIME    -3.41  -51.91   15.79   18.60    5.73    1.60    1.51    2.08    4.31    5.65   13.97    6.81    7.49    2.74    3.15    1.52    4.97    1.31    8.92   16.82   11.09    6.61   17.14   12.69    7.56    6.15    5.58    4.97    2.49    6.42    3.19    3.92    3.54    1.70    4.67    1.73    1.38    4.84    5.95    9.72    6.91    4.99    4.61    2.73    2.91    5.40    8.39
PSATIRAP   -16.74  -42.57   17.77   12.02   21.03    9.20    2.47    0.88    1.43    2.46    6.96   12.73    6.12    0.46    0.05    0.01    0.03    0.06    0.00    0.01    0.15    2.07    0.53    0.41    0.28    0.46    0.28    0.35    0.34    8.75   13.88    7.54    1.13    0.01    0.00    0.07    0.48    0.78    0.01    0.09    1.07    2.20    5.96   14.61   13.70    9.91    2.24
PSATITBI   -15.97  -39.59   16.72   11.33    8.93    3.67    1.63    1.24    1.77    1.10    0.77    2.83    1.86    0.73    0.29    0.75    0.43    0.16    0.08    0.04    0.15    0.68    0.89    0.68    0.99    1.48    0.84    1.12    0.33    1.42    3.78    1.83    0.59    0.38    0.38    0.11    0.24    0.25    0.05    0.16    0.69    0.52    9.77   14.67    5.81    2.55    0.99
PSATCOLI   -10.98  -55.77   15.09   13.22   12.40    8.78    7.26    8.06    6.50    6.72   11.80    6.91    9.05    5.64    0.88    0.27    0.01    0.20    2.09    8.77    2.15    2.14   13.65    2.98    2.76    5.42    2.52    7.16    5.22    7.10   13.46    1.90    1.01    5.80    1.04    0.82    0.73    0.17    1.17    6.40    9.33   12.49    6.88   15.25    9.64    8.55   11.69
PSATSAEL    -9.19  -57.04   19.28   12.26    8.23    9.44    9.10    1.65    1.69    4.37    9.06   10.09    4.84   11.05    1.88    0.68    0.26    0.18   10.21   13.45   11.06    3.75   17.71    7.55    7.87    5.51    9.39    5.88    6.87    4.66    9.47    3.93    4.05    4.45    1.72    0.82    0.30    0.01    0.88    2.82    7.99    8.75    4.52    6.29    7.29   10.98    8.46
PSATITQ    -17.09  -54.83   29.19    7.29    8.43   17.69   18.68   13.00    6.52    5.29    9.88    0.74   10.08   11.49    7.95    0.17    5.18    1.91    1.03    6.61    0.86    1.16    2.53   10.96    1.71    0.65    0.32    7.25    5.48   17.46   11.15    7.01    3.29    5.93    1.95    0.70    0.70    0.57    4.45   11.52    6.95    5.47    7.85    7.81   10.10    7.55   10.59
PSATJAU    -15.24  -58.73    0.50    3.40    2.85    1.48    3.94    7.55    1.00    6.68   15.78    0.68    2.64    6.34    9.08    1.61    3.78    0.32    4.53    6.56    1.96    1.17    5.52   11.18    6.55    4.44    8.42    4.67    1.31    2.37   11.13    8.46    8.35    2.26    2.80    0.21    1.29    6.40    1.61    0.48    1.00    4.24    1.97    2.78    8.75    2.86    4.61
PSATMAN    -14.87  -55.78   21.86   13.53   21.14   10.75    7.71    9.49    7.92   12.94    2.38    2.47   11.36    2.01    1.72    0.13    0.02    0.06    0.23    3.80    0.41    0.48    5.64    2.42    2.35    9.39    0.39    2.73    5.80   15.06   11.99    4.53    1.12   12.01    1.12    0.75    0.43    0.35    3.15    2.25    4.58    9.83    9.73   10.53    6.71    6.04    5.90
PSATPTP    -17.61  -54.83    8.65    7.83    7.69   20.04   17.76   11.79    4.69    4.93    6.48    0.60   15.36    8.45    7.03    0.41    7.86    3.32    1.43    4.69    0.62    1.94    1.44   15.96    0.97    1.80    0.21    7.34    5.12   22.48   15.74    9.98    8.20    5.31    1.52    1.02    0.56    0.09    5.10   14.41    6.26    7.69    3.76    8.56    8.08    8.53   10.07
PSATSTCL   -17.90  -40.20   17.13   13.13    9.95    2.50    0.81    1.01    0.21    0.81    0.73    1.06    0.45    0.23    0.01    0.03    0.04    0.02    0.02    0.01    0.08    0.23    0.85    0.85    1.23    0.77    1.04    1.01    0.22    0.17    2.01    0.30    0.44    0.08    0.34    0.02    0.02    0.03    0.04    0.05    0.30    0.12   17.08    8.38    2.01    1.27    0.72
PSATPDC    -12.58  -39.00    2.04    3.35    2.44    0.55    1.99    3.74    1.62    0.66    1.85    2.72    1.34    2.61    2.22    3.14    2.37    1.26    2.28    1.00    0.60    0.66    1.66    1.84    1.29    1.02    1.78    1.77    0.71    0.63    0.82    0.50    0.43    1.33    0.49    0.41    0.01    0.26    1.08    2.11    0.80    0.03    0.20    0.59    0.61    0.69    0.41
PSATROSA   -20.92  -41.72   13.66   35.09   23.27   25.58    5.95    5.81    3.60    1.05    7.55    4.41    5.79    1.06    0.28    0.18    0.05    0.79    5.01    0.87    7.81    1.40    0.07    0.10    0.88    0.94    0.96    1.05    0.03    0.63    0.33    8.61    1.50    0.02    0.02    0.18    0.77    0.62    0.02    0.03    0.27   19.66   23.16   14.68    3.30   14.26    8.33
PSATCAN    -20.21  -42.85   28.69   46.20   27.00   32.86   12.77   14.52    8.65    9.45   13.36   10.06    8.98    6.88    0.15    0.12    0.01    0.80    7.69    0.24   16.20    4.06    0.31    1.78    0.19    0.84    1.57    1.61    2.39   11.04   13.25   16.13    2.86    0.05    0.02    0.03    0.52    0.42    0.18    0.07    2.80   15.28   24.62   23.02   11.51   12.52   12.08
PSATSAC    -19.64  -42.85   22.43   45.63   30.42   21.24    8.02    8.80    7.72   10.40   19.26   23.08    9.37    8.03    0.17    0.02    0.00    0.08    1.21    0.16   10.58    4.61    0.94    0.58    0.35    3.06    1.45    1.15    3.86   14.58   16.19   15.46    3.00    0.18    0.07    0.06    0.30    0.22    0.18    0.08    0.86   10.45   21.65   25.74   16.93   28.12   15.66
PSATPES    -19.12  -42.66   22.37   20.72   33.54   23.75    7.02    2.97    2.03    1.53   12.65   20.51   10.42    0.91    0.02    0.01    0.01    0.00    0.13    0.04    5.00    2.22    0.84    0.46    0.56    1.38    1.90    1.59    0.45    8.92   16.64   12.39    2.69    0.03    0.00    0.01    0.54    0.43    0.00    0.03    0.65    8.65   20.83   21.71   20.41   19.27   13.18
PSATMAS    -19.50  -40.92   17.61   25.09   27.92   16.13    4.77    2.23    0.96    0.87    3.54   11.51   11.98    1.16    0.14    0.17    0.16    0.10    0.87    0.01    3.35    0.99    0.74    0.72    0.59    1.05    2.74    1.22    0.26    2.52    4.55    7.35    0.71    0.05    0.03    0.10    0.68    0.20    0.01    0.14    0.49    6.01   18.90   10.31    9.12   12.06   11.02
PSATSBR    -23.37  -45.87   21.64    5.07   14.54    7.27   11.91   15.30   17.50   10.47   13.61   12.21   13.95   14.87    5.57   10.90    4.00   14.47    9.37    3.45   18.01   19.00    9.92    1.28    1.19    9.96   15.90    4.07   11.34   30.40   30.28   23.59    2.84    1.27   16.13   14.20   10.24    7.30    7.13   22.36   23.02   22.63    6.45    3.78    7.54   12.41   30.41
PSATJAG    -23.20  -46.03   13.16    3.14    5.91    3.83   15.34   10.30   15.93    4.12   15.98   12.62   11.08    6.81    2.40   12.33    1.08    6.21   18.16    5.72    9.51   21.73   10.99    0.96    1.48   27.07   28.53    3.85   11.11   20.11   28.90   21.91    4.94    3.20   10.01   10.10    9.46    2.59    1.16   14.83   23.32   17.91    4.52    2.87    4.85   15.59   30.15
PSATFUNI   -22.53  -44.57   31.85    5.57   12.94   10.50   16.65   14.38   15.27    6.84   13.60   10.93   17.22   10.30    1.20    4.81    2.06   12.93   18.15    5.49   15.29   23.72    5.27    0.70    1.38   11.91   17.15    6.20   10.08   20.58   30.31   23.14    2.39    1.87   16.56    9.06   13.68    6.97    9.97   25.04   16.77   17.36    6.36    4.17   11.10   17.63   24.51
PSATSACE   -22.48  -43.84   50.46    3.79   11.76   38.91   12.79   35.29   23.56   16.18   11.09   13.46   17.43   19.26    3.02    6.88    3.68   15.08   22.37   11.07   29.01   16.20    0.60    0.51    0.34    0.29    9.58    7.86   11.03    9.43   24.22   22.74    2.98    1.75    8.58    5.39   18.11   23.53   21.29   22.20   17.56   21.93    9.77    6.39   28.12   22.28   30.90
PSATPIC    -21.91  -43.54   40.32    6.48   29.74   25.76   10.77   11.51   16.04   10.13    7.37    7.02   17.49    7.86    0.26    5.13    1.40   17.01   19.06    6.41   29.65   10.47    0.41    0.06    0.23    0.35   10.35   12.85    6.77    4.43   18.49   16.69    0.70    0.70    4.18    0.82    6.81   12.82   18.28   13.70   12.36    8.06   14.92   11.08   31.68   19.84   19.29
PSATSOGI   -21.94  -43.36   53.80   11.72   18.25   28.93   15.38   13.63   17.68   15.18   14.69   18.04   15.56    6.77    0.65    1.82    0.27   12.79   14.44    6.42   26.24    5.43    0.37    0.34    0.13    0.76    6.47    4.29    8.82   12.37   22.22   13.95    2.73    0.92    2.33    0.38    3.14    5.19   12.42    4.58   16.22   11.83   14.65   21.48   34.03   20.80   18.97
PSATIPSI   -21.84  -42.58   63.08    8.84   16.89   29.09   17.28   25.55   15.30    9.64    9.82   13.04   12.73    9.45    0.43    4.70    0.42   11.60   10.54    3.56   23.45    4.79    0.20    0.15    0.38    0.53    4.03    3.85    4.75   14.37   16.20   10.59    6.12    0.70    1.98    0.57    5.93    7.62   10.78    5.48    9.16   16.99   10.21   10.72   26.96   14.72   23.28
PSATTCLJ   -22.69  -43.83   33.80   10.65    4.36   19.53   13.95    8.21   12.48   15.79   12.25   18.46   20.23   17.41    4.99    7.25    9.23   15.32   11.34   13.58    5.31    7.39    0.12    0.73    0.00    0.26    6.77   11.14    7.42   15.23   18.71   18.16   10.56    0.15    3.39    3.54   13.92   21.45   19.20   16.91   24.26   22.37    6.10    3.11    9.98   10.99   37.32
PSATBIGU   -25.51  -53.67    0.00    0.00    0.00    0.09    2.81    8.51    3.23    2.44    7.77   14.74   14.04    3.15    9.03   12.57   20.12    6.04   10.36    3.80    7.17    3.41   14.73    9.97   13.05   11.24   12.53    3.75    1.93    6.91   10.96    9.92   19.72    8.52    1.15    2.79    2.75   11.26    6.47    4.57    1.76    1.86    5.71    2.33    1.39    0.60    0.29
PSATBRAU   -21.45  -42.41   53.69   22.97   15.20   40.62   19.79   22.17   15.66   10.89   13.77   12.66   15.57    9.07    0.06    0.98    0.00    6.98    8.14    1.38   15.22    4.83    0.18    2.51    0.45    0.91    3.54    3.46    2.82   21.29   16.59   13.93    5.26    0.08    0.05    0.03    0.75    0.56    0.29    0.06    3.83   14.34   16.20   23.33   24.50   21.05   21.06
