PSATAGV    -19.89  -50.35    1.56   14.74    9.60    2.37    0.84    4.70    4.34    0.27    0.01    0.00    0.12    2.30    2.05    0.17    0.00    0.00    0.00    0.00    0.01    1.12    0.22    0.16    0.04    0.38    2.94    0.22    0.00    0.00    3.89    2.11    0.06    1.12    0.00    0.00    0.00    0.00    0.00    0.00    4.07    1.88    0.01    0.82    0.14    0.00    0.00
PSATCMG    -21.28  -44.63    0.82    4.13    3.50    5.23    1.56    2.51    4.52    1.23    0.37    0.51    0.00    0.01    9.18    0.71    0.03    0.02    0.05    0.04    0.00    0.83    2.19    5.66    0.53    3.04    6.21    0.10    0.15    0.55    2.20    0.18    0.12    0.49    1.78    0.55    0.05    0.00    0.00    0.00    0.25    2.94    0.66    0.93   13.40    1.91    0.00
PSATCES    -20.25  -48.16    1.77   10.68    7.75    7.97    0.98    1.22    5.09    0.56    0.05    0.00    0.00    0.13    4.23    0.34    0.00    0.00    0.00    0.00    0.00    1.51    1.40    0.28    0.14    0.18    5.21    0.27    0.00    0.00    0.10    0.94    0.00    1.16    0.07    0.00    0.00    0.00    0.00    0.00    1.21    3.94    0.02    6.25    2.83    0.04    0.01
PSATELC    -21.60  -46.95    0.66   18.99    7.19    7.94    0.35    3.14    2.98    0.51    0.33    0.00    0.00    0.36    3.75    0.16    0.02    0.00    0.00    0.00    0.00    4.63    5.33    1.24    3.38    7.31    2.50    0.32    0.01    0.00    0.74    0.03    0.00    0.58    1.57    0.16    0.00    0.00    0.00    0.00    5.08    6.27    0.04   10.41    9.83    0.18    0.00
PSATFUN    -21.14  -45.04    0.40    6.62    2.11    7.01    0.92    1.27    3.15    0.38    0.09    0.14    0.00    0.00    7.02    0.87    0.04    0.00    0.05    0.03    0.00    0.18    0.34    2.24    0.02    0.46   12.76    0.26    0.03    0.14    2.73    0.12    0.07    0.20    1.43    0.28    0.04    0.00    0.00    0.00    0.02    1.41    1.10    1.71   10.56    0.85    0.01
PSATFUR    -20.67  -46.32    0.64   11.49    4.67    7.70    0.67    1.74    3.18    0.28    0.09    0.00    0.00    0.12    4.46    0.57    0.02    0.00    0.00    0.01    0.00    1.01    1.80    0.79    0.97    2.83    8.09    0.20    0.03    0.01    1.35    0.02    0.01    0.30    1.45    0.23    0.01    0.00    0.00    0.00    0.79    2.39    1.39    4.90   11.77    0.65    0.00
PSATMRB    -20.30  -49.18    1.92   17.84    8.99    5.03    1.49    1.75    3.36    0.32    0.02    0.00    0.04    0.55    4.01    0.21    0.00    0.00    0.00    0.00    0.00    1.52    0.99    0.22    0.48    0.55    3.52    0.30    0.00    0.00    0.72    0.98    0.00    1.46    0.44    0.01    0.00    0.00    0.00    0.00    2.41    4.25    0.01    6.11    2.03    0.03    0.01
PSATPRG    -21.59  -45.67    0.37    9.90    6.01    5.49    0.91    4.50    3.40    0.44    0.10    0.05    0.00    0.18    4.16    0.19    0.02    0.00    0.00    0.00    0.00    3.70    5.42    1.34    8.54   14.19    2.78    0.33    0.04    0.04    0.38    0.07    0.02    0.09    0.46    0.18    0.00    0.00    0.00    0.00    6.20    5.41    0.07    9.89    8.28    0.93    0.01
PSATPAS    -21.02  -48.18    0.42   21.90    9.45    6.94    0.42    3.44    3.23    0.33    0.11    0.00    0.02    1.49    1.71    0.32    0.01    0.00    0.00    0.00    0.00    5.22    3.20    0.52    9.79    6.96    3.15    0.56    0.00    0.00    1.92    0.44    0.00    1.06    0.17    0.01    0.00    0.00    0.00    0.00   15.34    3.37    0.00    9.25    2.48    0.08    0.00
PSATPTB    -21.61  -45.49    0.78    8.17    4.01    4.78    1.10    3.60    2.47    0.52    0.09    0.06    0.00    0.01    7.42    0.26    0.04    0.00    0.00    0.02    0.00    1.15    2.23    2.79    2.52    6.09    4.89    0.19    0.02    0.01    0.62    0.02    0.01    0.04    0.73    0.31    0.01    0.00    0.00    0.00    1.05    2.75    0.25    7.32    9.75    0.60    0.00
PSATPTC    -20.00  -48.55    2.26    6.50    9.04    6.52    2.56    0.52    5.49    0.53    0.04    0.00    0.02    0.11    1.53    0.34    0.00    0.00    0.00    0.00    0.00    0.18    1.34    0.50    0.03    0.10    3.76    0.16    0.00    0.00    0.59    2.34    0.01    1.40    0.24    0.01    0.00    0.00    0.00    0.00    0.24    2.87    0.43    1.21    1.78    0.05    0.01
PSATFZA    -26.00  -51.65    3.78   13.05    0.47    1.35   18.29   23.98    0.38    0.10    0.05    0.06    1.46   10.33    1.53    0.00    0.02    0.05    0.00    7.43   13.94    0.00    0.00    0.11    5.09    0.89    0.17    0.00    0.00    0.03    0.00    0.19    0.21    0.40    0.16    0.02    0.00    7.51   36.74   27.89    0.14    0.00    3.09   17.76    0.00    0.00    0.00
PSATJSG    -25.78  -52.00    5.17   11.42    0.76    1.16   31.21   24.35    0.26    0.02    0.01    0.02    2.60    7.52    1.42    0.00    0.00    0.01    0.00   20.52   16.36    0.00    0.00    0.31    6.70    0.97    0.12    0.00    0.00    0.00    0.00    0.02    0.05    0.08    0.04    0.01    0.00   11.55   45.32   40.68    0.07    0.00    1.71   18.51    0.00    0.00    0.00
PSATSCX    -25.53  -53.48    8.14   21.17    1.02    1.41   42.10   17.75    0.23    0.00    0.02    0.00    5.32    2.74    0.77    0.00    0.00    0.00    0.00   27.78    8.13    0.00    0.00    0.58   10.81    0.73    0.09    0.01    0.00    0.02    0.01    0.00    0.00    0.01    0.00    0.00    0.00   13.71   36.19   36.70    0.03    0.00    1.66   19.84    0.00    0.00    0.00
PSATSCL    -25.49  -51.74    8.27   28.03    5.03    1.62   11.61   50.32    0.36    0.01    0.00    0.01    2.69    4.07    1.75    0.00    0.02    0.01    0.00   13.34   14.10    0.00    0.00    0.64    7.48    0.85    0.15    0.00    0.00    0.03    0.00    0.03    0.02    0.05    0.00    0.00    0.00    1.05   22.19   21.99    0.09    0.00    5.28    8.33    0.00    0.00    0.00
PSATUVT    -26.23  -51.08    1.94   13.09    0.17    0.30    7.81   19.01    0.98    0.17    0.13    0.13    0.36    8.27    3.97    0.00    0.11    0.12    0.00    1.99    7.87    0.46    0.01    0.15    2.43    1.33    0.37    0.00    0.34    0.51    0.02    1.14    0.56    1.46    1.07    0.05    0.00    3.74   23.39   14.78    0.41    0.00    2.63   14.05    0.00    0.00    0.01
PSATBSM    -24.19  -53.74    2.48   43.55    2.26    1.22   20.36   10.79    0.25    0.00    0.01    0.02    5.97    2.27    0.86    0.01    0.00    0.00    0.02   23.99   10.58    0.00    0.34    1.39   13.32    0.71    0.24    0.01    0.00    0.29    0.07    0.00    0.00    0.00    0.00    0.00    0.00    0.89   11.27   23.96    0.46    0.00    1.07    2.47    0.00    0.00    0.00
PSATFLE    -22.97  -54.56    4.37   21.16    1.71    4.71   16.41    1.87    0.35    0.07    0.00   16.88   28.79    1.06    0.91    0.06    0.00    0.00    0.00   16.65    1.58    0.00    0.00    3.61    6.61    1.25    0.04    0.00    0.00    1.32    0.32    0.01    0.03    0.07    0.00    0.00    0.00    0.00    2.17   24.22    1.38    0.00    0.00    0.07    0.01    0.00    0.00
PSATITP    -25.42  -54.58    3.87   31.94    4.83    2.30   18.77    3.51    0.34    0.01    0.03    4.05   14.80    1.96    1.11    0.07    0.00    0.00    0.07   10.38    3.50    0.00    0.00    3.58   14.67    1.04    0.06    0.00    0.00    1.71    0.90    0.02    0.38    0.10    0.00    0.00    0.00    3.15    9.34   21.10    4.84    0.00    0.35    2.12    0.01    0.00    0.00
PSATIVM    -22.38  -53.53    4.38   25.11    6.64    5.02   18.16    8.33    0.53    0.21    0.00    9.66   34.62    2.91    0.60    0.04    0.00    0.00    0.05    8.13    3.58    0.00    0.01    1.87    3.15    1.52    0.38    0.04    0.00    1.55    0.25    0.18    0.69    0.89    0.01    0.00    0.00    0.00    0.19   21.90   33.08    0.00    0.00    0.08    0.04    0.00    0.00
PSATPTQ    -23.18  -53.17    1.14   36.13    5.46    0.75   11.94   25.52    0.08    0.01    0.00    0.30    6.93    2.97    0.74    0.04    0.01    0.00    0.00   14.12   15.06    0.02    0.19    1.26   12.75    0.75    0.50    0.03    0.00    0.22    0.00    0.01    0.03    0.01    0.00    0.00    0.00    0.00    3.12   15.14    2.22    0.00    1.24    4.97    0.00    0.00    0.00
PSATCBI    -17.99  -48.54    0.33    0.25   11.17   23.13    3.89    1.21    3.00    0.65    0.12    0.37    0.00    0.08    0.31    1.91    0.38    0.67    0.26    0.01    0.00    0.00    0.00    0.00    0.00    0.00    0.34    0.10    0.00    0.00    0.14    2.14    0.00    0.01    0.00    0.00    0.00    0.00    0.00    0.00    0.00    0.00    0.03    0.01    0.12    0.36    0.04
PSATCBIV   -16.15  -48.67    0.38    0.00   12.77   29.16    4.45    1.12    4.27    1.00    0.03    0.14    0.00    0.00    0.41    3.92    0.77    1.42    0.67    0.05    0.00    0.00    0.00    0.00    0.00    0.00    0.08    0.08    0.00    0.01    0.06    1.82    0.00    0.00    0.00    0.00    0.00    0.00    0.00    0.00    0.00    0.00    0.00    0.00    0.07    0.54    0.01
PSATEMB    -18.45  -47.98    0.79    0.07    3.36    4.11    2.63    1.02    1.30    0.75    0.16    0.02    0.00    0.00    0.98    0.33    0.03    0.00    0.00    0.00    0.00    0.00    0.03    0.02    0.00    0.00    0.81    0.09    0.00    0.01    4.85    1.63    0.00    0.01    0.02    0.02    0.00    0.00    0.00    0.00    0.00    0.02    0.02    0.00    0.23    0.43    0.01
PSATIMBR   -18.42  -49.10    1.96    1.22    8.55    6.16    3.04    0.80    1.63    0.52    0.08    0.06    0.00    0.21    0.87    0.12    0.00    0.03    0.01    0.00    0.00    0.00    0.10    0.11    0.00    0.00    0.34    0.23    0.00    0.00    0.53    2.79    0.11    0.25    0.15    0.00    0.00    0.00    0.00    0.00    0.00    0.19    0.02    0.05    0.08    0.04    0.00
PSATNPTE   -19.13  -47.70    2.11    0.34    4.24    5.36    2.04    0.74    2.64    1.17    0.14    0.00    0.01    0.01    1.06    0.21    0.00    0.00    0.00    0.00    0.00    0.00    0.49    0.11    0.01    0.03    2.82    0.08    0.00    0.00    3.37    3.35    0.03    0.87    1.40    0.02    0.01    0.00    0.00    0.00    0.00    0.91    0.40    0.26    0.74    0.07    0.00
PSATARV    -18.07  -50.16   11.62    1.65    7.76   10.53    1.84    5.16    2.75    0.65    0.01    0.11    0.04    0.62    2.46    0.19    0.00    0.02    0.91    0.02    0.77    0.55    0.06    0.00    0.00    0.04    1.04    0.46    0.00    0.00    0.88    0.65    0.21    0.01    0.00    0.00    0.00    0.00    0.00    0.00    0.01    0.19    0.00    0.02    0.22    0.00    0.00
PSATSFC    -18.05  -47.68    0.26    0.01    6.33   19.76    5.76    1.10    1.92    0.59    0.22    0.21    0.00    0.00    0.41    2.76    0.49    0.81    0.26    0.00    0.00    0.00    0.00    0.00    0.00    0.00    0.21    0.11    0.00    0.00    0.88    1.37    0.00    0.01    0.03    0.00    0.00    0.00    0.00    0.00    0.00    0.00    0.00    0.00    0.27    0.57    0.03
PSATSSM    -19.02  -50.50    7.21    2.52    8.91    6.49    1.28    1.28    1.82    0.41    0.04    0.15    0.03    0.16    1.08    0.14    0.00    0.05    0.09    0.00    0.01    0.39    0.30    0.01    0.00    0.02    0.85    0.31    0.00    0.00    0.59    4.30    0.25    0.19    0.01    0.00    0.00    0.00    0.00    0.00    0.06    0.66    0.02    0.07    0.05    0.01    0.00
PSATCNI    -22.94  -50.52    0.01   18.04   15.90    2.18    1.72   12.03    0.25    0.01    0.00    0.00    1.54    7.95    0.76    0.23    0.00    0.00    0.00    0.00    0.08    3.52    0.00    2.40   14.93    7.57    0.27    0.08    0.00    0.06    0.29    0.00    0.00    0.00    0.00    0.00    0.00    0.00    0.00    1.99   17.46    0.30    0.09    2.20    0.02    0.00    0.01
PSATCPV    -22.65  -51.33    0.19   25.61   10.10    0.74    4.63   17.14    0.16    0.02    0.00    0.00    4.13    4.86    0.67    0.04    0.00    0.00    0.00    2.22    4.22    1.68    0.05    1.37   13.58    3.62    0.39    0.04    0.00    0.23    0.04    0.01    0.00    0.01    0.01    0.00    0.00    0.00    0.03    6.51    9.92    0.00    0.68    4.90    0.07    0.00    0.00
PSATCHT    -23.01  -49.73    0.00   26.34   10.49    0.79    1.66   45.83    0.20    0.04    0.02    0.00    0.35    4.59    0.95    0.03    0.01    0.00    0.00    0.00    1.17    0.51    0.02    0.26   11.73    4.66    0.34    0.09    0.01    0.24    0.04    0.10    0.02    0.15    0.00    0.01    0.00    0.00    0.03    4.28   13.65    0.08    0.74    6.63    0.27    0.00    0.01
PSATJUR    -23.22  -49.23    0.00   24.41    9.71    2.80    0.41   39.52    1.38    0.21    0.08    0.04    0.36    6.78    1.77    0.14    0.16    0.03    0.00    0.00    0.77    1.74    0.11    0.18   13.76    7.36    0.42    0.15    0.24    1.25    1.69    1.38    0.24    0.60    0.08    0.02    0.00    0.00    0.06    2.29   10.38    0.22    0.06    4.59    0.38    0.01    0.00
PSATMAU    -24.06  -50.71    1.55   34.35    1.29    0.42    3.95   60.39    0.13    0.06    0.03    0.01    1.62    3.51    1.35    0.01    0.00    0.00    0.00    2.07    5.53    0.69    0.03    0.25    3.80    1.51    0.38    0.08    0.00    0.38    0.00    0.07    0.04    0.13    0.01    0.00    0.00    0.00    2.96   14.33    1.12    0.00    2.77    7.09    0.03    0.00    0.00
PSATROS    -22.50  -52.87    0.24   27.12   11.72    1.20    8.93    8.82    0.12    0.00    0.00    0.32   10.02    2.84    0.51    0.05    0.00    0.00    0.00    6.43   25.38    0.44    0.12    1.72   14.67    1.96    0.34    0.01    0.00    0.28    0.00    0.02    0.23    0.08    0.03    0.00    0.00    0.00    0.00   12.96   10.33    0.00    0.00    2.25    0.02    0.00    0.00
PSATQMD    -16.21  -47.33    0.19    0.00    8.42   25.32    3.62    1.19    3.81    0.79    0.66    0.40    0.00    0.00    0.01    3.64    1.51    1.43    0.58    0.00    0.00    0.00    0.00    0.00    0.00    0.00    0.03    0.03    0.00    0.00    0.23    1.33    0.00    0.00    0.02    0.00    0.00    0.00    0.00    0.00    0.00    0.00    0.00    0.02    0.00    0.38    0.26
PSATRBX    -18.95  -44.76    0.30    0.22    0.55   10.04    1.06    2.14    2.86    0.33    0.19    0.03    0.00    0.00    2.32    2.85    0.02    0.00    0.06    0.03    0.00    0.05    1.54    0.04    0.00    0.02    4.09    0.13    0.01    0.14   12.67    1.72    0.03    0.08    0.74    0.11    0.01    0.00    0.00    0.00    0.00    0.26    0.44    2.64    1.50    1.07    0.05
PSATSFR    -15.93  -44.86    0.12    0.00    0.15    7.97    2.22    1.46    4.19    1.05    0.93    0.52    0.00    0.00    0.02    2.81    1.60    1.49    0.17    0.00    0.00    0.00    0.00    0.00    0.00    0.00    0.01    0.00    0.00    0.00    3.63    1.07    0.00    0.00    0.04    0.01    0.00    0.00    0.00    0.00    0.00    0.00    0.02    0.01    0.00    0.06    0.17
PSATSRM    -16.37  -45.07    0.31    0.02    0.35   12.87    4.32    1.29    2.38    0.85    0.72    0.19    0.00    0.00    0.39    2.57    0.37    0.14    0.08    0.03    0.00    0.00    0.21    0.01    0.00    0.00    0.60    0.02    0.00    0.05   11.90    2.10    0.02    0.02    0.10    0.08    0.01    0.00    0.00    0.00    0.00    0.01    0.12    0.30    0.12    0.45    0.32
PSATTMR    -18.16  -45.27    0.95    0.24    0.92    8.64    1.87    1.28    3.49    0.41    0.25    0.00    0.00    0.00    1.66    1.73    0.01    0.00    0.00    0.01    0.00    0.01    0.54    0.06    0.00    0.01    3.49    0.09    0.00    0.02   13.09    2.18    0.02    0.21    1.53    0.09    0.02    0.00    0.00    0.00    0.00    0.54    0.74    1.19    1.77    0.38    0.01
PSATBOQ    -11.35  -43.83    1.77    1.05    0.18    0.14    0.05    0.02    0.38    4.64    5.34    4.64    3.53    1.74    1.48    2.66    7.43    7.64    2.35    0.02    1.43    0.09    1.32    0.01    0.00    0.00    0.00    0.04    0.00    0.07    0.05    0.31    0.03    0.00    0.00    0.00    0.00    0.00    0.02    0.00    0.34    0.32    0.00    0.00    0.00    0.00    0.00
PSATBBO    -22.52  -48.55    0.01   17.64   12.33    8.76    0.39   11.50    2.39    0.20    0.03    0.02    0.14    4.08    2.16    0.85    0.08    0.00    0.00    0.00    0.28    3.02    1.65    0.28   16.05    9.25    2.65    0.52    0.02    0.56    0.63    0.55    0.03    0.11    0.02    0.09    0.00    0.00    0.00    0.12   18.95    1.37    0.01   10.47    4.72    0.06    0.00
PSATESZ    -23.46  -46.91    0.09   18.75   21.14    7.62    0.33   29.10   12.90    3.77    0.97    0.46    0.93    1.95    5.57    2.76    1.21    0.08    0.00    0.00    1.89   13.93    5.95    0.98   11.91    6.42    2.59    0.61    0.16    9.61    4.71    3.65    1.00    1.25    0.13    0.25    0.01    0.00    0.00    0.06   19.85    5.43    0.01   15.67   15.74    1.23    0.07
PSATIBT    -21.76  -48.99    0.12   21.85   14.07    4.48    0.45    4.68    0.39    0.05    0.01    0.00    0.01    6.80    0.93    0.32    0.00    0.00    0.00    0.00    0.01    8.09    1.49    0.85    7.47   11.69    1.93    0.22    0.00    0.01    2.30    0.06    0.00    0.13    0.00    0.00    0.00    0.00    0.00    0.11   25.44    0.45    0.01    5.95    0.36    0.00    0.00
PSATNAV    -21.12  -50.20    0.27   20.35   15.32    2.68    0.55    6.19    2.03    0.06    0.02    0.00    0.21    8.54    0.71    0.19    0.00    0.00    0.00    0.00    0.10    5.74    0.84    0.33    1.42    2.84    2.75    0.22    0.00    0.01    6.31    1.34    0.04    2.83    0.00    0.00    0.00    0.00    0.00    0.04   17.76    0.34    0.00    0.60    0.14    0.00    0.01
PSATSME    -13.40  -48.30    0.99    1.19    7.86    6.42    0.95    1.63    1.84    1.13    0.25    0.22    0.00    0.00    1.26    1.66    2.36    1.52    0.56    0.00    0.00    0.00    0.00    0.00    0.00    0.00    0.01    0.01    0.00    0.00    0.05    2.87    0.08    0.00    0.00    0.00    0.00    0.00    0.00    0.00    0.00    0.00    0.00    0.00    0.01    0.07    0.04
PSATBGR    -27.78  -51.20    0.00    0.02    0.00    0.11   10.87   11.37    0.91    0.01    0.04    0.17    0.25    3.09    3.09    0.16    0.01    0.03    0.01   15.44    8.51    0.00    0.01    0.15    0.03    0.06    0.16    0.00    0.07    0.01    0.00    0.03    0.03    0.34    0.35    0.02    2.80   30.22    4.82   50.83    0.00    0.00    1.58   23.64    0.02    0.00    0.00
PSATCNV    -27.60  -51.33    0.00    0.00    0.01    0.24    4.95    4.68    0.83    0.02    0.08    0.23    0.48    7.52    2.78    0.06    0.10    0.20    0.06    6.57    8.52    0.00    0.00    0.21    0.12    0.27    0.08    0.00    0.05    0.00    0.00    0.03    0.05    0.75    1.00    0.15    0.04   19.22    7.69   40.07    0.00    0.00    0.25   20.41    0.05    0.00    0.01
PSATFCH    -27.14  -53.04    0.00    0.00    0.00    0.35   10.73    2.03    0.00    0.00    0.00    0.00    4.01    3.10    0.40    0.00    0.00    0.00    0.00   20.10    6.04    0.00    0.00    0.01    1.10    0.11    0.00    0.00    0.00    0.00    0.00    0.00    0.00    0.00    0.00    0.00    2.08   28.73   19.38   34.70    0.00    0.00    0.09   14.36    0.02    0.00    0.00
PSATITA    -27.27  -52.38    0.00    0.02    0.00    0.59    9.64    2.12    0.29    0.01    0.01    0.01    0.98   10.86    1.06    0.01    0.03    0.03    0.00   15.92   10.18    0.00    0.01    0.01    0.62    0.58    0.04    0.00    0.00    0.00    0.00    0.01    0.04    0.24    0.10    0.00    0.87   24.01   13.88   43.23    0.02    0.00    0.84   16.38    0.00    0.00    0.00
PSATMCD    -27.52  -51.78    0.00    0.00    0.00    0.03    9.05    5.11    0.16    0.00    0.00    0.00    0.48    4.67    0.39    0.02    0.00    0.00    0.00   21.35    8.43    0.01    0.00    0.00    0.11    0.02    0.02    0.00    0.00    0.00    0.00    0.00    0.02    0.05    0.02    0.00    1.37   33.91   10.38   41.89    0.00    0.00    1.10   19.52    0.00    0.00    0.00
PSATMOJ    -27.35  -52.73    0.00    0.02    0.00    0.32    6.81    0.38    0.00    0.00    0.00    0.00    1.15    1.17    0.94    0.00    0.00    0.00    0.00   28.69    6.01    0.00    0.00    0.00    0.18    0.00    0.00    0.00    0.00    0.00    0.00    0.00    0.00    0.00    0.00    0.00    5.05   40.62   10.01   37.28    0.00    0.00    0.50   15.43    0.00    0.00    0.02
PSATQQX    -26.66  -52.54    0.49    1.34    0.00    1.23   22.48    1.91    0.27    0.01    0.00    0.00    2.74    8.31    1.13    0.00    0.00    0.00    0.00   19.25   12.56    0.00    0.01    0.01    4.42    1.19    0.08    0.00    0.00    0.00    0.00    0.00    0.02    0.03    0.02    0.00    0.00   27.74   25.44   53.51    0.02    0.00    0.43   22.28    0.00    0.00    0.00
PSATPSJ    -28.14  -55.05    0.00    0.00    0.01    0.84    6.93    0.00    0.00    0.00    0.00    0.00    0.08    5.88    0.96    0.54    0.00    0.00    7.19   18.97    0.60    0.00    0.00    0.00    0.00    0.00    0.00    0.00    0.01    0.00    0.00    0.00    0.00    0.00    0.00    0.03   19.29   32.85    7.77   23.13    0.00    0.00    0.24    4.77    0.00    0.00    0.00
PSATESP    -18.68  -51.87    4.78    0.38    1.05    2.35    0.63    1.10    0.27    0.20    0.00    0.29    1.06    0.95    1.39    0.00    0.00    0.00    1.14    0.06    2.75    0.41    0.05    0.20    0.00    1.01    1.07    0.40    0.00    0.00    4.43    0.89    1.19    2.75    0.00    0.00    0.00    0.00    0.00    0.00    1.89    3.72    0.00    0.00    0.09    0.00    0.00
PSATSRC    -19.16  -50.76    9.86    0.97    6.56    5.51    0.96    3.17    1.11    0.47    0.01    0.08    0.83    1.11    2.30    0.07    0.00    0.00    2.16    0.14    2.72    1.08    0.08    0.03    0.00    0.68    1.21    0.40    0.00    0.06    2.80    0.72    0.50    2.19    0.01    0.00    0.00    0.00    0.00    0.00    1.51    5.59    0.00    0.01    0.05    0.00    0.01
PSATFRCL   -19.12  -50.64   11.82    2.53    8.45    5.97    0.93    3.86    1.59    0.74    0.04    0.03    0.11    0.28    2.17    0.11    0.00    0.00    1.42    0.21    2.69    1.63    0.14    0.00    0.01    0.20    2.23    0.59    0.00    0.00    1.56    0.94    0.58    0.91    0.00    0.00    0.00    0.00    0.00    0.00    0.42    1.78    0.00    0.02    0.06    0.00    0.00
PSATISOT   -20.40  -51.35    2.34   14.58   18.12    3.05    0.77    6.29    2.50    0.14    0.00    0.00    0.89    6.02    2.07    0.24    0.00    0.00    0.26    0.04    1.92    1.14    0.04    0.03    0.12    0.78    2.97    0.14    0.00    1.48   10.02    1.79    0.17    2.20    0.00    0.00    0.00    0.00    0.00    0.00    4.70    2.60    0.00    0.05    0.02    0.00    0.00
PSATJUP    -20.86  -51.63    6.54    9.94   10.27    3.44    0.39    7.94    1.07    0.14    0.00    0.06    3.17    9.39    3.18    0.11    0.01    0.00    1.00    0.38    2.17    0.77    0.09    0.10    0.08    0.59    1.34    0.07    0.00    4.56    5.03    0.49    0.38    1.96    0.01    0.00    0.00    0.00    0.00    0.00    5.73    4.69    0.00    0.01    0.02    0.00    0.00
PSATSDG    -20.06  -53.18    7.75    4.87    2.61    7.16    1.11    5.12    0.72    0.26    0.00    0.04    9.99   10.18    1.86    0.01    0.01    0.00    1.25    1.12    3.14    0.24    0.05    0.06    0.10    0.50    0.67    0.02    0.00    8.66    4.28    0.23    0.95    0.73    0.01    0.00    0.00    0.00    0.00    0.00    7.36    2.83    0.00    0.00    0.00    0.00    0.02
PSATFZBT   -21.66  -52.87    4.25   19.56   11.82    5.05    4.87    5.72    1.22    0.13    0.00    0.49   26.62    5.23    0.62    0.01    0.01    0.00    0.06    2.19    6.45    0.04    0.01    0.18    4.87    1.17    0.32    0.03    0.00    6.54    0.96    0.12    0.35    1.82    0.01    0.00    0.00    0.00    0.00    3.12   17.62    0.04    0.00    0.69    0.01    0.00    0.01
PSATPPRA   -22.46  -52.91    0.21   31.04   15.21    2.99    3.68   10.48    1.75    0.02    0.00    0.26    8.65   11.72    0.72    0.15    0.00    0.00    0.01    0.56   11.16    1.54    0.04    1.07    3.63    2.94    0.71    0.07    0.00    1.64    1.52    0.18    0.24    1.03    0.00    0.00    0.00    0.00    0.00    4.61   26.54    0.09    0.00    1.43    0.01    0.00    0.00
PSATBTE    -13.69  -50.80    9.77    3.19    5.84   10.14    2.57    2.14    1.13    0.77    0.45    0.19    0.21    0.12    0.82    0.20    0.07    0.25    0.87    0.10    0.22    0.60    0.07    0.00    0.00    0.09    0.42    0.11    0.00    0.00    0.17    0.11    0.99    0.03    0.00    0.00    0.00    0.00    0.00    0.00    0.01    0.56    0.00    0.00    0.07    0.00    0.00
PSATARAG    -8.27  -49.26    8.57    5.82    1.86    1.84    0.94    1.70    1.44    4.81    6.80    2.54    3.68    9.92    3.86    2.40    3.39    4.81    4.98    1.56    0.32    1.05    0.17    0.69    0.13    0.03    0.05    0.11    0.05    0.11    0.30    1.28    1.48    0.05    0.00    0.00    0.00    0.00    0.08    0.04    0.08    0.07    0.04    0.04    0.01    0.00    0.04
PSATLAJ     -9.76  -48.37    4.00    1.69    0.51    0.66    0.87    0.50    1.24    5.13    6.51    2.13    5.24   10.63    2.01    2.96    5.68    3.70    1.69    0.16    0.06    0.01    0.01    0.04    0.00    0.00    0.00    0.02    0.00    0.02    0.06    0.40    0.05    0.00    0.00    0.00    0.00    0.00    0.02    0.00    0.14    0.08    0.01    0.00    0.00    0.00    0.01
PSATPTRL    -9.31  -47.39    5.17    2.13    0.00    0.07    0.40    0.28    0.51    1.36    9.65    5.82   11.98    1.78    1.46    4.05    5.76    6.47    3.55    0.13    0.12    0.35    0.16    0.04    0.00    0.00    0.00    0.17    0.03    0.07    0.17    0.27    0.13    0.00    0.00    0.00    0.00    0.01    0.09    0.04    0.32    0.57    0.02    0.00    0.00    0.00    0.04
PSATLJET    -7.33  -47.48    1.38    0.47    0.08    0.32    1.40    0.91    1.27    1.71    5.40    4.32   20.90    4.97    3.55   10.01    6.98    8.29    3.81    0.38    0.06    0.50    1.08    0.20    0.11    0.01    0.02    0.26    0.16    0.75    0.53    0.27    0.04    0.00    0.00    0.00    0.00    0.03    0.26    0.00    0.65    0.33    0.04    0.06    0.00    0.01    0.57
PSATUCR     -3.83  -49.65    3.10    4.68    8.87    5.98    7.57    2.32    2.75    4.04    2.82    2.66   11.35    8.39    4.50    7.59    6.51    6.28    3.19    0.62    2.77    0.76    2.34    1.58    3.39    0.84    0.40    2.86    1.28    3.84    1.93    8.48    2.00    0.60    0.26    0.00    0.01    0.29    0.97    0.16    0.76    0.70    0.51    0.66    0.13    0.44    1.91
PSATXIVJ   -29.07  -51.67    0.00    0.00    0.01    0.00   12.16    2.56    0.11    0.00    0.00    0.00    0.24    1.66    1.04    0.66    0.00    0.01    0.00   28.63    7.54    0.02    0.02    0.00    0.00    0.00    0.03    0.00    0.11    0.02    0.00    0.00    0.00    0.02    0.00    0.00    5.68   20.87    2.53   33.78    0.00    0.00    3.04   10.99    0.00    0.00    0.00
PSATDFRC   -29.45  -53.28    0.00    0.00    0.00    0.32    4.03    0.02    0.00    0.00    0.00    0.00    0.00    1.76    0.66    0.69    0.00    0.00    0.47   22.01    0.96    0.01    0.02    0.00    0.00    0.00    0.00    0.00    0.02    0.00    0.00    0.00    0.00    0.00    0.00    0.37   28.18    8.11    1.56   22.09    0.00    0.00    0.42    4.82    0.00    0.00    0.00
PSATREAL   -29.02  -53.19    0.00    0.00    0.00    0.14    6.42    0.01    0.00    0.00    0.00    0.00    0.22    0.69    0.49    0.95    0.00    0.00    0.00   39.14    1.81    0.01    0.00    0.00    0.00    0.00    0.00    0.00    0.04    0.01    0.00    0.00    0.00    0.00    0.00    0.00    9.44   21.53    3.30   20.48    0.00    0.00    0.98    5.51    0.00    0.00    0.01
PSATCTAV   -29.01  -51.39    0.00    0.01    0.06    0.01   11.67    1.99    0.03    0.00    0.04    0.06    0.07    2.02    2.83    0.72    0.00    0.00    0.00   24.38    4.75    0.02    0.15    0.20    0.02    0.00    0.07    0.01    0.09    0.00    0.01    0.21    0.01    0.18    0.20    0.00   12.46   10.93    1.71   34.39    0.02    0.00    2.04   13.17    0.03    0.00    0.00
PSATERNT   -28.56  -52.54    0.00    0.00    0.00    0.07    8.73    0.99    0.00    0.00    0.00    0.00    0.62    1.29    0.34    0.21    0.00    0.00    0.00   27.73    6.74    0.00    0.01    0.00    0.05    0.00    0.02    0.00    0.00    0.00    0.00    0.00    0.00    0.02    0.00    0.00    4.90   38.38    5.43   32.27    0.00    0.00    0.26   12.31    0.00    0.00    0.00
PSATSTPL   -27.14  -49.52    0.01    0.02    0.09    0.07    4.54    2.73    0.72    0.04    0.23    0.49    0.64    4.76    4.08    0.14    0.19    0.42    0.26    1.06    7.66    0.01    0.01    0.20    0.03    0.48    0.10    0.02    0.17    0.12    0.00    0.02    0.15    1.23    2.26    0.71    0.01   11.89    6.84   40.04    0.00    0.00    0.17   19.00    0.05    0.00    0.02
PSATCVCH   -25.14  -48.87    1.34   17.23    1.75    0.08    0.91   37.24    1.83    0.43    0.53    0.37    0.89    1.68    4.44    0.05    0.27    0.27    0.02    0.00    4.06    1.40    0.05    0.00    0.47    2.11    0.15    0.03    0.89    0.95    0.43    2.84    0.76    2.56    1.53    0.06    0.00    0.09    2.75   10.65    2.38    0.00    1.07    9.55    0.09    0.00    0.00
PSATAMY    -12.60  -69.12    9.70    7.33    2.23    4.78    5.46   14.96    4.96    5.65    2.78    9.37    7.38   16.55    3.83    0.89    0.60    0.63    0.69    1.86    9.13    4.52    1.11    0.25    0.78    0.90    0.44    0.54    1.90   16.04    7.87    1.16    0.49    0.59    0.77    0.85    1.03    2.01    3.97    2.76    7.14   10.78    0.14    3.72    3.28    0.83    0.40
PSATGJR    -10.73  -65.35   11.93    3.44    1.38    4.75   14.41    6.27    0.75    1.47    2.28    6.91    2.91    3.18    1.02    0.25    0.06    0.03    0.13    5.54    5.41    0.26    0.25    0.02    0.08    0.08    0.03    0.24    6.29    7.19    0.23    0.06    0.08    0.08    0.18    0.76    0.24    0.51    1.20    3.21    8.38    1.28    0.00    0.32    0.06    0.00    0.00
PSATPRNC   -12.43  -64.43    3.58    1.77    5.15    4.25   11.15    5.14    0.78    1.49    3.11    9.75    5.60    4.32    0.47    0.00    0.00    0.01    0.59    3.66   13.10    0.11    0.00    0.00    0.09    0.12    0.05    0.43    6.14    8.22    0.12    0.00    0.00    0.04    0.54    1.33    0.14    0.12    0.07    0.05    0.35    0.05    0.00    0.00    0.00    0.00    0.00
PSATSANT    -8.87  -63.97    1.38    3.68    1.91    8.22    0.55   14.41   16.86    6.51   16.41    9.89    6.90   26.19   11.87    2.18    0.00    0.16    1.19    2.44    8.57    3.86    0.00    0.00    0.00    0.16    1.18    3.54    1.10    4.07    3.10    0.00    0.00    0.33    1.26    7.94    0.37    0.08    0.07    0.04    0.62    0.20    0.00    0.27    0.29    0.00    0.00
PSATDARD   -10.16  -59.46   18.19    8.58   21.61    3.11    4.33    0.81    1.54    8.21    4.95    3.75    8.06    8.17    6.37    0.66    0.01    1.60    3.17    2.51    6.20    1.31    0.02    0.00    0.85    4.34    0.63    2.54    1.26    3.66    0.48    0.00    0.00    1.72    0.11    0.00    0.00    0.00    0.00    0.00    0.00    0.00    0.00    0.02    0.00    0.00    0.00
PSATGUAP   -15.12  -58.96    0.70   16.03   21.34    2.91   10.55    7.05    4.06    1.24   14.44    7.97    4.87    5.74    0.72    0.03    0.02    0.67    0.82    1.60   17.61    2.21    0.05    0.00    0.49    0.24    1.07    1.77    0.76    1.98    0.37    0.03    0.00    0.58    0.40    0.00    0.00    0.00    0.00    0.00    0.12    0.03    0.00    0.03    0.00    0.00    0.00
PSATJIRA    -9.25  -64.65    9.12    2.68    0.97    2.70    5.25    8.67    3.76    3.75    2.17    7.77    8.00   14.07    3.14    0.59    0.13    0.07    0.49    2.11    9.19    1.19    0.78    0.14    0.38    0.36    0.12    0.45    3.30    9.32    0.84    0.24    0.13    0.12    0.25    1.62    1.39    0.56    0.80    0.85    3.89    2.74    0.02    1.77    0.44    0.08    0.00
PSATROND   -11.99  -60.70    2.04    2.14    1.16    7.24   14.60    1.05    0.70    3.65    2.46    3.21    4.05    3.15    5.26    0.00    0.00    0.17    2.67    1.60    9.78    1.08    0.00    0.00    0.35    0.92    0.89    1.22    0.31    0.92    0.18    0.00    0.00    0.12    0.18    0.00    0.00    0.00    0.00    0.00    0.00    0.09    0.00    0.00    0.00    0.00    0.00
PSATSAMU    -8.75  -63.45    0.88   11.78    1.34    1.40    4.35    2.14   10.61   10.84   13.06   19.16   11.05   11.59    5.87    1.83    0.00    0.36    0.78    3.76    7.30    3.68    0.00    0.00    0.02    0.08    0.82    2.53    0.74    3.08    1.18    0.00    0.00    0.10    2.35    6.05    0.16    0.00    0.01    0.02    0.15    0.12    0.00    0.54    0.01    0.00    0.00
PSATBALB    -1.92  -59.47   21.27    9.55   13.24   16.18   18.16   12.03   15.58   24.86    8.79    4.81    1.46    8.75   11.08    5.13    3.49    9.07    4.81    4.30   15.58    7.09   18.81   15.90    8.54   13.39   11.66    2.17    0.88    6.91   21.96   17.03   14.60    9.12   17.07    3.01   16.80   16.45    4.01    9.99    3.77    8.08   15.61    4.23    8.67    6.90    4.45
PSATCUNA    -2.82  -54.30    1.01    3.91   15.83    8.83   16.93   19.13    2.16    3.86    9.44    2.20    1.09    4.24    4.18    3.92    9.45    4.82    4.39    1.36    7.95    1.87    4.53   11.90    5.75    4.22    1.84    2.20    0.36    1.11    6.81   10.14   13.58    7.53    1.06    0.27    0.16   17.96    2.61    1.27    5.00    0.40    0.66   11.85   11.15    8.51   14.41
PSATJARI    -0.65  -52.52    3.31   16.72   15.86    9.56   15.37   19.67    4.71    5.19   13.31    8.21    3.45    4.97    1.78    8.04    3.65    9.66    8.04    4.10   12.54   14.33   10.40    6.56    7.68   13.60    9.93    6.44    9.54    2.85    5.62    0.93    7.82   17.45   12.45    9.97   12.15   19.63   22.52    2.64    5.07    2.31    2.29   22.01   15.13   12.97   22.03
PSATFGOM     0.86  -51.20    6.77   19.36   11.02   13.52   13.67   12.19    8.21   10.99   12.92   11.72    9.36    4.35    7.88    9.84    1.97    9.72    6.71    3.26   10.92   11.40   17.18    5.70    5.43   14.10   14.55   22.67   12.11    5.05    8.84    2.38    7.95   12.50    8.96    9.99   13.20    9.23   14.14    1.50   13.02    3.65    1.33   20.81    9.56    8.82   19.63
PSATUBE     -6.75  -43.57    5.32    0.14    0.02    0.21    1.03    0.86    0.83    1.19    6.69    6.32    7.05    1.29    1.68   10.12    5.81    9.35    1.22    0.23    0.10    0.50    0.12    0.02    0.04    0.03    0.00    0.03    0.03    0.26    0.10    0.05    0.01    0.00    0.00    0.00    0.00    0.07    0.06    0.01    0.05    0.19    0.01    0.01    0.00    0.03    0.11
PSATBSOR    -6.74  -52.00    2.09    7.53    1.61    1.03    0.99    2.62    2.01    3.88    9.98    1.09    1.50    4.81    8.31    3.12    3.92    3.29    3.69    1.59    0.91    0.38    0.42    0.38    1.29    0.46    0.19    0.57    0.48    0.63    2.02    2.67    7.68    0.21    0.00    0.00    0.00    0.04    0.04    0.03    0.01    0.00    0.14    0.16    0.04    0.02    0.07
PSATBESP    -6.75  -51.77    2.60   11.89    0.05    0.97    4.33    3.65    1.82    3.99   10.80    3.20    6.42   12.31   10.45    4.56    7.81    3.10    5.09    1.12    0.39    2.40    6.25    1.14    0.96    0.02    0.19    1.25    1.38    1.58    2.28    8.53   14.63    0.22    0.03    0.00    0.00    0.20    0.50    0.47    0.14    0.06    0.57    0.41    0.06    0.14    0.18
PSATPIME    -3.41  -51.91    1.80    3.99    6.02    7.47   11.66    7.42    1.34    5.24    4.74    1.38    3.15    4.81    7.18    5.08    8.18    7.53    4.84    1.10    2.18    1.21    2.21    3.54    8.11    1.58    1.04    1.53    2.03    2.58    5.46   12.69   16.39    4.44    0.81    0.06    0.09    1.75    1.07    0.47    0.43    0.43    4.40    1.25    2.57    3.69    2.24
PSATIRAP   -16.74  -42.57    0.47    0.04    0.00    4.88    4.99    0.93    5.57    4.11    1.08    0.14    0.01    0.00    0.00    7.07    4.50    0.45    0.45    0.16    0.01    0.00    0.25    0.32    0.02    0.00    0.00    0.01    0.08    0.61   10.34    4.25    0.24    0.51    0.76    0.73    0.24    0.01    0.00    0.00    0.00    0.01    0.16    0.32    0.05    0.36    0.70
PSATITBI   -15.97  -39.59    0.64    0.21    0.01    1.51    3.15    2.87    8.68    7.20    0.37    0.38    0.15    0.04    0.00   11.64   11.08    0.89    0.58    0.35    0.04    1.06    0.32    0.78    0.07    0.02    0.14    0.07    0.08    2.48    4.87    4.26    0.62    1.03    1.30    1.15    0.85    0.14    0.01    0.02    0.06    0.26    1.32    1.99    0.32    0.82    0.71
PSATCOLI   -10.98  -55.77    2.81   11.45    6.28    4.04    1.09    2.76    3.13    5.69    7.28    1.19    0.98    4.62    5.43    1.94    0.37    1.27    1.14    1.16    1.70    1.19    0.10    0.00    1.17    1.59    0.37    0.86    0.33    0.02    0.07    0.00    0.85    0.75    0.00    0.00    0.00    0.00    0.00    0.00    0.00    0.03    0.00    0.21    0.09    0.00    0.01
PSATSAEL    -9.19  -57.04    1.94    8.48    2.00    0.16    0.20    0.27    2.53    5.66    7.80    1.26    1.62   10.42   16.39    5.41    2.73    2.71    1.53    0.75    2.15    0.22    0.09    0.01    1.24    2.16    0.18    0.45    0.58    0.20    1.46    0.96    5.30    1.00    0.02    0.00    0.00    0.00    0.00    0.00    0.07    0.00    0.00    0.18    0.14    0.00    0.00
PSATITQ    -17.09  -54.83    4.08    2.97    5.11    2.97    1.49    2.25    0.23    0.49    1.78    2.10    4.67    7.44    1.53    0.02    0.00    0.00    0.34    0.50    1.79    6.16    0.10    0.03    0.01    0.72    0.48    0.27    0.00    0.24    1.80    0.18    3.16    0.09    0.01    0.00    0.00    0.00    0.00    0.00    0.15    1.45    0.00    0.01    0.01    0.00    0.00
PSATJAU    -15.24  -58.73    2.72   17.24   22.63    5.49   11.43    8.56    2.17    0.84   10.33    8.13    4.87    5.93    0.81    0.06    0.02    0.34    0.82    2.08   20.20    2.46    0.04    0.00    0.23    0.28    0.51    1.13    0.54    1.27    0.38    0.04    0.01    0.35    0.41    0.00    0.00    0.00    0.00    0.00    0.09    0.02    0.00    0.03    0.00    0.00    0.00
PSATMAN    -14.87  -55.78    3.18   14.21    1.75    2.57    3.37    6.39    1.72    1.21    2.57    1.29    1.15    2.24    2.22    0.05    0.00    1.15    1.70    1.91    3.58    6.71    0.14    0.00    0.02    0.33    0.21    0.35    0.05    0.00    0.05    0.01    0.25    1.01    0.01    0.00    0.00    0.00    0.00    0.00    0.00    0.16    0.00    0.00    0.07    0.00    0.00
PSATPTP    -17.61  -54.83    7.10    1.60    4.59    6.85    0.88    2.43    0.17    0.14    1.48    1.63    6.37    9.76    1.76    0.04    0.00    0.00    0.40    0.57    1.87    4.65    0.02    0.23    0.00    0.57    0.19    0.28    0.01    0.34    3.36    0.02    5.30    0.05    0.02    0.00    0.00    0.00    0.00    0.00    0.44    0.41    0.00    0.01    0.01    0.00    0.00
PSATSTCL   -17.90  -40.20    0.80    0.34    0.00    2.95    6.85    5.47   12.44   10.97    0.31    0.75    0.01    1.16    0.03   14.69   21.13    1.13    2.23    0.89    0.01    0.00    2.24    1.83    0.48    0.01    0.10    0.06    0.05    7.75    6.64    4.29    0.57    1.57    2.00    2.37    1.28    0.40    0.00    0.00    0.00    0.89    4.52   13.49    0.85    1.79    0.47
PSATPDC    -12.58  -39.00   12.30    4.75    0.22    0.03    0.06    0.18    0.15    3.21    7.98    1.16    0.62    0.09    0.05    0.54    4.89   13.97    2.84    6.66   12.67    3.30    1.14    1.36    1.95    1.46    0.34    0.13    0.04    0.69    1.77    1.08    0.80    1.08    1.65    1.88    1.01    0.13    0.53    1.60    1.32    0.52    0.33    1.64    1.00    0.11    1.26
PSATROSA   -20.92  -41.72    1.16    0.33    6.80    4.41    5.26    2.49   11.54    3.09    0.24    0.83    0.35    1.84    0.10    6.23    0.18    0.07    0.23    0.52    0.00    0.00    5.13    0.82    0.07    0.00    0.37    1.53    0.71    6.85    6.02    2.30    1.25    1.55    1.34    1.53    0.11    0.27    0.00    0.00    0.00    6.09    1.84    4.51    1.17   14.58    0.02
PSATCAN    -20.21  -42.85    0.84    0.28    1.14    6.31    3.00    1.38    4.87    1.10    0.26    0.20    0.01    0.54    0.97    3.04    0.06    0.02    0.40    0.36    0.00    0.20    4.57    0.12    0.01    0.50    5.18    0.36    0.12    1.64    8.36    0.26    0.18    0.45    1.29    0.38    0.18    0.01    0.00    0.00    0.00    0.76    0.54    5.24    2.24    3.62    0.02
PSATSAC    -19.64  -42.85    0.74    0.14    1.04   16.64    1.76    3.78    3.13    0.53    0.06    0.00    0.00    0.05    0.90    5.21    0.02    0.01    0.98    0.39    0.00    0.00    1.44    0.04    0.07    0.05    0.14    0.12    0.05    1.86   15.14    2.03    0.10    0.13    0.38    0.58    0.12    0.01    0.00    0.00    0.00    0.14    0.24    3.08    0.23    3.88    0.03
PSATPES    -19.12  -42.66    0.66    0.21    0.33   22.24    2.16    3.35    5.71    0.81    0.23    0.03    0.02    0.13    0.02    2.39    0.37    0.30    1.38    0.64    0.00    0.00    1.41    0.10    0.03    0.00    0.02    0.12    0.08    2.41   17.12    5.87    0.14    0.61    1.05    0.98    0.38    0.04    0.00    0.00    0.00    0.05    0.22    0.38    0.19    3.45    0.39
PSATMAS    -19.50  -40.92    0.60    0.21    0.58   13.47    4.12    2.39    6.14    1.79    0.14    0.08    0.13    0.70    0.12    3.37    0.80    0.12    0.88    0.39    0.00    0.00    1.84    0.21    0.03    0.00    0.07    0.16    0.57    6.72    7.21    4.11    0.15    0.36    0.95    0.91    0.34    0.12    0.01    0.00    0.00    1.43    0.50    1.15    0.45    5.34    0.53
PSATSBR    -23.37  -45.87    0.17   11.29   12.94    6.37    1.08   14.71   18.20    4.03    1.91    1.63    0.39    0.30    4.18    1.77    0.58    0.29    0.00    0.00    0.09   11.99    9.40    2.00    8.49   11.38    1.75    0.60    0.25    7.68    6.47    6.20    1.52    0.84    0.29    0.34    0.02    0.00    0.00    0.00   19.28   13.62    0.25    4.63   19.86    1.96    0.05
PSATJAG    -23.20  -46.03    0.05   11.88   17.70    6.24    0.49   18.43    8.58    1.30    0.28    0.47    0.53    1.66    5.37    1.88    0.23    0.02    0.00    0.00    0.11    5.16    4.79    0.81   12.76   11.51    5.07    0.37    0.03    2.20    2.75    3.94    0.34    0.34    0.03    0.37    0.00    0.00    0.00    0.06   21.30    6.04    0.03    7.05   20.39    0.43    0.03
PSATFUNI   -22.53  -44.57    0.14    8.15   11.06    6.07    0.82    7.61    9.27    1.49    0.38    0.63    0.16    0.46    3.71    0.86    0.12    0.07    0.00    0.00    0.03    5.47    6.25    0.60   10.07   14.58    2.78    0.39    0.14    1.46    2.31    2.62    0.39    0.38    0.08    0.37    0.00    0.00    0.00    0.02   14.37    8.45    0.10    4.76   16.22    1.51    0.02
PSATSACE   -22.48  -43.84    0.43    2.07    5.37    6.18    1.65    3.62   10.21    4.89    1.29    1.64    0.00    0.14    5.49    1.01    0.08    0.20    0.02    0.00    0.00    6.32    7.44    1.93    0.52   13.34    1.50    0.43    0.84    4.61    5.42    4.30    0.63    0.47    0.46    0.35    0.00    0.00    0.00    0.00    2.76    8.91    1.14    0.78   14.10    2.78    0.02
PSATPIC    -21.91  -43.54    1.20    1.82    3.14    6.47    1.14    3.61    4.01    2.01    0.93    0.73    0.00    0.02    7.55    0.67    0.03    0.02    0.15    0.03    0.00    2.12    3.57    6.12    0.18    5.10    2.38    0.06    0.18    2.23    3.75    1.13    0.24    0.49    1.46    0.58    0.03    0.00    0.00    0.00    0.43    4.91    1.31    0.37   11.26    1.74    0.00
PSATSOGI   -21.94  -43.36    0.63    2.33    4.28    6.59    1.52    3.52    3.29    1.08    0.38    0.72    0.01    0.06    7.22    0.61    0.02    0.04    0.26    0.13    0.00    0.77    1.74    5.86    0.08    4.17    4.99    0.12    0.29    1.30    1.94    0.82    0.23    0.82    2.03    0.84    0.12    0.00    0.00    0.00    0.08    3.81    0.93    0.26   13.93    1.07    0.03
PSATIPSI   -21.84  -42.58    0.47    2.00    4.15    3.27    2.41    2.10    9.51    2.18    0.69    0.81    0.01    0.25    6.34    1.39    0.41    0.22    0.16    0.14    0.00    3.87    2.66    2.94    0.23    2.78    2.16    0.35    0.49    2.70    2.42    2.39    0.22    0.45    1.53    1.23    0.03    0.00    0.00    0.00    0.60    7.52    0.90    0.12   16.07    1.37    0.05
PSATTCLJ   -22.69  -43.83    0.30    5.60    6.00    3.50    1.58    2.21   22.93    8.59    1.48    1.34    0.01    0.38    5.71    1.14    0.63    0.40    0.02    0.00    0.00   18.30   15.66    1.63    2.15    8.67    1.01    0.98    0.31    9.80    5.89    5.10    1.01    1.04    0.34    0.03    0.03    0.00    0.00    0.00    6.81   21.94    0.89    0.21   10.50    1.83    0.12
PSATBIGU   -25.51  -53.67    9.27   22.43    0.91    1.83   41.85   14.53    0.23    0.00    0.06    0.00    5.69    2.43    0.90    0.00    0.00    0.00    0.00   28.86    6.86    0.00    0.00    0.66   11.75    0.71    0.08    0.01    0.00    0.03    0.02    0.00    0.00    0.00    0.00    0.00    0.01   14.54   35.65   37.24    0.05    0.00    1.59   20.26    0.00    0.00    0.00
PSATBRAU   -21.45  -42.41    0.55    1.51    4.57    2.88    4.59    2.15    3.58    1.35    0.41    0.98    0.03    0.18    2.02    1.22    0.16    0.18    0.49    0.31    0.00    0.30    3.27    1.53    0.00    1.07    9.09    0.21    0.48    1.62    3.61    1.35    0.12    0.52    2.14    1.15    0.29    0.00    0.00    0.00    0.00    0.95    0.56    0.75    7.80    2.44    0.02
PSATSUIC   -20.08  -40.58    0.54    0.29    0.85    6.93    4.52    1.99    3.85    0.75    0.02    0.43    1.15    0.97    0.12    1.91    2.20    0.00    1.04    0.41    0.00    0.00    1.14    1.16    0.15    0.00    0.03    0.06    3.36    4.39    0.79    2.93    0.70    2.23    2.93    3.57    0.85    1.19    0.00    0.00    0.03    3.17    0.70    0.76    0.64    4.15    0.15
PSATJRI     -9.30  -64.70   10.71    3.20    0.85    2.42    4.15    8.73    4.81    4.66    2.17    9.49    8.03   16.38    2.73    0.26    0.00    0.01    0.26    2.13    8.40    0.40    0.03    0.00    0.00    0.01    0.07    0.52    3.02    8.22    0.54    0.00    0.00    0.03    0.06    1.99    1.54    0.61    0.72    0.56    3.04    2.33    0.00    0.14    0.04    0.00    0.00
PSATBENI   -14.59  -67.53    5.14    1.66    1.13    3.95    7.88    8.51    1.70    1.66    2.72    4.46    7.77    6.58    3.76    1.63    0.47    0.26    1.13    2.01   10.67    3.50    2.83    0.53    1.42    1.35    0.32    0.48    4.66   12.33    2.03    0.90    0.51    0.38    0.78    0.84    0.64    0.20    1.10    1.75    6.98    4.21    0.07    6.28    1.58    0.30    0.01
PSATEPB    -12.42  -64.42    7.20    3.32    4.11    4.36   11.35    3.69    0.61    1.37    2.87    9.01    4.53    2.98    0.41    0.01    0.01    0.01    0.42    5.51    9.36    0.09    0.01    0.01    0.08    0.08    0.04    0.39    6.99    8.57    0.12    0.00    0.02    0.05    0.47    1.03    0.13    0.13    0.26    1.11    2.01    0.15    0.00    0.01    0.00    0.00    0.00
PSATEGM    -10.79  -64.35   10.85    2.26    1.36    4.83   15.62    8.63    0.96    1.62    2.33    6.83    3.27    4.45    1.29    0.33    0.08    0.03    0.17    3.88    7.24    0.33    0.31    0.02    0.09    0.11    0.04    0.25    5.20    6.37    0.27    0.08    0.08    0.08    0.12    0.91    0.30    0.65    1.38    3.02    9.25    1.64    0.00    0.42    0.08    0.00    0.00
PSATSTOA    -8.79  -63.95    1.02    3.90    2.01    8.06    0.60   15.57   16.01    6.58   16.98   10.61    7.27   26.32   11.15    1.88    0.00    0.16    1.14    2.61    8.66    3.73    0.00    0.00    0.00    0.16    1.21    3.36    1.09    4.13    2.54    0.00    0.00    0.36    1.37    7.95    0.31    0.06    0.06    0.03    0.65    0.21    0.00    0.31    0.18    0.00    0.00
PSATENC     -9.90  -66.62    4.91    1.33    1.76    2.44    2.27    6.13    4.09    3.86    0.94    3.95    9.03   22.57    6.84    0.20    0.00    0.00    0.34    1.58    9.69    0.42    0.00    0.00    0.00    0.00    0.02    0.09    0.55    9.01    0.16    0.00    0.00    0.00    0.02    1.94    3.34    1.56    0.74    0.28    0.03    0.95    0.00    0.00    0.00    0.00    0.01
PSATAMY1   -11.71  -70.63    8.77    3.00    0.67    1.53    5.17   13.91    5.88    4.77    1.99    8.25    2.76   16.27    0.83    0.12    0.04    0.01    0.04    0.68    8.39    2.83    0.06    0.00    0.00    0.03    0.01    0.00    0.76   15.03    6.10    0.09    0.00    0.00    0.00    0.02    0.15    1.60    2.16    1.19    5.42    6.50    0.00    0.10    0.38    0.00    0.00
PSATAMY2   -12.37  -71.17   13.37   11.05    2.18    3.42    5.71   18.23    6.46    5.32    3.19   11.38    7.04   14.92    3.60    0.50    0.52    0.80    0.93    2.01   10.66    5.37    0.32    0.13    0.57    0.76    0.40    0.51    1.57   18.85    8.03    0.40    0.09    0.06    0.52    0.91    1.29    1.94    4.43    2.54    7.77   11.74    0.12    3.82    3.04    0.49    0.12
PSATAMY3   -13.75  -70.18    7.31    7.71    4.33   11.41    5.84   14.12    3.13    8.14    3.85    8.33   12.00   21.44    8.50    2.05    1.43    1.33    1.09    2.62    7.88    6.59    3.32    0.75    1.80    1.98    1.01    1.27    3.48   15.16   10.18    3.30    1.56    2.09    1.97    1.95    2.06    3.40    5.54    4.50    6.72   11.63    0.34    7.05    7.09    2.38    1.43
PSATAMY4   -13.45  -69.47    6.52    5.25    1.72    2.86    3.74   10.41    3.12    4.20    1.36    8.20    8.41   14.60    2.12    1.34    0.44    0.16    0.63    2.38    9.32    2.34    1.30    0.15    1.03    1.06    0.34    0.35    1.80   11.97    7.20    1.44    0.58    0.48    0.78    0.38    0.27    0.43    3.17    3.06    7.65   14.25    0.10    4.43    2.83    0.60    0.14
PSATJRN    -13.37  -59.01    4.95    4.03   21.01    2.28    7.23    4.97    3.12    1.44   12.78    9.92    3.88    8.27    1.73    0.00    0.00    0.18    1.37    2.72   12.36    0.34    0.01    0.00    0.81    0.47    0.79    1.34    0.66    1.57    0.08    0.00    0.00    0.98    0.60    0.00    0.00    0.00    0.00    0.00    0.08    0.00    0.00    0.00    0.00    0.00    0.03
PSATAPI    -10.34  -56.98    2.23   14.60    5.31    0.28    0.16    0.05    1.88   12.91    3.36    1.00    3.59    5.71   14.75    6.00    0.51    1.33    2.75    1.10    0.23    0.15    0.11    0.00    2.51    1.95    0.29    0.69    0.66    0.25    0.67    0.00    2.78    1.67    0.04    0.00    0.00    0.00    0.00    0.00    0.05    0.00    0.00    0.53    0.00    0.00    0.00
PSATSALT   -29.32  -50.68    0.00    0.00    0.01    0.01   12.30    3.23    0.02    0.00    0.02    0.02    0.02    1.59    3.56    1.83    0.00    0.00    0.00   27.15    3.49    0.02    0.64    0.32    0.02    0.00    0.06    0.03    0.18    0.00    0.03    0.49    0.00    0.09    0.06    0.00   10.31    4.33    2.11   34.30    0.00    0.00    1.01    8.70    0.06    0.00    0.00
