PSATAGV    -19.89  -50.35   23.47   13.62    7.89    2.56    3.15    7.47    5.78    0.34    5.62   13.88    7.09   10.71   15.04   20.72   17.21   24.00   21.51    6.10    2.96   10.09    6.54    1.88    0.64    2.04    3.28   16.46    4.50    5.96   44.48   36.81    8.65   11.04    8.63   13.23   10.30    8.27    7.87    3.16   12.67   12.87    9.94   21.03   26.11    8.10    6.65
PSATCMG    -21.28  -44.63   14.43   17.99   11.04    1.76    0.01   10.03    1.61    3.78    8.12   29.15   18.07   10.40    5.57    5.84    5.59   18.37   24.31    1.29    3.59   30.89    8.81    0.66    0.18    1.17    0.22    5.51   23.32    6.53    6.35   10.03    1.54    4.26    3.72   13.11    0.83   11.31    8.68    4.25    0.98    0.96    1.14    3.09    9.30   17.22    6.90
PSATCES    -20.25  -48.16   19.61    8.96    8.69    2.23    0.91    5.24    1.03    3.78    5.08   20.87   11.66    3.62   18.42   13.13   23.14   23.17   25.87    2.25    3.37   12.95   10.01    3.19    0.34    0.61    0.82    5.43   13.67   57.91   38.47    4.20    2.35    3.91    1.06   21.71   11.35   13.19    4.15   11.15    0.66    0.34    6.20   15.48   17.12   23.38   16.12
PSATELC    -21.60  -46.95   25.67    6.24    8.01    1.34    2.92    6.06    2.47    1.96    4.68   15.95    7.50    3.56   11.71   19.54   11.94   22.88   12.75    1.58    1.73   13.30    7.54    3.84    0.46    0.87    1.09    1.21    4.09   36.97    7.21    3.10    0.38    0.59    2.25   11.98    9.78    8.26    5.53    7.30    0.48    0.00    0.15    3.54   10.19   26.30   15.73
PSATFUN    -21.14  -45.04   13.12   24.43    5.20    1.11    0.00    2.34    0.25    1.54    5.24   25.06   21.39    6.41    9.88    6.19    7.26   20.27   24.72    2.95    1.58   18.62    9.04    0.69    0.08    1.03    0.34   14.20   16.80    7.32    2.70   10.24    0.15    2.47    2.64    5.23    0.78   13.98    5.72    3.03    0.34    0.72    1.47    2.26    2.34    6.67    2.86
PSATFUR    -20.67  -46.32   16.71   16.44   10.40    1.45    0.96    6.63    1.74    3.05    4.99   22.58   16.62    5.18    6.28   18.21    9.64   17.96   27.32    3.16    3.21   14.79    7.03    1.46    0.08    0.54    0.58    8.42    7.96   17.59    3.35    7.25    0.85    0.73    1.99    5.51    2.79    9.40    4.93    7.44    0.45    0.05    0.34    2.59    5.81   15.62   10.45
PSATMRB    -20.30  -49.18   21.23    9.90    8.41    1.92    1.63    6.98    1.39    2.69    8.20   13.14    8.21    5.80   15.71   15.26   19.08   23.86   23.90    4.21    3.30   13.67    7.25    2.80    0.34    0.56    1.75   10.01    5.20   34.24   32.12    9.04    3.16    6.35    1.15   21.72   11.48   14.91    6.39    3.42    2.60    6.05    8.80   20.82   18.42   20.37   13.91
PSATPRG    -21.59  -45.67   18.89   10.22   11.26    1.58    1.23    5.04    3.68    7.02    7.19   27.90    7.61    4.10    6.14   19.81   11.73   17.32   19.54    2.98    2.02   15.05    8.94    1.17    0.08    0.41    0.85    1.03    8.63    7.98    9.30    8.21    0.89    0.62    2.55    7.96    5.68    7.04    5.36    7.36    0.46    0.01    0.24    1.69    8.71   18.94   14.81
PSATPAS    -21.02  -48.18   22.60    5.75    9.60    2.98    4.10    7.76    3.62    1.09    7.89   13.77    3.69    3.93   16.81   16.13   24.98   25.68   16.67    1.21    1.69   10.42    5.99    1.62    0.21    0.41    0.63    1.84    3.74   27.80   31.13    2.83    1.35    2.11    0.50   20.62   16.02    9.07    3.49    5.90    2.97    0.70    3.67   12.23    7.96   16.75   18.19
PSATPTB    -21.61  -45.49   13.63    6.49   10.04    1.95    0.12    8.84    2.10    2.47    3.44   23.67   11.80    2.32    6.07   12.96   11.12   15.96   17.11    2.29    1.78   31.20    8.27    0.85    0.03    1.08    1.01    0.77   14.87    7.04    4.32    8.23    1.22    1.69    1.81    7.19    2.36    4.40    4.82    7.71    0.49    0.12    0.56    7.03   11.35   14.37   12.65
PSATPTC    -20.00  -48.55   19.91    9.54    9.47    2.20    1.04    6.82    1.68    2.04    6.31   15.75   10.82    5.76   11.38   11.78   15.64   21.42   28.01    4.99    4.15    8.56    9.26    3.15    0.31    1.04    3.23   10.34   32.65   32.42   23.77    5.60    2.27    2.87    0.86   11.72   11.65   14.15    5.28   13.98    0.55    0.82    3.41    7.94   12.59   15.01   11.00
PSATFZA    -26.00  -51.65   13.95    4.97    1.19    3.71   18.26   21.24    5.89   13.66   13.36    5.40    0.35    3.95    4.85    0.91    0.02    0.97    0.84    0.94   12.42    5.90    0.82    0.19    0.16    0.35    0.02    0.02    0.31    0.24    1.42    1.92    3.46    9.12   16.82   14.59    5.54    2.59    9.06    3.22    9.75   28.21   22.80   11.79    9.57    5.78    8.35
PSATJSG    -25.78  -52.00   13.35    4.53    1.61    5.30   27.54   16.39    6.85   13.94   16.82    4.35    0.06    5.23   10.91    0.97    0.00    0.13    0.79    0.85   17.07    3.44    0.89    0.12    0.01    0.05    0.00    0.00    0.31    0.06    0.17    0.87    2.28    8.79   19.63    8.61    4.02    3.64    3.59    4.15    9.47   34.60   28.77   13.69   15.53    7.77    9.26
PSATSCX    -25.53  -53.48    7.34    3.13    1.15    4.59   42.91   21.99    7.03    5.10   15.94    2.69    0.06    5.82    9.33    1.01    0.00    0.08    0.67    0.74   23.41    2.34    0.60    0.37    0.00    0.01    0.00    0.00    0.64    0.11    0.11    0.30    1.21    5.22   17.63   10.24    3.04    6.75    1.66    4.13   10.52   34.94   30.78   14.62   19.36   13.25    8.90
PSATSCL    -25.49  -51.74   13.83    3.91    2.08    7.69   20.66   20.42    6.95   10.40   30.12   15.71    0.17    6.37    7.45    2.63    0.02    0.19    1.32    1.12   12.33    7.64    0.73    0.14    0.02    0.05    0.00    0.00    0.38    0.03    1.24    1.94    3.91    4.39   13.37   20.81    3.85    3.01    6.59    3.74    7.89   20.20   16.88   12.41   11.75   12.28   10.50
PSATUVT    -26.23  -51.08    3.65    5.15    0.28    4.53   17.84   25.65    6.63    9.03   10.61    6.25    0.99    1.93    7.73    2.61    2.27    5.44    0.77    0.36    8.89    8.40    2.37    1.71    0.74    1.65    0.16    0.38    0.17    0.34    1.76    2.72    4.05   10.72   20.24   20.30    4.91    4.69   10.64    3.03   10.68   31.75   11.07   10.82   12.53   10.94   18.21
PSATBSM    -24.19  -53.74    7.35    3.12    1.40    7.52   37.96   19.06    7.78    6.93   11.19    2.26    0.13    7.16    8.31    2.28    0.10    0.01    0.36    0.36   15.13    9.85    0.60    0.45    0.00    0.00    0.00    0.08    1.08    0.20    0.26    0.27    2.13    2.38   17.24   12.35    3.39    7.53    3.90    6.59   10.34   45.93   29.82   14.54   15.03   13.13    9.55
PSATFLE    -22.97  -54.56   11.53    3.65    1.35    3.37   20.55   11.17   16.44   11.38    8.31    1.67    0.57   11.62    5.89    5.82    3.68    1.83    0.16    7.20   20.16   12.84    1.76    0.43    0.01    0.00    0.00    0.24    5.92   15.43    5.35    0.51    2.59    2.94    8.66    8.54    3.93   16.37    2.30    7.33   10.65   24.11   15.24    6.33   14.75   15.76   11.24
PSATITP    -25.42  -54.58   10.19    3.97    1.32    5.33   26.85   17.33    9.75    8.27    8.67    0.95    0.18    5.78    7.84    1.84    2.79    0.88    0.80    1.22   20.29   14.60    1.45    0.21    0.00    0.01    0.00    0.15    1.93    1.81    0.45    0.26    2.37    1.88    9.19    8.66    3.78    9.67    3.58    8.75   12.48   33.10   32.84   10.29   16.87   13.30   11.86
PSATIVM    -22.38  -53.53   15.83    5.04    3.94    6.66   12.05    8.79    8.93   11.44    7.21    0.33    1.82   14.72    9.46    7.34   11.22    5.40    2.92    3.12    5.82   21.00    7.57    1.48    0.00    0.03    0.13    0.77    8.30   15.95    5.99    2.13    5.31    3.71    7.76   10.71    5.65   10.89    3.58    7.54   15.82   19.90   18.66    2.41   16.68    7.33    6.65
PSATPTQ    -23.18  -53.17    9.51    2.72    2.01   13.63   26.27   17.44    8.75   10.92   10.15    3.53    0.22    3.44   11.38    3.36    2.21    0.45    1.62    0.22    5.37   12.46    0.67    0.41    0.00    0.03    0.00    0.16    0.86    0.22    0.86    1.25    3.07    2.53   12.92   20.22    5.42    6.54    7.21    4.12   11.61   35.76   27.26   13.97   12.41   12.54   12.20
PSATCBI    -17.99  -48.54   14.37   10.74    5.81    5.12    0.57    0.78    1.61    0.41    0.35    4.09    5.07    7.27   11.98    9.11    2.52    7.70   11.98    3.62    6.17   10.62   12.98   13.18    8.61   13.46   14.60    7.30   19.40    4.88    7.13   23.96    6.20    2.38    8.91   14.14   17.89   10.13   12.85    8.09    6.05    3.98    1.18    0.90    1.05    0.37    0.24
PSATCBIV   -16.15  -48.67   15.26   13.65    2.69    6.59    0.28    0.18    3.23    0.56    0.44    6.95    9.99    5.86   10.79    5.26    2.32    5.03    9.70    2.57    6.84    9.36    9.88   20.07    9.96   10.55   17.79    3.46   11.95    1.75    4.81   23.79    4.10    4.45    9.12    5.33   14.44    8.43   16.49   10.35    8.16    3.22    1.62    0.93    1.29    0.37    0.19
PSATEMB    -18.45  -47.98    8.56   14.64    9.02    1.13    0.16    0.44    0.29    0.04    2.11   13.52    2.38    6.10   11.27    7.69    2.35   14.45   18.55   13.89    6.54    8.58    9.39    8.86    1.62    2.16    9.25   17.01   25.16    9.41    7.73    3.21    4.74    0.90    1.75    9.64   14.36    8.37    9.65    5.50    1.41    0.62    0.91    1.28    0.49    0.59    0.52
PSATIMBR   -18.42  -49.10   18.27    9.51   10.03    4.53    1.14    3.01    1.01    0.27    3.01   14.69    3.41    5.16   16.90   10.23    3.78    9.66   20.18   12.17    7.12   12.54    9.27    8.77    3.41    8.13   10.44   13.70   29.69   12.98   11.62   21.04    7.67    2.31    8.97   20.76   16.86   11.72    9.89    7.84    4.73    4.23    2.60    1.33    0.86    0.60    0.88
PSATNPTE   -19.13  -47.70   12.45    9.10    7.62    0.92    0.19    3.47    0.85    0.19    4.26   15.92   15.85    6.27    9.72    8.10    4.33   14.65   20.85   13.76    5.99    6.89    4.27    4.12    0.52    0.99    3.47   11.51   40.18   18.92   13.41    2.77    2.99    1.28    1.98    5.16   10.50   10.37   10.93   10.11    0.89    0.24    2.40    2.02    2.14    0.67    1.17
PSATARV    -18.07  -50.16   11.38   14.67    6.32    2.39    2.81    3.69    4.84    2.25    5.71   14.04   10.72    8.25    5.69    6.53    9.96    6.21    7.56   16.70    8.63   14.30   11.80   10.53   10.19   11.40   15.21    5.39   17.48   11.13   11.25   39.29    9.79    9.51   13.45   16.47   10.49   16.35   12.33    7.82    9.20    2.86    3.41    4.57    6.00    3.78    2.11
PSATSFC    -18.05  -47.68   12.62   11.65    6.52    3.69    0.07    0.17    0.36    0.08    0.38    6.05    1.36    7.54   10.24    8.94    3.89    9.34   15.08    9.71    5.06   11.24   11.50   19.94    8.81   17.18   18.70    9.82   16.29    1.00    3.46    9.81    3.46    1.34    3.04   19.99   27.19    7.60   10.68    8.97    5.41    3.35    0.56    0.94    1.02    0.31    0.24
PSATSSM    -19.02  -50.50   19.30   12.67    8.04    2.40    2.36    4.67    3.34    0.66    6.14   13.97    6.94    8.20   13.26   11.97    9.40   18.27   13.64   16.70    5.59   13.17    8.52    7.27    4.36    7.71    8.95   13.73   25.55   16.02   21.13   35.08   16.57    8.44   16.63   14.06   11.80   13.43   11.60    6.71    8.34    6.39    4.60   11.34    7.10    3.40    2.71
PSATCNI    -22.94  -50.52   11.96    0.51    5.51   10.17    6.48   15.43    5.70    6.09    8.43    4.31    0.20    3.87   20.27   15.38   10.16   19.40    6.88    0.20    0.25   20.03    1.36    0.27    0.00    0.13    0.10    0.80    1.32    2.49   10.27    5.13    6.95   10.98    5.11   18.37   14.92    6.24    4.33    2.92   10.45   15.33    5.28   12.93    9.87   16.85   16.47
PSATCPV    -22.65  -51.33   13.14    0.65    3.20    9.99   14.99   19.23    4.31    6.06    5.74    1.63    0.20    3.77   15.96   10.13    4.99   12.06    3.55    0.18    0.49   14.71    0.38    0.41    0.00    0.06    0.04    0.59    1.03    0.79    1.78    3.85    5.64    5.85   13.41   16.31   11.22    5.43    4.73    3.65   10.96   28.67   14.94   14.56    6.51   15.51   11.99
PSATCHT    -23.01  -49.73    2.10    0.16    2.71   10.09    7.76   18.34    3.87    7.32    3.82    5.48    0.10    2.39   13.13    9.64    3.78   16.31    0.91    0.11    0.06    7.75    0.34    0.31    0.01    0.06    0.01    0.31    0.56    0.76    3.34   10.00    3.17   16.64   22.66   13.83    7.41    5.76    6.37    3.44    7.77   19.14    5.04   12.67   10.21   17.08   16.94
PSATJUR    -23.22  -49.23   16.06    0.35    4.41    9.58    5.57   17.52    4.06    7.39    9.49    8.50    0.34    2.10   15.23    9.87    9.54   14.37    1.57    0.24    0.15    4.93    1.32    0.31    0.08    0.30    0.03    0.56    1.07    1.12    7.94   15.61    3.73    8.69   13.15   19.31   11.23    2.63    8.03    5.01   11.22    8.25    2.28   11.73   10.76   18.72   18.87
PSATMAU    -24.06  -50.71    1.68    0.85    1.69   10.65   13.49   23.89    3.79   10.20    7.88    7.51    0.21    1.70    6.18    4.36    0.72    1.89    0.44    0.24    1.03   16.71    0.75    0.45    0.03    0.14    0.03    0.06    0.60    0.22    1.72    3.94    3.20    7.18   22.36   18.87    3.54    3.99    8.41    5.31    6.60   23.86    8.16   11.81    8.15   12.36   12.60
PSATROS    -22.50  -52.87   15.28    2.25    2.13    8.84   25.28   14.24    6.98    5.90    9.43    0.56    0.33    3.11   16.48    8.13    9.18   13.03    7.49    0.30    3.34   15.19    0.92    0.16    0.01    0.06    0.02    0.65    1.04    0.70    1.04    0.81    3.43    2.91    8.62   14.23    7.82    4.37    8.03    4.15    8.23   29.20   21.17   14.22    5.60   17.48   11.52
PSATQMD    -16.21  -47.33    4.42    5.04    1.43    1.83    0.01    0.05    1.19    0.11    0.01    0.20    5.12    5.17    5.71    3.02    1.56    1.70    3.41    4.26    9.73   13.50   10.40   16.22   19.10   14.86   10.62    6.39    6.85    0.43    1.40   14.69    2.26    1.71    1.48    7.25   23.07    6.59    8.16    7.13   12.08    3.72    0.64    0.82    1.31    0.29    0.09
PSATRBX    -18.95  -44.76   12.06   13.03    3.18    0.23    0.00    0.01    0.08    0.31    3.96   26.14    6.73    4.14    4.93    4.17    7.85   17.51   23.02   16.83    1.09   15.80   22.15    2.95    0.53    1.10    0.38   23.03   21.67    5.69    0.66   10.58    0.28    1.25    1.09    0.69    2.11   11.34    6.87    0.85    0.04    0.55    1.02    0.64    0.20    0.37    0.10
PSATSFR    -15.93  -44.86   14.05   11.31    4.07    1.16    0.03    0.04    1.30    0.12    0.00    0.11    4.61   10.61   13.78    2.99    3.33    3.18    4.19    8.39   27.12   10.13   19.08   25.15   31.75   12.80   15.81    8.00    7.35    0.54    3.57    3.39    2.29    0.75    1.18    6.30   10.00    3.97    6.08    6.18    3.20    1.19    0.44    0.37    0.69    0.14    0.04
PSATSRM    -16.37  -45.07   17.74   10.22    4.95    0.31    0.01    0.01    0.06    0.11    0.97    5.70    2.07    6.68    6.60    5.39    6.35    7.63   16.80   13.91   10.85   15.03   17.86   15.37    6.71    3.58    9.37   14.57   12.25    3.92    2.56    3.86    1.72    0.67    1.09    2.72   11.43    5.62    7.10    2.69    0.64    0.46    1.31    0.38    0.25    0.20    0.08
PSATTMR    -18.16  -45.27   17.44   17.63    5.64    0.40    0.06    1.21    0.36    0.19    4.24   16.47    5.83    6.00    5.52    7.40    5.91   18.43   22.53   11.88    5.86   17.88   11.49    2.41    0.25    1.21    0.70   23.54   26.57   13.86    4.70    7.00    0.88    0.70    1.32    0.54    6.72   12.78    8.72    2.71    0.24    0.10    0.75    1.02    0.67    0.95    0.98
PSATBOQ    -11.35  -43.83    6.91    6.46    2.44    0.28    0.08    1.03    4.03    2.32    0.83    1.74    2.90   11.38   14.68    3.09    5.94    6.51    2.12    3.80   30.00   13.17   10.81   12.18   11.03   15.10    7.30    1.42    0.02    0.58    2.16    2.29    1.31    2.19    0.29    0.51   11.51   10.15    7.38    3.74    1.33    0.65    1.73    2.68    1.03    0.82    1.72
PSATBBO    -22.52  -48.55   25.57    0.60    9.61    7.88    8.13    9.12    3.87    3.80    9.34   19.98    1.58    4.14   12.81   12.55   16.08   31.97    7.70    0.43    0.96   11.90    2.66    0.71    0.06    0.13    0.07    0.99    3.24    7.17   20.29    9.67    1.89    0.95    2.39   17.41   19.02    4.11    5.44    3.48    9.84    0.53    2.17   12.47    7.31   20.62   24.57
PSATESZ    -23.46  -46.91   35.45    5.38    2.46    3.28    3.80   13.94    4.68   10.83   26.33   30.20    3.02    2.32    4.31    7.87   20.56   28.65    9.40    0.96    0.67   16.58    4.54    2.74    0.56    1.34    0.04    0.91    3.80    3.33   11.86   10.49    6.33    1.09    1.35   16.97   21.55    4.56    6.96    0.95   11.37    0.49    0.83   16.54    3.78   14.03   19.48
PSATIBT    -21.76  -48.99   20.16    1.84    7.17    9.29    8.05    7.69    5.59    1.15    6.46    6.55    1.22    4.45   22.28   16.55   15.00   23.67   10.29    0.28    0.90    6.41    1.80    0.44    0.01    0.14    0.21    2.22    2.54   17.84   63.53    6.44    3.82    7.69    2.66   17.63   18.55    6.73    2.92    3.38    7.74    8.55    3.93   12.65   15.60   21.22   19.50
PSATNAV    -21.12  -50.20   23.36    7.15    8.33    5.53    7.39   10.63    5.77    1.03    4.06   11.10    3.45    6.99   16.41   19.67   11.04   20.18   17.10    0.87    1.18    7.91    3.74    1.08    0.06    0.20    0.43    2.79    1.76    5.26   64.42   33.54    5.18   11.34    9.86   17.49   17.73   13.76    7.46    3.88   12.90   14.58    5.50   13.61   22.65   11.21   11.25
PSATSME    -13.40  -48.30   10.54   13.00    5.44    3.23    1.13    3.14    4.60    2.74    2.69    3.95   12.34    6.72    5.16    3.22    4.18    3.88    5.31    3.22    9.17   13.91   11.04   11.46    8.90   14.96    9.51    2.13   10.62    1.96    4.66   18.76    6.85    7.44   25.62    2.98   17.36    7.73   14.73   14.60   14.46    3.64    2.69    1.13    6.45    4.42    1.74
PSATBGR    -27.78  -51.20    1.67    0.35    1.35    2.37   36.41    5.54   32.63    1.58    0.59    0.44    0.35    0.87    3.07    0.11    0.03    0.01    0.63    0.51   12.43    1.46    0.98    1.48    1.51    0.76    0.08    0.05    0.01    0.09    0.24    1.56    1.96    6.86   17.77    5.85    2.20    6.59    5.55    4.86   19.29   30.42   26.72    4.91   10.07    9.26   13.48
PSATCNV    -27.60  -51.33    3.06    3.72    0.79    1.86   37.30   12.10   15.64    5.18    1.83    1.44    1.30   10.20    3.30    0.08    0.06    0.05    1.09    0.49   10.56    4.36    1.40    0.85    1.58    0.67    0.11    0.17    0.03    0.14    0.96    2.76    2.63    9.63   25.05    3.63    3.24    5.05    5.38    3.13   14.72   36.35   28.92    5.12    8.75    9.31   14.33
PSATFCH    -27.14  -53.04    0.27   14.46    0.79    2.50   38.04   13.02    6.79    0.25    1.85    2.90    0.05    2.26    4.92    0.06    0.00    0.01    0.29    0.43    4.58    0.61    0.51    0.11    0.00    0.00    0.00    0.00    0.00    0.08    0.00    0.17    1.13    4.67   21.16    1.40    2.72    5.51    0.89    9.64   24.37   29.98   20.02   12.71   16.04   10.82   13.87
PSATITA    -27.27  -52.38    4.36    5.90    1.07    2.17   36.93   13.75    8.11    4.60    0.91    1.05    0.24    4.37    4.45    0.15    0.00    0.28    0.77    0.79    4.66    2.11    1.07    0.14    0.19    0.11    0.01    0.01    0.00    0.03    0.09    0.71    1.82    8.72   28.53    4.37    2.88    5.21    6.10    6.03   16.06   31.67   26.98   10.80    8.17   11.04   16.35
PSATMCD    -27.52  -51.78    0.54    2.51    0.73    1.73   43.49    7.01   15.27    0.41    0.18    0.18    0.06    1.71    2.97    0.02    0.00    0.01    0.32    0.43    1.66    0.51    0.41    0.00    0.02    0.06    0.00    0.00    0.00    0.00    0.00    0.43    1.62    2.69   20.08    1.69    0.75    2.66    2.82    5.72   17.68   35.89   22.52    5.54    6.99   11.15   15.95
PSATMOJ    -27.35  -52.73    0.14    6.48    0.68    3.81   44.53   11.88   23.51    0.34    1.47    3.11    0.22    2.35    2.20    0.01    0.00    0.00    0.02    0.58    4.51    0.53    0.13    0.02    0.00    0.00    0.02    0.00    0.00    0.02    0.00    0.08    0.66    1.57   20.60    1.31    1.74    4.21    3.07   10.50   24.12   18.31   12.31   10.56   13.26   11.49   15.91
PSATQQX    -26.66  -52.54   12.09    6.22    1.21    2.44   35.76   13.18    5.43    8.26    5.81    1.48    0.01    2.79    5.54    0.24    0.00    0.34    0.80    1.04    9.08    2.17    0.93    0.34    0.02    0.03    0.00    0.00    0.12    0.05    0.02    0.43    1.56   13.05   26.52    6.48    3.57    3.97    6.42    3.36    9.84   28.09   30.96   17.12   11.93   12.71   11.86
PSATPSJ    -28.14  -55.05    0.19    0.43   17.74   24.19   56.98   23.72    1.04    0.04    2.67    0.97    1.21    4.19    0.21    0.00    0.00    0.00    0.00    0.06    0.14    0.02    0.03    0.03    0.00    0.02    0.02    0.00    0.00    0.19    0.08    0.05    0.15    5.23    7.63    0.72    1.52    6.05    1.70   10.04   16.33   14.28    1.30    1.88    5.72   17.87    5.40
PSATESP    -18.68  -51.87   14.14   20.26    4.60    3.18    1.17    1.95    4.72    1.08    1.57   13.18    4.65    9.64    8.53   18.10    4.93   22.60    8.33   13.43    2.61    6.85    9.51   15.47    3.78    6.68    3.94    8.24   22.09   23.07   11.05   55.33   27.50    8.58    7.78    6.16    2.72    8.21    6.74    8.91   10.59    2.11    0.34    5.40    4.06    9.58    3.30
PSATSRC    -19.16  -50.76   13.66   17.31    7.23    2.46    0.57    2.23    5.88    0.43    2.40   16.57    2.50    7.67    9.01   15.95   11.24   21.83    6.85   16.35    3.40    7.12   10.10    7.75    2.45    6.03    4.17    6.61   15.62   21.93   18.54   45.83   31.76   10.22    5.21    9.47    5.05   14.75   10.89    9.64    7.50    3.14    0.55   14.43    8.21    8.98    3.81
PSATFRCL   -19.12  -50.64   13.66   18.38    7.73    2.62    1.12    1.82    4.75    2.00    5.00   15.87    3.61   10.92    7.77   12.50   12.79   18.15    5.23   18.60    4.35    7.52    9.63    9.26    5.32    5.76    9.06    5.08   12.11   18.29   16.03   45.92   28.61    5.75    2.76   13.89    8.62   14.31   14.66   13.09    7.23    2.50    1.40   14.56    6.36    6.18    2.99
PSATISOT   -20.40  -51.35   29.16   13.07    8.27    4.70    3.31    8.22    6.78    0.41    3.04    7.42    4.39    8.13   15.20   20.14   20.98   19.67   18.24    9.59    1.67    8.69    8.40    2.00    1.13    1.97    1.98    8.65    6.43    7.22   28.19   63.73   16.87    6.91   13.16   15.22   20.50   16.61    9.92    6.62   10.67   10.60    2.20   19.45   21.28   10.16    5.92
PSATJUP    -20.86  -51.63   23.55   14.19    5.85    4.32    2.53    7.45    5.85    1.67    3.97    7.23    4.36   14.09   17.57   12.87   19.02   12.97   16.32    6.22    1.59   12.02   10.44    4.13    0.63    2.44    2.14    4.41   11.42   15.28   11.12   25.24   21.22    6.22    9.89   19.66   16.82   14.40   14.76    8.20   10.50    9.36    2.18   18.69   12.65   17.06    5.18
PSATSDG    -20.06  -53.18   14.82   14.60    3.58    5.33    1.84    6.49    6.41    3.87    3.30    4.38    3.94   14.46   10.45    9.16   21.96   10.87   13.07    1.58    1.35    9.52    8.36    6.86    0.23    1.18    1.20    2.88   14.42    9.21   13.35   22.09   15.52    6.69    6.15   11.51    3.52   13.33   16.11    6.57    8.46    9.54    5.61    7.39   10.41   18.71    1.39
PSATFZBT   -21.66  -52.87   23.61    8.69    7.61    8.14    7.94    7.05    2.20    8.88    3.34    1.50    6.39   11.88   14.64    7.32   18.25   10.28    9.52    1.38    2.14   16.71    6.52    2.71    0.04    0.14    0.56    1.08   10.61    8.82    3.85    7.91    7.85    3.84    2.89   12.63    8.35    6.41    7.15    5.98   10.28   15.38   10.70    6.10   18.61    6.91    7.65
PSATPPRA   -22.46  -52.91   27.10    8.83    8.37    8.69   10.66    8.67    6.10    1.88    6.12    1.27    1.73   10.16   17.97   10.08    9.46   15.42    9.50    1.06    1.54   14.34    4.83    0.32    0.10    0.25    0.32    0.47    2.92    3.00    8.99   14.84    9.92    4.39    4.79   15.41   13.02   11.49    8.22    6.91    9.67   17.83   10.28   15.43   14.45   12.25   10.64
PSATBTE    -13.69  -50.80   12.40   16.85    8.65    4.73    0.94    5.78    3.43    2.40    3.80    5.87    6.28   11.80    5.66    5.01   10.47   11.76    6.92   13.13    7.32   15.85   16.35   19.25   14.57   10.31   13.07    5.34   12.18   13.97   14.89   36.87   18.09   11.91    6.36   10.51   11.49    9.97   12.85   14.17   10.36    3.63    1.82   11.98    6.51    8.23    3.07
PSATARAG    -8.27  -49.26   15.62   21.83   11.17    5.44    1.69    5.33    6.17    3.68    5.84    2.39    3.60   12.33    5.68    3.08    5.19    4.82    3.31    4.28   11.58   17.90   22.02   12.87   10.44   11.07    9.82    5.06    6.29    4.17    7.98   13.43   12.19    8.20   16.61   16.98   10.95   14.50   11.59   14.71   17.85    3.30    3.65    4.05   12.41   12.16    4.48
PSATLAJ     -9.76  -48.37   14.43   18.31    6.43    3.91    2.00    6.51    8.03    6.25    4.37    3.71   13.41    8.27    7.41    3.03    5.94    5.29    1.97    5.20   21.70   15.23   12.63    8.55    6.66   10.36    9.49    6.20    2.65    0.23    5.94   12.68   10.84    6.04    6.39    0.53   10.24   14.48   12.32   10.74   11.36    2.19    0.65    1.51   11.45    5.09    3.52
PSATPTRL    -9.31  -47.39   19.85   19.71    3.90    5.21    3.16    2.41    3.76    9.32    5.19    8.18   13.00   14.84    4.29    5.20    3.62    7.94    4.19    2.20   22.63    8.66   12.82   19.37    5.52   13.28    8.75    7.14    0.71    1.16    1.00    2.35    4.46    2.06    0.48    0.53   10.91   13.09   15.57    8.37    5.55    1.08    1.77    0.95    0.56    1.69    2.21
PSATLJET    -7.33  -47.48   18.68   10.35    4.55    3.74    2.67    1.51    6.12    9.90    8.43    3.82    8.78   14.44    5.59    6.42    3.59    4.25    4.24    2.94    9.78    8.38   13.07   10.63    7.14   15.65    7.67    8.57    2.75    3.45    2.69    5.49    2.56    1.88    0.89    6.94   10.24   15.36   15.62    6.28    4.12    3.35    7.08    2.86    7.30    1.68    3.02
PSATUCR     -3.83  -49.65   11.95   19.31    9.05    5.02    1.39    4.12    9.35    7.66   10.26    6.93    5.70   13.31    4.49   10.70    3.45    3.61    2.81    3.32    2.87    7.65   14.19   10.37   11.73   10.43   11.25   10.55   11.54    9.00    3.45    3.46    2.38    6.32    8.87   20.47   17.98   29.02   10.39    6.32   12.24   11.01    3.93   15.48    8.16    4.79    3.18
PSATXIVJ   -29.07  -51.67    0.39    0.53    2.32    3.93   51.22   25.39   23.64    0.15    0.02    0.69    0.05    1.53    2.51    0.01    0.00    0.00    0.02    0.34   10.77    0.34    0.22    0.01    0.00    0.44    0.11    0.00    0.00    0.00    0.00    0.26    0.90    4.09   12.76    3.74    0.27    5.68    2.43    6.13   27.27   33.29   15.76    4.82    4.47    7.08   12.07
PSATDFRC   -29.45  -53.28    0.05    0.19   16.11   14.57   45.76   15.01    0.17    0.15    0.13    0.83    0.61    6.23    0.34    0.00    0.00    0.00    0.00    0.06    0.08    0.03    0.01    0.00    0.00    0.10    0.07    0.00    0.00    0.00    0.00    0.08    0.60    4.62   10.85    0.76    0.66    9.29    0.03    3.97   17.42   18.65    3.18    3.62    2.71   18.47    9.80
PSATREAL   -29.02  -53.19    0.11    0.67    6.45   11.26   60.07   31.20    6.61    0.05    0.29    0.82    0.50    4.15    0.64    0.00    0.00    0.00    0.00    0.10    1.54    0.06    0.06    0.02    0.00    0.01    0.02    0.00    0.00    0.00    0.00    0.01    0.13    2.08    9.08    1.21    0.71    7.89    0.39    5.01   22.55   20.15    4.70    2.89    4.84   10.91   18.92
PSATCTAV   -29.01  -51.39    0.70    0.15    5.01    5.88   52.64   38.60   35.85    2.69    0.21    0.34    0.05    0.63    2.19    0.01    0.01    0.00    0.00    0.72   12.57    1.87    0.40    0.89    0.62    0.81    0.10    0.08    0.01    0.14    0.12    2.59    4.11    6.78   21.34    7.18    1.11   13.40    1.15   15.24   29.52   28.52   22.87    4.41    7.81    6.49   14.31
PSATERNT   -28.56  -52.54    0.19    2.76    1.06    3.86   55.68    8.83   22.38    0.51    0.15    0.33    0.42    3.01    2.27    0.00    0.00    0.00    0.02    0.48    2.11    0.43    0.17    0.03    0.01    0.05    0.00    0.00    0.00    0.00    0.00    0.08    0.44    1.08   10.53    1.24    0.58    3.42    1.86    9.41   25.82   25.89   15.40    7.46    7.86   11.05   19.91
PSATSTPL   -27.14  -49.52    2.87    4.76    0.51    0.86   48.34   11.81   16.01    8.54    3.00    3.97    2.54    9.84    5.22    0.68    2.25    0.26    1.04    0.66   26.31    5.63    2.04    3.96    4.16    2.41    0.39    0.98    0.12    0.40    3.33    7.41    3.77    6.90   22.35    7.86    4.15    8.36    3.61    0.75   17.19   25.10   27.84    7.98    8.32   14.55   18.12
PSATCVCH   -25.14  -48.87    4.30    1.89    0.26    6.69   10.51   32.45    4.82   11.13   13.85   10.40    1.54    0.56    8.59    6.07    2.94    9.64    0.69    0.60    2.73   16.59    1.66    1.43    0.70    1.65    0.12    0.27    0.06    1.04    2.87    4.67    6.59   12.42   28.26   31.71    6.20    4.76   14.74    3.72   14.50   19.44    1.34    6.74   12.54   17.73   17.85
PSATAMY    -12.60  -69.12   10.45    7.28   11.13   14.77   12.49    7.17    6.56   16.00   19.95   20.95   12.65    7.03   15.04   18.40   20.77   22.83   11.32    3.93    7.43   11.98   21.74   38.72   18.26   20.29   19.93   18.48   16.72   15.73   17.16   11.94    8.27    8.80    9.70    5.18    6.77    5.44    4.91   13.75   15.84   11.33   14.33   12.03   10.13   18.81   13.11
PSATGJR    -10.73  -65.35   12.10    4.93    6.32    6.16   29.68   18.89   24.52   16.31   11.77   10.83    4.20   15.75    7.61    6.20   21.48   18.62    3.81    5.26   21.29   36.89   38.20   37.91   20.51   19.01   17.13    6.95   10.78    9.41   10.63   11.86   22.30    7.78   10.34   10.32    7.84   10.85    5.65   24.12   20.81   20.97   16.78   16.14   17.00   17.16    6.85
PSATPRNC   -12.43  -64.43   17.11    9.89    4.49    8.27   11.17   14.56    7.92    6.76    6.64    5.06    2.73    7.48    6.81   11.90   10.51   15.24    5.75    4.19    4.00   23.95   12.89    9.06   14.97   12.27   12.32    5.94   10.66    9.10    8.44    7.05    9.74   27.89   15.07    8.15    6.55    7.00    2.47    5.56   16.22   16.29   25.85   20.22   17.32   10.21   10.14
PSATSANT    -8.87  -63.97    3.92    4.79    6.75    4.70   13.96   19.62   15.45    9.19    5.04    6.74    4.62    2.80    8.60    4.77   20.08   21.84    9.60    5.67    4.36    5.65    6.22    6.52   18.05   17.40   21.06   20.45   13.92   17.41   16.81   18.47    5.00   15.10   10.67   14.85   12.72   11.27    9.15   11.35    5.33   18.88   17.74   12.26    6.12   21.79   14.83
PSATDARD   -10.16  -59.46   21.65    9.51   31.33   14.20   13.63    4.65    4.69    4.36    5.10    3.47    2.78    7.17    9.84    9.54   11.09    2.79   12.26    8.23    0.87    9.85   21.98    1.23   13.11   16.80   18.23   12.49    5.26    3.99   13.03   23.15    9.66   15.34    6.57    8.88   12.89   11.71    2.99    8.13   30.91   21.37   18.23   17.78    4.75   21.02   20.44
PSATGUAP   -15.12  -58.96   11.07    8.08    1.79    4.97    0.86    4.46    5.39    0.94    2.76    4.71    1.85    4.50    5.31    9.19    5.84   15.23    4.58    3.52    3.04   12.92    7.97    6.96    9.87   10.89    8.00    7.90   10.44    4.67   18.92   12.79   14.95   11.20    6.56    7.93    3.33    3.33    1.89   10.28    6.04   26.95   12.36    6.96    5.95   22.37    6.16
PSATJIRA    -9.25  -64.65    8.00    4.66    4.84    6.38   14.43   11.54   11.65   15.51   18.40   19.36    7.52   13.05   12.94   10.41   21.20   21.07   11.14    5.61    2.85    8.96   14.87   22.45   23.85   17.88   17.89   13.34    9.36   11.75   13.99   13.87    7.24    9.05    7.67    9.03   10.60    9.19    3.74   10.11   13.35   10.12   15.20   13.30   15.82   20.32   11.72
PSATROND   -11.99  -60.70   25.75   10.81   23.68   14.70   14.15    5.42    1.41    1.51    7.94    1.21    3.34    5.65    9.11    5.58    0.75    4.38   13.29    3.51    0.47    7.35   12.37    6.85   10.30    9.43   17.55    9.86    9.49    3.39    5.98   15.11    7.54   19.10   14.74    2.53   17.06    8.39    3.27    3.48   11.57   31.56   18.95   20.05    8.21   16.05   22.83
PSATSAMU    -8.75  -63.45    1.44    4.33    4.92    8.72   12.15   10.47   12.39    4.91    3.50    6.23    5.00    3.46    6.40    7.56    7.90   41.04   18.36    1.61    3.33    5.80   15.02   17.54   16.94   18.89   26.44   14.98    7.05   22.32   13.93    7.94    6.03   14.30    8.62    7.15    8.58   13.91    3.70   11.18   24.48   12.46   26.36    9.13   14.04    3.18   30.33
PSATBALB    -1.92  -59.47   14.49    5.16    2.63    1.92    5.14    3.62   18.54    8.97    5.13    5.59    2.44    1.34    2.16    0.82    1.38    7.79    2.25    8.66    9.14    3.69    7.01    1.93    5.64   17.94    8.92   12.27    8.48    5.42    8.17   12.62   15.29    9.06    5.06    6.31    5.92    3.32   13.81    4.64    2.49    3.83    5.76   13.65    3.49    3.89   17.88
PSATCUNA    -2.82  -54.30    4.09   10.12    9.30    7.38    2.35    0.94    6.43    3.55    4.75    3.92    3.98    2.86    3.37    1.99    1.27    1.01    1.11    0.71    1.36    1.96    5.30    7.76    3.51    3.93    7.64    1.80    7.86    6.40    4.06    1.17    2.89    6.49    9.40   17.54    7.87   11.90    8.96    6.30   14.23   13.85   12.71    5.50   12.88    7.64   14.29
PSATJARI    -0.65  -52.52    1.42    1.70    8.15    3.06    2.42    1.51    1.72    2.19    4.79    1.96    1.83    2.16    3.45    3.09    2.63    1.89    2.26    3.32    5.03    2.17    1.59    2.63    1.19    1.43    9.30    6.71    8.48    6.12    1.24    5.42    2.70   15.05    3.99   16.41    9.87    2.08    9.52    2.73   17.01    5.01   10.52    7.69    9.11    8.14    9.56
PSATFGOM     0.86  -51.20    3.50    3.01   10.74    5.83    3.43    1.93    4.43    7.11    5.17    3.22    7.42    3.33    5.74    3.94    3.00    2.28    4.12    6.31    6.54    2.37    1.55    7.21    5.52    4.58   10.02    7.84    9.94    4.47    0.69    4.07    3.06   15.08   10.68   14.86    9.69    3.82   14.54   12.90   10.66    8.59   11.74    9.10   14.07   13.85    9.02
PSATUBE     -6.75  -43.57   14.48    5.65    2.99    2.76    1.52    1.04    3.71    4.09    5.56    3.12    7.50   13.50    5.15    7.36    4.44    6.07    1.64    3.08    9.04   13.00   16.00   10.93    9.53   14.16    5.47    3.96    0.13    3.79    1.98    4.61    2.70    0.72    0.36    7.69   14.12    4.66    5.95    1.95    1.33    2.10   11.54   12.28    0.94    0.82    2.05
PSATBSOR    -6.74  -52.00   16.14   21.24   20.77    8.26    1.91    3.29    4.85    3.21    4.05    2.39    2.10    7.58    7.60    2.22    3.10    2.63    4.52    5.08    6.90   21.58   19.50   18.13    7.71    8.01    9.79    4.58    7.66   11.92    5.97    8.19   19.76   13.39   19.54   33.65   15.50   13.03    8.27   18.25   19.49    6.75    5.00    5.39   17.46    8.83    6.23
PSATBESP    -6.75  -51.77   14.26   17.19   10.53    3.08    1.20    6.43    5.36    6.66    7.94    3.20    2.95    8.11    6.77    6.05    2.70    1.91    1.00    2.61    2.12    5.19   11.74   14.62    6.82    7.33    6.32    5.37   11.68   10.44    4.86    8.44    2.64    2.39   31.10    8.87   14.79   13.49   10.58   11.06   11.94    5.39    2.67    9.97   13.56    5.11    4.04
PSATPIME    -3.41  -51.91    8.80   20.68   12.29    5.13    2.50    2.56    7.19    8.22    4.76    3.77    6.02    7.50    6.59    4.69    2.32    1.91    2.16    3.24    2.74    6.42   13.31   10.60    9.12    8.69   10.71    5.85    8.31   10.20    3.49    2.03    4.24    6.09   16.89   19.81   13.65    9.78    7.33   16.54   14.55   12.26    7.63   16.69   22.46    8.84    7.56
PSATIRAP   -16.74  -42.57   19.61    2.27    0.20    0.00    0.00    0.02    0.07    0.06    0.14    0.18    1.37    3.24    0.24    2.11    3.35    0.71   15.27    7.07   12.13   26.54   14.74   23.12   30.96   12.16   10.98   11.87    4.24    1.27    0.96    5.27    0.88    1.75    0.59    0.65    5.22    2.43    3.34    0.70    0.01    1.71    0.75    0.83    0.60    0.16    0.03
PSATITBI   -15.97  -39.59    7.25    0.82    0.21    0.09    0.02    0.03    0.13    0.09    0.11    0.06    1.76    3.03    0.23    0.44    0.75    0.40   15.17    9.62   33.45   14.06   22.26   24.63   32.03   27.19   13.59    4.86    1.58    3.73    3.12    3.69    1.08    1.83    0.44    1.60    2.66    0.90    1.63    0.86    0.63    2.58    0.43    0.93    0.72    0.38    0.23
PSATCOLI   -10.98  -55.77   18.28   17.67   21.06    9.39    1.45    5.23    5.12    2.72    2.96    2.65    1.60   10.04   11.49    3.57    7.35    4.63    9.15    5.30    3.75   26.82   18.49   25.69   14.21   14.77   12.69    3.52    5.22    8.77    8.73   14.01   34.73   17.04   14.55   14.68   11.67    7.04    5.13   17.44   14.22    9.26    5.54    9.86   10.42   13.77    4.33
PSATSAEL    -9.19  -57.04   15.19   27.90   20.48   10.15    2.06    4.23    6.19    3.86    4.72    2.81    1.58    4.70   11.56    2.61    2.65    1.34    3.05    4.46    3.87   23.11   28.72   14.55   11.63    7.66   14.24    2.36    9.07   14.83    5.55    5.01   23.82   15.54   16.14   20.36   14.52   21.60    2.06   21.40   29.28   13.14    6.15   29.42   11.72   26.80    7.91
PSATITQ    -17.09  -54.83   17.94   20.25   15.51    5.38    1.70    3.87    3.03    3.33    6.28   12.30    2.11   13.44   10.40   18.18    8.10    6.61    7.41    5.43    6.28   11.18   12.33    7.55   20.30    8.26   11.66    4.88    8.80   21.23   26.41   37.77   33.50   14.44    2.09    7.61    4.47    5.40   11.62   25.26    9.73    5.81    0.68    3.15    3.78    7.85    8.89
PSATJAU    -15.24  -58.73   10.89    6.20    2.51    4.13    1.74    4.50    4.54    1.27    2.87    4.69    3.92    5.84    5.50   11.67    6.80   14.61    6.65    4.60    3.33   12.16    8.85   11.96    7.59   10.34    9.54    8.28    9.43    5.43   21.43   15.41   21.71   15.25   10.27    9.42    5.10    2.79    2.13    8.93    6.30   27.11   15.98    8.20    4.83   18.02    6.75
PSATMAN    -14.87  -55.78   16.40   22.06   12.18    9.55    2.93    2.34    6.43    1.12    2.38    3.66    1.80    7.09    9.08    5.74   12.23    6.32    7.06    2.81    5.23   20.10   11.96   10.82   24.05   15.94   17.13    3.23    9.48    7.57   17.63   17.40   20.43   16.66    4.17    9.29    9.80    4.45    6.27    8.70    6.60    6.81    2.58    3.74    8.15   10.31    4.97
PSATPTP    -17.61  -54.83   21.11   31.68    9.94    5.40    0.66    4.33    6.39    5.84    9.61   17.91    4.98   12.45   14.86   13.75   11.45   11.55    9.75    2.92    4.72   16.09   12.48    8.62   15.59    9.18    6.86    6.32    9.71   17.77   29.84   32.12   43.97   11.72    1.57    8.88    3.36    8.52   10.73   20.05   11.18    9.24    1.36    9.47    5.33   12.75    8.24
PSATSTCL   -17.90  -40.20    1.15    0.38    0.03    0.01    0.00    0.00    0.07    0.00    0.00    0.00    3.39    1.51    0.04    0.14    0.05    0.04   19.42   41.78   18.82   15.37   20.95   24.58   51.84   51.65   32.85    3.70    1.35    2.94    7.20    7.93    2.32    2.09    0.19    2.30    3.18    0.17    1.08    1.12    0.27    5.74    0.37    1.67    0.44    0.21    0.08
PSATPDC    -12.58  -39.00    0.59    0.40    0.53    0.41    0.43    1.06    1.49    0.25    0.19    0.35    1.16    7.44    1.74    1.36    1.12    0.55    1.99    3.26    9.54   21.65   19.91   18.51   16.08   26.56    0.65    0.23    1.54    4.31    3.00    3.51    2.11    2.43    0.94    5.77    4.47    2.09    2.00    2.25    2.10    1.15    0.85    2.51    1.28    0.84    0.89
PSATROSA   -20.92  -41.72   22.37    5.25    0.33    0.03    0.00    0.03    0.41    1.76    8.42   28.67    7.40    6.42    0.87    2.94    8.21   16.31   29.23   16.61    1.82    2.08   26.11   11.89    1.77    7.97    4.21   15.13   11.63    9.84   11.34   14.11    4.30    3.31    0.32    0.22    2.46    0.76    3.26    1.14    0.29    1.08    0.18    0.28    0.81    0.50    0.03
PSATCAN    -20.21  -42.85   28.04   20.25    2.37    0.08    0.00    0.01    0.21    1.85    6.93   20.02    8.30    4.38    4.43    6.59    5.17   27.31   25.32   25.57    0.72    2.62   21.73    7.27    0.40    3.31    0.34   13.43   24.78    8.61    7.97   11.60    1.77    2.73    0.74    0.38    1.36    2.28    5.60    0.77    0.11    0.69    0.91    0.57    0.37    0.15    0.03
PSATSAC    -19.64  -42.85   32.36   15.37    2.45    0.11    0.00    0.01    0.21    0.75    2.57   24.02    2.22    5.82    2.46    4.70   10.18   17.95   27.92   21.81    2.79    4.38   16.27    3.81    0.77    2.37    0.12   23.21   24.35    8.85    5.10   13.06    1.52    3.12    1.31    0.32    1.71    9.43    9.39    1.56    2.38    3.55    2.07    1.22    0.62    0.08    0.00
PSATPES    -19.12  -42.66   31.49   19.41    0.88    0.01    0.00    0.01    0.09    0.51    0.60    6.19    3.14    6.40    0.26    5.77   16.48    6.96   29.49   30.11    2.38   13.35   22.33   12.37    3.90    2.34    0.33   16.89   19.48    5.97    6.96   14.20    1.98    2.96    1.23    0.51    2.48    2.02    2.03    1.04    3.43    6.30    1.07    1.27    0.69    0.21    0.00
PSATMAS    -19.50  -40.92   18.64    5.12    0.36    0.14    0.02    0.00    0.06    0.25    1.87    7.34    2.28    3.38    0.28    2.60    9.35   12.59   34.85   24.95    3.06    6.54   25.52   24.01    5.46    6.61    1.28   20.75    8.98    4.92    8.48   10.45    2.35    2.25    0.46    1.10    4.83    1.07    1.74    0.87    2.37    4.48    0.75    1.29    0.86    0.31    0.09
PSATSBR    -23.37  -45.87   30.48   16.66    4.55    3.31    1.44   11.43   10.90   10.09   22.41   41.13    7.01    3.50    3.83    9.93   24.59   28.75   30.79    1.22    0.97   16.42    5.80    4.41    1.63    3.01    0.65    0.76    7.06   11.90   16.28    8.62    4.58    2.04    4.12   14.33   17.79    6.60    7.44    1.36    4.76    0.16    0.01    3.04   10.29   12.08   15.72
PSATJAG    -23.20  -46.03   29.75    3.38    6.14    8.91    4.68    8.90    7.21    6.57   15.95   29.33    4.85    6.88    5.16    6.91   12.95   41.67   18.68    0.82    1.10   16.37    2.67    1.97    0.53    1.07    0.09    1.34    9.64   14.53   13.82   13.89    4.46    0.27    1.53   15.99   17.88    7.42   12.21    0.43    4.39    0.67    0.03    4.46   17.36   22.55   24.57
PSATFUNI   -22.53  -44.57   19.61   10.64    9.74    3.90    2.10    7.50    9.05    7.48   16.21   34.61    6.21    5.46    3.19   10.12   12.46   27.60   27.71    0.86    1.91   16.14    5.91    1.77    0.52    1.65    0.23    1.38   15.48   10.65   13.19   11.67    3.73    0.92    2.32   13.91   11.77    4.97    9.54    3.78    2.43    0.17    0.05    3.52   14.22   22.91   14.66
PSATSACE   -22.48  -43.84   15.45   17.20    8.96    1.67    0.06   22.96   11.91   10.71   17.34   36.24    9.00    7.12    1.66    4.27    5.65   24.12   29.68    2.60    2.38   35.17    9.52    3.51    1.69    3.27    0.70    2.41   35.54   10.93    6.00   11.66    1.71    4.41    3.88   19.74    5.10    3.28   15.78    6.44    0.90    0.03    0.15   11.31   14.94   29.22   15.43
PSATPIC    -21.91  -43.54   18.34   17.92   13.69    1.18    0.00   12.96    3.41    2.37    9.60   36.64   11.22   10.93    2.72    4.10    4.64   14.71   29.07    1.59    3.49   42.97    6.16    1.72    0.98    1.40    0.15    4.97   32.38    9.80    8.27    9.58    2.32    6.10    5.40   17.94    1.10    8.12   12.94    7.63    0.58    0.18    0.70    2.59    4.64   25.15    8.30
PSATSOGI   -21.94  -43.36   26.37   26.69   12.82    0.95    0.00    1.06    2.85    3.90    7.46   31.33   15.17    9.03    7.43    2.91    3.43   16.53   34.90    1.24    3.25   28.66   11.92    1.04    0.89    1.95    0.29    6.70   29.62   14.68    9.52    6.96    1.86    8.91    6.68    9.05    0.76   12.57   18.42    2.67    0.34    0.49    0.76    0.38    0.15   10.45    2.41
PSATIPSI   -21.84  -42.58   24.24   20.68    8.40    0.65    0.00    6.73    2.85    4.95    9.16   33.35   14.02    5.02    2.84    4.03    2.96   26.27   30.44    1.17    1.57   35.15   13.94    3.02    2.56    1.86    0.31    1.57   29.89    9.42    6.67    5.68    2.42    4.39    3.61    7.86    0.73    3.41    9.41    4.54    0.36    0.24    0.46    1.17    1.24   12.78    5.55
PSATTCLJ   -22.69  -43.83   32.22   21.11    5.34    5.76    1.50   21.66   13.07    3.07   17.40   34.28   11.55    2.59    2.15    3.34    5.81   23.61   43.40    0.82    0.06   23.88    8.97    5.36    5.11    2.35    0.27    0.58   12.39   10.83    1.59    8.21    1.50    2.20    2.32   10.99    5.98    1.83    2.20    6.26    0.52    0.03    0.37    6.07    4.67    8.36   28.17
PSATBIGU   -25.51  -53.67    7.54    3.79    1.07    4.32   45.43   20.70    7.00    4.45   14.38    2.49    0.06    5.94    8.20    0.87    0.00    0.07    0.62    0.67   26.59    2.12    0.59    0.37    0.00    0.01    0.00    0.00    0.71    0.19    0.11    0.24    1.05    4.90   16.13   10.46    2.88    6.92    1.68    4.56   12.61   35.00   32.16   14.63   20.32   12.62    9.07
PSATBRAU   -21.45  -42.41   31.21   27.89    4.52    0.07    0.00    0.00    3.82    6.49   15.15   20.97   15.70    4.78    3.85    4.67    2.75   23.19   27.28    1.88    0.52    5.75   25.30    4.70    0.74    4.52    0.56    5.78   24.68   18.49    7.20    8.36    4.05    7.58    1.75    0.47    0.67    2.05   10.33    4.72    0.65    0.36    0.37    0.32    0.04    0.12    0.11
PSATSUIC   -20.08  -40.58    7.79    0.47    0.13    0.54    0.02    0.00    0.56    0.18    1.75    2.81    3.05    9.45    1.34    0.35    7.00   11.52   36.03   22.83    3.89    1.34   32.46   65.44    3.31  123.84   12.91   14.34    1.28    0.58   14.13    9.22    5.34    3.91    0.24    1.50    6.32    3.51    3.42    1.22    7.20    2.84    2.50    2.62    1.16    0.24    0.37
PSATJRI     -9.30  -64.70    5.12    2.50    4.38    5.98   12.51    8.59    8.27   13.79   18.43   20.01    7.32   10.56   11.74   10.24   24.12   24.85   12.73    6.39    1.43    8.83   17.57   22.40   27.17   18.18   20.09   15.88    9.14   11.94   15.65   13.64    5.87   10.08    8.44    9.37   11.42    9.01    2.67    7.26   10.63   11.01   17.38   15.00   17.21   21.26   13.39
PSATBENI   -14.59  -67.53   15.85   10.69    6.92    8.06   19.83   20.11   22.11   22.31   17.42   16.13    7.68   20.79   15.56   10.51   17.21   13.79    7.47    4.18    7.11    9.82   11.02   25.51   14.83   17.32   12.92    7.49   11.04   12.36   11.44   13.51   11.78    6.69    6.61    7.88    7.92    9.46    6.91   18.77   21.47    7.72   10.07    8.64   11.59   19.54    5.47
PSATEPB    -12.42  -64.42   13.56    7.85    3.93    6.58   16.29   13.95   11.10    7.95    5.93    5.09    2.29    7.94    5.18    9.95   13.64   13.62    4.28    3.58    8.02   27.16   20.82   15.06   18.73   14.48   14.41    5.23    8.61    7.75    7.05    8.77   17.52   22.35   13.42    7.30    5.16    8.21    2.11   11.26   19.27   23.61   25.79   19.78   14.45   10.69    9.25
PSATEGM    -10.79  -64.35   14.46    5.46    7.66    7.44   29.40   21.04   26.43   18.31   14.65   12.98    5.21   18.06    9.91    6.48   21.73   22.19    4.89    6.32   22.27   37.47   37.97   40.94   19.00   19.14   16.71    8.28   13.08   11.01   12.90   11.47   17.21    6.86   10.55   12.18   10.08   10.74    7.27   23.94   18.64   13.65   13.26   15.04   20.18   19.29    6.76
PSATSTOA    -8.79  -63.95    3.68    5.04    6.74    4.87   13.36   19.55   15.38    9.08    4.74    6.03    4.42    2.45    8.01    4.65   17.43   23.24    9.48    5.79    3.96    5.93    6.49    6.75   18.42   16.46   21.82   21.76   12.59   17.63   16.25   16.75    4.78   15.36   10.81   14.78   12.52   11.67    9.40   11.62    5.06   19.49   17.12   12.35    6.63   21.45   14.62
PSATENC     -9.90  -66.62    3.33    1.66    1.60    5.68   16.05    7.88    4.14    8.19   21.13   23.59    9.24    3.71   16.47   10.56   11.18    8.41   10.84    3.07    0.76    1.25    1.49    6.65   27.34   21.52   15.72   12.19    7.43   11.18   11.22   22.19    3.70    9.18    4.08    7.38   10.83    9.95    1.40    3.78    5.47   11.44   11.02   17.14   15.48   11.49   20.82
PSATAMY1   -11.71  -70.63    6.10    3.06    5.52    5.38    7.86    4.98    1.86   15.34   23.25   19.03   14.41    4.17   19.05   21.13   29.49   34.97   13.60    1.51    0.46    3.21   18.32   31.75   21.14   14.28   17.89   18.69   13.49    8.73   13.38   13.94    5.62    9.93   10.66    6.13    6.20    3.28    0.83    2.12    7.48   11.29    8.95    7.80   11.13   11.39    9.50
PSATAMY2   -12.37  -71.17   11.81    8.69    8.67   15.14   14.31    6.38    6.25   14.44   19.05   22.47   15.48    7.75   17.48   19.59   21.29   23.42   10.09    4.12    5.90    8.41   22.45   37.50   15.41   18.91   21.62   19.27   14.66   16.55   19.34   14.42    9.64   12.27    9.67    5.81    6.81    6.10    6.31   11.75   16.16   14.71   16.57   13.48    9.29   16.54   17.20
PSATAMY3   -13.75  -70.18   14.96   10.95   20.89   25.26   16.65   10.75    7.31   19.78   21.70   22.74    7.88    4.60    7.98   17.03   14.36   10.86    6.64    5.95   19.49   16.32   16.04   33.09   12.26   27.69   22.35   21.07   22.48   18.39   19.04    9.79    7.35    5.69   10.38    4.83    8.26    6.41    7.59   28.44   22.88    9.34   17.13   14.33   12.12   26.08   11.49
PSATAMY4   -13.45  -69.47    7.00    5.22    9.08   10.75    7.49    5.88   12.56   11.33   12.72   17.45   11.26   13.50   14.64   13.96   10.10   17.87   17.47    4.38    3.40   27.24   28.66   58.27   25.48   18.53   13.58   10.93   17.47   17.53   12.87    6.47    9.26    3.44    6.28    2.82    4.74    5.11    4.09   13.28   16.34    5.95   12.73    6.82    5.96   23.60   10.77
PSATJRN    -13.37  -59.01   10.58    9.83    3.39   15.82   10.17    6.05    4.35    3.02    2.90    3.93    1.73    6.61    5.13    5.00    3.92   14.97    6.00    6.20    4.25    9.90    7.84    7.29   10.54   12.33   13.87    9.12    5.14    5.71   15.32    7.49   13.53   13.84    7.19    3.83    3.97    2.59    2.98    9.34    6.42   21.06   20.00   19.67    6.87    6.97    4.01
PSATAPI    -10.34  -56.98   36.83   16.19   28.49   11.36    3.19    8.15    3.97    0.55    1.55    2.45    1.57    6.77   21.03    6.21    2.70    1.50    7.22    5.47    7.63   15.37   24.79   24.49   17.87    7.80   19.45    4.13    4.16    8.67   11.46    3.48   19.12   12.79   16.06   15.70   15.95   24.31    2.04   16.44   30.82   13.11   15.19   43.30    8.30   41.69    7.54
