PSATAGV    -19.89  -50.35    7.71   35.86   33.95    1.02    1.62   10.41    6.33   20.20   19.80    7.28   13.74   15.05   23.26   11.92    6.45   16.74   40.03   20.41    8.41    5.41   10.15   10.90   21.63    9.59    8.54   15.61   18.83   15.24   11.55   13.68   29.64   16.00   16.39   21.30    9.13    2.79    5.10    9.78   21.57   18.65   13.00   18.41   19.09   26.95   21.75
PSATCMG    -21.28  -44.63   45.15   33.57   19.68   23.82   31.22    9.64   15.31   15.92   12.04    2.51    1.94   19.34   25.11   29.23   18.87   18.73   27.80   11.98    6.58   26.14   13.21    0.25    4.73    9.99    7.20    6.71    7.24   12.36    5.08    1.92    2.23   13.76    2.27    2.73    0.76   15.95   15.85    7.95   15.12   17.22   10.63    4.06    3.53    5.30    0.49
PSATCES    -20.25  -48.16   23.70   31.77   28.10    2.92    8.48    3.23    9.26   20.08   22.85    7.61   14.39   15.91   27.26   15.99    7.28   21.61   33.21   17.61    3.94    9.11   10.93   10.15   10.62   12.62   13.39   21.06   15.89   25.48   21.91    7.88   28.08   10.80   18.55   23.12    8.82    7.55    4.74    7.51   21.90   13.56    5.15    8.85   16.02   18.75    7.65
PSATELC    -21.60  -46.95   18.03   30.79   50.89    4.54   19.41    1.10   15.62   15.19   11.40    9.24    3.15   22.46   16.50   14.90    3.73   22.15   39.36   15.44   11.90   10.79   13.97    4.50    8.79   14.70   11.70   23.77   14.25   31.03   21.44    7.37   18.04    6.63   12.84   21.05   14.73    2.98    5.33    5.86   25.24   10.29    2.88   13.62   11.24   32.58    6.67
PSATFUN    -21.14  -45.04   44.94   44.04   20.83   14.50   29.00   14.68   14.38   19.18   14.69    2.18    2.90   14.76   21.83   28.62   21.78   16.39   17.13    9.36    2.83   15.99   11.32    0.16    5.21    8.14    5.51   10.18    8.15   11.34    8.04    0.66    1.64   11.84    2.08    0.46    0.40    7.33   10.17    3.15   19.76   18.18    7.10    6.11    3.26    7.58    0.40
PSATFUR    -20.67  -46.32   45.67   43.87   33.56   12.20   20.47    6.98   15.36   18.36   19.91    7.90    3.53   21.86   17.52   24.68   10.62   22.76   27.61   14.67    4.14   13.82   18.07    0.82    8.63   10.10    7.30   10.75   17.55   22.69   15.26    1.91    9.66    9.10    8.41    5.03    5.54    5.85    7.63    3.06   23.74   15.81    5.19   10.39   15.19   17.69    4.07
PSATMRB    -20.30  -49.18   24.94   21.13   39.78    1.74    3.91    4.29    9.14   14.16   18.24   10.51   10.74   13.10   22.87   16.41    3.81   15.76   41.85   19.35    4.89    6.92   11.52   11.97    8.99    9.58   12.17   19.11   19.85   24.31   18.79   13.96   24.10   14.14   25.96   23.88   11.11    5.50    4.15    5.77   21.73   15.26    5.99   10.56   16.67   23.76   16.34
PSATPRG    -21.59  -45.67   31.85   29.19   31.03    9.51   22.93    1.84   12.49   11.42   20.16    8.13    4.52   21.98   22.09   19.25    8.70   33.16   30.11   15.75    4.85   13.48   19.45    0.51    8.51   11.23    7.42   10.06   20.02   26.23   22.80    4.65   16.16   11.90    4.96    7.40   11.47    9.44   10.65    7.66   22.11   16.33    4.87   12.72   12.73   21.98    3.99
PSATPAS    -21.02  -48.18   19.74   19.26   69.98    7.67    3.33    2.33   12.65   16.95   21.31   12.93    7.80   16.02   26.01   13.89    1.89   16.18   32.88   17.97    6.11   12.75   16.17    9.81   11.45   10.38    8.86   16.85   16.18   24.76   15.81   24.23   17.19   14.85   18.39   26.88   15.50    3.75    5.83    8.94   19.43   13.84    4.30    6.37   10.51   25.05   14.19
PSATPTB    -21.61  -45.49   36.83   44.54   26.92   30.22   25.25    3.03   11.29   12.05   19.81    4.50   10.08   26.85   19.38   30.31   20.34   42.74   31.19   17.79    0.98   17.40   22.07    0.04    9.10   11.13    7.52    5.56   17.92   20.47   15.77    1.44    8.97   15.26    6.22    6.57    4.75   14.05   12.94    3.70   21.17   21.32    7.12   10.23   14.50   13.19    0.49
PSATPTC    -20.00  -48.55   22.65   33.50   16.90   12.06   12.69    5.67    9.17   22.23   14.82   11.86    8.93   18.71   20.41   16.67   10.42   20.55   25.58   21.91    4.11    8.53   11.00   12.53    7.42   10.83   13.26   15.46   20.89   30.76   21.60    6.65   18.97    9.56   21.01   13.71    9.69    5.28    4.63    6.29   18.50   13.59    7.43   13.85   21.06   17.44    6.94
PSATFZA    -26.00  -51.65    0.09    0.35    1.12    0.46    0.27    1.41    8.52    8.03    4.09   11.67    5.86    5.70    2.96    1.87    6.63    8.48    2.67    0.88    0.71    1.94   10.01    8.34    9.93    3.49    8.82   31.59   28.70   19.37    5.15    5.36    9.12    6.24    7.67    1.85    5.43    1.90    8.48   11.07   11.48    8.26   24.15    7.19    2.77    1.98    3.78
PSATJSG    -25.78  -52.00    0.00    0.08    0.13    0.08    0.15    2.14    8.98    6.91    6.14   12.93    4.30    1.81    2.23    1.67    2.82    7.39    1.38    0.76    0.46    1.74    7.99    4.03    9.84    3.62    9.63   26.82   26.54   12.71    1.96    5.94    7.32    4.99    6.20    1.59    2.27    2.13    3.34   11.74   10.49   12.58   22.20    7.07    2.46    0.99    3.27
PSATSCX    -25.53  -53.48    0.00    0.00    0.09    0.06    0.31    1.47    4.73    6.32   11.65   11.03    4.63    1.23    1.54    1.05    1.94    8.73    0.44    0.60    0.49    1.79   14.91    2.60   10.17    5.00    7.46   28.18   22.22    7.30    1.20    2.71    4.82    6.04    3.21    1.17    2.32    2.69    5.29   11.85   11.96   29.88   25.63    5.18    2.39    2.57    3.89
PSATSCL    -25.49  -51.74    0.00    0.01    0.26    0.41    0.20    0.89    6.99    8.81    6.31   10.25    3.03    7.37    2.17    1.88    4.87    8.66    1.77    1.33    0.90    4.93   20.21    5.65    8.13    3.65   10.03   32.33   37.61   12.21    2.59    4.26   10.38    7.35   11.32    1.15    3.43    2.29    8.61   12.42   21.29   13.41   21.74    7.11    1.88    4.82    6.32
PSATUVT    -26.23  -51.08    0.46    1.14    2.77    1.06    0.92    0.48    7.21    7.49   10.40   14.25   11.40   11.38    1.52    1.68    1.73   10.45    3.97    2.02    1.43    3.33    7.67    6.55    9.61    4.97    8.22   20.91   31.95   32.31    5.95    2.39    4.48   13.10   10.70    1.40    5.21    2.01    5.58    9.79   12.12    9.65   12.62    7.72    9.00    7.98    6.20
PSATBSM    -24.19  -53.74    0.12    0.02    0.58    0.36    1.52    1.99    8.98    8.86   15.90   15.55    3.00    1.18    1.34    1.45    0.93    4.92    0.67    0.56    0.83    4.22   24.99    2.20    1.99    2.64    4.21   31.99   22.81    2.74    0.76    1.37    4.01    3.49    2.44    1.44    6.24    9.08    4.17   13.60   20.23   30.14   25.91    4.75    3.15    6.01    3.28
PSATFLE    -22.97  -54.56    0.00    0.03    0.02    0.33    1.14    8.03    6.73    6.00    7.69   14.25    3.32    0.69    0.50    0.74    5.90    8.68    0.75    0.53    2.97    4.82    9.63   15.67    1.52    0.39    7.28   28.49    7.86    0.17    0.48    0.02    1.71    5.37    2.03    0.94    7.49   11.37    1.06   23.32   18.36    4.75   24.80    0.67    3.63    1.76    2.18
PSATITP    -25.42  -54.58    0.01    0.06    0.23    0.24    1.05    6.93    6.47    9.24   10.37   13.44    5.04    1.01    0.93    1.24    2.50    4.36    2.89    1.09    2.48    2.48   12.39    7.40    0.89    1.26    4.20   27.66   10.46    0.34    0.40    0.23    1.82    3.88    1.14    1.92    5.90    8.26    2.02   16.14   17.75   24.73   18.65    1.65    5.61    3.94    3.16
PSATIVM    -22.38  -53.53    0.01    0.18    0.01    0.40    0.34   12.99    9.04    9.53    7.61    8.78    7.95    1.45    1.32    1.85    1.70    1.46    6.30    4.47    5.60    1.73    4.53    4.71    0.81    1.68   14.38   32.24    9.95    0.09    1.00    0.11    2.61    5.20    5.97    3.64   11.62    7.17    0.83   14.21    7.77    1.43   13.51    1.94   18.73    6.84    4.82
PSATPTQ    -23.18  -53.17    0.08    0.15    1.02    1.29    1.49    2.61    8.82   10.29   16.61   17.30    3.31    7.42    1.58    1.15    0.57    3.19    3.51    0.58    1.79    8.09   24.41    6.12    2.69    2.77    5.67   28.69   34.84    4.67    1.27    1.56    5.11    6.03    5.56    2.12    8.51    7.18    2.63   13.44   18.95   21.71   22.49    5.08    5.64    9.19    5.83
PSATCBI    -17.99  -48.54   18.18   12.04    3.76   10.52   11.54   14.65    8.44   15.03    1.30    1.49   11.58    4.87    7.75    2.54   22.08    7.40    1.46    0.93    2.27    6.54    8.84   23.83   16.77   10.28   14.88    4.60    8.94   10.07   21.08    6.46   12.29   20.30   18.34    5.51    0.29    0.06    0.20    6.21   11.58    7.56   11.23   17.34   12.31    7.37    0.71
PSATCBIV   -16.15  -48.67   15.79   11.19    1.52    7.90    8.86   15.01    5.68    7.93    1.11    1.75    6.02    3.85    5.45    1.42   16.62    5.91    0.61    0.90    1.30    8.98   13.46   21.55   21.45    6.29   15.43    1.60   11.62    8.52   18.70    6.72    9.40   15.88   13.36    2.03    0.26    0.02    0.13    5.87    6.13    3.50   21.06   13.39    9.46    5.32    0.92
PSATEMB    -18.45  -47.98   26.01   34.65    9.91   20.19   10.89    9.33    9.09   19.17    9.50    2.51   10.62   11.11   12.53    4.02   19.19   13.56    7.41    3.83    5.37    8.14   13.18    8.94    5.24   15.13    9.67   12.78   14.96   23.21   21.93    7.06    3.65    7.23    8.62    1.32    0.11    0.07    0.87    4.35   16.86   25.81    4.42   13.93   23.95   17.57    2.71
PSATIMBR   -18.42  -49.10   23.16   17.98   14.79   21.51   16.46   11.44    8.77   21.50    4.86    1.69   17.58   10.17   12.84    7.62   19.17   11.86    8.60    4.94    1.92    5.22   10.67   20.69   10.02   14.67   13.95    8.17    9.61   20.69   18.62   11.97   15.85   18.16   23.23    9.57    1.80    0.30    0.71    8.41   16.90   17.57    8.20   17.62   20.46   11.01    2.69
PSATNPTE   -19.13  -47.70   24.17   29.52    9.91   14.08   13.27    6.38   10.44   18.62    5.64    4.56    9.35   11.20   13.88   14.93   21.45    9.58   11.83    8.59    4.26    8.14   12.07   11.98    5.08   12.27   12.67   11.53   12.08   26.54   15.80    4.15    8.67    6.38   11.32    2.72    1.37    0.43    3.57    9.02   15.49   16.87    6.16   10.45   19.21   16.26    2.24
PSATARV    -18.07  -50.16   34.96   51.17   15.41   19.01    7.58    3.29    8.80    1.64    2.49    2.12   10.36    8.44    9.48    3.86   20.69    5.65    4.18    2.25    6.68   11.04   13.43   18.77   14.67    5.71   11.47    4.29    7.38    9.46   11.42   11.97   14.21    7.95   12.27    9.96    2.46    0.65    0.06    4.73    5.54    1.50    9.52    8.89   18.46    6.29   15.98
PSATSFC    -18.05  -47.68   27.73   20.59    1.10   19.86   10.78   17.52    6.19   23.32    5.33    1.04    8.81    7.71    8.38    5.15   15.38    9.25    2.17    1.31    3.01    3.68    8.96   21.62   15.80   10.27    8.97    4.45    9.22   16.83   14.77    6.25   11.36   13.28   13.38    1.46    0.13    0.00    0.25    1.43   24.36   18.51    8.31   14.97   11.12   12.59    1.18
PSATSSM    -19.02  -50.50   24.83   38.50   19.48   15.18    9.60   12.38    7.08   15.29    5.33    1.78    9.09   15.04   17.40   12.73   16.07   10.36   14.76    6.41    3.48    5.18   12.48   18.83   13.93    9.54   13.08    6.33   11.77   13.99   13.04   11.39   21.94   13.90   17.01    9.46   10.35    2.19    0.82   12.12   14.71   10.93   12.55   14.31   18.78   13.71   18.78
PSATCNI    -22.94  -50.52    0.55    0.59    3.51    2.61    1.09    2.32   12.93   16.60   19.96   12.71    9.64   16.54   11.13    1.20    0.36    0.96   17.00    1.03    9.99    1.98   12.84   11.81   23.21    5.46    5.22   11.67   20.83   18.84    1.60   12.37   27.71   23.92    9.23    8.36   15.80    2.35    0.31   13.40   17.60    9.11    7.93   13.67   13.73   23.70   15.24
PSATCPV    -22.65  -51.33    0.11    0.05    3.02    3.50    1.65    0.94    8.55   19.78   21.13   19.69    3.97   12.15    7.86    0.66    0.43    1.37   15.00    0.82    4.58    4.61   13.27   15.36   13.16    4.03    6.80   17.68   31.54   11.58    1.53    3.31   10.77   14.45    5.55    5.81   12.93    2.36    0.70   10.60    9.67   15.07   16.76   19.26    7.69   17.30   11.03
PSATCHT    -23.01  -49.73    0.58    0.42    4.09    0.84    1.88    0.38    8.06   18.38   27.27   16.12    7.62   20.19    3.59    0.94    0.42    2.73   14.59    1.09    2.47    4.82   17.65   13.04   18.30    5.40    7.73    8.27   22.21   16.14    2.93    5.03   14.10   22.43   14.82    5.36    7.72    4.57    1.17   15.47    9.09    6.98    8.43   16.33   10.46   15.18   12.87
PSATJUR    -23.22  -49.23    2.50    1.11    7.89    5.20    1.05    0.41   13.60   16.10   27.30   11.25   11.23   21.12    3.00    1.69    1.01    1.63   10.65    2.85    6.08   10.58   17.19   12.96   16.42   10.32    3.75    6.36   17.03   20.14    7.37    8.97   20.07   21.17   29.42   14.07   13.81    9.92    2.92   10.69    9.64    5.52    2.98   12.27   11.45   32.26   18.00
PSATMAU    -24.06  -50.71    0.26    0.04    0.30    0.83    1.68    0.94    8.66   12.12   15.07   12.39    5.96   14.19    3.38    1.10    0.83    2.33    5.53    0.78    1.46    9.14   35.05    7.20    3.72    5.11    3.57   20.63   24.98   15.59    3.98    4.42    5.86   11.06   16.00    1.28    8.56    1.64    4.97   10.98   11.67    7.90    9.26   10.27    5.01    9.95   12.11
PSATROS    -22.50  -52.87    0.03    0.40    0.33    2.34    0.56    2.10    8.48   20.61   15.59   25.03    5.24    9.47    2.39    1.02    0.37    1.06   11.11    0.93    6.32    2.96    7.19    8.59    1.83    1.26    6.29   21.05   31.54    1.22    1.00    1.34    5.69    5.74    2.76    4.70   17.01    6.92    0.97   19.67    9.92   22.08   19.57   12.93   10.31   16.30   11.05
PSATQMD    -16.21  -47.33   22.27    9.54    0.32   12.82   10.73   18.01    7.21   16.92    0.98    1.13    3.87    6.36    2.82    6.63   12.39    0.74    1.33    2.02    3.73    3.35    7.11    9.51   10.82    5.54    5.47    1.34    6.50    8.95   16.24    3.59    7.13    5.49    8.35    0.39    0.01    0.00    0.06    0.64   13.87   20.07   10.48    7.93    1.05    1.83    0.53
PSATRBX    -18.95  -44.76   17.14   30.15   18.98   13.12   17.34    9.60    9.75   20.52    9.11    6.69    7.14   18.26   19.75   26.13   16.82    5.52    8.30   11.54    4.40    5.86    2.31    0.12    4.99    9.53    4.40    8.38    9.87   12.94    7.09    0.68    0.06    4.60    0.73    0.45    0.02    0.91    4.74    0.59   11.36   16.98    4.73   14.21    0.85    2.10    0.16
PSATSFR    -15.93  -44.86   18.10   13.53    4.59   12.20    5.66   12.02    7.70   17.72    2.85    1.89    7.74    4.17    7.85    7.72   12.40    1.00    1.15    3.26    5.26    2.20    1.78    3.36    8.20    3.20    7.58    2.53    9.09   13.84   10.82    4.26   11.05    1.33    1.92    0.78    0.00    0.01    0.27    0.40    8.22   15.29    9.12    1.58    2.38    0.76    0.11
PSATSRM    -16.37  -45.07   23.33   22.88    7.75   16.15   12.41   10.07    8.11   17.01    7.53    4.16   10.55    6.73   12.18   10.86   10.73    1.90    3.43    5.41    6.61    3.22    4.39    2.73    6.14    3.52    5.30    5.65    8.68   14.77   12.45    1.65    3.39    3.03    1.97    0.38    0.00    0.17    0.57    0.30    6.00   25.46    7.50    9.80    3.78    3.03    0.37
PSATTMR    -18.16  -45.27   25.90   31.71   18.01   15.46   18.00   11.96   12.04   20.26   11.68   10.85    8.88   16.54   16.73   19.97   20.20    7.79   12.41    7.87    2.68   10.85   12.07    1.46    7.65   10.08   11.77    4.80   16.54   19.75   17.36    0.87    2.35    2.76    6.51    1.71    0.60    1.14    3.91    0.52   15.47   18.43    3.48    8.18    5.47    6.10    1.28
PSATBOQ    -11.35  -43.83   13.26    5.07    1.32    8.22   10.91    4.61    2.91    0.96    0.96    0.88    2.02    2.88    7.92    9.30    5.51    0.30    2.43    2.19    0.94    2.54    0.45    2.85    2.95    1.30    0.64    8.12   10.94    4.82    2.51    4.10   14.28    5.23    1.14    0.07    1.56    2.48    1.82    3.55   16.72   12.30    3.35    0.18    0.37    0.44    0.11
PSATBBO    -22.52  -48.55   10.72   13.43   47.35   26.06    4.98    1.55   14.39   17.38   21.20   14.71    7.81   19.73   20.66    9.80    0.67    3.19   14.46    9.91   13.32   18.02   16.74   13.48   17.69   12.05    5.38    6.92   13.53   23.19   11.88   27.88   17.61   20.75   31.24   28.42   15.35    8.96    9.06    7.21   14.54    7.97    2.66    9.00    5.45   26.46   20.35
PSATESZ    -23.46  -46.91   17.10   25.79   47.89   72.19    3.13    1.22   10.27   14.92   17.55    5.85   10.99   18.24   20.45    9.15    1.95    3.54   32.24   17.97    7.34   31.65   19.82   12.28   22.47   10.02    6.40    4.25    9.29   10.20   16.79   32.56   14.04   16.65   35.64   25.95   10.73   14.61   11.40    7.05   14.14    4.49    3.64    2.89    3.90   16.37   24.69
PSATIBT    -21.76  -48.99   16.31    5.10   44.11    5.23    1.34    3.40    8.82   10.97   19.35    8.65    4.24   21.62   20.92    4.52    0.45    3.06   15.26    8.18   11.38    3.21   16.59    8.96   14.99   10.57    9.34   16.63   20.89   19.69    2.24   28.27   27.14   19.61   24.09   15.73   16.05    2.12    1.79    8.08   11.01    8.52    4.06    9.14   17.45   20.02   19.54
PSATNAV    -21.12  -50.20    5.67    8.28   24.22    1.09    0.73    7.72    7.78   21.09   24.78    5.48    5.64   16.34   24.03    8.21    1.09    6.77   26.18   25.44   11.50    3.04   14.22    9.75   23.20    8.41    9.95   16.00   19.64   16.45    1.05   19.76   33.80   19.11   14.22   18.33   14.46    1.49    2.25    7.18   20.85   17.03   13.53   14.29   24.42   21.86   24.46
PSATSME    -13.40  -48.30   25.47   18.07    2.91   13.53    6.07    6.95   10.18    6.01    3.68    2.90    5.65    6.61    4.77    3.23    9.87    4.98    1.09    0.93    3.25   10.87    8.42   11.81   13.00    6.70   10.64    1.93    7.51   10.42   15.44   12.34   13.86    7.23   13.65    1.52    0.21    0.04    0.19    4.43    5.43    6.86   15.41    6.02    4.39    1.15    0.35
PSATBGR    -27.78  -51.20    0.01    0.44    1.52    1.02    1.15    4.06    2.37    1.15    7.59    4.15   11.80    1.30    0.48    1.95   10.32    9.05    1.46    0.32    0.10    0.11    0.63    0.46    6.85   13.75   10.18   22.21   19.56   24.20    4.65    0.27    1.10    4.77    8.54    1.84    5.17    1.42   10.15    5.15   11.80    5.95   14.19    7.06    9.40    2.82    1.93
PSATCNV    -27.60  -51.33    0.02    0.18    0.72    0.78    1.07    5.18    5.15    3.79    2.58   10.02    8.94    1.18    1.17    1.53    7.23   13.69    3.73    0.49    0.26    0.95    1.60    1.55    9.05   10.66    9.34   22.34   32.06   22.36    3.98    0.76    1.36    3.09    7.03    2.12    5.21    1.57    9.11    9.78   15.25    6.23   20.46    9.03    7.76    2.26    3.25
PSATFCH    -27.14  -53.04    0.00    0.00    0.00    0.00    0.08    0.94    0.98    4.52    2.37   12.35    9.49    0.53    0.78    0.71    2.00    4.40    0.05    0.03    0.05    0.67    0.44    2.91    8.96    4.41    6.20   28.64   11.03   32.59    0.85    0.60    1.74    1.55    1.46    0.79    0.64    0.29   13.38   10.21    4.79   25.42   24.28    5.89    3.74    1.48    5.94
PSATITA    -27.27  -52.38    0.00    0.10    0.11    0.01    0.23    3.28    1.93    5.15    5.31   11.95    8.90    0.78    1.55    0.87    4.42   10.69    0.94    0.09    0.05    0.68    1.79    0.43    8.58    8.82   13.06   26.90   22.69   35.51    2.09    2.10    4.17    5.13    3.92    1.33    3.18    0.89   12.56   12.07   11.72   11.75   24.08   14.65    5.08    1.20    2.63
PSATMCD    -27.52  -51.78    0.00    0.00    0.01    0.00    0.35    1.82    1.01    0.66   10.49   11.70    9.87    0.09    0.26    0.91    2.18    5.44    0.11    0.01    0.00    0.06    1.41    0.07   13.39   12.39    7.74   21.36   20.16   38.69    1.41    0.34    1.19    5.39    2.39    1.02    0.96    0.61   14.85   11.06    7.49   14.79    8.21   10.50    2.11    1.53    6.36
PSATMOJ    -27.35  -52.73    0.00    0.00    0.00    0.00    0.19    4.22    0.33    2.83    2.62   14.40    6.71    0.30    0.32    0.92    2.00    1.01    0.00    0.00    0.00    0.19    0.50    0.08    3.67    6.21    8.31   25.50   15.60   18.45    0.64    0.09    1.59    2.18    0.89    1.72    0.34    0.53   13.95    9.03    6.45   18.68    6.33   11.28    5.97    1.60    2.24
PSATQQX    -26.66  -52.54    0.00    0.02    0.01    0.00    0.14    2.11    1.36    6.71    8.23   10.44    7.05    0.96    3.04    1.35    2.44   12.97    0.52    0.36    0.22    1.31    3.53    2.99   13.09    9.32   12.47   28.02   13.66   31.07    1.90    5.20    8.34    7.01    5.17    1.48    2.71    0.84    8.47   11.02    9.22   12.47   28.24    7.61    4.65    1.17    3.19
PSATPSJ    -28.14  -55.05    0.00    0.00    0.00    0.07    0.01    0.09    0.10    0.04    0.13   18.15    1.52    0.00    0.00    0.14    1.82    0.32    0.00    0.00    0.00    0.00    0.05    0.06   16.82    9.98    4.40   23.06    1.93    2.78    0.01    0.00    0.60    0.91    1.52    1.22    1.29    0.70   46.92   14.24    5.01   11.83    3.20    0.42    0.83    1.17    0.63
PSATESP    -18.68  -51.87   19.17   67.45    0.48    0.95    4.40    1.90    9.33    2.88   11.57    2.98    8.13   12.92   16.48    4.47   17.21    5.29    5.25    9.34    8.88    6.67   21.67   10.41   11.98    5.49    4.97    6.20    7.77    4.35    1.31    9.72    5.68   20.34   12.44   14.34    6.50    6.62    1.43    1.71   10.89    1.56    6.68    7.66   10.19   29.57   18.89
PSATSRC    -19.16  -50.76   46.08   38.97    0.64    0.69    4.50    3.08    8.65    4.24    8.76    4.82   10.48   15.24   11.61    7.84   15.69    9.98   13.67    8.68    9.05    7.92   16.96   13.37   13.00    9.71    5.04    7.84    4.93    6.16    1.30    8.64   10.42   10.40    8.36   14.39    7.58    3.78    2.65    4.19   10.24    1.44    7.55   10.15   14.05   26.12   21.09
PSATFRCL   -19.12  -50.64   38.92   45.26    2.17    5.34    4.03    3.24    8.40    2.97    8.26    2.15   11.75   15.72   11.01    5.97   19.65    9.38    7.08    9.99   11.18   11.33   12.91   16.38   14.88    7.35    7.05    8.64    5.30    9.82    1.38    9.87   14.64   14.70    7.51   12.90    5.75    2.38    1.20    5.15    5.97    1.86    7.93   10.44   20.21   20.04   19.29
PSATISOT   -20.40  -51.35    8.07   23.94    9.34    0.52    1.65   11.38   10.33   16.52   16.20    6.50   10.11   10.62   19.16   11.13    6.57    8.41   25.33   19.32    9.36    2.13   11.42   11.58   18.57    8.67    8.41   12.17   23.21   11.77    2.19    9.30   21.01   12.92    8.63   12.80   13.82    5.48    5.06    9.61   17.92    6.77   11.51   17.61   24.89   29.87   17.54
PSATJUP    -20.86  -51.63    6.36    8.43    0.36    0.48    1.47    9.62   11.00   10.72   10.55    7.28    9.98    5.71   13.17   10.77    8.40    9.58   18.26   13.71   11.32    2.59   14.41    5.67    4.83    6.62   11.84    9.25   23.19    4.43    1.26    5.94   18.17    7.15   12.31   12.06   13.34    8.49    6.47    4.75   14.22    3.55    9.74   22.66   14.64   21.52   15.40
PSATSDG    -20.06  -53.18    4.63    3.89    0.05    0.37    1.68   10.14    8.20   10.80    9.16    4.86    9.25    6.15   11.52    8.23    5.57   11.12   23.74   15.20    9.96    1.06    8.38    3.65    1.98    2.30    5.20    4.63   30.30    2.09    0.39    0.89   13.06    4.22   11.16   13.78   14.40    7.37    3.42    4.40   10.78    1.34    5.05   11.98   15.79   10.51   16.23
PSATFZBT   -21.66  -52.87    0.47    0.52    0.02    0.72    0.42   11.97    6.55    9.99   10.77    3.85   10.76    7.63    8.63    3.34    3.75    3.05   14.60    8.06   11.03    1.68    3.08    8.35    1.38    2.92    7.89   12.45   18.78    0.25    0.41    0.33    6.31    5.92    8.15    8.77   15.46   10.23    4.88    8.93    8.96    1.71    7.95   16.73   20.28   14.17   15.45
PSATPPRA   -22.46  -52.91    1.23    0.63    2.33    0.77    0.46    9.20   10.00   15.22   13.59   13.59   10.63   11.39   11.75    3.71    0.82    2.52   17.62    8.85    8.77    1.02    4.81    9.96    8.29    3.79    6.75   13.43   25.65    9.24    0.92    4.51   16.55   11.66    3.41    7.64   26.36    7.19    3.91   13.30   13.99   11.57   12.62   19.64   16.63   29.74   15.93
PSATBTE    -13.69  -50.80   35.67   34.77   19.61   15.99    5.64    2.76    7.75    2.08    4.86    3.54   11.31   10.03    8.33    2.74   16.76   11.55    5.29    1.64    4.48   11.55    6.96   14.70   14.57   10.46    9.81    7.70   12.99    9.42    6.51   12.33   14.48    7.48   14.57    7.86    1.49    0.34    0.45    7.39    5.72    2.81    8.27    8.44   14.60    7.06   11.72
PSATARAG    -8.27  -49.26   26.12   12.68    9.19   11.57    3.91    2.41    5.98    8.03    3.64    1.62    7.64    5.24   10.23    8.20   10.39   10.47    1.38    1.38    5.24    9.05    3.50   10.37   12.20    7.52   11.66    6.06    7.45   10.76   11.88   11.08   12.00    9.05   14.02    5.48    1.17    1.96    1.08    5.34    5.19    5.87    6.93    5.25    3.03    2.14    2.13
PSATLAJ     -9.76  -48.37   21.36    9.29    2.45   10.74    6.89    3.92    4.68    6.07    3.70    1.34    4.92    4.74   12.64   10.33   13.27    3.34    1.50    1.43    1.43    6.18    2.69    9.30   10.72    4.83    6.12    4.04    9.51   13.34   11.74   10.03   10.02   10.66    3.89    0.48    0.51    0.13    0.81    6.36    7.41   11.02   10.10    1.03    0.23    0.80    0.02
PSATPTRL    -9.31  -47.39   21.02    1.67    0.44    9.94    9.42    3.26    6.88    5.77    6.42    0.72    2.74    3.05   17.33    8.59   13.52    1.72    2.99    4.25    2.57    3.96    1.64   12.16    5.85    7.58    6.89    6.96   10.17   11.48    7.12    9.32   17.11    6.78    3.27    0.87    6.18    1.01    1.42    7.46    7.97    9.58    4.84    0.14    0.44    0.71    0.31
PSATLJET    -7.33  -47.48   15.13    1.42    0.46   10.78    4.71    2.73    4.57    4.81    8.89    0.76    2.35    5.79   12.47   11.72    5.96    6.37    1.45    5.11    1.61    1.97    4.65   19.29    5.73   11.82    6.54    6.18    3.53    9.22    5.17    8.18   27.37   14.72    9.72    6.87    9.80    1.22    0.91    6.01   17.94    4.58    1.26    0.12    2.29    0.90    0.28
PSATUCR     -3.83  -49.65    8.94    1.60    1.26    3.58    4.80    3.81    4.88    6.07    7.68    1.45    3.37    9.41   13.14   13.45   10.17    8.01    0.92    1.32    3.27    0.89    1.47    8.37    9.59    7.69    9.90   10.16    4.54    9.63    5.97    9.67   21.25   18.96    9.98   11.84   11.66    4.74    4.55    7.15   10.50    6.25    3.34    0.58    3.69    1.81    1.40
PSATXIVJ   -29.07  -51.67    0.00    0.00    0.00    0.00    0.35    0.30    0.09    0.06    0.21   11.25   11.81    0.28    0.02    1.38    8.19    1.48    0.00    0.00    0.01    0.00    0.29    0.02    1.71   22.04    9.24   24.41   19.62   16.72    1.42    0.04    0.26    3.33    2.61    1.80    1.85    0.70   12.31    6.93    7.89    6.88    3.94    2.96    5.78    1.30    0.64
PSATDFRC   -29.45  -53.28    0.00    0.00    0.00    0.14    0.08    0.09    0.18    0.01    0.02   13.60    2.72    0.04    0.00    0.29    2.49    0.15    0.00    0.00    0.00    0.00    0.08    0.03   14.64   11.38    7.64   32.59    2.12    4.36    0.19    0.02    0.69    1.08    1.03    1.10    1.26    0.63   28.96   12.86    2.62    7.60    3.25    0.54    0.85    0.80    1.01
PSATREAL   -29.02  -53.19    0.00    0.00    0.00    0.09    0.11    0.76    0.12    0.03    0.61   17.01    4.40    0.00    0.06    0.62    3.02    0.29    0.00    0.00    0.00    0.00    0.24    0.02   12.96    3.32    3.72   29.56    9.65   10.45    0.14    0.00    0.76    0.85    0.84    1.11    2.47    0.66   22.36   13.10    5.44   10.73    2.76    2.39    2.67    0.94    0.87
PSATCTAV   -29.01  -51.39    0.00    0.69    1.65    0.93    1.46    0.90    0.88    1.10    0.76    4.32   18.24    1.46    0.52    1.06    6.34    1.50    1.71    0.52    0.04    0.03    0.47    0.49    0.26   10.88   10.98   27.23   27.87   22.34    1.98    0.55    0.32    2.36    6.54    1.42    2.86    1.01   14.61   14.50   15.16    4.03    5.43   13.74    9.05    3.08    0.91
PSATERNT   -28.56  -52.54    0.00    0.00    0.00    0.00    0.18    4.08    0.14    0.08    2.77   11.57    6.10    0.08    0.09    0.72    3.26    2.55    0.00    0.00    0.00    0.01    0.92    0.02    8.54    9.55    9.21   24.90   15.66   20.14    0.66    0.00    1.08    2.56    0.82    1.29    1.21    0.52   16.92   15.59    9.98   13.06    3.74   12.18    6.41    0.95    3.16
PSATSTPL   -27.14  -49.52    0.01    0.11    0.87    1.19    1.13    4.08    7.50    7.07    4.03   13.48   11.15    9.92    1.46    0.68    3.23   16.18    5.94    2.08    0.65    2.53    2.20    8.16    8.90   10.77    7.86   15.88   23.89   12.02    6.82    0.42    0.75    3.13    6.53    1.73   10.77    2.04    9.47   12.16   16.07    7.17   16.92   16.99   15.49    3.16    1.94
PSATCVCH   -25.14  -48.87    1.47    1.67    3.14    0.82    2.85    1.65    8.16   11.16   14.68   15.58    7.42   16.34    1.10    2.56    1.04   13.93    2.11    2.78    2.93    8.56   20.77   10.59   10.42    5.28    8.80    5.63   21.56   47.20    8.50    2.41   15.47   30.23   22.99    2.84    8.09    1.28    2.47    9.37    8.12    4.33    7.14   11.14   10.25   17.94   17.36
PSATAMY    -12.60  -69.12    1.85    0.36    2.30    7.32   11.88   15.36   11.39   11.28    1.49    5.72    7.88   18.63    7.37    4.12    6.09   13.59   17.36   14.74   11.01   20.40   20.52    8.10   16.60   12.75   21.32   13.48   35.82   15.79   19.83   12.48   11.99   10.74    9.15   18.32    7.27   12.72    3.57   12.94    7.98   10.49   15.58   15.78   15.63   13.63   10.48
PSATGJR    -10.73  -65.35    0.82    0.11    1.41    5.65    9.84    6.61    9.47    6.08    1.47    4.88   12.05    4.82    2.42    2.68    7.38   18.01   11.87    5.13    5.51    6.41    6.51   10.40   11.37    5.62    4.77   15.36   16.18    7.84    3.27    3.67    1.89    2.55    4.00    6.31    4.16    4.97    4.57    4.52    2.13   13.47   15.41    7.80    7.99    8.97    7.53
PSATPRNC   -12.43  -64.43    1.29    0.16    0.11    4.26    4.82    9.03    6.46    7.72    3.95    1.44   15.77   15.40    9.24    4.16    9.17   24.99   21.30   11.20    2.79    5.02    6.65    6.21   10.58    6.15    7.55    6.81   13.36    2.61    3.11    1.59    0.44    0.87    3.13    7.58    6.33    5.96    3.75    2.57    1.63    3.25   12.61   11.82   17.18   10.29   10.43
PSATSANT    -8.87  -63.97   22.65    4.76    6.71    6.64    4.04    4.31    4.47   16.92    6.97    1.32   14.85   16.58   10.30    4.77    9.96   15.28   19.42    9.30    2.00    4.25   10.65    6.60   18.92    4.32   11.88    7.70    8.23   21.02   11.58   23.52   20.61   14.57   11.03    7.39   13.42    6.60    4.22   10.48    3.33    4.58    4.52    7.35    8.83   16.18   13.05
PSATDARD   -10.16  -59.46   26.49   10.08   16.40   14.72    5.14    1.21    4.63    9.95    2.96    4.70    9.33   14.08    4.44    2.44    5.71   25.95   14.70    2.83    3.74    5.21    9.60    6.33    8.63    4.68   10.48    5.53   10.74    6.12    9.42   10.83   15.61    7.06    6.54    8.35   15.45    3.81    0.45    4.81    5.57    1.87    6.75    4.56   10.88    5.99   10.76
PSATGUAP   -15.12  -58.96    5.42    0.66    0.67    1.85   10.44    6.55   18.04    9.83    1.98    7.54   13.32   11.87   12.31    1.94   15.46   23.86   22.72    5.95    2.94    5.20   15.58   10.18   16.91   13.17    5.86    8.97   14.71    0.08    0.00    0.00    0.00    0.69    1.85    1.98    3.22    7.05    0.34    1.40    1.77    0.12    1.31   13.82   12.42   12.15   12.39
PSATJIRA    -9.25  -64.65    4.72    0.93    2.43    2.96    3.24    4.18    4.47   10.79    1.79    2.61   11.37   17.62    7.35    5.08    6.28   18.47   24.79   12.88    8.97    9.69   11.57    7.82   15.72    8.52    9.09    5.49   22.65   18.40   13.24   16.55    9.86    7.53    8.27    5.81    6.56    7.08    4.56    5.31    2.75    3.13    9.79    9.91   10.57   16.32   15.01
PSATROND   -11.99  -60.70    7.45    1.24   20.20   10.52    3.09    6.58    6.58   30.58    5.43    0.89   16.07    4.53    3.27    1.45    5.31   26.93   31.80   10.47    4.82   11.03    3.52    6.90    2.09   12.44    5.04    5.26    5.11    8.85    3.17    0.49    1.89    2.90    4.01    3.43   19.68   16.63    0.82    2.50    2.66    2.41   11.20    7.51    8.33   11.69    5.04
PSATSAMU    -8.75  -63.45   25.52    6.49    4.34    8.68    8.28    2.85    7.23   20.45    6.09    2.47   20.62   14.72    3.17    2.06    6.75   21.51   23.22    6.50    1.36    5.01    4.94    9.72   25.16    4.21    9.50    2.15   13.86   18.59   21.83   16.08   16.46   12.99    6.30   12.25   14.69    3.37    6.40    7.04    3.02    2.21    3.20   14.52   14.69   14.33   11.10
PSATBALB    -1.92  -59.47    3.53   17.54    4.10    6.47   11.38    3.17    1.77   33.10   21.68    7.11    6.41   15.62   13.67   17.97   16.92   16.72    2.43   16.38    2.50    4.46    1.18    1.06    6.83   15.71   11.11   13.39   12.37    3.69   14.54   23.20    8.47   16.38   15.58   21.61   14.94   15.16   13.78   10.42    0.69    0.00    6.41   14.85   15.92   16.67   32.65
PSATCUNA    -2.82  -54.30    3.90    1.70    4.53    9.04    1.69    2.48    1.33   13.86   19.05    1.51    8.69    2.60   12.25   11.33   19.88    7.03    1.00    0.55    2.21    0.41    0.74    0.85    4.25   16.37    7.54    4.91    2.37    8.00    8.03    5.31   13.87   14.98   12.39   14.69    7.20   11.79    5.26    5.21    2.40    8.03    3.95    2.88    0.98    3.37    3.83
PSATJARI    -0.65  -52.52   10.03    5.18    1.63    8.42    3.04    2.57    5.93    8.56   20.90    9.45    6.60    9.08    7.91   14.72   18.82    4.50    4.16    4.76    0.69    5.47    5.56    3.25    6.34    9.74    8.35   16.38   11.77   11.69   16.01    9.42    9.95   11.39    6.44   14.45    5.77   12.14   10.06    4.38    2.99    4.92    6.68    6.18    4.08    6.08    5.62
PSATFGOM     0.86  -51.20   15.10    2.06    6.72    7.23    7.22   14.25   15.47   16.61   24.90    9.51   11.43    8.14   10.81   18.27   20.05    1.92    4.66    8.95    0.49   11.36    9.73    6.26    8.79    8.57   12.39   20.38   20.32   17.98   21.49   11.69    9.48   16.29   13.86   17.69    5.99   16.29   15.77   10.93    8.60   14.74   12.65   10.41   11.39   10.79    9.99
PSATUBE     -6.75  -43.57   13.91    1.23    1.04    9.51    9.94    4.45    2.42    1.71   10.18    0.91    2.98    9.21    9.90    8.30    2.06    0.61    0.92    3.07    0.42    1.96    3.21   15.54    4.11    7.92    7.89   13.11    6.00    6.51    5.74    4.70   21.06    7.96    2.74    2.39    4.55    4.42    0.92    8.03   13.01    1.91    0.28    0.15    1.47    0.64    0.90
PSATBSOR    -6.74  -52.00   27.52   12.54    7.20    8.48    3.28    1.25    5.07    7.17    8.05    5.78    6.66    4.69    4.80    5.99    9.90   15.19    3.81    0.87    1.90   10.49    5.25    8.71   10.22    5.36    7.73    7.72    9.27    8.00   10.10   10.79   15.09    9.61   15.28    9.50    2.23    5.77    1.47    2.33    3.11    2.74    5.48    5.15    3.26    4.00    3.59
PSATBESP    -6.75  -51.77   13.67    8.58    4.66    9.33    1.32    3.67    2.26   10.36    6.48    1.17    4.86    5.24    9.92   15.52   10.18    6.66    0.85    0.94    3.80    4.63    2.43    4.57    9.24    5.66   13.06    8.83    5.46    7.23   10.89   10.17    8.46   14.55   16.20   11.60    2.02    4.46    3.67    2.97    3.54   10.11   12.10    1.75    1.40    3.99    0.56
PSATPIME    -3.41  -51.91   13.89    7.75    5.89    4.53    2.20    1.86    1.17   13.03    6.84    7.53    7.87    5.10   11.68   15.52   12.11   10.59    0.86    0.28    2.01    3.11    1.89    4.17    4.31   10.70   12.30   10.14    5.91   10.34    9.19    9.32   14.96   15.19   15.95   13.47    7.50    9.01    3.54    6.00    2.71    5.90    6.49    4.89    1.96    2.00    1.74
PSATIRAP   -16.74  -42.57   15.37    7.14    5.43   10.91    7.47   12.77    5.71    6.41    1.08    0.97    8.36    4.90    4.07    7.26    3.73    1.11    0.46    1.95    6.78    0.95    0.97    0.51    5.75    0.17    0.59    6.05    4.92   13.92    2.83    0.22    0.23    1.42    0.90    0.03    0.08    0.31    0.16    0.02    1.05   12.18    9.94    4.34    0.55    0.00    0.02
PSATITBI   -15.97  -39.59    9.72    9.07    7.84    3.33    3.57    7.64    3.88    2.21    0.66    0.35    2.85    2.20    4.49    8.81    4.12    0.74    0.14    0.99    0.97    0.97    0.93    4.05    3.38    1.00    1.18    4.60    4.02    5.40    0.50    0.13    1.10    1.87    1.30    0.34    0.61    1.28    0.35    0.32    0.29    2.36    2.94    0.99    0.04    0.12    0.28
PSATCOLI   -10.98  -55.77   27.76   12.62   10.28    9.58    6.25    1.31    6.25    3.04    7.45    3.01    8.66    6.23    5.11    4.66   10.80   15.57   10.87    1.16    2.49    7.03    8.58   10.96    6.98    3.71    4.92    6.57   12.47    3.08    2.67    3.95   14.64    5.62   11.83   10.74   10.00    2.93    1.31    5.19    3.21    1.25    6.22    6.90    8.64    2.46   11.53
PSATSAEL    -9.19  -57.04   25.40   15.36    6.88   14.31    2.56    1.49    5.21    4.79   10.98    9.80   13.64    5.85    6.26    7.93   10.18   22.92    8.29    1.12    0.67    6.79    4.57   13.12   10.83    4.01   10.72    6.99   13.96   11.86   15.16   15.62   17.67    5.17   12.66   12.76    4.86    6.72    2.97    4.34    9.00    6.66    6.50    4.20    4.05    3.39    3.22
PSATITQ    -17.09  -54.83   29.47   23.03    0.96    3.29    6.05   13.28    5.26    3.93    7.90    3.05   13.37    4.40    8.38    3.51   14.29   12.42   12.49    8.27    4.23    4.88    3.71    4.16    8.77    7.23    9.09   15.43   21.58    2.21    0.58    1.42   12.58   15.51   12.47    6.93   12.02    1.59    1.09    1.27   14.14    1.26    9.45   11.89   18.94   14.43   18.20
PSATJAU    -15.24  -58.73    3.73    0.61    0.44    4.02    7.20    9.12   11.31    9.12    4.72    3.65   12.65    9.97   12.44    2.83   14.07   22.02   23.91    5.11    4.26    7.76   11.48    9.28   19.67   11.22    6.95    7.39    9.79    0.08    0.00    0.00    0.00    0.63    1.92    3.34    6.09   10.46    0.46    1.06    1.44    0.06    1.77   13.06   12.69   12.82    8.33
PSATMAN    -14.87  -55.78   34.92   20.87    1.81    9.23    7.04    2.93    6.98    1.91    6.65    3.27   13.95    2.06    6.36    3.24   10.68   15.93   12.10    3.07    1.75    9.35    9.53    2.00   11.03   10.06   14.15   13.77   15.60    1.19    0.17    0.27   10.86    5.53    7.65    7.02    8.73    5.09    0.60    4.39    5.35    1.15    2.54    6.95   14.42    1.45   10.12
PSATPTP    -17.61  -54.83   20.99   14.84    0.73    0.77    5.02   16.02    6.51    7.07    8.68    3.12   17.84    5.50    9.59    8.18   17.96   16.19   13.28    5.30    3.35    3.14    5.62    2.93    9.17   10.21    6.91   20.95   17.95    1.21    0.27    0.40    8.62   14.00   16.16    6.97   11.96    4.74    1.46    2.39    7.77    0.94    7.79   11.15   19.15   16.88   12.93
PSATSTCL   -17.90  -40.20    4.13   11.49    7.41    2.14    3.84    8.14    3.42    1.65    0.19    0.10    2.45    0.51    5.42    8.87    5.29    0.84    0.06    0.22    0.39    1.63    1.31    7.20    2.73    1.48    1.02    3.42    2.17    3.21    0.25    0.03    1.70    3.45    1.73    0.47    0.24    1.67    0.15    1.51    0.14    0.36    0.36    0.33    0.02    0.03    0.27
PSATPDC    -12.58  -39.00    2.38    1.35    1.45    2.14    2.28    6.76    1.58    0.35    0.37    0.55    0.61    2.11    3.05    3.45    0.89    1.55    0.86    0.34    2.40    2.18    2.09    4.01    2.30    1.67    2.14    3.29    1.66    2.28    3.17    0.65    0.58    2.12    1.47    1.93    2.00    2.54    2.88    1.49    1.79    1.34    0.36    0.27    0.58    1.92    0.55
PSATROSA   -20.92  -41.72   16.41   37.53   13.84   10.30    6.61    6.83    7.51   11.65    7.70    2.03    9.02    3.23   15.14   20.37   17.79    8.28    4.26   12.28    2.56    1.27    1.88    2.51    3.91    0.36    0.45    0.24    5.93    2.23    0.90    0.24    1.40    1.35    0.04    0.05    1.09    0.95    0.12    0.02    0.37    0.98    3.53    1.85    1.51    1.98    0.12
PSATCAN    -20.21  -42.85   27.74   36.04   22.80   15.05   15.12   15.56    6.27   14.25    8.82    3.07    6.35   11.89   24.64   37.58   17.54    8.03    6.51   15.25    4.31    6.99    0.83    0.95    5.02    0.49    0.61    4.32    7.08    7.92    6.90    0.91    1.44    3.17    0.39    0.05    0.13    2.22    2.22    0.23    2.23   15.46    4.44   10.71    1.92    5.83    0.05
PSATSAC    -19.64  -42.85   15.92   25.03   18.79   13.85   13.73   16.44    6.20   14.21    3.34    0.74    2.46    8.19    8.72   22.26   16.61    6.55    8.48   14.79    4.10    2.11    2.76    1.89    6.48    0.31    1.61    8.28    7.33   14.54   10.48    1.00    0.67    2.33    0.64    0.07    0.06    1.10    1.04    0.37    3.02   27.41    4.52   12.87    2.86    0.37    0.13
PSATPES    -19.12  -42.66   19.33   15.95   18.65   13.82   10.85    8.46   11.02   13.92    6.61    2.84   10.65    5.84   11.13   11.17   11.79    5.27    1.95   20.68    6.74    1.14    1.99    1.12    3.35    0.29    0.96    7.69    7.71   24.58    7.71    0.37    3.24    1.26    0.64    0.15    0.25    0.91    0.16    0.26    0.70   16.93   12.59    8.31    3.64    0.04    0.44
PSATMAS    -19.50  -40.92   20.05   26.22   18.40   11.16    8.56   15.05   10.52   14.86    6.75    1.41    8.53    6.45    8.27   18.55   10.57    2.11    2.44    7.28    1.56    1.21    0.97    2.53    3.94    0.97    1.18    2.81    4.61   14.59    1.99    0.28    2.10    1.87    1.19    0.65    0.94    0.89    0.11    0.52    0.26    3.45    4.03    2.24    0.77    0.08    0.47
PSATSBR    -23.37  -45.87   17.52   15.28   32.92   24.52   14.10    1.87    5.22   11.57   20.89   13.19    5.98   21.35   29.26   12.81    2.98   20.75   27.54   20.77   12.21   23.81   25.15    0.42   13.61   14.46    7.97    2.94   11.91   19.26   15.00   15.46   21.87   12.48   15.77   17.64   15.18   19.52   12.37   10.99   17.58    9.19   11.77    5.30   12.63   16.08   12.23
PSATJAG    -23.20  -46.03   10.38   18.34   55.11   41.42    6.33    0.91    6.68   12.02   14.65    6.39    6.23   15.53   41.56   10.25    0.50   11.72   28.52   30.35    6.90   26.72   25.22    4.56   24.48   12.04    7.60    6.55   13.24   19.61   20.03   28.76   14.18   18.20   19.76   24.80   11.44   20.87    9.67    4.52   14.47   13.03    8.03    3.39   10.16   21.97   10.89
PSATFUNI   -22.53  -44.57   24.93   23.48   34.57   19.28   21.01    3.09   14.46   14.93   17.73    6.24    4.25   23.27   43.12   18.89    7.23   27.16   27.00   21.13    7.10   21.06   24.19    1.21   15.68   10.70    5.97    5.06   13.31   22.65   17.46   13.77   24.70   19.85   10.59   13.51   10.13   17.61   12.06    7.90   12.17   15.91    8.93    7.65    9.54   16.13    4.79
PSATSACE   -22.48  -43.84   35.64   21.45   22.69   25.45   32.42    6.25    6.47   19.96   20.70    9.32    4.45   38.97   26.87   23.28   11.13   34.18   38.76   13.87   21.16   31.65   17.30    0.10    4.91    7.48    4.64    2.59    6.06   10.39    2.94    8.14    9.30   28.15    6.50    9.97    6.55   18.39   10.57    6.90   15.73   14.85    6.59   16.19    6.38    4.49    0.09
PSATPIC    -21.91  -43.54   36.59   31.20   31.57   15.50   34.02   11.14   19.99   16.75   11.28    1.27    2.56   33.81   35.72   40.18   17.78   26.02   27.16    8.12   16.65   32.26    8.22    0.27    3.97    8.36    1.88    4.94    5.60    6.21    1.74    6.26    1.19   16.25    2.78    1.16    0.55   15.44   14.80    5.68    9.95   12.54    8.09    5.37    1.68    1.22    0.09
PSATSOGI   -21.94  -43.36   36.80   33.14   18.11   24.84   31.14   23.60   18.36   15.44   18.91    1.86    1.98   22.66   22.59   39.67   34.55   21.74   19.77   14.77   31.27   18.24    4.47    0.63    3.02    9.35    0.49    9.16    6.95    3.71    0.92   11.05    1.48   19.84    0.83    0.03    0.14   12.13   15.17    1.98    9.43   16.16    9.00    8.79    3.77    5.11    0.72
PSATIPSI   -21.84  -42.58   30.49   26.65   21.91   18.29   29.03   14.33    9.91   17.38   17.76    4.12    6.19   27.89   26.18   30.50   24.84   29.88   33.54   17.21   24.44   21.05    4.44    0.96    2.48    5.31    0.62    5.55    7.64    7.58    3.16   10.93    2.31   11.72    1.00    0.30    0.38   11.43    7.96    1.28    3.15   15.67    3.52   11.31    9.45    2.43    0.38
PSATTCLJ   -22.69  -43.83   24.84   14.02   18.58   15.95   29.98    3.85    4.75   18.19   20.61   15.35   14.30   34.12   20.07   20.13    6.71   52.26   30.93   11.99   27.53   27.62    6.16    0.34    2.82    7.75    3.83    0.66    8.93    9.87    9.74    9.92    2.46   15.62    5.78   17.14    7.40    6.04    4.49    1.50    7.45    4.61    2.87   21.67   16.08    0.27    0.49
PSATBIGU   -25.51  -53.67    0.00    0.00    0.07    0.06    0.48    1.76    4.44    5.83   10.80   10.77    4.29    1.11    1.50    1.02    1.83    8.33    0.38    0.59    0.46    1.51   14.66    2.35    8.31    4.15    6.69   29.16   20.51    6.01    0.98    2.35    4.37    5.18    2.72    1.13    2.05    3.15    5.42   13.14   12.22   31.67   23.20    4.94    2.31    2.82    3.49
PSATBRAU   -21.45  -42.41   31.99   29.59   22.25   15.96   21.67   21.80   10.49   20.49   19.23    3.58    4.68   21.61   31.85   32.73   26.28   22.12   11.58   20.50   13.26   15.67    4.31    2.09    2.26    0.46    0.61    3.57    9.09    5.23    1.83    5.75    6.54   10.27    0.39    0.02    0.10    8.14    9.70    0.27    3.17   18.01    3.99   10.93    5.72    9.74    0.16
