PSATAGV    -19.89  -50.35    0.76    0.32   30.41    8.97    4.98    1.41    0.54    0.39    1.15    1.11    0.80    3.03    8.47   16.29    7.39    0.60    0.93    2.30   10.09   15.01   18.74    9.57   13.19   10.29   18.38   23.03   16.69    5.26    1.66    8.36    5.15   15.21   18.01    0.82    0.10    0.41    2.47    1.93    1.48    7.51    8.87   10.19   10.23    7.44    7.70
PSATCMG    -21.28  -44.63    0.85    0.21    1.37   17.78   11.88    2.73    0.10    0.37    0.29    0.72    0.73   23.65   30.68   10.66    7.24    0.68    1.23   20.67   10.87   12.75    1.34    2.25   12.51    8.37   14.70   23.99   19.49    3.53    2.74    1.90    5.25    8.44   32.94   23.16    0.97    1.27    4.49   11.26   11.74    9.44   13.21   17.14   13.40    9.56    8.84
PSATCES    -20.25  -48.16    0.63    0.85   11.16    7.40    8.32    3.59    0.74    0.10    3.38    1.20    1.58   17.20   18.40   20.09    3.64    0.45    0.29    6.67    7.05   12.63   11.88    4.71    7.61   15.39   28.45   26.44   17.71    2.98    0.82    2.24   18.36    9.16   18.54    2.01    0.51    0.39    0.81    2.61    1.23    7.62    9.16    8.55    8.74    9.65    9.09
PSATELC    -21.60  -46.95    0.26    0.46    1.27   14.93    9.41    7.36    0.00    0.09    0.49    3.30    2.27   12.34   16.02   17.45    3.59    0.02    0.12    4.75    6.13   15.71   13.20    9.24   15.48   18.62   10.04   28.50   11.68    2.51    1.20    1.38    2.76   10.17   26.23    4.16    0.46    0.55    0.50    3.12    2.26    6.07    9.64   15.78   10.41    9.16    5.14
PSATFUN    -21.14  -45.04    0.90    0.36    1.66   17.09   14.59    3.61    0.08    0.09    0.43    1.03    2.12   19.02   28.29   13.29    7.82    1.21    4.07   11.54   10.97   13.12    1.77    1.82   12.56    3.25   15.98   14.01   24.69    6.92    1.36    1.55    5.68   14.39   42.26   33.33    0.52    0.69    2.31    7.89   11.88    7.50   10.33   12.20   13.24   13.71    7.46
PSATFUR    -20.67  -46.32    0.55    0.58    2.45   15.03   20.86    3.83    0.01    0.25    0.46    2.60    2.88   19.86   22.67   13.46    7.15    0.35    1.21    8.95   11.55   15.50    4.19    2.44   15.29    7.78    9.43   24.56   17.52    3.63    1.63    2.04    2.56   12.29   41.98   20.17    0.56    0.70    1.52    7.33    4.56    8.48   16.79   12.90   11.04   11.18   10.05
PSATMRB    -20.30  -49.18    0.59    0.68   12.42    9.59    6.26    2.72    0.40    0.21    2.33    1.35    1.69   10.36   15.74   15.79    3.65    0.25    0.38    3.67    8.62   12.31   18.22    5.96    9.39   13.68   25.92   29.22   15.13    3.43    1.31    4.00   10.39   14.09   26.91    1.37    0.30    0.43    1.06    1.87    1.42    8.69    9.66   12.51    8.84   11.44    9.32
PSATPRG    -21.59  -45.67    0.34    0.49    1.21   13.05    7.22    3.46    0.00    0.03    0.32    6.48    2.10   16.68   24.10   30.18    0.98    0.05    0.14    4.89    9.87   14.08    5.92    6.22   22.06   20.15   12.33   26.64    7.10    1.53    1.02    0.86    1.26    7.40   36.90    1.98    0.10    0.37    0.94    5.96    4.44    6.87   14.13   14.13    4.88   11.77    7.78
PSATPAS    -21.02  -48.18    0.24    0.25    7.02   16.08    6.59    1.83    0.09    0.01    1.07    1.69    2.13   11.09   17.19   15.16    2.70    0.02    0.06    1.36    7.56   10.96   18.19    9.61   15.11   21.77   26.12   14.25    4.86    2.33    0.78    1.07    8.62   13.50   23.45    0.53    0.05    0.36    0.51    1.59    1.89    4.96    8.38   10.39   11.48   11.15    7.47
PSATPTB    -21.61  -45.49    0.45    0.53    1.27   14.61   12.00    3.46    0.00    0.06    0.29    6.47    2.07   20.31   28.58   17.32    2.40    0.05    0.27    9.77   10.58   20.36    4.16    2.61   15.46   12.90    8.71   23.20   13.87    1.34    1.13    1.00    1.61   11.45   34.61    5.89    0.78    0.45    1.57    8.37    9.57    8.52   15.10   12.11    4.19    8.41    6.12
PSATPTC    -20.00  -48.55    0.89    1.52    9.98    9.04   10.36    3.47    0.96    0.30    4.78    1.26    7.77   18.30   17.99   14.77    6.07    0.80    0.97    8.05   13.68   18.59    4.87    2.18    9.12   13.45   20.58   22.01   22.00    6.15    1.58    3.14   17.42   11.57   22.91    8.80    1.13    0.61    2.15    2.89    2.68    7.16    9.66   14.71   10.72    9.40    7.94
PSATFZA    -26.00  -51.65    0.58   14.84   11.78    4.17    2.99    0.64    0.03    0.01    0.00    3.65    6.03   30.75   27.17    2.88    0.23    0.40    5.17    3.73    0.93    0.49    4.60    3.40    9.72    9.57    0.67    0.10    0.21    0.14    0.10    2.13    7.44   25.67    2.65    0.08    0.05    0.03    0.08    0.07    0.06    0.10    0.43    0.99    1.33    1.34    3.56
PSATJSG    -25.78  -52.00    0.39   15.39   12.48    7.97    2.08    0.76    0.01    0.00    0.02   10.16    7.68   31.78   10.36    5.49    1.12    1.58    6.08    3.23    3.21    0.68    3.32    4.78   14.50   12.36    0.10    0.14    0.04    0.03    0.03    1.97   17.89   26.59    1.71    0.01    0.05    0.01    0.11    0.00    0.02    0.02    0.13    0.67    1.14    1.71    1.80
PSATSCX    -25.53  -53.48    0.18   20.03   12.13   10.42    4.74    0.50    0.00    0.00    0.06   14.77   16.25   42.79   11.87    3.52    1.12    3.23    6.30    6.55    5.77    0.96    2.55    3.13   15.98   14.50    0.05    0.27    0.03    0.00    0.13    8.10   36.77   38.92    0.71    0.17    0.27    0.04    0.04    0.00    0.00    0.00    0.01    0.46    0.70    1.13    2.54
PSATSCL    -25.49  -51.74    0.37    7.35    9.93    5.22    2.55    0.53    0.01    0.00    0.03    5.47    7.57   45.78   40.77    3.56    0.65    1.14    8.44    2.07    2.47    0.99    3.19    1.27    6.99   17.11    0.78    0.63    0.16    0.00    0.02    2.18    9.78   39.70    2.79    0.00    0.02    0.02    0.00    0.00    0.03    0.00    0.08    0.98    1.21    1.51    2.69
PSATUVT    -26.23  -51.08    1.85   13.67   15.67    4.11    1.46    1.08    0.13    0.04    0.00    1.14   11.82   20.31   45.11    3.24    0.36    0.67   13.39    3.28    1.51    2.12    8.45    4.03    9.38   12.25    2.76    0.30    1.00    0.99    0.62    1.32    5.27   21.97    1.81    0.19    0.09    0.06    0.12    0.14    0.20    0.21    0.84    0.78    0.54    1.74    6.93
PSATBSM    -24.19  -53.74    0.11    6.53    7.43    9.78    4.16    0.20    0.00    0.00    0.18   19.34   13.73   52.46   22.46    1.48    0.73    3.92    5.64    2.18   13.92    1.55    2.34    2.62   12.66   16.19    0.34    0.58    0.15    0.09    1.33    7.73   40.18   39.35    1.83    0.52    0.08    0.02    0.00    0.00    0.00    0.09    0.11    0.96    1.44    3.76    3.27
PSATFLE    -22.97  -54.56    6.90   11.45    6.23   13.50    7.17    0.06    0.00    0.00    0.02    3.68   30.31   10.00   10.52    0.92    0.83    6.01    5.45    0.97    3.91    1.26   11.37    7.21   12.86    6.57    0.01    0.19    0.14    0.76    5.47   19.76   87.10    8.86    0.14    0.52    0.14    0.00    0.00    0.00    0.00    0.13    0.82    0.92    0.73    2.51    1.71
PSATITP    -25.42  -54.58    1.06    8.64    9.98   17.00    3.38    0.04    0.00    0.00    0.13   10.89   22.38   25.84   13.61    1.35    0.90    7.43    2.58    4.06    7.56    1.02    8.25    6.42   14.82   13.54    0.13    0.53    0.10    0.33    3.20   18.61   45.78   11.24    0.31    0.51    0.05    0.01    0.00    0.00    0.00    0.13    0.49    0.64    1.98    2.77    1.21
PSATIVM    -22.38  -53.53    8.03   10.90    4.88   19.58    7.65    0.35    0.00    0.01    0.36    0.76   19.07    8.48    7.28    2.63    3.62    6.97    2.14    0.58    1.67    0.70   13.10   10.60   16.00   15.40    0.25    0.27    0.73    2.90    5.19   14.63   29.08   12.37    2.48    0.39    0.16    0.00    0.00    0.04    0.02    0.18    6.28    2.47    3.19    3.27    0.41
PSATPTQ    -23.18  -53.17    0.25    1.40    7.28    7.05    4.60    0.03    0.00    0.00    0.23    6.04   14.03   45.17   27.30    1.65    0.69    2.22    7.02    0.27    5.94    1.89    5.06    3.95    6.46   15.50    1.62    0.44    0.18    0.15    1.09    5.12   23.28   24.79    2.93    0.15    0.00    0.00    0.00    0.00    0.02    0.14    0.35    1.08    3.64    6.18    2.69
PSATCBI    -17.99  -48.54    2.40    1.41    5.38   15.73   13.77   20.83   18.92   10.95    5.49    6.51   13.32   19.30   13.70    4.43    8.45   12.71   13.80   15.02   16.24   16.03    2.76    4.87   16.38   18.75   13.82   11.77   14.57    3.79    5.17    9.94   27.35   11.13    6.84   10.65    5.74    7.52   10.46    9.35   20.03   17.95    8.86    8.61    2.42    6.29    6.22
PSATCBIV   -16.15  -48.67    3.08    4.07    4.49   11.39   13.09   30.20   28.69   14.98    6.56    5.27    6.31   17.97   19.58    2.83   18.16   17.11    9.29   10.57   13.18   18.60    3.82    2.90   15.40   26.12    6.03    8.41    7.58    4.95    6.10    7.92   28.63    7.00    4.83    6.55    8.87    9.26    6.66   12.07   20.10   14.18    5.01   10.32    2.81    4.40    8.92
PSATEMB    -18.45  -47.98    1.11    1.09    7.24   11.82   17.76    9.04    4.03    2.59    7.92    3.34    8.27   18.87    7.45    6.90    2.68   12.65    7.11   17.27   19.79   21.30    2.98    1.68    6.43    5.44    7.06    4.16    8.08    6.68    6.60    4.32   11.36   15.80   17.58   13.58    1.57    1.60    9.95   11.65    5.86    5.84    8.86    9.38    3.41    3.99    7.69
PSATIMBR   -18.42  -49.10    3.59    0.89    6.79   12.21   13.85    8.21    5.18    2.95    3.97    3.52    9.89   18.66   12.82    5.29    1.91    6.87    5.22    9.40   22.91   10.54    1.60    3.20   11.46   12.74   30.57   13.41   18.57    6.56    4.76   10.45   16.12   14.43   13.94    7.80    2.12    2.18    8.20    6.89   10.59   11.34   11.79   10.26    3.27    6.71    6.77
PSATNPTE   -19.13  -47.70    1.46    1.19    3.86   10.06   13.22    6.62    4.48    0.10    4.92    1.62   11.51   13.87    8.80    4.87    4.84    4.63    5.77    9.55   18.95   18.71    2.70    0.70    6.30    8.03    9.99    4.04    9.35    7.98    2.18    2.03   13.65   12.90   18.19   18.67    1.51    0.93    4.99    8.77    4.04    6.35   10.39   15.81    9.83    6.87    7.66
PSATARV    -18.07  -50.16    1.93    1.07    5.38   11.18   14.83   13.23    5.82    2.03    4.14    1.83    5.49   12.99   10.72    6.78    5.77   12.97   11.49    6.26   12.23   13.70   16.75    3.80    8.43   10.17    4.35   15.39   11.66    4.58    8.01   15.10   23.41   12.39   19.44   15.95    2.97    2.59    7.35    7.54   10.30    7.68    9.22    6.30    5.36    3.87    6.60
PSATSFC    -18.05  -47.68    0.77    0.91    6.43   10.80   14.11   26.18   15.23   16.17    5.09    6.25   15.16   21.62    7.19   10.56   14.81   16.48   13.32   15.89   15.71   22.21    3.16    3.11   14.22    8.48    6.69    7.83    9.90    4.56    8.34    6.70   23.37   21.08   13.08   13.74    8.13    5.42   16.46    9.72   17.46   14.37    9.54    3.65    2.09    6.30    5.57
PSATSSM    -19.02  -50.50    5.38    1.01   12.12   15.46   10.30   10.52    3.88    0.84    2.65    1.82    3.80    9.83   10.19   13.93    9.50    5.14    4.01    5.56   16.83   17.51   12.86    5.32   12.52   12.14   23.09   18.51   16.68    6.29    6.55   10.30   12.90   20.50   19.17    4.78    1.52    2.18    6.30    6.46    7.14    8.65   13.61    6.92    4.66    4.28    5.96
PSATCNI    -22.94  -50.52    0.15    0.02   12.37    2.82    1.49    0.11    0.00    0.00    3.08    4.40   20.92    5.67   15.99   14.74    1.00    0.12    0.02    0.06    3.74    6.08   10.68   16.57   11.77   26.42   17.16    0.99    0.46    0.32    0.55    3.65    6.54   27.05   18.32    0.04    0.00    0.12    0.29    0.29    0.86    1.04    1.69    7.58    6.21    3.65    5.75
PSATCPV    -22.65  -51.33    0.21    0.41    9.58    5.83    2.15    0.08    0.00    0.00    0.88   20.54   26.50   15.01   25.60    5.94    0.53    0.46    4.00    0.10    3.31    3.04    6.68   10.64    5.42   22.52    7.68    0.41    0.41    0.26    0.31    1.98    5.32   20.30    9.46    0.11    0.00    0.01    0.01    0.04    0.54    0.45    1.82    4.15    4.00    8.01    4.56
PSATCHT    -23.01  -49.73    0.14    0.19    4.42    5.02    0.19    0.02    0.00    0.00    0.95   14.70   21.56   13.75   15.36    6.02    0.45    0.13    5.41    0.02    2.99    4.04    6.92    7.14    8.87   18.10   18.69    0.71    0.24    0.32    0.27    1.99    3.91   46.42   13.03    0.11    0.01    0.01    0.04    0.17    0.73    0.46    1.99    2.53    2.09    1.97    4.36
PSATJUR    -23.22  -49.23    0.06    0.04    3.74    4.19    1.05    0.13    0.01    0.00    1.25    1.64   13.29   12.23    8.14   12.37    0.70    0.01    0.41    0.00    2.80    7.20   10.75    8.81   16.90   22.66   31.27    1.57    0.58    0.39    0.55    1.34    5.14   30.78   24.66    0.93    0.14    0.06    0.25    0.73    1.22    1.14    3.00    2.27    4.78    1.45    4.16
PSATMAU    -24.06  -50.71    0.37    0.69   11.36    5.37    0.76    0.18    0.01    0.00    0.11    4.49   10.18   19.56   18.79    2.55    0.16    0.96   10.60    0.42    1.20    3.14    7.33    4.03    5.83   10.59    3.07    0.32    0.47    0.32    0.10    3.36    3.64   29.99    2.63    0.05    0.01    0.03    0.01    0.03    0.14    0.06    1.20    0.85    0.99    1.81    3.82
PSATROS    -22.50  -52.87    0.45    0.76    6.43    6.41    3.20    0.09    0.03    0.00    0.37    3.46   18.47   20.38   16.37    3.22    0.72    0.98    0.72    0.11    5.59    1.53    4.29    6.18    6.27   20.61    4.97    0.44    0.15    0.19    1.88    5.05   12.06   15.34    2.81    0.17    0.00    0.00    0.00    0.00    0.05    0.27    1.60    3.29    9.10   17.21    3.24
PSATQMD    -16.21  -47.33    0.16    1.58    3.48    8.12   10.04   24.39   42.82   24.80    5.49    5.03   10.03    9.09    0.80    8.81   18.50   10.51    9.73    8.79    8.42   10.25    5.08    0.68    7.67    0.37    0.88    6.03    8.50    4.01    9.41    6.50   23.51   21.96    9.19    6.06   15.35   20.05   15.88   12.91   20.77   22.83    9.57    1.95    1.02    5.34    4.35
PSATRBX    -18.95  -44.76    1.12    1.60    3.62   13.31   11.80    6.11    1.20    0.16    0.28    0.46    2.31   14.15   13.33    5.89   18.10    8.67    8.28   14.74   15.13    4.39    2.93    1.62    6.15    1.10    4.03    5.70   18.20   10.00    2.48    3.05    5.37   25.85   38.79   61.47    0.62    0.94    9.85   19.50   16.34    5.90    8.84   11.85    7.00   10.53   11.16
PSATSFR    -15.93  -44.86    3.76    0.83    1.76   14.31   20.73   24.91   30.34   13.60    2.71    0.51    2.48    3.19    0.80    1.33    7.27    6.37    6.55    2.84   11.77   15.40    1.57    0.48    0.53    0.03    0.06   11.06   11.53    5.93    5.57   18.49   12.51   10.53   22.78   12.13   15.79   21.55   20.48   13.05   12.92   11.60    5.53    2.66    0.20    1.02    1.91
PSATSRM    -16.37  -45.07    1.56    0.90    2.37   12.47   20.82   25.63    9.43    3.60    1.46    0.80    3.61    8.17    2.08    4.08   14.20    9.91   11.49    7.97    5.85   10.85    1.43    0.42    3.06    0.37    0.46    5.38   12.89    6.94    7.38    6.47   11.09   24.46   24.77   33.83    7.49    3.25   18.02   19.35   11.79    9.16    7.80    6.32    1.73    2.98    6.61
PSATTMR    -18.16  -45.27    1.37    1.81    5.58   11.81   19.74    6.63    1.69    0.60    1.16    1.46    8.06   19.28   13.52    5.89   15.28    7.15    7.80   16.46   19.26   16.01    3.64    1.00    9.22    1.92    1.94   14.41   14.94    8.42    3.18    4.81    5.69   19.11   33.86   37.39    0.63    0.63    9.49   11.78    8.31   10.57   14.25   12.45   10.87   11.32   11.02
PSATBOQ    -11.35  -43.83    1.41    0.59    1.09    1.79    8.48   15.04   24.14   21.65    6.51    4.46    0.16    0.09    0.02    0.01    0.00    0.10    0.60    7.79    3.08    1.67    0.83    0.57    0.43    0.44    2.62   14.03    5.83    2.22    0.48    7.60   14.00    4.19   10.10   11.21    6.21    4.91    5.55    6.11    3.30    1.14    5.76    1.44    0.61    0.11    0.27
PSATBBO    -22.52  -48.55    0.24    0.03    3.91   11.37    1.31    0.29    0.00    0.00    0.61    1.21    5.27   10.51   13.89   23.31    1.46    0.02    0.00    0.06    6.63   12.75   11.68   14.58   19.38   36.88   30.70    8.81    1.23    0.73    0.75    0.82   10.74   17.10   23.53    0.43    0.03    0.03    0.55    1.27    1.27    4.31    8.10    5.57   13.25    5.61    4.95
PSATESZ    -23.46  -46.91    0.31    0.02    5.93    6.42    4.73    1.90    0.00    0.00    0.01    0.58    2.17    9.22    7.86   19.77    1.67    0.01    0.05    0.03    2.52   14.17   16.10    8.44   25.64   26.10   49.55   10.96    4.63    1.20    1.59    0.48    2.23   22.31   22.37    3.01    0.51    0.24    0.91    2.48    2.96   10.18   12.63   11.18   18.41    4.23    2.73
PSATIBT    -21.76  -48.99    0.18    0.08    8.80   12.47    2.31    0.34    0.00    0.00    3.75    1.33    4.13    7.89    9.16   20.10    1.58    0.01    0.00    0.07    6.48   11.27   13.04   15.24   14.25   28.54   16.33    4.86    1.38    1.11    0.72    3.13   10.44   20.26   25.59    0.07    0.05    0.25    0.57    0.61    1.00    1.85    3.91    5.94    8.53    5.39    7.05
PSATNAV    -21.12  -50.20    0.40    0.42   15.49   10.92    3.52    0.66    0.17    0.05    1.73    0.94    1.02    4.70    9.31   22.69    0.83    0.31    0.18    0.79    7.22   11.68   12.55   22.54   27.65   21.51   12.42    4.52    3.73    1.70    1.27    6.43    5.20   19.78   11.23    0.13    0.02    0.28    0.46    0.64    1.09    2.90    7.70    7.38    7.30    6.41    6.99
PSATSME    -13.40  -48.30    4.93    6.44    2.44    4.66   13.67   23.08   21.82   20.78   16.44    8.39    7.22   12.29    6.35    0.67    4.79    7.88    7.41    5.85   11.12   17.81    8.88    5.20   13.58   18.53    5.35    8.81   10.26    4.22   10.45    5.97   17.71    7.90    5.36    7.96    8.14    6.60    9.65    9.09   19.48   13.05    5.35    3.03    3.36    1.77    6.19
PSATBGR    -27.78  -51.20    6.80   38.60   12.07    2.66    1.89    1.90    0.26    0.03    0.00    7.93   18.64    3.37    1.38    2.04    0.62    6.53   11.93    8.38    7.48    0.93    4.66    8.74   23.94   10.10    1.51    0.09    0.14    0.27    0.12    1.58   17.31   22.13    0.13    0.05    0.08    0.06    0.21    0.08    0.06    0.04    0.16    0.12    2.33    7.98    4.35
PSATCNV    -27.60  -51.33    2.54   44.32   16.89    2.43    0.87    2.06    0.42    0.16    0.00    4.72   11.28    4.82    7.77    2.42    0.42    3.59    9.52    8.25    4.59    0.63    5.71    8.38   26.70   16.90    0.59    0.05    0.19    0.50    0.72    2.01   12.95   18.88    1.02    0.12    0.20    0.16    0.10    0.10    0.10    0.03    0.25    0.23    0.48    7.70    6.42
PSATFCH    -27.14  -53.04    0.08   33.65   15.45    7.21    7.24    0.21    0.00    0.00    0.00   18.38   13.91   10.44    8.65    1.59    3.17    1.91    3.66   23.36    7.68    0.48    7.29   11.12   27.94    2.91    0.34    0.01    0.00    0.02    0.21   28.01   39.26   17.91    0.00    0.02    0.00    0.00    0.00    0.00    0.00    0.00    0.00    0.00    0.21    0.56    1.83
PSATITA    -27.27  -52.38    0.93   44.10   11.21    3.37    1.55    0.78    0.02    0.01    0.00    9.08    7.92   10.81    9.81    2.14    0.62    2.24    8.21   18.45    4.88    0.40    6.99   11.92   21.75   10.93    0.35    0.04    0.05    0.07    0.06    5.40   18.96   16.68    0.51    0.02    0.01    0.00    0.03    0.00    0.02    0.01    0.05    0.08    0.82    4.17    3.71
PSATMCD    -27.52  -51.78    1.77   47.01   13.07    2.58    0.70    0.27    0.00    0.00    0.01   14.82   18.59    6.34    3.05    1.77    0.72    3.78    9.79   30.85    5.42    0.47    6.19    9.57   35.76    4.29    0.78    0.01    0.00    0.00    0.00    2.23   23.94   26.82    0.03    0.02    0.00    0.00    0.02    0.00    0.00    0.00    0.00    0.00    0.23    0.46    3.42
PSATMOJ    -27.35  -52.73    5.60   34.77   10.77    7.49    2.82    0.29    0.02    0.00    0.03   25.70   16.62    2.02    7.58    1.43    4.94    5.39    6.07   18.80    6.13    0.11   11.86    8.80   28.75    1.72    0.40    0.00    0.01    0.11    0.11   27.16   29.02   18.52    0.00    0.00    0.00    0.00    0.00    0.00    0.00    0.00    0.02    0.00    0.35    0.93    1.62
PSATQQX    -26.66  -52.54    0.55   28.35   14.16   10.53    4.41    1.08    0.00    0.00    0.00   10.70    8.47   16.70    6.36    3.77    1.07    2.22    6.64    8.54    4.22    0.40    5.58    8.36    9.57   13.30    0.02    0.03    0.01    0.02    0.01    4.94   16.78   10.33    0.46    0.03    0.08    0.02    0.15    0.00    0.00    0.02    0.03    0.03    1.02    3.27    3.42
PSATPSJ    -28.14  -55.05   11.26   18.16    2.36    2.21    0.69    0.26    0.15    0.00    0.07   27.43    0.14    0.36    1.41    0.32   18.14   11.92   15.13   27.92    3.30    0.08   14.39    1.65    4.51    0.70    0.60    0.00    0.07    0.06   12.52   60.91   24.04    2.81    0.00    0.00    0.00    0.00    0.00    0.00    0.00    0.00    0.00    0.00    0.02    0.63   19.07
PSATESP    -18.68  -51.87    3.25    7.37    8.10   11.40   18.94    4.34    1.85    0.84    2.30    1.42    3.66    1.97    6.85   15.21   10.47   15.35    3.57    3.72    9.23    9.92   12.56    9.46   18.86   19.70   16.60   16.62    7.87    3.34    4.99   10.54   14.50    8.70    9.06   11.29    6.65    0.03    0.34    1.77    3.97    4.61    1.98    2.75    6.10    3.57    1.98
PSATSRC    -19.16  -50.76    3.83    1.16    4.71   12.80   13.37    4.46    2.09    0.91    2.69    1.47    3.12    2.08    4.84   11.36   12.64   11.42    2.36    2.33    7.18   14.63   16.74   14.45   14.02   17.20   13.91   16.39    8.85    6.65    6.81   12.56   17.66   14.87   19.01    8.27    0.87    0.16    0.81    4.00    7.38    4.90    4.25    6.19    7.40    4.39    2.95
PSATFRCL   -19.12  -50.64    5.77    1.02    5.12   10.81   12.43    8.80    2.82    1.02    2.78    1.28    2.08    3.14   10.63   10.56    8.94   11.35    6.99    2.50    8.44   11.01   17.14   15.10   13.58   13.21   12.39   15.70   11.62    5.92    8.05   10.66   21.50   15.67   14.59    7.19    1.31    0.23    3.98    5.70    9.51    4.51    5.62    6.72    6.97    6.20    3.86
PSATISOT   -20.40  -51.35    1.74    1.57   14.50   11.96    5.98    2.79    0.65    0.53    0.93    1.49    5.30   10.38   13.87   20.67    6.83    2.63    1.34    2.13    7.37   18.94   18.96   20.95   17.60   13.98   22.04   14.81   11.45    7.29    3.76   15.94    8.77   26.86   16.66    0.90    0.12    0.08    1.17    2.62    2.70    3.74    7.44    6.77    4.70    6.51    4.06
PSATJUP    -20.86  -51.63    5.12   10.74    7.70   11.51    7.48    3.24    0.72    0.26    1.37    2.88    7.27   14.80    9.37   11.66    7.29    6.67    1.89    1.86    7.22   11.80   17.08   19.90   21.69   28.31   20.80   11.33   12.56    8.31    6.62   16.06   14.19   20.57   12.83    3.71    0.40    0.01    0.21    1.00    2.34    3.30    4.63    6.74    5.52    4.04    1.29
PSATSDG    -20.06  -53.18    6.22   11.77    6.24   10.57   10.02    1.52    0.31    0.05    1.27    0.33    3.78    2.11    2.05    6.45    3.81   11.16    1.39    1.07    5.00    4.22   16.24   18.42   15.11   37.58   14.74    6.52    8.89   10.49    5.50    4.10    5.95    8.78   10.70    3.87    0.39    0.00    0.02    0.41    1.88    3.06    1.76    7.24    6.83    0.97    0.15
PSATFZBT   -21.66  -52.87    6.14    9.52    9.05   13.08    5.45    0.27    0.07    0.03    0.29    0.71    5.96    8.79    3.38    4.86    8.46    7.88    0.42    0.61    4.32    1.74    9.67   13.31   12.58   19.54    4.13    1.82    3.64    5.98    4.71    7.77    8.74    6.93    4.56    1.31    0.09    0.00    0.03    0.11    0.27    1.21    3.60    6.17    6.24    2.44    0.34
PSATPPRA   -22.46  -52.91    1.33    6.15   13.09   10.90    4.41    0.24    0.17    0.03    1.22    4.52    9.50   19.65   12.27   13.64    1.72    0.52    0.23    1.00    5.34    5.58   11.00   17.99   16.70   29.18    7.04    1.15    2.23    3.36    3.13   12.50    9.00   17.11    3.78    0.21    0.00    0.02    0.11    0.16    0.51    1.45    2.81    4.40    9.54    6.55    4.58
PSATBTE    -13.69  -50.80    1.54    3.95    3.05   12.58   14.84   15.34    5.89    5.51    4.62    3.52    6.12    4.14   10.56    2.36    2.38   13.98    8.73    4.17    9.22   12.00   23.21   19.81   15.47   17.12   11.93    9.89    8.19    3.09   10.76   11.06   19.00    8.36   19.05   19.75    7.84    5.18    8.24    9.97    9.50    7.32    6.32    4.01    2.64    4.24    3.43
PSATARAG    -8.27  -49.26    8.59    9.07    2.01    5.49   10.14   21.55   19.86    9.48   14.15   12.72   10.60    1.45    4.53    1.69    2.97   10.09    4.19    3.38    8.82    8.09    9.95   16.65   16.97   18.00   15.40   12.65    7.43    4.68    9.73    8.08    7.33    5.00    8.57    8.18    6.73    9.91    9.63    9.85   23.03   13.67    8.80   10.68    6.90    2.39    2.76
PSATLAJ     -9.76  -48.37    5.55    5.71    3.55    5.68    7.75   20.18   26.68   11.63   18.85   11.41    1.92    1.67    0.56    0.10    0.35    4.12    2.39    3.61   11.49   10.89    5.58    8.52   10.32    5.50    7.75    9.38    6.28    6.42   11.28   13.75    7.74    7.29    7.75    9.82    3.68    8.95   11.23    8.09   21.99   10.42    6.29    5.95    2.97    1.22    1.19
PSATPTRL    -9.31  -47.39    3.51    1.15    1.85    6.64    4.70   14.57   12.47   16.09   11.87   10.50    1.14    0.14    0.00    0.18    0.43    5.55    2.44    4.91   10.36    6.29    4.12   11.34   12.06    8.34   10.08    7.32    3.08    8.97    2.83    8.38    5.85    6.72    1.27   10.07   10.17    3.89   10.13    8.00   22.54    2.79   12.68   16.76    9.88    0.47    0.31
PSATLJET    -7.33  -47.48    5.60    1.76    2.46    4.54    9.01    6.01    3.56   10.01    7.76    4.93    1.66    0.40    1.47    7.31    3.88    8.52    2.75    7.29    8.36    4.30    5.36   14.10    9.85    5.60    4.40    7.85    3.80    5.11    5.63    1.43    4.37    4.36    4.02    3.72    8.60    3.74   16.15   11.69   29.38    2.23   16.80    7.48   10.04    6.62    1.46
PSATUCR     -3.83  -49.65    5.03    1.76    3.81    3.15    9.66    5.39    1.69    5.21    4.93    4.48    4.23    1.86    4.72    8.86    4.76    7.46    6.33    5.89    9.00    5.85    4.45   19.17   23.17   15.10   13.27   11.25    7.37    5.87   13.95    6.22    5.09    4.34    5.92    4.27    3.81   12.05    6.80   10.47   28.84    8.61    3.72   15.11   11.20    7.43   10.26
PSATXIVJ   -29.07  -51.67    8.42   36.04    5.14    4.02    1.32    0.25    0.00    0.00    0.00   14.11   13.88    1.66    1.80    0.86    0.68    7.72   15.75   27.37   10.15    0.43    4.65   15.07   12.03    3.29    0.72    0.00    0.00    0.00    0.01    2.82   33.16   30.56    0.02    0.02    0.00    0.00    0.02    0.00    0.00    0.00    0.00    0.03    0.32    0.44    3.94
PSATDFRC   -29.45  -53.28   10.68   15.06    2.48    1.11    1.23    0.32    0.07    0.00    0.27   25.01    0.56    0.56    1.28    0.79   11.80   11.18   10.89   33.68   10.47    0.01   16.01    3.59    4.12    3.19    0.94    0.00    0.01    0.01    4.69   48.12    7.19    5.73    0.00    0.00    0.00    0.00    0.01    0.00    0.02    0.00    0.00    0.02    0.01    0.62   11.90
PSATREAL   -29.02  -53.19    7.65   17.84    4.04    1.74    3.37    0.18    0.07    0.00    0.17   20.71    1.43    1.19    3.32    0.69   10.66    5.95   10.03   34.00    4.01    0.04   13.44    4.88    5.52    1.30    0.49    0.00    0.00    0.07    2.47   52.78   26.17    6.59    0.01    0.00    0.00    0.00    0.00    0.00    0.00    0.00    0.00    0.00    0.03    0.47   18.21
PSATCTAV   -29.01  -51.39   13.59   39.35    7.06    3.27    2.99    1.93    0.10    0.00    0.00    8.70   12.45    2.12    1.19    1.16    0.57    7.62   16.21   16.38   17.45    0.67    6.27   13.06   14.72    7.63    2.90    0.14    0.02    0.22    0.12    2.87   33.59   27.98    0.09    0.00    0.04    0.02    0.24    0.13    0.16    0.05    0.39    0.07    5.89    7.76    6.65
PSATERNT   -28.56  -52.54    3.44   37.32   11.32    2.80    2.96    0.22    0.00    0.00    0.00   25.31   10.84    2.43    2.49    1.13    4.67    3.51   12.73   40.18    4.45    0.14    8.66   10.33   21.04    2.18    0.50    0.00    0.00    0.01    0.38   17.08   27.86   16.05    0.00    0.02    0.00    0.00    0.00    0.00    0.00    0.00    0.00    0.00    0.06    0.81    5.81
PSATSTPL   -27.14  -49.52    5.97   27.75   20.84    2.49    0.81    5.25    1.38    0.38    0.00    0.99    4.64    5.10    8.76    2.36    0.44    3.02   14.63    2.26    4.94    2.51    5.62    7.28   14.40   19.56    0.64    0.02    0.79    1.49    1.90    0.76    5.02   13.83    1.80    0.14    0.48    0.35    0.33    0.53    0.43    0.13    0.82    0.63    0.33    5.28   10.31
PSATCVCH   -25.14  -48.87    0.23    0.64   14.63    6.02    2.56    1.63    0.24    0.05    0.00    1.13   13.58   14.13   17.27    3.02    0.49    0.38    7.60    0.02    1.45    5.81    4.55    6.53    4.79   10.31   16.98    0.70    1.04    1.14    1.07    0.69    2.87   16.08    1.34    0.46    0.21    0.24    0.15    0.67    1.01    1.01    2.75    1.13    0.64    0.49    6.84
PSATAMY    -12.60  -69.12   14.30   10.63   12.33   14.44    8.02    4.44    6.86    4.27    2.37    7.85   11.62    9.23    9.69    6.50    8.70    4.16    4.62    5.49   20.85    6.55    4.32   13.14   13.96   16.20   15.12    9.15    6.26    9.68    6.00    4.08    4.52    7.34   18.66    8.93   13.61   18.72   15.52   12.74   18.10   12.74   15.83   25.05   12.63   21.73    9.89
PSATGJR    -10.73  -65.35    9.46    5.84    8.35   17.19    6.91    4.88    4.58    3.03    1.88   10.98   11.86    6.19    7.02    1.32    1.94    2.59    3.40    5.06    6.92    2.58   11.52    9.79    4.17    4.01    2.98    1.74    3.47    6.07    3.29    4.06    4.94   28.68   12.27    6.50   14.40   15.98   13.70   11.99   13.50    9.84    9.79   12.54   10.33    8.31    7.78
PSATPRNC   -12.43  -64.43    6.94    7.16   11.57   12.29    5.49    9.36    6.78    5.13    1.60    3.76   11.28    2.61    7.38    1.24    3.27    4.34    2.86    4.24    9.78    6.63   15.51   21.94    9.17   14.78    8.26    5.16   18.62   12.28    5.25    1.39    1.20   13.54   10.00    8.73    4.04    9.70    9.94    7.33    6.79    6.27   11.38   14.77   19.02    9.45    5.45
PSATSANT    -8.87  -63.97    2.83   11.72    4.93    8.96    5.71    5.10    2.71    5.27    2.51    5.60    7.38    7.46   11.97    3.18    5.90    8.23    4.02    2.83    7.52   15.32   10.75    7.83   11.27    6.20    8.78   12.27   13.53   11.29    6.39    2.46    2.13    5.62    6.96    5.49    8.07    9.78   15.06   11.63    8.65    6.10   12.63   18.16   16.85   16.55   16.14
PSATDARD   -10.16  -59.46    6.61   13.51    3.24    2.71   10.82    5.29    7.31    5.99    5.42   12.80    7.41    3.41   13.23    8.54   14.30    3.26    3.70    3.05    8.82    5.51   12.33   13.59   10.30   24.99    7.89   28.12   25.77    9.59    8.67    6.23    5.80    4.39    2.35    8.88    4.94   11.94    9.77    8.61   12.45    8.81   12.81   27.32   12.87    6.97    2.86
PSATGUAP   -15.12  -58.96    9.87   12.20    5.89   11.37   11.89   11.80   12.13    4.37    2.39    1.13   10.03    2.32    9.98    4.36   10.82    8.39   14.04   11.61   17.50    8.03    1.46   20.84    5.39   16.39    9.49    6.82   38.25    6.35    3.11    2.81    5.19   10.99    9.55    6.16    5.74    7.72   16.63   12.42   10.47    3.88    6.87   27.83   23.99    5.80    4.64
PSATJIRA    -9.25  -64.65    7.96   10.35   10.58   13.76    9.03    4.74    3.63    3.48    1.53    5.14   14.58    7.40    8.74    3.18    3.66    3.71    4.74    4.39   12.09    7.30    8.50   14.42   12.25    9.87   11.18    4.61   11.09    9.98    4.19    2.55    3.87   16.89   19.80    6.31   10.71   13.56   13.37    9.07   11.34   10.16   10.88   14.68   12.81   12.06   12.10
PSATROND   -11.99  -60.70    2.07   13.45   13.99    0.90   10.99   13.87    8.12    5.29    1.51    5.17    8.96    1.94   16.01    4.09   14.21    2.14    2.72    2.79   19.55   13.95   16.57   15.15    2.41    9.28   20.68   27.68   14.30    7.68    3.69    1.98    1.46    4.67    6.96   15.62    1.80    8.91    9.40   11.26   12.54    4.97   17.97   12.36    8.12    7.72    9.34
PSATSAMU    -8.75  -63.45    2.00    9.49   11.22    3.98    8.43    3.56    4.91    7.36    1.47    5.11    8.90    3.18   14.96    9.24    5.48    7.97    1.16    2.11    4.64   17.71   13.38    6.37   29.79   21.42    5.92   13.95   18.05    7.88    8.87    2.91    2.79    5.26    5.51    4.56    4.03    9.85    8.09   10.24    4.88    5.43   15.91   16.79   14.54   11.69   15.75
PSATBALB    -1.92  -59.47   10.61    6.69    5.48    6.47    4.55    1.21    7.69    6.64    2.94    1.72    1.47    3.75    7.59    7.41    8.11   10.71   11.34    9.24   18.82   11.88   10.56   22.48   12.03    7.54    2.00    5.80   10.60    7.59   13.84   14.80    8.44    8.52    2.04    8.15    5.02   11.31    9.84   15.57   14.48   13.66    1.28    0.32   13.76   13.15    5.69
PSATCUNA    -2.82  -54.30    4.37    4.15    1.64    2.24    6.02    3.77   10.70    4.66    1.79    3.51    7.26    1.80   10.61    7.36   12.03    6.69    4.05    4.39    2.96    2.28    2.31    6.28   17.54   11.77   20.43    9.62    4.74    3.55    7.81   12.63    7.15    3.71    3.57    4.20    3.07    9.37   11.48    8.98   17.35   21.55   21.12   16.28   13.68   15.41   16.46
PSATJARI    -0.65  -52.52    5.11    0.75    0.68    0.93    4.35    1.82    4.59    1.18    0.44    0.30    1.93    1.42    0.96    2.51    1.72    1.68    3.32    3.66    3.97    2.09    2.35    3.95    3.63    1.26    0.95    2.74    4.10    1.39   10.31    7.00    8.05    2.36    1.95    2.13    2.45    3.60    7.26   14.69   24.70   26.77    6.42    7.15    5.95    3.16    3.17
PSATFGOM     0.86  -51.20    6.14    0.54    2.15    2.36    3.82    3.42    6.46    3.85    0.50    0.35    3.84    1.18    1.88    4.91    4.78    5.74    3.98    8.20    7.26    2.84    6.47   10.15    7.66    1.77    5.06    7.88    7.06    3.00   10.75   13.79    5.83    1.27    2.45    5.73    8.02    4.45    9.21   13.68   22.91   43.58    4.56   11.38    5.78    3.03    4.21
PSATUBE     -6.75  -43.57    0.97    0.90    0.97    1.25    4.65    4.69    4.64    7.55    6.86    4.62    0.32    0.18    0.41    1.04    1.96    7.94    8.85    7.93    8.75    4.90    7.67    4.28    3.89    2.51    3.12    5.20    5.77    6.41    0.77    1.90    5.15    3.28    2.70    5.70    4.66    3.67    8.09   12.63    5.97    0.82   10.65    7.59    2.41    0.79    2.16
PSATBSOR    -6.74  -52.00    8.85    4.81    1.21    3.51   15.13   16.94   10.69    6.87   12.55   11.10    9.39    3.05    5.64    3.09    5.86    7.15    3.37    4.53   11.27   11.87   13.29   20.88   11.74   20.52   21.43   17.16   11.51    9.00    7.50    7.86    7.22    4.56    9.66    6.70    8.48   12.32    9.13   10.23   18.02   22.00   13.85   10.26    8.80    4.98    0.98
PSATBESP    -6.75  -51.77    5.13    3.07    3.16    2.13    5.55    3.11    1.34    6.08    7.91   16.56   15.06    0.51    5.50    2.93    6.27   14.48    2.85    6.89    8.19    8.86    5.09   12.51   15.76   16.07    9.89    7.51    5.37    7.41   10.94    5.99    5.87    2.18    2.69    3.60    7.35   17.03    8.41    7.76   23.59   27.05    6.04   19.13   14.53   10.02    4.65
PSATPIME    -3.41  -51.91    8.08    5.10    3.83    2.68   11.02    5.82    7.76    4.87    7.51    6.35    8.58    1.96   10.72    4.92    8.51   10.01    6.61    9.44    8.36    9.94    6.48   12.89   19.42   21.44   23.05   12.03    8.05    5.66   13.86    9.12    5.47    3.73    4.58    4.22    4.00   14.72   10.92    4.88   16.78   21.48   13.89   16.84   14.93    9.50    6.97
PSATIRAP   -16.74  -42.57    2.57    0.87    1.85   11.54   22.01   19.03    6.70    1.29    0.13    0.07    2.23    0.99    0.17    0.02    4.49    3.11    2.92    0.38    0.13    1.27    0.12    0.01    0.05    0.02    0.07    0.30   12.61    4.03    3.29    6.08   11.14   13.54   17.65   31.77   17.23   14.03   22.77   14.62    6.67    4.96    3.90    0.92    0.06    0.20    1.23
PSATITBI   -15.97  -39.59    1.43    0.48    0.94    7.69   26.11   21.54    7.54    1.29    0.05    0.02    0.94    0.33    0.08    0.00    0.16    0.71    0.28    0.13    0.12    0.31    0.17    0.07    0.07    0.21    0.22    0.17    2.79    0.97    2.02   10.37   10.64   14.26    7.77    9.78   22.67   15.37   14.18    7.96    9.58    9.28    8.97    0.48    0.08    0.16    0.35
PSATCOLI   -10.98  -55.77   13.79    2.56    2.00    6.87   17.71   13.26    7.45    5.13   11.90    4.13    6.94    4.38    9.19    8.47    7.06    9.09    3.58    7.83   15.07    7.03   14.65   14.77   18.56   33.93   20.22   18.01   13.25   12.16   10.95    3.42    5.90    8.33    9.73    7.10   10.08    8.28    9.34   14.65   16.83   20.18   24.23   17.36    7.58    5.53    0.45
PSATSAEL    -9.19  -57.04    7.98    5.78    0.90    4.92   21.08   17.43    8.74    3.76   12.80    9.66    9.91    1.88    9.18    7.57   10.46    7.19    6.04   15.09   21.13    9.93   14.72   39.77   19.15   27.40   20.80   18.46   13.93   11.66   11.45    9.97    4.46    4.44    6.81    6.61    5.86    8.90    8.30   11.23   13.99   20.46   11.06   22.48    8.09   11.75    0.15
PSATITQ    -17.09  -54.83    7.74    9.60    6.98   16.41    7.42    5.80    1.44    1.03    2.79    1.13    4.83    7.58    4.22   12.37    4.39   17.47    4.02    5.14   19.30    6.02   31.54    7.23   28.24   19.28   16.71   11.32    7.82    3.85    3.73    3.30    7.69   11.07   17.54    4.62    4.37    4.27   12.54   12.29    5.08    2.74    1.30    3.95    3.07    2.47    0.40
PSATJAU    -15.24  -58.73   10.43   13.31    5.27   14.82    9.62   10.19    8.30    3.70    3.29    1.35   10.56    2.31   10.03    6.80    7.91    6.90   15.02   11.97   16.67    7.94    4.76   22.29    5.10   10.93    7.91    9.21   30.70    8.09    3.28    3.26    4.60   11.03    9.30    7.85    4.10    8.16   13.45   11.79    8.72    5.09    8.44   20.01   15.26    7.30    4.33
PSATMAN    -14.87  -55.78   13.44    3.64    3.33    8.65    9.78   10.14   12.36    2.89    5.82    1.92    2.95    4.34   17.55   12.49    3.70   16.53    7.26    1.00   13.56    8.26    8.24   14.04   18.66   21.95   21.60   26.28    7.74    5.84    3.18    4.56    1.20    4.90   11.97   11.84   10.39    4.91    6.29   12.02    7.47    7.34    7.35    5.71    4.61    4.25    0.44
PSATPTP    -17.61  -54.83    8.67    7.54    8.09   21.84    6.65    3.55    0.68    0.56    2.51    0.93    3.09    8.65    2.43    9.54    0.97    6.83    3.64    4.21   18.60    2.20   28.76   10.11   23.98   24.35   12.06   21.86   10.41    4.70    4.17    1.33    8.28   13.01   21.88    6.20    4.16    1.13    3.40    9.45    2.81    5.38    1.81    2.21    3.71    2.74    0.04
PSATSTCL   -17.90  -40.20    0.49    0.26    1.26   10.98   23.62   18.42   12.05    2.08    0.06    0.00    0.24    0.20    0.01    0.00    0.00    0.02    0.12    0.02    0.01    0.05    0.01    0.01    0.01    0.05    0.03    0.12    0.16    0.43    4.82   13.75    7.27   21.53    5.50    4.36   57.20   27.33   13.64    9.37   14.18    8.69    9.60    1.23    0.05    0.20    0.09
PSATPDC    -12.58  -39.00    0.47    0.49    0.62    0.48    3.59   10.62    8.30    3.13    4.46    2.34    2.02    0.87    0.09    0.12    0.08    0.48    1.69    0.82    0.26    0.82    1.19    0.57    0.42    0.26    0.21    0.87    2.56    0.58    1.00    0.60    2.90    0.31    0.24    0.09    0.20   11.72    1.25    0.47    0.71    1.02    0.87    0.62    0.54    0.25    0.26
PSATROSA   -20.92  -41.72    0.78    0.89    0.98   28.93   37.69   11.06    0.97    1.27    1.23    0.10    0.08   21.82    6.55    0.47   40.56   10.07   10.77    3.97    0.00    0.40    0.22    0.18    0.69    0.58    0.03    1.72   15.87   29.86    3.70    2.37    3.19    9.00   38.44   75.01   36.48   18.99   18.16   34.87    4.55   16.42   14.05    2.47    4.19    6.35    3.38
PSATCAN    -20.21  -42.85    0.55    0.97    1.78   24.22   15.54    6.28    0.25    0.60    0.24    0.06    0.29   24.99   26.75   10.60   34.73   15.81   25.85   10.05    2.41    6.11    1.46    0.94    7.48    1.02    2.94   14.76   20.63   17.52    3.30    3.92    5.93   28.78   31.57   59.33    5.82    2.32    9.17   21.49    7.17    2.70   10.03   12.65    4.02   10.21    4.74
PSATSAC    -19.64  -42.85    1.39    2.07    6.66   28.20   15.51    5.69    0.40    1.44    0.20    0.13    0.98   20.17   17.93    0.77   32.39   19.68   23.79    6.62    0.71    3.14    1.82    1.00    9.48    0.26    0.73    6.08   23.84   14.42    7.10    4.47    7.47   37.79   37.57  107.80   10.59    1.55   13.41   32.65   19.92    3.26    9.55    7.49    6.70    8.77    6.55
PSATPES    -19.12  -42.66    1.39    1.74    4.10   22.55   34.54   11.25    3.93    1.73    0.24    0.01    0.96    6.99    4.02    0.01   33.53   23.62   17.85    0.77    0.14    2.39    0.69    0.27    2.76    0.04    0.17    3.46   27.88   12.29    6.13    4.58    6.68   35.78   24.26   93.39   41.92    1.31   17.79   40.40    8.90    7.20    8.47    7.86    0.36    0.46    1.82
PSATMAS    -19.50  -40.92    1.68    0.74    1.42   25.35   42.97   10.22    3.24    1.58    0.22    0.02    0.30    6.04    2.67    0.05   17.22   12.57    4.94    0.45    0.02    0.43    0.31    0.05    0.66    0.04    0.10    1.98   12.61   12.21    7.74    3.31    6.99   18.95   27.71   58.03   55.85   14.22   16.40   29.72   11.58    7.54    8.29    2.18    0.46    0.63    0.72
PSATSBR    -23.37  -45.87    0.49    0.19    2.51   17.18   11.94    1.80    0.06    0.06    0.00    0.16    0.14   16.90   12.00   19.49    3.96    0.05    0.05    0.58    7.88   13.85    7.40    7.00   23.05   17.06   28.34   21.10    7.30    3.17    2.07    0.55    1.76   17.15   33.20    5.37    1.01    0.31    1.14    7.06    2.19   15.58   18.07   14.13   17.89   11.02    3.39
PSATJAG    -23.20  -46.03    0.31    0.05    2.48   13.70    5.62    1.19    0.00    0.00    0.00    0.64    0.11   17.41   17.64   16.91    5.19    0.00    0.02    0.09    5.19    8.70    9.61   15.38   19.53   23.73   32.07   21.33    3.34    1.89    1.16    0.50    3.02   18.46   17.73    2.38    0.58    0.24    1.22    2.75    2.11   13.79   18.28   17.40   21.03    4.79    4.06
PSATFUNI   -22.53  -44.57    0.56    0.17    1.43   16.92    7.60    1.00    0.01    0.04    0.05    1.15    0.48   17.10   21.28   21.70    3.69    0.01    0.03    2.27    6.42   10.90    8.19    9.94   21.78   18.75   14.86   25.84    4.33    2.16    1.43    0.48    1.56   10.16   43.22    2.75    0.55    0.21    1.16    9.63    3.25   11.88   15.78   16.59   12.79    8.56    5.10
PSATSACE   -22.48  -43.84    0.65    0.54    0.44   18.25   10.55    2.34    0.38    0.30    0.11    0.24    0.08   30.21   29.40    8.77    6.75    0.16    0.56   13.59    8.57   18.16    4.25    2.49   17.57   10.38   10.83   34.64    6.37    3.75    2.40    1.72    1.14   15.00   47.55    5.69    1.82    0.76    3.40   13.92   10.01    9.80   13.66   26.76   21.90   18.63   11.75
PSATPIC    -21.91  -43.54    0.52    0.54    0.22   14.67   13.77    1.92    0.15    0.31    0.18    0.20    0.05   26.55   35.52    7.86    6.76    0.58    0.73   23.54    9.95   10.48    0.75    1.14   12.94   11.46   10.04   32.17   15.34    3.31    3.05    2.01    2.44   11.05   33.36   13.37    1.01    1.43    5.31   12.08   10.41    8.45   15.66   21.48   18.25   12.24   12.12
PSATSOGI   -21.94  -43.36    0.85    0.67    0.55   16.67   16.22    4.41    0.35    0.46    0.19    0.25    0.62   20.20   34.87   13.95    7.64    2.94    4.62   13.52   10.41    9.81    2.68    3.01   11.99    6.98   17.43   31.10   28.78    3.53    4.14    3.21   10.62   23.73   34.50   18.77    0.84    1.63    4.61    8.76   17.23    6.45    8.77   16.57   16.68   19.70   11.84
PSATIPSI   -21.84  -42.58    0.48    0.79    0.41   12.22    9.62    1.69    0.29    0.25    0.08    0.07    0.47   27.39   26.82   15.84    5.58    3.50    2.18   12.49    4.23   15.05    2.99    3.15   13.06    5.33    7.28   29.26   26.08    3.61    2.48    1.72    1.91   11.01   30.90    7.70    0.83    1.20    3.05    8.15   16.44    3.64    4.68   11.79   11.03   15.29    5.62
PSATTCLJ   -22.69  -43.83    0.41    0.17    0.68   13.14   18.71    2.46    0.43    0.01    0.01    0.00    0.02   28.09   17.20   10.38    5.34    0.11    0.08    4.94    9.38   18.59    3.19   10.10   13.85    4.56   17.26   22.55    8.62    3.95    2.72    0.89    0.70   10.71   18.25    7.90    2.32    0.03    0.43    8.70    5.43    6.99    9.98   24.20   21.39   13.89    4.39
PSATBIGU   -25.51  -53.67    0.19   20.34   12.65   14.13    4.54    0.44    0.00    0.00    0.05   15.01   16.80   43.57   11.54    3.06    1.08    3.96    5.49    7.65    6.45    1.01    2.61    3.75   16.55   13.98    0.04    0.30    0.05    0.01    0.39    8.98   43.68   33.66    0.62    0.28    0.39    0.14    0.03    0.00    0.00    0.00    0.01    0.45    0.67    1.10    2.29
PSATBRAU   -21.45  -42.41    0.53    1.29    1.95   21.81   11.91    5.61    0.72    0.36    0.14    0.06    0.68   27.84   40.97   19.80   25.99   11.94   18.07   19.94    1.26    7.50    1.63    2.09    6.01    2.37    2.69   23.06   33.87   11.55    4.51    2.22    6.13   20.02   36.64   27.02    4.42    2.94    7.61   14.43   18.18    3.04    4.33   15.58    5.34   13.54    4.87
PSATSUIC   -20.08  -40.58    8.13    1.46    0.87   31.92   80.90    3.86    0.27    0.57    0.20    0.00    0.00    0.89    0.15    0.02    8.61    7.54    4.33    0.21    0.06    0.05    0.11    0.02    0.08    0.12    0.17    4.96    3.56   18.20   12.25   10.33   12.60    8.70   29.24   56.58   38.12   71.72   23.99   43.37   12.63   14.80    3.27    1.40    0.73    4.58    4.49
PSATJRI     -9.30  -64.70    8.05   11.49   10.47   14.11    9.69    4.37    3.08    3.78    1.68    6.13    9.36    7.10    8.28    2.67    3.56    3.48    4.88    4.77   13.72    8.66    8.47   12.78   12.91   10.00   12.41    3.73   12.42   10.73    3.52    1.34    3.47    4.51   18.97    7.09    9.98    6.33    9.68    7.18    7.99   10.07   11.24   17.68   14.81   13.34    9.76
PSATBENI   -14.59  -67.53    9.26    6.94   11.47   13.29    6.77    5.69    5.30    2.66    1.23    3.07   28.08    7.78    9.81    4.98    4.65    3.27    4.52    4.16    9.18    2.57    7.85   18.76    9.77    9.85    8.40    6.05    7.28    8.12    6.00    5.91    5.75   50.44   21.99    4.60   14.40   33.58   24.09   14.93   21.06   11.59   10.71    7.43    6.12    8.69   17.98
PSATEPB    -12.42  -64.42    6.59    5.88    9.29   14.24    5.46    8.33    5.74    3.99    1.32    5.92    8.69    2.01    5.55    1.14    2.44    3.47    2.40    3.31    7.39    4.80   13.25   16.08    6.56   10.63    6.08    3.62   13.01   11.17    4.15    1.65    1.51   16.11    9.21    6.49    7.69   12.03   10.05    7.46    8.00    6.32   10.36   13.68   14.71    8.04    4.26
PSATEGM    -10.79  -64.35   10.75    7.01   10.01   16.53    7.47    4.43    5.08    3.66    2.29   10.82   15.20    8.09    9.09    1.46    2.45    3.00    4.07    6.52    8.82    3.30   12.63   12.65    5.46    5.08    3.77    2.34    4.91    5.09    3.83    4.71    5.83   30.93   14.47    8.39   14.07   15.60   14.89   13.54   14.60   11.02   10.29   12.98   12.46    9.64    9.81
PSATSTOA    -8.79  -63.95    2.64   11.36    5.30    9.16    5.55    5.33    2.76    4.73    2.23    5.63    7.59    7.76   12.07    3.31    5.11    7.76    4.05    2.37    7.55   14.99   10.52    7.29   11.37    5.84    8.26   13.50   14.38   11.75    6.53    2.46    2.17    5.49    7.46    5.32    8.13    9.68   14.94   12.44    8.03    5.86   13.30   18.34   16.61   16.85   16.04
PSATENC     -9.90  -66.62    3.40   13.21    8.87    9.02   12.95    4.26    2.45    4.09    1.64    4.96   12.50    9.69    9.63    2.63    2.67    8.51    4.57    3.21    9.00   16.06   14.27   12.75   18.04    9.26    8.88    7.65    9.69   10.29    5.57    1.31    1.45    6.82   17.41    5.74    4.25    5.46    7.27    3.59    7.20    3.51    8.22   14.87   20.66   14.08   15.97
PSATAMY1   -11.71  -70.63   19.66   16.91   15.01   15.29   11.86    2.98    5.36    3.60    1.40    5.20    9.12   10.60    8.20    4.65   10.79    2.66    2.02    4.39   23.68    6.18    1.18    9.20   13.76   10.48   12.90    6.82    2.30    8.85    3.35    0.63    0.91    2.27   18.26    9.14   15.37    4.03   10.48    8.19    9.99   12.56   21.02   28.40   14.12   20.23    3.85
PSATAMY2   -12.37  -71.17   13.35   11.36   13.46   14.89    6.41    3.69    9.79    5.01    3.60    8.78   13.89   11.78   11.35    6.27   11.18    5.92    5.90    4.54   22.29    8.16    4.12   13.90   12.91   14.79   14.65    8.17    4.39    9.87    6.10    5.61    4.60    8.22   16.29   10.79   13.63   16.89   15.83   10.96   12.15   10.96   13.45   29.76   12.77   23.21   10.31
PSATAMY3   -13.75  -70.18   14.59    6.62    9.56    9.43    5.57    7.26    5.28    3.26    2.01    9.78    8.83    6.52    6.36    5.68    5.31    4.12    6.14    7.98   15.84    5.97    6.07   12.68   16.45   26.57   19.82   15.81    9.82   11.51    9.07    5.75    7.45    7.51   18.64    6.07   11.63   35.06   21.93   18.02   29.43   15.54   16.16   25.07   14.55   24.67   13.58
PSATAMY4   -13.45  -69.47    6.09    4.70    7.89   21.07    9.40    4.27    4.62    4.91    1.49    6.30   14.76    5.27   14.41   10.66    5.22    2.69    3.48    3.84   19.79    4.23    6.23   14.80   12.27   12.02   12.90    5.49   12.41    7.12    4.69    3.67    4.54   14.00   24.43    9.13   12.52   21.85   12.74   16.35   25.96   11.39   12.02    7.36    7.19   14.93   13.49
PSATJRN    -13.37  -59.01    6.51    6.82   11.47    6.23   10.25   16.72    9.69    3.97    2.93    1.91    8.01    2.08   14.57    8.83   19.87    6.46    9.61    8.69   12.54    3.91   13.66   20.28    6.32   15.69    9.96   10.61   33.42    7.90    4.01    2.66    6.82    6.00   18.54    7.80    5.45   12.50   16.08    8.62    6.71    6.32   11.22   27.27   31.51    7.06    1.22
