PSATAGV    -19.89  -50.35   25.72   26.71    7.79    1.72    0.37    2.40    0.53    0.67   11.07    2.17   11.66   10.74    7.88   24.54   14.90    5.94    4.91   13.19    5.03    0.80    1.45    7.28   16.54   10.09    4.70    2.43   21.29    6.69   22.52    6.22   10.51    9.97   13.30   16.32    8.69   33.99   25.72    4.43   11.15    0.53    0.75    9.54    8.56   15.65   17.35
PSATCMG    -21.28  -44.63   10.34   28.03    1.14    0.11    0.00    0.08    0.72    5.28    9.37   34.48   16.99   15.00    3.03   17.48   29.80    3.01   19.42   11.68   12.22    6.45    6.42   10.67    7.15    7.00    2.45    9.45    2.64    6.58   15.84   17.18   20.42    7.05   14.88    7.61    9.05   14.09   14.34   18.02   44.42    3.70    4.81    9.72    9.70    3.05    1.09
PSATCES    -20.25  -48.16   13.21   10.04   10.76    1.38    0.23    0.54    0.09    0.58   13.75   26.81   14.61   13.37    2.12   19.62   21.54    4.67    4.09    8.30   12.18    0.51    0.84   15.63   17.20    9.77    9.68    5.20   10.28    5.12   23.63   10.31   11.49    7.48   29.69   11.18    2.54   20.61   25.05   10.07    3.92    1.37    1.68   15.60   13.81   22.25    3.10
PSATELC    -21.60  -46.95    9.28   16.90    7.88    0.66    0.21    1.39    1.04    3.31   27.26   29.35   22.50    3.53    1.20   24.88   23.24    2.72    9.45    8.77   23.30    1.23    6.07   14.17   17.77   13.04   12.14    8.76   13.74   14.02   14.94    8.53    7.99    4.85   14.30    6.63   20.49   24.56   36.52   39.60    3.92    0.90    0.79   14.48    9.58    8.83    1.71
PSATFUN    -21.14  -45.04    6.77   34.54    1.39    0.15    0.00    0.01    0.06    3.08    9.75   32.45    9.17   17.48    1.91   18.25   34.98    7.06   15.65   11.70   10.73    6.98    8.03   10.53    1.83    2.00    1.57    6.18    1.06    4.63   10.64   14.52   13.57    3.07    4.92    7.44    7.06   21.65    9.98   15.83   32.07    4.30    7.40   10.35    7.93    4.49    2.17
PSATFUR    -20.67  -46.32    3.91   26.68    6.59    0.46    0.04    0.23    0.16    3.44   19.25   28.80   11.58   11.00    2.61   24.48   25.52    3.88    9.64   11.04   10.56    3.38    9.19   13.71    5.71    5.66    5.61    5.59   11.54    6.32   12.16   18.44    9.52    3.59    9.57   13.83   11.02   22.41   20.75   21.03    9.75    2.52    5.90   21.12    9.64    9.08    2.38
PSATMRB    -20.30  -49.18   19.68   18.37   10.49    2.00    0.48    1.52    0.30    2.22   16.54   18.46   12.36   15.07    2.46   23.35   18.91    4.94    4.80   14.02   10.86    0.45    1.69   14.82   13.67   10.92    8.19    5.17   17.24    7.75   21.39   12.48   11.45    6.53   15.43    8.77    6.47   24.20   31.08   10.71    3.11    0.92    1.03   17.18   13.20   17.70    5.05
PSATPRG    -21.59  -45.67   11.22   16.07    6.09    1.04    0.19    4.03    1.33    9.22   11.94   25.75   19.41    5.96    2.09   25.54   22.19    3.27    7.12   12.91   19.04    2.89    7.43   12.17   12.37    8.66    5.84    7.55   15.72    4.12    9.90   14.85   10.60    6.51   15.88   12.41   11.41   23.71   20.97   46.58   15.26    0.56    0.60   15.14    6.81    2.84    1.82
PSATPAS    -21.02  -48.18   20.97   14.25   11.07    0.88    0.58    5.14    3.16    6.51   16.00   29.23    8.12    9.10    1.74   32.30   26.65    2.61    4.78   14.05   14.62    0.34    1.61   15.53   20.41   14.62    8.98   15.16    9.30    6.29    8.54   11.55    6.18   11.63   12.27    4.34   11.28   30.70   38.60   26.16    1.54    0.52    0.07   18.09   12.07   18.24    6.64
PSATPTB    -21.61  -45.49    7.10   19.38    3.31    0.74    0.02    1.19    0.60   15.93    9.01   28.74   17.45    9.37    1.61   24.04   32.20    3.49    5.95   15.74   21.82    2.79    7.27    8.43    6.91    4.47    2.10    6.80    8.98    4.61   13.20   15.11   10.17    8.26   18.90    8.75    8.71   21.11   15.61   28.99   28.44    2.02    1.57   14.93    7.18    3.12    3.79
PSATPTC    -20.00  -48.55   15.21   11.76   12.64    0.55    0.20    0.00    0.02    0.24   16.94   18.58    9.76    7.19    5.55   17.85   16.83    4.50    5.88    9.08    7.07    0.94    2.24   15.21   16.66   14.78    8.78    2.68   17.15   10.64   17.70    9.08   15.66    8.51   18.14   11.47    2.97   21.19   21.39   12.92    4.99    5.13    3.78   15.35    9.08   19.33    1.70
PSATFZA    -26.00  -51.65   15.21    2.69    0.91    7.36   13.37   34.91    5.28    4.35    3.81    8.87    0.47    0.08    0.09    1.19    1.05    0.10    0.84    1.29    5.40   10.91   34.20   73.97    0.55    0.16    4.15    6.11    8.20    0.77    0.57    0.55    0.20    1.25   16.35    3.05    7.49    0.01    1.81    1.81    2.35    3.36    0.39    0.05    7.73   19.62   69.30
PSATJSG    -25.78  -52.00   14.20    2.40    0.98    8.94   20.35   17.14   22.12    2.00    9.00    7.21    1.74    0.09    0.04    3.29    1.46    0.07    0.60    1.31    6.09   19.05   59.13   27.45    0.06    0.01    9.64   12.47    2.82    0.53    0.23    0.56    0.65    2.50   10.04    4.84   10.09    0.02    0.76    2.90    1.36    1.77    0.74    0.02    5.77   10.93   36.33
PSATSCX    -25.53  -53.48    5.40    4.37    0.79    6.25   29.76   19.09   32.69    2.10   11.32   10.49    4.05    0.13    0.08    6.44    1.28    0.07    0.75    1.79    8.88   55.17   58.13   14.64    0.38    0.14   11.58   10.89    1.87    0.87    0.30    0.89    1.04    5.26    7.22    6.96   15.98    0.03    0.33    2.11    1.38    1.12    0.44    0.00    1.63    6.98   21.15
PSATSCL    -25.49  -51.74   24.13    1.94    1.49   11.44   15.34   19.07    5.99    9.92    3.05   10.79    1.05    0.43    0.07    6.44    1.29    0.35    1.28    1.84    7.41   16.03   48.44   53.58    0.11    0.19   17.53   12.16    7.53    0.91    0.29    1.14    1.32    2.94   13.98    4.10   10.64    0.00    1.11    2.58    2.27    4.61    0.84    0.03    5.81   20.05   59.98
PSATUVT    -26.23  -51.08   12.46    2.09    0.43    8.42   14.81   26.57    1.80    4.30    4.46   10.95    0.55    0.59    0.60    0.64    2.25    0.34    0.79    3.04    3.67    4.75   23.83  150.52   14.87    0.84    3.38   14.94    7.55    1.39    1.34    0.82    0.39    1.68   13.13    2.89   11.94    0.37    2.76    0.30    0.70    0.90    0.10    1.20    4.97   17.31   46.92
PSATBSM    -24.19  -53.74    6.83    3.49    0.63    8.64   28.88   11.37   14.09    7.69    1.86    7.39    1.55    0.18    0.09    4.55    2.37    0.56    1.58    2.20    9.88    9.81   55.84   38.13    5.56    1.02   18.15    7.57    2.84    1.13    0.72    1.16    1.43   17.00    6.67    8.01   16.59    0.02    0.38    1.90    1.10    1.49    1.04    0.02    2.01   25.85   22.12
PSATFLE    -22.97  -54.56    6.85    4.23    1.40   15.45   19.16    4.03    7.17    4.03    3.40   27.02    4.73    1.37    7.59   27.96    2.73    0.98    0.36    3.06    1.89    0.19   90.84   28.55    5.14    0.06    0.44    1.03    0.07    0.21    0.63    0.84    1.03    3.32    4.27    7.41   17.53    2.77    0.82    2.03    1.43    2.53    1.80    0.14    3.55    1.29    4.26
PSATITP    -25.42  -54.58    8.08    4.22    0.74   10.08   21.88    9.07   16.29    7.39    1.17   20.34    2.43    0.46    3.60   15.73    2.26    0.77    0.79    4.31    4.91    9.56   67.21   33.64   34.33    1.31    1.00    0.98    0.66    0.88    1.01    0.90    1.03    6.99    5.27   14.02   20.52    1.85    1.11    1.99    1.37    1.48    1.58    0.15    4.01    7.74    7.88
PSATIVM    -22.38  -53.53    6.07    1.84    1.15   19.61    6.95    9.65    0.62    3.00    3.88   35.14   12.39    3.01   16.77   18.89    4.42    2.95    1.82   12.02    5.03    0.36   19.14   88.38   44.26    0.55    0.20    0.43    0.48    0.44    1.18    0.93    2.19    3.78    3.92    3.03   13.11   18.05    6.04    2.71    3.99    3.16    0.86    0.67    7.83    2.72   11.03
PSATPTQ    -23.18  -53.17    9.27    1.93    0.79   12.54   22.62   20.25    5.22   13.16    1.02    7.78    0.28    0.42    0.40    8.19    2.27    1.42    2.19    1.97    8.60   12.32   51.42   47.38   27.66    4.33   20.52    8.71    5.40    1.70    0.99    1.25    1.25    3.73    5.64    5.16   19.44    0.17    2.21    1.11    0.71    1.58    0.23    0.18    3.23   46.12   46.56
PSATCBI    -17.99  -48.54   13.01   14.79    9.73    0.71    0.04    0.41    0.19    0.05    0.01    0.00    0.55    9.70    0.66    2.60    5.82    8.74   16.62   10.65    6.22    6.95    1.89    2.93   11.68    4.61    8.90   15.83   19.04    8.90    7.86    8.45   11.06   11.02   17.16   15.31    4.34    7.16    4.02    5.95   21.57   18.66    8.56   38.31   37.79   21.56    6.41
PSATCBIV   -16.15  -48.67   14.97   13.22    7.68    0.68    0.07    0.37    0.30    0.04    0.00    0.01    0.63   10.59    6.13    1.31    7.09    6.70   10.80   16.28   11.14    9.04    1.51    2.69    8.94    3.27    4.23   21.00   21.38    4.86    4.56    8.39    7.87   19.61   14.47   12.11    6.35    9.09    2.41    4.91    8.50   36.58    7.35   61.79   29.01   26.66   11.57
PSATEMB    -18.45  -47.98   13.34   13.39    3.96    0.87    0.03    0.00    0.00    0.02    0.10    0.00    2.21    3.33    7.52    8.74    9.10    8.06   14.55    7.87    0.60    1.54    5.31    1.91   10.09    2.68    4.41    4.08   11.44    4.94    8.73    8.55    7.04    4.50    9.70   18.51    4.26   18.45   10.49   10.56    7.56    4.27   13.85   12.94   17.47   25.77    0.61
PSATIMBR   -18.42  -49.10   11.04   17.72   10.60    0.70    0.17    0.26    0.18    0.03    0.39    0.17    5.52    4.61    3.19    7.12    8.21    7.22   10.44   10.60    2.72    2.92    2.20    5.01    9.78    8.02    9.12   10.81   24.02    9.26   10.94   12.28   14.08   10.35   18.62   17.91    7.43   11.24    8.23   14.69   18.23    6.16    5.69   22.56   16.41   19.67    4.36
PSATNPTE   -19.13  -47.70   11.24    8.03    4.15    0.75    0.06    0.00    0.00    0.00    2.04    2.12   14.19    2.22    7.44   14.45   15.86    7.06    5.83   12.17    1.49    3.51    7.94    8.72   19.04    7.09    4.89    4.40   12.93    9.14   10.52   12.65   11.97    9.09    4.60    9.54    1.18   14.55   14.53   11.14    6.52   12.42   16.39   15.09    8.43   24.12    0.92
PSATARV    -18.07  -50.16    4.23   24.31   12.70    1.01    0.65    1.10    1.52    1.42    0.78    0.01   16.78   15.50    1.24    5.74    6.47   10.99   11.00   10.14    7.26   10.91    4.24   10.11   10.19    6.98    1.88   12.08   27.08    9.16    7.89    9.64   15.61    6.68   11.72    7.13    1.97    5.09    7.99    7.50   15.31   24.17    7.99   13.60   26.13   20.24   25.10
PSATSFC    -18.05  -47.68   10.77   17.31    7.07    0.96    0.00    0.03    0.02    0.01    0.01    0.00    0.02   12.49    1.44    3.18    7.71   12.01   16.98    4.03    5.79    2.18    7.70    0.91   12.41    3.36   12.67    7.70   10.96    3.23    4.99    5.55    4.97    6.39   16.46   19.54    3.40    8.98    7.20    3.76   17.14   18.54   15.48   25.72   55.64   17.70    1.26
PSATSSM    -19.02  -50.50   13.20   21.54   10.97    0.81    0.41    0.23    0.82    0.18    4.32    0.07   18.48    8.69    5.62   10.00    9.01    7.65   10.15    9.19    5.35    7.72    1.08    8.49   10.57    5.79    4.39    6.79   28.11   10.95   15.34    9.19   16.49    4.59   14.75    8.14    3.53   10.58    8.08   10.28   25.01    8.58    5.79   17.39   13.49   17.97   14.34
PSATCNI    -22.94  -50.52   20.74    5.60    6.67    5.28   10.82   28.63    2.88    9.74    1.21   14.98    0.55    0.23    0.76   28.61   14.85    2.78    3.23    8.26   49.04    3.11    7.91   28.08   57.38   56.82   27.82   35.44    5.80    9.55    5.20    3.16    1.36    2.13   11.98   13.36   26.71   13.85    7.21    1.78    0.03    0.00    0.00    0.73   16.24   36.42   44.07
PSATCPV    -22.65  -51.33   16.29    5.17    3.84   17.32   15.93   35.20    3.24   17.63    0.32   10.14    0.12    0.14    0.30   18.39    4.72    2.51    3.66    4.57   34.37   15.81   20.95   65.36   44.27   43.14   41.07   11.39    9.38    3.12    2.32    2.98    1.75    1.93    5.81   10.17   15.56    6.15    5.56    0.48    0.09    0.41    0.00    0.25   17.47   44.64   57.36
PSATCHT    -23.01  -49.73   12.28    5.73    1.08    6.56    7.15   32.97    1.17   20.53    0.03    5.78    0.08    0.05    0.02   14.93    4.67    1.79    1.36    2.88   28.11    8.06   15.22   62.38   42.94   22.89   14.34   14.43   20.06    6.72    1.85    1.19    1.02    2.99   13.29    9.14   18.63    5.18    2.26    0.32    0.05    0.21    0.01    0.51   11.98   56.07   39.98
PSATJUR    -23.22  -49.23   17.35    6.61    3.01    8.16    1.85   32.98    3.55    6.92    0.25    2.85    0.57    0.27    0.17   19.51    6.53    2.08    0.98    5.01   27.18    2.08    9.02   40.01   47.51   39.45   15.70   14.67   25.86   15.70    5.42    1.94    1.36    3.08   12.78    8.26   13.75   13.96    2.74    0.71    0.38    0.01    0.25    1.91   11.53   41.39   28.27
PSATMAU    -24.06  -50.71    8.41    1.34    0.86   13.39    8.49   35.30    2.58   30.28    0.30   17.17    0.12    0.37    0.02    4.46    3.74    1.27    1.27    2.75   10.34    7.57   18.53   70.50   30.87    0.14    2.26   11.96    9.41    3.11    1.01    1.65    1.54    2.25    6.91    4.70   25.32    0.01    0.95    0.75    0.03    0.25    0.01    0.27    3.07   52.62   49.54
PSATROS    -22.50  -52.87   13.79    2.56    0.92   15.26   21.87   20.05    3.12    5.09    0.04   11.62    0.19    0.21    0.84   27.28    2.99    2.89    2.06    4.98   10.83    1.45   25.57   71.93   71.61   38.40   30.25    4.52    3.04    2.02    1.69    1.74    1.83    2.41    3.50    6.92   12.16    8.00    9.32    0.23    0.42    0.22    0.01    0.53   17.94   39.13   39.87
PSATQMD    -16.21  -47.33   12.57    9.66    2.27    0.41    0.00    0.10    0.00    0.00    0.00    0.00    0.00    4.53    0.37    0.27    2.74    3.79   18.65   11.05   12.89   11.70    4.46    1.24   10.33    2.94    7.03   13.84   17.28    1.32    5.72    3.37    0.29    4.47   18.69    6.96    1.82    0.95    2.11   10.36    9.46   41.26   13.44   22.31   54.47   12.73    0.53
PSATRBX    -18.95  -44.76   14.10   15.45    0.71    0.00    0.00    0.00    0.00    1.53    5.77    6.43    2.31    5.42    8.89    7.55   13.67   20.30   15.69    2.96    0.77    8.92    5.22    3.30    0.82    0.35    0.65    1.62    0.08    0.23    3.49    9.86    6.65    1.00    1.59    6.04    4.21   22.46    9.11   27.54   33.50    9.71   49.10   15.12    7.69    6.00    0.24
PSATSFR    -15.93  -44.86    7.71    7.40    2.90    0.39    0.00    0.04    0.01    0.00    0.00    0.00    0.01    4.30    2.24    2.01    1.08    2.15    2.60    2.01    1.62    2.21    1.85    0.80    3.04    0.32    9.31    5.48    1.49    0.47    7.86    2.15    0.07    0.46    3.29    4.53    2.19    2.71    9.76    4.12   20.60   37.90   15.42   22.72   35.36    8.87    0.17
PSATSRM    -16.37  -45.07   13.86   14.10    1.54    0.19    0.00    0.00    0.00    0.27    0.59    0.11    0.70    6.02    2.26    5.25    6.52    6.66    7.68    1.56    0.70    2.30    2.98    1.74    3.57    0.73    1.76    1.22    1.32    0.71    4.02    3.45    1.18    0.17    0.91   10.70    6.99   11.00   17.96   11.95   24.09   26.63   37.87   22.49   17.43    8.07    0.37
PSATTMR    -18.16  -45.27   13.59   19.29    3.05    0.23    0.01    0.00    0.00    0.05    8.57    3.86    3.06    3.03    5.72   17.32   15.83   13.12   12.79    6.42    1.20    4.07    5.06    5.20    6.47    2.48    1.54    1.81    3.16    0.98    5.35    8.02    7.09    0.68    2.85   12.71   11.07   22.33   14.88   19.73   17.18    8.84   40.52   18.79   11.18   10.62    0.91
PSATBOQ    -11.35  -43.83    2.41    4.68    2.12    1.70    1.76    0.54    1.18    0.69    0.43    0.13    0.01    0.05    0.02    0.07    0.01    0.26    0.10    0.19    0.58    0.23    7.03    3.37    2.57    0.57    5.16    3.64    1.28    0.73    0.75    2.00    0.70    4.98    1.88    0.09    0.18    1.38    4.74    6.70   15.23   19.50   32.11   31.55   15.73    1.30    0.43
PSATBBO    -22.52  -48.55   29.65    7.56    9.02    3.07    1.45   22.97    2.12    3.84    1.57   15.35    2.28    0.77    0.76   28.46   24.74    2.94    2.62    8.36   26.59    0.97    3.63   19.30   29.59   28.42   14.62    7.59    6.96    5.43   10.40   10.68    3.33    5.91    6.84    5.35   15.50   27.13    9.38    5.39    1.73    0.00    0.07    7.14    7.66   15.02    6.09
PSATESZ    -23.46  -46.91   46.74    8.06    6.33    1.06    0.85   13.68    0.48    6.37    2.15   13.41    4.38    1.26    0.82   20.68   23.36    2.58    0.56    3.95    7.89    0.24    0.23    8.94   25.83   33.20   17.25    6.10    6.85    5.68   10.67    8.85    4.91    5.41    6.75    1.78    4.33   12.15    4.40    5.34    5.87    0.02    1.25    5.22    3.92    9.21    0.83
PSATIBT    -21.76  -48.99   31.77   16.90   15.14    2.56    2.06    8.39    1.37   10.82    4.74   27.14    1.50    1.25    1.64   35.64   23.75    3.22    4.45   13.59   32.15    1.18    3.95   20.18   46.30   22.40    8.65   24.62    7.41    5.15    6.98    4.08    3.60    5.45    6.82   12.02   20.01   19.31   36.95    6.88    0.22    0.12    0.00    4.07    8.72   35.60   19.84
PSATNAV    -21.12  -50.20   27.38   28.10   20.39    1.53    1.00    6.68    0.92   13.16    4.19   18.30    3.28    7.31    3.38   30.95   18.46    2.68    4.16   15.44    8.63    0.51    2.14   13.60   39.37   16.55   26.03   17.18   17.03    9.19   12.39    7.22    6.66    6.63    6.03   18.87   18.64   34.04   48.75    4.63    0.80    0.22    0.00    8.44   14.18   25.72   36.63
PSATSME    -13.40  -48.30   10.83   14.81    8.76    0.67    0.57    2.40    1.47    0.10    0.38    0.49    0.77    6.57    3.34    1.88    2.13    3.71    5.09    6.15    4.54    8.44    7.15    8.99    9.89    9.17    6.24   13.93   21.99    4.34    5.50    3.13    7.96   14.92   15.84   16.34    3.93    6.25    6.73    7.60    7.16   39.43   27.34   44.42   21.57   21.36    9.75
PSATBGR    -27.78  -51.20    2.28    0.16    0.81    4.83   61.81   18.88   15.40    0.04    8.17    1.20    0.90    0.21    0.94   13.36    1.11    0.68    0.58    4.96    3.67   39.56   20.22    5.16    1.55    0.19    0.21   18.30    2.26    3.80    1.53    0.46    0.71   11.38   10.77    8.83   21.07    4.89    0.70    0.27    1.62    1.15    0.03    0.04    2.77    8.45   23.12
PSATCNV    -27.60  -51.33    6.52    1.29    0.74    3.88   31.99   10.00    3.68    0.44    6.69    4.31    0.74    0.30    0.42    5.28    1.08    0.07    0.98    4.88    5.85   28.15   34.38    6.38    1.31    0.15    0.22   29.59    2.71    1.82    1.56    0.51    0.44    5.84   19.12    9.93   16.13    3.07    1.18    0.38    1.52    0.69    0.19    0.06    4.36   11.33   29.85
PSATFCH    -27.14  -53.04    0.73    0.64    0.61   18.62   54.20   19.47   35.51    5.35   41.82   16.40    0.40    0.01    0.06    6.55    0.69    0.00    0.37    3.17    2.03   50.70   39.68    0.55    0.00    0.10    0.05   10.73    0.57    0.44    0.02    0.59    0.73    2.58    1.39   15.85   27.42    0.09    0.14    0.69    1.53    2.24    0.15    0.08    0.92    4.75   15.00
PSATITA    -27.27  -52.38    7.99    0.82    0.71   11.07   28.20   24.03   18.29    1.54   13.82    9.34    0.30    0.02    0.46    5.45    0.75    0.00    0.89    4.00    5.23   47.50   31.84    7.00    0.29    0.08    0.16   12.88    1.51    0.43    0.18    0.63    1.37    3.25   13.62    6.17   19.57    1.40    0.89    1.48    1.84    0.75    0.05    0.00    4.68    8.73   40.48
PSATMCD    -27.52  -51.78    2.08    0.09    0.64    9.96   37.77   27.91   22.68    0.58    8.47    1.33    0.01    0.00    1.02   11.33    0.59    0.00    0.27    3.78    1.69   64.03   34.88    0.87    0.01    0.02    0.01    9.90    1.19    0.52    0.08    0.50    1.65    1.88    2.98   10.27   22.00    3.19    0.67    0.64    1.07    0.90    0.02    0.00    2.33   10.50   35.40
PSATMOJ    -27.35  -52.73    1.36    0.25    0.51   17.14   39.53   53.54   30.67    2.07   23.18    2.10    0.21    0.00    1.46   12.00    0.29    0.00    0.40    4.56    1.93   45.91   40.62    0.83    0.00    0.00    0.08    3.46    0.13    0.50    0.01    0.48    2.92   10.67    2.81   16.48   20.32    0.67    0.34    2.08    1.24    2.43    0.12    0.00    1.85    2.32   20.72
PSATQQX    -26.66  -52.54   10.33    2.79    0.96    6.75   22.66   13.47   25.73    3.27   16.55   12.26    1.43    0.06    0.13    5.25    1.10    0.01    0.86    1.68    4.75   52.93   35.71    8.87    0.27    0.11    3.34   17.36    1.17    1.07    0.08    0.62    0.45    4.62    9.45    5.02   19.35    0.27    0.84    2.00    2.09    1.31    0.56    0.00    4.03    3.57   30.15
PSATPSJ    -28.14  -55.05    0.33    0.00    5.04   60.58   59.76   58.65   14.02    0.10    4.12    0.00    0.19    0.31    6.98    9.93    0.00    0.00    0.03    0.36   13.50   17.19   10.74    0.04    0.02    0.00    0.02    0.03    0.19    0.11    0.00    0.00   31.45    9.86    1.18   17.99    1.05    0.04    0.00    0.61    1.28    1.48    0.05    0.00    1.31    0.20    4.02
PSATESP    -18.68  -51.87   11.76    7.32   13.16    1.99    0.71    1.55    1.16    3.20    0.34    0.01    4.10   11.05    3.23    2.75    9.54    6.29    9.70   15.84    0.12    0.14    1.36   11.64   10.59   14.47    5.52   16.86   19.42    2.52   12.85    6.93    5.75   16.68    6.50    2.38    8.67   13.34    3.69    1.50    1.95    8.51    0.37    0.21    9.67   31.98   19.71
PSATSRC    -19.16  -50.76    7.56   13.50   12.78    1.87    0.51    0.48    0.90    7.16    4.64    0.51    4.39    9.85    5.34    4.77    8.03    7.11   10.38   12.07    0.09    0.57    4.96    7.27   10.05   15.15    8.93   13.94   28.87   14.91   15.67    9.20    7.19   12.51    8.27    1.93    4.74   13.63    4.47    5.60    7.44    8.43    0.20    1.49   13.08   28.51   33.90
PSATFRCL   -19.12  -50.64    8.06   14.62   13.31    1.07    0.64    2.02    1.71    3.52    3.74    0.08   12.77   10.32    5.53    7.30    9.70    9.50   10.53   15.15    0.42    2.18    4.88    6.22    8.86   11.92    8.23   15.43   34.15   18.46   13.65   10.65    9.86    8.30    8.57    1.95    4.54    7.89    5.02    2.94    9.78    8.20    0.70    3.11   16.69   24.76   29.51
PSATISOT   -20.40  -51.35   18.49   29.12   13.07    3.33    1.81    0.81    1.18    7.10    4.49    9.33   10.76    7.52    7.77   15.07   12.55    6.54    6.28   11.18    3.71    0.64    2.37    6.74   25.36   21.67   30.02   17.02   21.16    5.23   15.88    4.64    8.11   10.28    7.83   15.91   17.17   45.88   28.09    7.75   17.67    0.68    0.05    4.46   15.24   26.97   47.81
PSATJUP    -20.86  -51.63    6.82    9.90    9.73    9.75    1.12    0.67    2.59    8.20    6.55   18.09    9.90   11.38   10.44   13.13    9.67    5.45    6.91   12.98    1.96    0.16    4.21    4.22   24.25   27.37   18.01   14.40   18.64    7.39    9.74    5.71    5.40    8.02    8.11   11.21   13.05   41.56   10.55   33.15    9.08    3.45    0.02    2.12   14.30   32.58   34.68
PSATSDG    -20.06  -53.18    4.18    2.58    3.68   13.99    1.47    1.14    0.42    8.51    7.27   28.91   12.74    6.97   11.54    7.63   10.36    6.31    6.17    8.59    2.28    0.32    2.16    7.26   14.80   23.60    7.81    9.15   12.42    5.47    5.48    3.56    4.79    6.40    4.24    6.81    8.24   36.44   33.15   22.58    2.66    6.21    0.00    0.56    7.47   22.98   13.85
PSATFZBT   -21.66  -52.87    4.89    1.07    2.74   17.63    5.39   12.33    0.73    3.36    9.25   37.61   32.55    6.08   11.99   14.45    6.85    3.12    3.74    7.70    8.71    0.46    1.58   37.10   51.51    7.20    2.77    5.50    2.91    2.04    1.77    1.94    4.35    4.49    3.63    4.22   21.47   36.64   30.55   10.55    6.34    2.31    0.40    1.04    7.40    9.87   13.38
PSATPPRA   -22.46  -52.91   18.28    5.73    7.39   10.56    5.99    8.45    2.34    9.57    2.18   27.78   11.54    2.53    8.33   33.08    8.09    3.21    3.88   15.09   12.82    0.44    5.18   15.83   68.24   44.96   21.38   12.39    9.89    4.27    3.64    5.37    1.99    2.36    3.25   10.95   17.88   28.01   16.54    9.15    6.26    0.13    0.00    2.04   18.74   27.13   36.23
PSATBTE    -13.69  -50.80   12.07   18.95   13.88    2.31    0.76    2.74    1.10    2.45    1.20    0.52    4.40   11.49    3.06    3.75    5.70    7.25   10.09    6.56    2.61    2.57    6.62   11.08   12.42   13.50    8.20   15.98   27.39   10.38    7.39    8.63   14.30    9.49    7.76    5.22    7.50   12.28    8.38    7.00    6.14   19.40    4.88   10.62   19.23   38.97   27.95
PSATARAG    -8.27  -49.26    9.12   17.68    9.89    3.00    1.60    3.50    2.11    3.84    2.45    0.92    2.78    4.81    4.99    3.02    8.42    6.29    7.09    5.51    2.91    2.56    9.08   10.62   16.63   12.88    7.76   18.53   14.65    9.77    4.21    6.79   11.79   12.53    6.24    5.13    3.58    4.51    7.58    9.44    6.47   23.68   22.78   24.73   22.31   23.94   13.49
PSATLAJ     -9.76  -48.37    9.97   13.31    9.50    1.49    1.52    3.35    2.20    2.19    1.28    1.25    0.62    1.21    1.68    1.05    0.94    2.42    2.51    4.01    3.34    2.80   16.63    6.00   10.65    4.50    9.01   17.60   15.82    4.49    6.49    3.38    6.94    8.47    6.01    3.56    2.40    4.53    5.22    6.57    6.12   26.02   52.58   44.25   33.69    7.63    1.08
PSATPTRL    -9.31  -47.39    6.92   10.81    3.12    1.43    5.93    1.39    4.52    5.92    1.61    0.92    0.33    0.98    0.38    0.02    0.41    3.16    1.05    6.82    3.14    4.38   10.43    5.92   12.46    4.57    9.42   15.58    8.52    5.40    2.41    8.15    6.02    9.20    2.83    2.66    2.08    4.13    7.10    3.04    7.32   24.28   49.84   34.62   20.19    2.50    1.68
PSATLJET    -7.33  -47.48    2.73    6.22    3.63    0.83    3.84    1.60    2.23    5.80    3.02    0.99    1.69    1.42    1.27    0.60    1.00    2.27    2.20    7.77    1.01    5.52    6.44   11.29   11.10    5.10    8.29    8.38    4.04    5.73    3.98   10.89    5.60   12.52    5.84    4.62    2.14    1.85    3.59    3.55    6.42    9.63   27.45   26.79   15.17    8.93    7.16
PSATUCR     -3.83  -49.65    8.05   14.86    9.96    3.60    1.96    3.31    3.96    4.17    4.41    0.88    3.72    0.91    1.94    1.38    4.40    2.25    3.04    7.33    3.29    6.01    8.87   10.16    9.38    4.50    8.09   11.14    4.14    5.26    3.70    7.09    8.52   17.17    8.11    6.47    1.19    2.27    3.25    6.12    7.93    8.51   17.64   19.16   16.47   15.19   22.42
PSATXIVJ   -29.07  -51.67    0.45    0.07    0.05   31.52   80.99   25.75   44.77    0.04    8.61    0.10    0.02    0.00    1.91   14.71    0.14    0.00    0.05    6.42    1.41   28.72   16.86    0.89    0.07    0.02    0.17    6.47    1.59    1.87    0.48    0.32    0.87    3.32    0.89    5.48   23.71    4.90    0.23    0.60    1.79    1.21    0.05    0.00    4.81    2.03   31.57
PSATDFRC   -29.45  -53.28    0.42    0.00    1.43   64.48   71.41   27.27   14.72    0.00    2.21    0.07    0.11    0.04   16.78    7.46    0.13    0.04    0.01    0.58    8.67   18.39   14.12    0.95    0.54    0.00    0.01    0.10    0.34    0.55    0.03    0.02   27.52    3.07    1.19   17.25    2.35    0.98    0.00    1.09    2.27    1.98    0.00    0.00    2.16    1.07    5.77
PSATREAL   -29.02  -53.19    0.08    0.05    0.22   55.23   69.71   53.72   30.49    0.06    3.86    0.02    0.04    0.01    2.53   16.08    0.02    0.01    0.08    1.72    2.43   33.58   13.06    0.13    0.10    0.00    0.00    0.03    0.22    0.49    0.03    0.02   13.96    9.33    1.06   10.70    2.23    0.81    0.02    1.65    1.05    1.71    0.04    0.00    1.97    0.41    6.68
PSATCTAV   -29.01  -51.39    0.35    0.08    0.19   17.94   92.67   33.86   57.80    0.01    5.79    1.93    1.10    0.28    5.69   15.94    1.72    2.36    0.91    5.18    1.55   18.72   16.49    6.77    2.17    0.34    0.30   15.88    3.33    2.95    1.57    0.69    0.43   12.94    4.39    5.82   24.18    6.21    0.00    0.27    2.48    1.74    0.03    0.01    4.61    4.80   21.96
PSATERNT   -28.56  -52.54    0.40    0.15    0.60   31.12   67.67   50.17   34.38    0.15    8.80    0.20    0.06    0.00    1.59   12.15    0.18    0.00    0.11    5.36    2.89   60.78   25.81    0.50    0.00    0.02    0.00    2.57    0.33    0.43    0.02    0.55    4.96    9.98    1.36    8.99   16.60    1.89    0.50    2.29    0.64    1.31    0.00    0.00    2.82    4.15   20.55
PSATSTPL   -27.14  -49.52   12.83    2.70    0.59    2.48   24.81    3.78    1.57    0.37    3.05    3.67    0.92    1.25    1.00    2.96    2.30    0.04    1.37    5.26    1.72   16.31   34.55   18.59    4.14    0.25    0.58   42.39    3.02    2.63    2.57    1.29    0.72    9.12   15.16   14.18   16.23    1.21    0.79    0.06    0.93    0.97    0.60    0.52    7.95    9.49   22.09
PSATCVCH   -25.14  -48.87    9.12    1.83    0.62   17.58    3.06   31.56    4.46   17.40    0.86    4.88    0.85    1.72    0.86    0.71    3.85    0.98    1.19    1.28    6.52    1.05   13.89  102.05   42.69    1.71    1.88   10.38    9.08    0.87    0.87    0.96    0.93    4.65   10.86    5.46   28.14    0.27    3.02    0.06    0.27    0.79    0.58    3.97    3.30   29.66   41.05
PSATAMY    -12.60  -69.12   15.99    6.60   11.94   10.77   16.30   10.55    9.52   21.50   19.80    8.19   15.04    5.52    6.11    9.44   14.95   18.27   12.10    8.81    7.17    5.30    3.62    4.28   37.63   20.86    6.92    5.96   11.66   20.51    4.55    8.75    3.76   17.22    9.63    8.44   17.13   10.94   11.94   15.28   14.44   12.12    9.60   17.86   23.91   15.21   21.91
PSATGJR    -10.73  -65.35   11.10    3.90    5.79    3.69   14.46    9.11   14.44    8.15    2.43    6.23    5.22    5.35    8.02   14.56    6.84   12.98   10.76    6.52    2.91    1.24    3.44   18.62   24.31    5.45    4.37    9.09    9.30   11.90    5.12    2.77    3.32    8.65    4.23   31.88    8.07    0.80    6.79    9.39   10.25    8.68   10.22   15.64    9.29   11.74   14.02
PSATPRNC   -12.43  -64.43   17.82    5.62    3.39    6.05    8.81    7.06    1.76    6.26    2.31   10.30    7.63    8.89    6.01    4.49    3.30    8.15   11.64   12.06    5.06    1.14    0.93   14.28   17.02   11.68   12.14    5.50   10.35    9.61    9.12    8.92    4.36   10.05    5.20   10.60    4.18    0.02    0.32   12.75   10.42    8.50   11.38   31.95   13.45    5.87    9.15
PSATSANT    -8.87  -63.97    7.82   12.61   10.33   12.61   13.46    5.39    3.25    5.90    1.98   10.21    3.96    6.18    4.54    7.10    3.39    4.25   32.02   15.49    2.89    4.85    5.90    7.01    9.34   25.09    8.61    4.01    3.57   10.79   10.15   11.28    3.83    7.01    8.99    8.55   14.98    3.12   10.44    9.32    6.47    8.89    5.74   11.69   42.76   37.11   11.56
PSATDARD   -10.16  -59.46    4.85    8.57   13.52   13.39    3.36    2.29    3.78    3.83    9.88    5.03    3.08    1.99    0.52    2.57    2.38   10.87    9.85   17.94    3.02    1.23    3.70    7.32   18.93   27.25   14.55   11.24   14.38   21.86   14.96   10.48    0.75   13.54    7.21    7.97   11.66    1.55    3.93    5.92   10.62   16.16    9.69   10.84   33.50   15.32   17.59
PSATGUAP   -15.12  -58.96    2.34    5.21   11.05   14.13    3.70    4.23    1.72    0.63    5.24    9.68    4.81    2.15    1.88    6.49    6.68   20.77   34.91   14.86    0.98    0.52    0.27    9.80   10.68   16.07    7.89   13.26    6.42    7.03    4.91   20.54    3.36    5.19    2.72    2.93    8.36    0.03    0.40   17.49   13.85    0.12    4.09   35.46    3.51    0.73    1.89
PSATJIRA    -9.25  -64.65   13.97    5.97    6.23    5.20   11.53    7.86    6.71   16.67    7.06    6.79    6.17    5.32    5.23    6.61    7.28    5.08    8.60    6.95    5.34    2.63    1.71    2.68   24.13   14.11    6.28    4.99    4.19   16.55    9.31    4.77    2.27   10.33    5.79   13.18   17.28    3.60    9.34   12.54   11.37    7.71    8.00   12.50   28.99   23.10   18.34
PSATROND   -11.99  -60.70    0.83    5.62    3.78   15.03    2.53    0.85    4.27    1.72    2.18    1.36    3.07    1.10    0.64    0.37    1.95   12.34   21.68   15.30    5.86    1.02    1.37    1.48   15.81   16.49    8.99   11.76   17.72   14.37   22.60    4.56    6.84   12.57    1.92    9.31    8.42    0.09    2.26   12.39    2.35    3.97    3.63   24.20   18.49   12.57    6.77
PSATSAMU    -8.75  -63.45    4.05    9.83   12.55   12.95    8.66    3.57    5.31    6.12    2.48    9.94    5.54    5.42    4.95    2.47    2.74    5.02   11.09   23.69    3.57    2.68    2.34    6.14    8.80   19.82   11.14    5.14    1.27   12.04    8.38   12.45    4.66   10.35    7.39   13.49   10.84    7.25   13.62    3.29    8.75    7.35    5.87   15.37   27.06   25.21    5.12
PSATBALB    -1.92  -59.47   14.60    7.80    6.85    6.39    6.60   16.33   21.60   11.19    6.07    8.76    5.62    5.40    3.93    5.54    9.71   12.72   20.42   21.11    3.50    6.56   22.73    6.92    3.72    8.92   16.98   18.81    5.81   14.06   12.36   10.37   13.73   17.50   25.11   22.62   34.59   22.33   22.64   18.73   18.95    4.62    0.35    0.00    0.00    0.07    0.99
PSATCUNA    -2.82  -54.30   11.71    6.07    5.76    3.05    2.91    0.79    1.42    4.00    8.48    1.10    3.86    0.72    0.86    2.75    1.75    1.23    4.68    1.80    4.48    1.64    7.92   15.90    2.51    2.46    9.44   20.05    5.80    1.64    6.73   22.88    5.22   14.72    4.75    8.80    9.78    4.28    1.71    4.49   11.57   11.03    8.55    7.63    4.48    6.43   12.48
PSATJARI    -0.65  -52.52    5.44    3.60    4.15    4.37    2.34    4.37    2.26    4.62    8.03    2.36    4.39    2.79    2.20    2.79    2.19    2.25    3.36    1.70    1.30    5.15    2.52    3.65    2.54    2.29    6.85    5.11    2.36    1.38    3.59    6.34    4.70    3.84    5.46    6.83    9.67   11.03    5.83    5.12   13.85    2.20    2.67    1.56    2.42    0.75    7.42
PSATFGOM     0.86  -51.20   10.22    7.01    5.72    9.65    5.04    9.63    6.15    5.87    8.26    3.98    8.64    2.77    3.95    3.42    2.56    4.79    5.74    3.02    1.43    8.98    7.59    2.00    7.35    7.85    4.75    5.90    5.14    2.72   13.02    8.06    7.38    5.85   10.89   16.20   18.24   15.60    7.60    5.65   16.60    1.33    5.82    2.37    4.43    2.06   10.38
PSATUBE     -6.75  -43.57    3.31    5.10    1.87    0.78    3.49    0.72    3.52    5.58    3.51    0.38    2.36    0.21    0.22    0.11    0.42    0.93    1.32    7.29    1.35    4.51    4.39    6.33    3.21    6.35    7.50    2.24    4.60    1.02    5.03    5.62    4.56    9.64    4.73    0.95    0.16    2.42    1.96    4.95   11.81   11.78   24.19   33.98   20.95    3.94    8.00
PSATBSOR    -6.74  -52.00    9.00   19.38   17.39    5.61    1.48    1.91    1.92    3.38    4.62    1.24    2.69    2.41    2.26    3.70    5.71   10.39   11.54    4.74    4.45    1.73   10.52   13.35   23.81   15.76    8.63   17.81   15.82    8.57    7.11    6.85   11.12   13.35   11.04    8.16    7.73    4.41    7.28    6.53    6.26   21.96   23.79   20.38   26.85   33.38   19.53
PSATBESP    -6.75  -51.77   11.23   15.17    6.90    5.65    0.99    2.31    1.34    9.24    4.95    0.56    2.82    0.74    0.68    1.32    2.16    2.66    3.21    5.32    2.38    5.79    5.33   14.07   15.71    7.62   12.75   15.61    3.84    5.32    5.07    8.40   12.07   16.22   10.49    9.68    1.55    1.62    1.72    5.25    2.53   10.50   26.05   21.95   13.55    8.10   15.62
PSATPIME    -3.41  -51.91   10.75   18.69   10.69    5.01    1.50    1.90    2.12    4.48    4.31    3.69    3.50    0.99    2.03    1.34    3.76    4.43    4.79    3.13    3.05    4.17    6.85    8.38    9.90    8.12    8.09   20.38    6.42    4.78    9.84    8.85    4.59   13.69    9.03   12.24   11.07    4.17    2.75    3.75    8.30    7.41   17.48   17.35   10.17   11.17   19.39
PSATIRAP   -16.74  -42.57   12.56    7.57    0.88    0.00    0.00    0.00    0.00    0.04    0.06    0.00    0.16   14.52    2.42    1.33    3.28    1.41    0.50    0.21    0.04    1.56    0.22    0.22    0.02    0.00    0.06    0.01    0.00    0.01    0.03    0.01    0.01    0.03    0.12    0.66    3.20    7.01   23.35    9.32   22.57   47.43   37.02   18.42    9.33    0.98    0.94
PSATITBI   -15.97  -39.59    6.86    0.98    0.12    0.03    0.04    0.03    0.14    0.10    0.13    0.00    0.22    4.03    1.72    0.81    1.02    0.32    0.22    0.18    0.28    0.70    0.28    0.09    0.03    0.06    0.27    0.13    0.11    0.05    0.04    0.04    0.04    0.15    0.24    0.36    0.83    4.32   20.06    5.22   24.08   28.97   26.09   13.80    7.40    1.64    0.92
PSATCOLI   -10.98  -55.77    5.40   14.88   25.38    7.45    1.48    2.15    1.40    3.27    5.58    1.74    3.47    1.91    4.37    9.90    7.40   15.56   20.74    7.01    6.22    1.24    9.79   13.13   25.69   18.36   21.43   12.00   17.67   18.13    7.54    9.83   18.93   14.44   16.56    9.39    9.53   15.99   12.62   11.31    4.63   14.26   21.85   29.28   57.26   44.46   15.19
PSATSAEL    -9.19  -57.04   12.96   16.56   17.55    9.35    1.38    1.64    2.00    1.94    1.23    2.52    3.01    1.08    3.86    1.73    1.74    8.63   18.27    8.05    3.29    1.73    8.78   22.17   30.28   16.40   17.77   10.59    9.15   15.91    8.17    6.12    8.79   14.40    9.26    9.93   23.73    5.75    6.54    9.97    6.04   19.13   11.70   12.40   21.68   30.23   14.95
PSATITQ    -17.09  -54.83   11.50    7.72   11.89    4.68    0.99    1.50    0.70    1.15    1.67    1.81    8.43   12.97    4.84    6.59    7.89    7.84    9.48   11.07    0.72    0.58    5.37    6.01   21.33   18.44   12.61   13.07   14.60    3.36    5.51    8.62    6.68    6.33    4.11    7.42   18.88   15.79    2.07    1.36    0.54    8.06    6.63    0.56    3.64   21.84    9.46
PSATJAU    -15.24  -58.73    4.21    7.74    9.79   12.02    3.07    3.75    1.35    0.46    3.47    6.37    5.47    4.02    5.01    7.01    5.38   16.00   33.49   17.88    0.67    0.30    0.30    8.48   14.20   18.34    5.10   13.43    5.50    6.88    4.43   17.92    3.13   10.83    2.86    3.27    7.51    0.02    0.28   18.77   17.33    0.15    6.46   36.47    4.09    0.50    2.51
PSATMAN    -14.87  -55.78    4.74    7.97   17.78    2.66    1.39    1.30    0.66    1.73    2.87    2.13    1.74   10.05    1.11    6.13    8.99    5.31   21.47    6.46    1.40    0.84    9.55    4.54   16.44   10.96   33.32   24.32   42.84    9.64    3.94   12.49   15.33    3.69    7.70    4.71   13.42    6.65    3.86    5.74    3.09    5.37   23.50   32.67   26.28   28.33   10.98
PSATPTP    -17.61  -54.83   12.32    6.49    9.31    3.98    0.83    0.64    0.34    1.25    0.58    4.05   14.05   18.16    6.51   17.62    9.41    6.70   10.25   12.68    1.04    0.30    3.71    8.54   28.52    9.65   11.70   25.92   14.72    2.18    2.24    6.53    6.24    7.96    2.33    6.69   18.55   15.19    1.33    0.75    1.86    8.31    6.44    0.38    4.69   26.42    2.67
PSATSTCL   -17.90  -40.20    2.84    0.30    0.00    0.00    0.00    0.00    0.01    0.00    0.06    0.00    0.32    3.72    1.49    1.52    0.73    0.14    0.01    0.01    0.12    0.55    0.24    0.00    0.00    0.00    0.16    0.01    0.00    0.01    0.00    0.05    0.02    0.05    0.05    0.17    0.48    2.01   18.61    3.71   24.18   38.49   27.96    5.51    4.26    6.44    1.78
PSATPDC    -12.58  -39.00    0.40    0.31    0.10    0.45    0.49    0.21    0.48    0.16    0.06    0.07    0.12    0.25    0.30    0.16    0.13    0.05    0.38    1.04    0.40    0.57    1.16    0.35    0.30    0.98    0.22    0.27    0.28    0.30    0.26    0.17    0.06    0.36    0.40    0.29    0.03    0.13    0.56    0.77    3.34   23.65   29.73   26.49    3.28    2.18    2.89
PSATROSA   -20.92  -41.72   21.61    4.67    0.73    0.00    0.00    0.06    0.35    8.31    7.84    8.56   10.64   35.16    5.80    2.07   13.77    9.37   11.40    0.13    0.20    0.67    2.04    0.14    0.03    1.24    2.54    1.03    0.34    0.36    2.02    4.52    0.46    0.18    0.51    0.12    0.03    7.91   38.51   41.17   42.34   52.75   37.23    2.26    2.98    3.65    0.72
PSATCAN    -20.21  -42.85   21.23   19.45    0.80    0.00    0.00    0.00    0.05    5.05   10.11    9.77    8.68   19.78    3.19    4.64   13.76   29.43   20.58    1.07    0.38    8.23    3.94    4.45    0.31    0.66    0.81    0.40    0.08    0.30    1.18    8.45    3.84    0.59    1.69    0.21    3.01   24.54   10.97   35.47   54.64   14.21   26.17   11.73    7.03    1.59    0.89
PSATSAC    -19.64  -42.85   13.81   19.30    1.13    0.00    0.00    0.00    0.00    2.70    6.97    0.74    6.27    7.54    7.51    3.03   14.66   30.53    9.50    1.03    0.77    8.32    3.91    2.86    0.07    0.22    0.30    0.15    0.19    0.32    0.24    2.28    1.60    0.41    0.81    0.24    4.98   19.06   18.97   37.79   26.89   34.99   65.28   24.27   10.06    1.91    0.61
PSATPES    -19.12  -42.66   17.72   18.41    1.25    0.00    0.00    0.00    0.02    0.30    1.32    0.01    4.00    3.78   11.28    3.20   15.68    8.07    2.69    0.43    0.63    3.07    0.57    0.27    0.04    0.11    0.45    0.08    0.06    0.25    0.14    0.36    0.21    0.12    0.10    0.39    7.87    6.62   23.35   37.05   24.67   53.47   58.95   29.42   12.21    2.70    1.04
PSATMAS    -19.50  -40.92   18.68    3.37    0.32    0.06    0.02    0.01    0.05    1.12    3.35    0.54    3.65   14.41    6.18    1.85   12.66    6.04    1.82    0.29    0.56    1.77    0.63    0.25    0.10    0.05    0.25    0.16    0.09    0.10    0.11    1.26    0.21    0.07    0.08    0.18    0.88    8.09   36.40   22.09   31.59   46.78   28.11   13.55    5.34    3.02    1.83
PSATSBR    -23.37  -45.87   33.89   11.75    2.98    0.29    0.13   12.12    0.58    6.97    7.24   21.65   13.43    1.49    2.10   16.02   29.60    5.65    5.13    6.61    9.24    0.47    0.77    9.71   12.75   18.02   15.17    9.67   15.01    9.92    9.57    7.48    8.35    8.71   13.26    5.42    4.75    9.61   10.48   10.12   17.36    0.04    0.69    6.65    5.31    2.83    0.27
PSATJAG    -23.20  -46.03   38.23    5.11    5.83    0.53    0.14    9.42    1.36    4.65    1.63   17.52    5.36    0.88    0.92   18.94   36.09    6.99    6.33    8.50   10.16    0.44    1.11    8.93   24.35   19.38   18.92    7.60   22.63   10.28   13.02   10.38    8.94   11.18    7.11    4.64    5.04   15.44    7.87    8.94    5.49    0.03    0.18    2.32    7.29    6.87    0.85
PSATFUNI   -22.53  -44.57   24.13   12.67    3.70    0.44    0.05    9.95    1.78    6.20    3.40   18.96   19.19    4.11    2.04   18.29   29.78    6.67    9.98    9.95   13.29    1.24    2.85   10.04   13.28   15.43   10.19   10.27   15.35    8.00   10.87   12.23   10.43    5.80    9.23    5.95    8.74   14.24   12.86   26.22   21.58    0.14    0.30    6.71    6.50    3.64    1.06
PSATSACE   -22.48  -43.84   19.23   29.21    2.60    0.06    0.00    1.02    3.07    9.54   10.82   29.99   18.34    9.92    3.56   13.26   17.71    8.16   28.71    7.67   13.44    3.62    2.22   16.11    4.72   16.34    2.19   14.27    2.38    9.09   14.99   13.24   21.67    6.60   13.89    9.40    3.27    6.67   17.94   22.84   38.35    1.13    6.45   20.48    4.61    2.87    0.95
PSATPIC    -21.91  -43.54   13.81   26.91    2.40    0.00    0.00    0.30    1.79    6.55   10.52   45.49   15.74   11.98    3.04   12.51   19.82    4.75   22.98    9.54   10.76    5.33    3.92   18.62   10.93   17.72    2.78    8.38    1.57    6.13   14.07   15.72   24.57    6.35   18.98    5.65    4.64    7.23   16.91   19.10   41.47    1.95    8.76   11.02    7.90    2.38    0.15
PSATSOGI   -21.94  -43.36   18.13   37.46    2.11    0.00    0.00    0.11    4.26    9.26    9.89   38.46   18.30    9.63    2.08    9.67   17.92    5.98   23.86    8.71    3.87    4.56   12.97   22.93    3.31   19.87    2.21    4.15    0.69    7.55    6.32   18.53   13.65    4.24    8.18    0.38    6.76    8.19   15.37   11.11   42.50    8.77   19.49   11.54   10.56    3.05    0.35
PSATIPSI   -21.84  -42.58   29.84   27.81    1.68    0.01    0.00    0.45    2.74   11.07    5.98   35.11   20.25   10.70    1.79   11.22   24.99   10.03   13.60    7.02    3.46    3.01    7.15   20.30    2.87   10.21    2.49    5.54    0.85    2.50    6.79   13.18    9.24    3.88    4.89    1.26    1.32    5.94   21.77   14.74   22.44    3.00   16.75   11.68    5.60    1.75    0.27
PSATTCLJ   -22.69  -43.83   23.22   24.99    1.48    0.00    0.37    2.49    0.77    6.48    5.75   21.62   14.45    2.80    1.77    6.10   20.00    4.21   13.26    4.44    4.32    1.30    1.02   13.44    5.10    4.97    2.72   12.71    1.46    2.37   10.19    7.61   11.38    2.17    7.17    1.50    0.21    5.74   15.81   11.26   13.61    1.83   10.04   18.31    4.21    2.23    0.18
PSATBIGU   -25.51  -53.67    5.09    7.74    0.72    7.33   35.64   16.60   34.73    1.89   10.44   11.70    4.59    0.15    0.09    7.08    1.34    0.06    0.66    1.73    9.19   57.35   52.52   13.46    0.53    0.14    9.39    9.13    1.65    0.82    0.31    0.88    1.07    6.12    6.42    8.40   16.89    0.03    0.28    1.97    1.45    1.03    0.44    0.00    1.64    6.12   18.54
PSATBRAU   -21.45  -42.41   37.37   36.72    1.45    0.00    0.00    0.05    0.32   11.37   12.18   15.83   17.64   11.46    4.01    4.96   16.05   25.48   25.62    2.11    0.39    3.81    5.41    8.59    0.31    5.20    2.08    1.71    0.30    0.72    1.85   13.57    5.03    0.98    0.32    0.01    1.85   12.40   13.17   13.15   42.08   13.91   16.87   23.61    8.20    4.15    1.82
PSATSUIC   -20.08  -40.58    9.38    0.63    0.18    0.40    0.14    0.05    0.15    0.98   11.56    2.03    6.70   20.03    6.53    2.07   16.19    7.32    0.96    0.52    1.22    3.14    2.43    0.69    0.27    0.09    0.43    2.29    0.82    0.24    0.15    1.11    0.52    0.92    0.43    0.89    0.15    1.13   42.94   12.79   51.82   27.28   27.98    4.82   11.75    3.66    1.86
PSATJRI     -9.30  -64.70   10.70    5.65    4.51    5.15   12.15    7.32    5.44   17.39    7.16    7.60    7.23    5.18    3.94    4.21    6.87    4.25    9.71    7.05    4.49    2.25    1.67    2.21   25.98   17.69    6.97    3.57    3.08   17.34   10.85    5.76    2.26    7.15    5.49    4.84   13.75    1.49    7.66   10.89   10.71    7.45    6.72   14.02   35.85   24.91   22.48
PSATBENI   -14.59  -67.53   23.85    7.52   11.69    6.13    9.41    9.84   10.94   16.89    7.23    3.11    4.21    4.42    7.94   13.93    8.35    7.36    6.43    7.41    7.97    4.25    2.00    3.84   20.83    4.87    4.43    8.76    7.39   14.29    3.72    2.17    2.10   20.15    6.55   35.60   27.83    8.77   14.51   16.51   14.71    8.75   12.90   10.74   11.45    9.42    9.60
PSATEPB    -12.42  -64.42   13.44    4.69    3.88    4.85   10.61    7.46    2.95    4.95    2.39    9.86    7.25    8.01    7.26    7.07    3.88   11.50   10.60    9.43    3.81    0.90    1.69   17.98   15.83    8.68   10.34    7.05    9.58   10.38    6.69    6.50    3.27    9.74    4.09   14.70    3.32    0.02    0.81   10.40    8.65    7.01   11.93   26.93   10.06    6.75   10.07
PSATEGM    -10.79  -64.35   13.86    4.33    6.09    4.26   14.20    9.20   17.47   10.46    2.35    5.36    4.85    4.99    6.98   14.93    7.64   10.61   11.68    7.78    3.54    1.54    3.35   15.23   28.96    7.04    3.79    8.54    9.67   11.85    6.59    3.60    4.20    8.49    5.20   34.22   10.71    1.07    8.45   11.01   12.30   10.38    8.79   15.63   11.90   12.59   14.72
PSATSTOA    -8.79  -63.95    7.50   11.07   10.35   11.90   13.24    5.41    3.17    5.27    1.93    9.91    3.99    5.92    4.56    7.33    3.35    4.05   31.37   14.36    2.42    4.54    5.86    7.26    9.20   23.98    8.70    3.96    3.35   10.60   10.02   10.99    3.13    7.20    8.72    8.95   15.12    3.05   10.54    9.23    6.72    8.84    5.53   12.00   44.92   37.22   12.27
PSATENC     -9.90  -66.62    4.78    6.34    2.05    4.63   15.24    5.46    2.62    7.92    5.64   13.86    4.50   10.90    7.54    1.03    5.03    6.46    9.28    4.22    4.96    1.35    1.60    3.59    6.92   21.34    8.27    4.34    5.01   17.24   15.03    6.78    5.52    2.57    6.75    6.11   10.52    5.84    7.68   12.57    6.07    7.98    6.08    2.87   28.72   68.17   12.14
PSATAMY1   -11.71  -70.63    3.81    3.42    2.16    6.75   10.47   11.50    7.84   31.84   25.63    8.25   23.56    4.84    5.44    6.64    9.92   14.62    5.62    7.12    3.61    1.13    1.78    2.41   27.99   22.05    5.01    3.33    6.74   19.37    5.55   10.47    3.32    5.56    2.16    1.46   12.39    5.55    6.07    4.81    6.65    8.87    2.63   18.74   39.82   26.77   21.21
PSATAMY2   -12.37  -71.17   10.10    6.45    9.79   11.53   21.84   12.10    9.50   24.19   20.43    6.91   14.06    6.26    7.06   11.53   15.66   21.35   14.65   11.88    6.91    6.20    4.76    4.97   38.34   20.32    7.29    4.55   13.76   22.32    4.74    8.56    3.99   16.23    9.19    9.41   16.40    6.63   11.44   10.65   10.71   11.58    9.68   14.20   26.99   15.23   21.14
PSATAMY3   -13.75  -70.18   30.56    9.79   26.09   16.60   12.92    8.84    9.34   12.38   14.45    6.11    6.73    3.96    5.63   10.59   22.96   22.00   18.47    8.75    9.69    8.18    4.76    5.67   46.49   22.66    7.92   10.66   17.67   17.35    4.71    9.38    4.65   27.97   18.60   14.22   21.64   24.68   20.08   33.64   29.61   18.03   13.79   20.13   12.63    9.43   21.91
PSATAMY4   -13.45  -69.47   27.09    7.31   10.02    5.09   17.87    7.58   12.31   13.92   18.13   15.54   16.41    7.90    6.26    6.89    9.33   10.78    6.91    4.73    8.68    5.11    2.28    3.54   33.46   15.03    7.30    5.71    4.34   22.05    2.45    5.55    1.87   20.74    9.21    8.57   18.04    9.14   10.38   14.75    8.97    8.89   10.53   17.58    7.24    4.94   19.66
PSATJRN    -13.37  -59.01   12.95    4.10    7.99   23.76   10.77    2.72    2.30    1.03    3.44   11.20    7.38    4.18    0.87    3.94    5.60   10.11   23.09   18.83    6.43    0.68    1.82   12.67   12.17   14.17   14.52    8.60    4.27    8.10    4.00   14.84   12.44   11.06    2.94    4.50    7.54    0.00    0.44   12.13    8.44    0.38    3.78   44.66   10.15    9.90    8.96
PSATAPI    -10.34  -56.98    8.82    9.77   21.10   12.19    2.53    2.10    3.11    2.64    1.43    3.06    2.79    3.37    4.74    1.27    1.01    6.36   15.33    5.04    4.34    2.02    8.13   19.75    9.19   18.09   16.52    9.14   18.70   15.92    9.73    6.73   10.33   13.31   18.09   11.80   24.99   15.13    8.73    4.07    8.88   19.19   13.57   11.35   30.73   36.26    8.93
