PSATAGV    -19.89  -50.35    2.76   37.73    7.54    3.48    2.55    1.25    1.52    0.15    0.67    5.17    6.82    3.80    0.20    1.98    7.78    4.76    1.28    0.29    0.05    0.04    0.00    0.00    0.00    0.00    0.00    0.00    0.00    0.00    0.07    0.02    0.00    0.00    0.00    0.00    0.00    0.00    0.00    0.00    0.00    0.00    0.00    0.00    0.00    0.00    0.00
PSATCMG    -21.28  -44.63    1.16   17.49   16.16    7.89    0.82   12.35    2.38    0.72    0.41    0.12    0.05    0.99    1.19    1.55    4.81    7.47    0.83    1.28    2.70    0.01    0.07    0.33    0.30    0.52    0.02    0.03    0.14    0.04    0.01    0.01    0.26    0.01    0.00    0.05    0.02    0.00    0.00    0.00    0.01    0.00    0.13    0.64    0.03    0.00    0.00
PSATCES    -20.25  -48.16    1.09   46.11   20.31    6.42    3.53    2.44    2.48    0.11    0.03    0.10    9.63    3.37    0.18    1.53   19.12    6.48    9.39    2.83    0.28    0.03    0.23    0.01    0.00    0.00    0.00    0.00    0.00    0.00    0.00    0.02    0.00    0.00    0.00    0.00    0.00    0.00    0.00    0.00    0.00    0.00    0.02    0.00    0.00    0.00    0.00
PSATELC    -21.60  -46.95    1.21   33.30   24.47    3.79    1.59    5.51    2.11    0.32    0.03    0.17    5.73    4.11    0.47    0.36   12.51    4.28    2.69    3.07    0.58    0.03    0.01    0.03    0.02    0.00    0.04    0.00    0.00    0.00    0.00    0.07    0.00    0.00    0.00    0.00    0.00    0.00    0.00    0.00    0.00    0.00    0.02    0.00    0.00    0.00    0.00
PSATFUN    -21.14  -45.04    0.66   17.29   12.21    9.13    1.35    4.11    1.48    0.63    0.21    0.10    0.04    1.82    0.75    1.35   10.50    3.54    0.90    1.10    1.23    0.20    0.04    0.15    0.21    0.31    0.01    0.04    0.01    0.01    0.00    0.01    0.05    0.00    0.00    0.05    0.00    0.00    0.00    0.00    0.00    0.00    0.00    0.02    0.00    0.00    0.00
PSATFUR    -20.67  -46.32    0.66   28.32   13.94    6.66    1.02    2.92    1.86    1.03    0.25    0.12    1.50    1.63    0.30    1.06   14.87    3.31    6.49    0.52    0.74    0.16    0.07    0.10    0.13    0.04    0.01    0.01    0.01    0.00    0.00    0.01    0.01    0.00    0.00    0.00    0.01    0.00    0.00    0.00    0.00    0.00    0.01    0.01    0.00    0.00    0.00
PSATMRB    -20.30  -49.18    1.56   44.29   16.08    5.93    4.22    2.87    2.04    0.14    0.11    0.60    7.92    3.96    0.25    1.70   17.39    5.21    4.22    2.47    0.17    0.01    0.08    0.00    0.00    0.00    0.00    0.00    0.00    0.00    0.00    0.01    0.00    0.00    0.00    0.00    0.00    0.00    0.00    0.00    0.00    0.00    0.00    0.00    0.00    0.00    0.00
PSATPRG    -21.59  -45.67    0.58   29.06   14.11    5.87    0.54    9.37    3.22    0.29    0.03    0.10    4.97    3.99    0.69    0.39    9.16    3.64    1.53    0.81    0.52    0.02    0.09    0.11    0.08    0.01    0.05    0.09    0.07    0.05    0.00    0.09    0.02    0.01    0.01    0.00    0.07    0.00    0.01    0.00    0.00    0.00    0.02    0.12    0.00    0.00    0.00
PSATPAS    -21.02  -48.18    0.41   32.42   22.00    6.60    2.77    8.55    1.32    0.18    0.00    1.46   10.01    5.40    0.41    1.22   21.01    3.39    5.01    3.03    0.14    0.06    0.01    0.02    0.00    0.00    0.00    0.00    0.01    0.00    0.00    0.03    0.01    0.00    0.00    0.00    0.00    0.00    0.00    0.00    0.00    0.00    0.00    0.06    0.00    0.00    0.00
PSATPTB    -21.61  -45.49    0.77   23.99   16.84    4.56    0.49    7.16    2.64    0.39    0.10    0.10    1.09    1.85    0.32    0.93    9.46    3.61    0.82    0.67    0.68    0.06    0.08    0.09    0.01    0.05    0.06    0.15    0.08    0.02    0.00    0.00    0.02    0.03    0.00    0.02    0.09    0.00    0.00    0.00    0.00    0.00    0.00    0.13    0.00    0.00    0.00
PSATPTC    -20.00  -48.55    4.18   16.23   15.45    3.42    3.66    0.91    2.68    0.48    0.14    0.02    6.39    2.33    0.33    1.26   17.59    7.33    9.00    0.74    0.30    0.06    0.17    0.02    0.02    0.01    0.01    0.01    0.00    0.00    0.00    0.02    0.00    0.00    0.00    0.00    0.00    0.00    0.00    0.00    0.00    0.00    0.02    0.00    0.00    0.00    0.00
PSATFZA    -26.00  -51.65    6.78   13.43    2.82    3.37   10.99    0.49    0.20    0.05    2.69   48.77    9.29    0.02    1.21   41.64    8.84    1.21    5.97    0.84    0.14    2.59    2.88    3.60    0.30    0.02    0.00    0.00    0.17    0.15   13.26    0.00    0.00    0.00    0.00    0.00    0.00    3.88    0.05    0.00    1.40    8.81    0.37    0.60    0.11    0.46    1.47
PSATJSG    -25.78  -52.00    8.20   15.40    3.21    2.03   15.78    0.31    0.02    0.02    3.66   53.83    8.50    0.00    0.98   29.83    3.49    0.70    7.98    1.00    0.43    4.37    3.82    1.09    0.06    0.00    0.01    0.00    0.05    0.03   29.07    0.00    0.00    0.00    0.00    0.00    0.00    8.20    0.17    0.00    6.44   13.83    0.07    0.53    0.05    0.38    1.88
PSATSCX    -25.53  -53.48   11.68   25.03    2.50    2.05   34.04    0.39    0.01    0.02    3.29   57.56    5.79    0.01    7.62   30.61    1.71    1.81   19.14    1.61    0.43    8.70    4.84    0.47    0.00    0.00    0.00    0.00    0.00    0.08   28.57    0.01    0.00    0.00    0.00    0.00    0.01   11.06    0.15    0.00   11.91    6.25    0.01    0.10    0.01    0.98    2.20
PSATSCL    -25.49  -51.74   10.44   23.82    5.50    1.30   17.31    1.60    0.14    0.02    0.58   43.82   20.98    0.00    1.95   36.04   11.14    0.76    5.09    1.08    0.22    1.30    1.59    0.79    0.05    0.00    0.01    0.00    0.03    0.00    5.42    0.00    0.00    0.00    0.00    0.00    0.00    0.06    0.00    0.00    0.37   12.79    0.23    0.29    0.02    0.09    0.90
PSATUVT    -26.23  -51.08    4.00   10.14    0.34    3.58    6.69    1.81    0.68    0.07    1.86   30.76    7.92    0.10    2.36   36.14   12.53    1.27    3.82    0.51    0.01    1.82    1.62    2.30    0.74    0.02    0.01    0.01    0.21    0.36   10.37    0.00    0.04    0.05    0.01    0.00    0.00    2.86    0.33    0.00    0.16    6.42    0.65    0.12    0.06    0.36    2.19
PSATBSM    -24.19  -53.74    4.30   40.22    9.95    1.54   30.66    0.93    0.20    0.02    0.34   47.66    6.41    0.02    3.82   16.99    2.89    1.53   10.02    0.60    0.42    4.72    1.92    0.15    0.00    0.00    0.00    0.00    0.00    0.69    7.33    0.00    0.00    0.00    0.00    0.00    0.00    0.34    0.00    0.00    0.65    7.91    0.02    0.00    0.00    0.88    0.70
PSATFLE    -22.97  -54.56    4.56   26.62    1.95   10.26   18.83    0.26    0.03    1.47    0.20   19.45    1.30    0.06    0.71   14.56   20.79    0.76    3.78    0.20    0.14    0.02    0.24    0.04    0.00    0.00    0.00    0.00    0.00    0.44    8.42    0.00    0.00    0.00    0.00    0.00    0.00    0.65    0.63    0.00    1.41    1.45    0.00    0.00    0.00    0.21    0.43
PSATITP    -25.42  -54.58    6.00   33.51    6.46    4.27   17.20    0.64    0.12    0.06    0.66   31.65    5.78    0.04    4.31   30.50    6.35    1.79   13.03    0.36    0.18    1.47    2.55    0.08    0.00    0.00    0.00    0.00    0.00    1.08    9.78    0.00    0.00    0.00    0.00    0.00    0.07    4.95    0.48    0.00    2.51    1.42    0.01    0.00    0.00    0.82    0.23
PSATIVM    -22.38  -53.53    3.96   39.07    8.16   14.98    8.04    3.66    0.83    1.68    0.57   13.00   12.91    0.13    0.46    4.74   13.33    1.21    1.31    0.92    0.20    0.15    0.38    0.02    0.00    0.00    0.00    0.03    0.00    0.10    2.34    0.00    0.00    0.01    0.00    0.00    0.00    0.10    0.00    0.00    0.10    0.54    0.00    0.03    0.00    0.01    1.33
PSATPTQ    -23.18  -53.17    1.55   32.21   10.44    1.16   23.12    1.34    0.47    0.01    0.07   24.07   10.11    0.05    0.21   10.03    9.64    1.80    1.94    0.20    0.22    1.22    1.14    0.33    0.06    0.00    0.00    0.00    0.01    0.23    7.39    0.00    0.00    0.00    0.00    0.00    0.00    0.00    0.00    0.00    0.00    6.32    0.54    0.01    0.00    0.04    0.05
PSATCBI    -17.99  -48.54    0.05    0.70    3.46    3.87    7.20    1.22    3.60    3.59    1.69    1.22    3.37    1.13    0.94    0.29    0.11    0.00    0.00    0.00    0.04    0.00    0.06    0.00    0.11    0.00    0.02    0.03    0.01    0.17    0.08    0.00    0.00    0.01    0.00    0.00    0.00    0.00    0.00    0.00    0.00    0.00    0.00    0.01    0.00    0.00    0.00
PSATCBIV   -16.15  -48.67    0.09    0.89    6.38    3.77    8.31    2.32    2.32    4.64    2.11    2.16    2.27    1.51    0.55    0.29    0.17    0.00    0.00    0.00    0.00    0.00    0.00    0.00    0.16    0.00    0.00    0.03    0.00    0.12    0.14    0.02    0.00    0.00    0.00    0.00    0.00    0.00    0.00    0.00    0.00    0.00    0.01    0.00    0.00    0.00    0.00
PSATEMB    -18.45  -47.98    1.40    0.30    2.72    3.08    2.58    0.70    2.49    3.28    1.33    0.07    0.63    1.42    1.82    0.50    0.31    0.88    0.26    0.09    0.30    0.34    0.39    0.00    0.05    0.01    0.02    0.03    0.00    0.00    0.00    0.00    0.00    0.00    0.00    0.00    0.00    0.00    0.00    0.00    0.00    0.00    0.00    0.00    0.00    0.00    0.00
PSATIMBR   -18.42  -49.10    2.65    2.48    4.81    3.13    4.33    1.02    2.86    2.67    1.16    0.57    2.10    0.70    1.71    0.18    1.22    1.63    0.17    0.02    0.05    0.10    0.09    0.00    0.04    0.02    0.01    0.01    0.00    0.05    0.00    0.01    0.00    0.00    0.00    0.00    0.00    0.00    0.00    0.00    0.00    0.00    0.00    0.00    0.00    0.00    0.00
PSATNPTE   -19.13  -47.70    4.85    2.15    6.63    4.68    3.43    0.67    2.41    2.26    0.58    0.09    2.24    0.82    1.98    1.10    5.27    7.82    2.70    1.51    0.32    0.33    0.53    0.01    0.04    0.02    0.01    0.02    0.00    0.00    0.00    0.02    0.00    0.00    0.00    0.00    0.00    0.00    0.00    0.00    0.00    0.00    0.00    0.00    0.00    0.00    0.00
PSATARV    -18.07  -50.16    5.81    4.54    6.66    2.60    5.50    3.93    3.56    2.28    1.88    1.64    1.08    1.11    2.34    1.81    0.98    0.31    0.01    0.00    0.00    0.02    0.01    0.00    0.01    0.00    0.00    0.00    0.00    0.01    0.00    0.00    0.00    0.00    0.00    0.00    0.00    0.00    0.00    0.00    0.00    0.00    0.00    0.00    0.00    0.00    0.00
PSATSFC    -18.05  -47.68    0.09    0.20    3.76    4.63    6.16    1.79    2.96    3.26    3.08    0.14    1.13    1.07    0.83    0.56    0.14    0.01    0.01    0.00    0.14    0.01    0.02    0.07    0.03    0.01    0.06    0.08    0.00    0.04    0.03    0.00    0.00    0.00    0.00    0.00    0.00    0.00    0.00    0.00    0.00    0.00    0.01    0.00    0.00    0.00    0.00
PSATSSM    -19.02  -50.50    9.21    7.47    6.03    3.27    4.61    2.07    2.80    2.11    1.44    2.12    2.14    1.05    1.08    0.45    5.99    1.64    0.17    0.01    0.02    0.06    0.04    0.00    0.04    0.00    0.00    0.00    0.00    0.04    0.01    0.00    0.00    0.00    0.00    0.00    0.00    0.00    0.00    0.00    0.00    0.00    0.00    0.00    0.00    0.00    0.00
PSATCNI    -22.94  -50.52    0.31   26.22   15.22    1.36    5.62    3.72    0.48    0.01    0.00   18.46   13.20    0.76    0.01    1.27   17.25    0.80    2.33    2.42    0.40    0.17    0.02    0.02    0.00    0.00    0.00    0.00    0.00    0.00    1.19    0.22    0.06    0.01    0.00    0.00    0.00    0.00    0.00    0.00    0.00    0.11    0.47    0.00    0.00    0.00    0.00
PSATCPV    -22.65  -51.33    0.59   26.81   12.44    1.74   12.47    5.02    0.44    0.00    0.00   14.47   12.59    0.14    0.02    2.47    9.31    0.85    0.62    0.16    0.05    0.63    0.20    0.12    0.02    0.00    0.00    0.00    0.01    0.06    7.02    0.01    0.01    0.00    0.00    0.00    0.00    0.00    0.00    0.00    0.00    0.84    0.78    0.00    0.00    0.00    0.00
PSATCHT    -23.01  -49.73    0.18   19.53    5.73    1.83    4.01   15.27    0.45    0.01    0.01   14.11    9.46    0.41    0.09    3.62   12.09    0.41    0.30    0.05    0.01    0.34    0.11    0.41    0.11    0.01    0.01    0.00    0.03    0.02    0.85    0.20    0.10    0.02    0.01    0.00    0.00    0.00    0.01    0.00    0.00    0.99    0.53    0.00    0.00    0.00    0.00
PSATJUR    -23.22  -49.23    0.20   17.96    2.67    0.92    2.41   16.66    0.57    0.12    0.05   12.58    6.73    0.77    0.27    2.76   19.93    0.62    0.38    0.93    0.06    0.24    0.13    0.76    0.34    0.03    0.00    0.01    0.11    0.06    0.42    0.81    0.22    0.15    0.03    0.00    0.00    0.00    0.03    0.00    0.00    0.66    0.54    0.10    0.00    0.06    0.04
PSATMAU    -24.06  -50.71    1.55   16.94   10.74    5.30   12.24    7.47    0.78    0.01    0.00   16.71    6.52    0.18    0.65    9.22    6.27    1.13    0.57    0.28    0.08    0.30    0.33    2.82    0.31    0.00    0.00    0.00    0.07    0.03    3.71    0.00    0.01    0.00    0.00    0.00    0.00    0.00    0.00    0.00    0.00    2.84    2.30    0.05    0.00    0.00    0.00
PSATROS    -22.50  -52.87    0.24   33.23   16.69    5.11   11.42    2.35    0.54    0.00    0.00   16.08    8.02    0.08    0.00    2.81    3.11    1.56    0.17    0.05    0.04    0.97    0.37    0.01    0.00    0.00    0.00    0.00    0.00    0.02    4.48    0.00    0.00    0.00    0.00    0.00    0.00    0.00    0.00    0.00    0.00    0.80    0.27    0.00    0.00    0.00    0.00
PSATQMD    -16.21  -47.33    0.12    0.57   11.33    6.68    7.61    0.82    0.98    6.98    4.67    0.47    0.14    0.23    0.05    0.41    0.01    0.00    0.00    0.01    0.02    0.00    0.00    0.02    0.03    0.06    0.07    0.08    0.06    0.12    0.05    0.00    0.00    0.02    0.00    0.00    0.00    0.00    0.00    0.00    0.00    0.00    0.00    0.00    0.00    0.00    0.00
PSATRBX    -18.95  -44.76    0.21    1.27    9.95    5.85    3.20    5.92    2.66    3.49    1.34    0.08    0.01    0.26    2.59    1.16    1.77    1.62    1.98    0.19    2.03    1.82    0.11    0.03    0.17    0.11    0.07    0.04    0.00    0.00    0.00    0.00    0.00    0.00    0.00    0.05    0.00    0.00    0.00    0.00    0.00    0.00    0.00    0.00    0.00    0.00    0.00
PSATSFR    -15.93  -44.86    0.09    0.23    1.43    7.07    4.02    1.54    2.84    3.08    1.55    0.16    0.01    0.05    0.19    0.11    0.01    0.00    0.00    0.00    0.10    0.00    0.00    0.10    0.00    0.15    0.10    0.03    0.01    0.01    0.00    0.00    0.00    0.10    0.00    0.00    0.00    0.00    0.00    0.00    0.00    0.00    0.00    0.00    0.00    0.01    0.01
PSATSRM    -16.37  -45.07    0.26    0.11    2.75    6.35    3.46    2.23    5.58    3.62    1.46    0.06    0.01    0.20    1.16    0.58    0.16    0.71    0.31    0.14    0.34    0.38    0.07    0.05    0.25    0.07    0.11    0.04    0.02    0.01    0.02    0.02    0.01    0.01    0.00    0.04    0.00    0.00    0.00    0.01    0.02    0.00    0.00    0.00    0.02    0.09    0.06
PSATTMR    -18.16  -45.27    1.12    0.83    7.34    5.51    3.39    3.11    5.22    3.49    0.91    0.09    0.12    1.66    1.25    0.89    8.02    6.50    2.55    0.29    0.66    0.52    0.10    0.01    0.13    0.02    0.04    0.06    0.00    0.00    0.00    0.00    0.00    0.00    0.00    0.00    0.00    0.00    0.00    0.00    0.00    0.00    0.00    0.00    0.00    0.00    0.00
PSATBOQ    -11.35  -43.83    1.00    0.69    0.11    0.19    0.12    0.21    0.05    0.36    3.18    1.90    0.42    0.44    0.19    0.41    0.00    0.00    0.00    0.00    0.00    0.00    0.00    0.00    0.05    0.00    0.00    0.06    0.04    0.40    0.14    0.01    0.00    0.01    0.04    0.36    0.34    0.28    0.01    0.00    0.00    0.00    0.00    0.00    0.00    0.00    0.02
PSATBBO    -22.52  -48.55    0.19   14.53    8.59    8.07    1.30   12.09    1.02    0.15    0.01    6.47   10.74    4.05    0.46    0.36   26.39    0.79    1.81    2.49    0.23    0.11    0.01    0.53    0.01    0.01    0.01    0.03    0.08    0.02    0.00    0.20    0.05    0.01    0.01    0.00    0.00    0.00    0.00    0.00    0.00    0.05    0.26    0.17    0.03    0.00    0.01
PSATESZ    -23.46  -46.91    0.42   13.56    6.71   14.12    1.41   13.64    4.99    1.59    0.27    1.41    5.92    8.63    2.77    0.72   31.26    2.30    0.48    0.71    0.09    0.37    0.05    1.73    0.17    0.06    0.10    0.82    1.21    0.20    0.00    1.21    0.25    0.24    0.30    0.02    0.00    0.00    0.15    0.00    0.00    3.11    7.66    0.61    0.07    0.03    0.30
PSATIBT    -21.76  -48.99    0.13   18.56   22.35    3.23    5.08    4.50    0.50    0.03    0.00   13.31   14.57    1.47    0.12    0.80   22.76    1.01    6.13    2.33    0.15    0.14    0.00    0.00    0.00    0.00    0.00    0.00    0.00    0.00    0.00    0.02    0.00    0.00    0.00    0.00    0.00    0.00    0.00    0.00    0.00    0.00    0.00    0.00    0.00    0.00    0.00
PSATNAV    -21.12  -50.20    0.23   26.40   10.14    5.18    2.33    3.70    0.82    0.01    0.02   13.84   12.12    4.59    0.10    1.87   16.11    1.02    5.95    0.71    0.10    0.22    0.00    0.00    0.00    0.00    0.00    0.00    0.00    0.00    0.07    0.01    0.00    0.00    0.00    0.00    0.00    0.00    0.00    0.00    0.00    0.00    0.01    0.00    0.00    0.00    0.00
PSATSME    -13.40  -48.30    1.69    5.47    3.45    4.38    3.69    0.96    1.06    1.85    3.91    2.68    0.78    0.76    0.30    0.24    0.07    0.00    0.00    0.00    0.00    0.00    0.00    0.00    0.06    0.00    0.00    0.00    0.00    0.05    0.02    0.00    0.00    0.00    0.00    0.00    0.00    0.00    0.00    0.00    0.00    0.00    0.00    0.00    0.00    0.00    0.00
PSATBGR    -27.78  -51.20    0.00    0.01    0.02    3.89    4.60    0.12    0.02    0.00    1.59    4.86    9.87    0.00    0.14   36.90    1.24    0.93   22.64    0.69    3.47   25.21   21.23    1.47    0.10    0.00    0.62    1.10    1.64    0.26   29.99    0.04    0.00    0.00    0.00    0.00    0.73   24.35   33.78    0.00   14.01    0.72    0.00    0.02    0.08   17.64   22.41
PSATCNV    -27.60  -51.33    0.01    0.16    0.08    0.89    9.07    0.72    0.10    0.04    8.07   12.30    6.18    0.01    2.01   62.27    2.88    1.19   21.34    0.76    0.54   13.89    9.30    1.93    0.51    0.03    0.01    0.53    0.87    0.72   25.10    0.04    0.01    0.00    0.00    0.00    0.00   28.15   21.36    0.00    6.99    2.09    0.03    0.03    0.00   14.26   20.67
PSATFCH    -27.14  -53.04    0.05    2.73    0.23    1.36    4.19    0.01    0.00    0.00   23.67   32.56    1.48    0.00    6.66   37.75    0.23    3.70   25.85    0.24    7.68   70.53   19.57    6.26    0.00    0.00    0.00    0.00    0.00    0.78   36.88    0.02    0.00    0.00    0.00    0.00    0.00   35.10   22.98    0.00   14.36    0.08    0.00    0.02    0.00    7.02    7.92
PSATITA    -27.27  -52.38    0.04    1.45    0.18    1.53    3.86    0.26    0.02    0.00   15.57   30.31    4.17    0.02    5.81   46.16    2.87    2.71   15.11    0.39    4.77   14.72   12.67    7.94    0.08    0.00    0.00    0.00    0.07    0.05   28.43    0.04    0.00    0.00    0.00    0.00    0.10   27.38   13.99    0.00    9.02    1.61    0.03    0.04    0.02   10.98    7.54
PSATMCD    -27.52  -51.78    0.00    0.17    0.02    0.89    2.14    0.01    0.00    0.00    8.71   13.08    6.05    0.00    2.76   39.37    0.56    3.15   20.12    0.47    9.99   15.33   21.61   18.25    0.02    0.00    0.00    0.00    0.03    0.00   39.86    0.06    0.00    0.00    0.00    0.00    0.20   32.75   28.26    0.00   16.83    0.11    0.00    0.00    0.00   18.54    8.03
PSATMOJ    -27.35  -52.73    0.00    0.43    0.05    2.46    1.98    0.00    0.00    0.00   17.81   15.21    2.54    0.00    4.35   34.19    0.06    9.06   13.05    0.24   23.38   63.30   31.01    7.95    0.00    0.00    0.00    0.00    0.00    2.26   35.87    0.00    0.00    0.00    0.00    0.00    1.97   36.59   26.49    0.00   22.83    0.00    0.00    0.00    0.00   16.57    4.49
PSATQQX    -26.66  -52.54    1.93    7.11    1.04    1.64    4.05    0.15    0.00    0.00   11.31   49.62    3.43    0.01    7.26   36.43    3.02    3.02   16.67    0.96    0.22    6.58    4.84    1.27    0.00    0.00    0.01    0.00    0.03    0.00   28.27    0.00    0.00    0.00    0.00    0.00    0.00   24.35    1.63    0.00    4.71    2.08    0.02    0.14    0.02    3.07    6.33
PSATPSJ    -28.14  -55.05    0.00    0.00    0.17    0.86    0.35    0.00    0.00    0.00   18.16   16.93    1.01    0.00    2.65   10.30    0.00    7.53   15.76    0.48   19.13   15.45    0.28    9.43    0.01    0.00    0.10    0.07    0.01   27.53   18.72    0.00    0.00    0.00    0.00    0.03   42.82    5.05   21.97    0.56   13.73    0.00    0.00    0.00    3.27   21.78    2.86
PSATESP    -18.68  -51.87    4.96    0.53    6.18    4.20    2.38    1.29    4.84    1.10    1.53    1.62    3.36    1.95    1.34    1.50    5.23    8.68    3.97    0.03    0.00    0.00    0.12    0.03    0.00    0.00    0.00    0.00    0.00    0.00    0.00    0.06    0.00    0.00    0.00    0.00    0.00    0.00    0.00    0.00    0.00    0.00    0.12    0.00    0.00    0.00    0.00
PSATSRC    -19.16  -50.76    5.28    6.39   10.75    2.17    8.31    2.14    5.16    1.57    1.46    3.30    3.90    1.30    1.67    2.36    5.55    4.96    1.70    0.04    0.01    0.01    0.03    0.01    0.00    0.00    0.00    0.00    0.00    0.02    0.02    0.08    0.00    0.00    0.00    0.00    0.00    0.00    0.00    0.00    0.00    0.00    0.12    0.00    0.00    0.00    0.00
PSATFRCL   -19.12  -50.64    7.03    4.94   13.89    2.53    7.63    3.39    5.83    2.26    2.35    2.88    4.25    1.92    2.62    2.05    7.80    5.73    0.51    0.00    0.00    0.02    0.02    0.01    0.00    0.00    0.00    0.00    0.00    0.01    0.10    0.00    0.00    0.00    0.00    0.00    0.00    0.00    0.00    0.00    0.00    0.00    0.00    0.00    0.00    0.00    0.00
PSATISOT   -20.40  -51.35    2.46   29.92    5.36    6.71    1.85    1.57    1.66    0.79    0.67    9.16    5.51    2.44    0.24    2.06    9.40    1.48    0.93    0.18    0.03    0.09    0.02    0.00    0.00    0.00    0.00    0.00    0.00    0.01    0.07    0.03    0.00    0.00    0.00    0.00    0.00    0.00    0.00    0.00    0.00    0.00    0.09    0.00    0.00    0.00    0.00
PSATJUP    -20.86  -51.63    6.09   16.96    8.82    4.06    0.68    3.23    2.13    1.76    1.43    5.00    4.34    2.83    1.20    7.43    6.17    2.06    1.39    0.30    0.02    0.04    0.11    0.00    0.00    0.00    0.00    0.00    0.00    0.01    0.06    0.02    0.00    0.00    0.00    0.00    0.00    0.00    0.00    0.00    0.00    0.02    0.11    0.00    0.00    0.00    0.00
PSATSDG    -20.06  -53.18    3.62    5.81   12.03    5.67    0.30    3.13    1.55    3.48    1.69    2.96    3.71    1.48    1.72    5.76    2.64    1.16    0.75    0.44    0.06    0.12    0.25    0.01    0.00    0.00    0.00    0.00    0.00    0.01    0.01    0.02    0.00    0.00    0.00    0.00    0.00    0.00    0.00    0.00    0.00    0.44    0.14    0.00    0.00    0.00    0.00
PSATFZBT   -21.66  -52.87    2.49   20.40    9.87    9.89    0.91    4.42    2.03    2.14    0.22    6.98    7.81    0.27    0.82    8.44    7.40    1.17    0.59    0.76    0.08    0.09    0.21    0.01    0.00    0.00    0.00    0.00    0.00    0.02    0.60    0.00    0.00    0.00    0.00    0.00    0.00    0.00    0.00    0.00    0.00    1.19    0.06    0.00    0.00    0.00    0.13
PSATPPRA   -22.46  -52.91    0.68   28.76   12.66    7.82    2.19    5.31    1.55    0.14    0.01   11.64    8.45    0.36    0.06    4.76    7.04    0.90    0.36    0.40    0.08    0.28    0.12    0.00    0.00    0.00    0.00    0.00    0.00    0.38    0.96    0.03    0.00    0.00    0.00    0.00    0.00    0.00    0.00    0.00    0.00    0.36    0.11    0.00    0.00    0.00    0.01
PSATBTE    -13.69  -50.80    7.75    4.69    4.93    1.73    3.61    2.25    1.04    0.61    1.19    1.20    2.29    1.20    1.36    0.45    1.54    0.98    0.01    0.00    0.01    0.01    0.02    0.00    0.00    0.00    0.00    0.00    0.00    0.02    0.01    0.01    0.00    0.00    0.00    0.00    0.00    0.00    0.00    0.00    0.00    0.00    0.00    0.00    0.00    0.00    0.00
PSATARAG    -8.27  -49.26    5.21    4.45    0.95    0.94    3.61    0.85    0.67    1.23    1.49    2.07    3.47    2.37    1.41    0.54    0.31    0.06    0.00    0.03    0.00    0.02    0.05    0.04    0.04    0.10    0.10    0.06    0.08    0.37    0.62    0.20    0.25    0.02    0.05    0.53    0.28    0.13    0.05    0.01    0.00    0.00    0.00    0.00    0.01    0.00    0.00
PSATLAJ     -9.76  -48.37    3.13    1.60    0.26    0.69    0.96    0.56    0.73    0.81    2.54    1.30    0.88    0.65    0.57    0.25    0.00    0.00    0.00    0.01    0.00    0.00    0.00    0.00    0.01    0.01    0.01    0.02    0.01    0.16    0.11    0.08    0.00    0.05    0.01    0.01    0.14    0.11    0.03    0.00    0.00    0.00    0.00    0.00    0.00    0.00    0.00
PSATPTRL    -9.31  -47.39    0.52    0.44    0.00    0.06    0.52    0.42    0.52    0.99    2.40    1.06    0.80    1.85    0.47    0.15    0.00    0.00    0.00    0.00    0.00    0.00    0.00    0.03    0.00    0.00    0.02    0.00    0.14    0.20    1.63    0.05    0.02    0.00    0.01    0.08    0.45    0.24    0.03    0.00    0.00    0.00    0.00    0.00    0.00    0.00    0.00
PSATLJET    -7.33  -47.48    1.39    0.56    0.13    0.42    4.66    1.10    2.89    2.12    3.88    3.54    3.26    2.09    1.16    0.30    0.14    0.14    0.16    0.21    0.06    0.12    0.08    0.08    0.11    0.06    0.18    0.06    0.70    1.61    4.07    0.60    0.42    0.60    0.17    0.38    0.35    0.33    0.12    0.05    0.00    0.00    0.00    0.04    0.00    0.02    0.02
PSATUCR     -3.83  -49.65    3.18    1.24    0.53   10.16    8.14    6.19    3.02    4.10    1.81    2.00    2.42    1.66    0.95    0.43    0.24    2.55    1.30    0.68    0.62    0.52    0.72    0.68    0.99    1.68    1.96    1.34    1.62    3.35    8.00    1.67    5.89    2.94    2.03    4.82    2.62    3.60    2.28    0.58    0.20    0.07    0.00    2.99    1.28    0.47    0.19
PSATXIVJ   -29.07  -51.67    0.00    0.00    0.29    4.23    1.07    0.00    0.00    0.00    1.27   19.45    4.62    0.00    0.54   22.67    0.31    0.40   14.43    0.27   16.17    8.00   11.38    7.58    0.00    0.00    0.63    1.40    0.17    0.00   32.21    0.03    0.00    0.00    0.00    0.00    7.08   28.05   29.94    0.00   20.92    0.02    0.00    0.00    0.89   23.53   11.47
PSATDFRC   -29.45  -53.28    0.00    0.00    0.10    0.45    0.17    0.00    0.00    0.00    7.89   16.14    1.99    0.01    1.27    3.79    0.05    5.36   14.38    0.13   28.56    3.08    0.13    9.37    2.11    0.00    2.00    3.01    0.09   14.76   24.13    0.00    0.00    0.00    0.00    0.24   46.44    5.33   15.08    0.56   11.38    0.00    0.02    0.00    7.48   22.77    4.65
PSATREAL   -29.02  -53.19    0.00    0.00    0.13    1.19    0.37    0.00    0.00    0.00    6.62   20.78    1.14    0.00    1.59   13.83    0.05   12.85   17.18    0.20   29.11   13.11    4.43    9.93    0.00    0.00    0.00    0.18    0.04    7.26   24.79    0.01    0.00    0.00    0.00    0.00   29.38   16.86   15.64    0.02   11.35    0.00    0.00    0.01    0.05   23.39    2.54
PSATCTAV   -29.01  -51.39    0.00    0.08    0.03   11.10    2.23    0.01    0.00    0.00    0.16   11.56    6.59    0.01    0.46   18.94    1.30    0.48   13.26    0.38   11.31   45.03   25.56    1.62    0.00    0.15    2.58    0.63    2.73    0.30   26.94    0.10    0.00    0.00    0.00    0.00   11.07   29.59   35.33    0.08   14.65    0.02    0.01    0.01    0.42   27.90   25.40
PSATERNT   -28.56  -52.54    0.00    0.04    0.10    2.64    1.79    0.00    0.00    0.00    6.90   19.76    3.21    0.00    2.18   26.44    0.04   12.10   14.42    0.43   22.00   14.51   22.33   17.85    0.00    0.00    0.00    0.02    0.02    1.53   33.39    0.00    0.00    0.00    0.00    0.00    6.12   27.50   23.39    0.00   17.97    0.00    0.02    0.00    0.02   20.89    3.48
PSATSTPL   -27.14  -49.52    0.05    0.04    0.19    0.11   13.42    2.01    0.13    0.21    6.95   13.92    5.78    0.00    2.83   63.49    6.77    1.68   11.81    0.78    0.08    9.10    8.15    1.07    1.27    0.15    0.03    1.09    3.03    1.74   29.86    0.00    0.15    0.05    0.05    0.03    0.00   20.53   13.62    0.03    2.34   11.65    0.13    0.10    0.00    7.14   22.48
PSATCVCH   -25.14  -48.87    1.67    9.10    0.34    7.22    3.03    4.54    1.38    0.55    0.11   13.01    5.40    0.18    2.90   21.77   17.40    1.11    1.02    0.35    0.00    0.06    1.02    1.36    0.87    0.03    0.00    0.06    0.46    0.70   13.40    0.03    0.40    0.49    0.15    0.00    0.00    0.00    0.09    0.00    0.00    2.14    1.31    0.09    0.00    0.67    0.64
PSATAMY    -12.60  -69.12    7.08    5.30    3.64    2.77    4.43    5.77    8.33    4.79    5.04    3.18    7.71    6.73    3.06    4.18    3.63    2.67    1.29    1.06    1.89    4.38    5.28    7.51    3.29    4.05    5.51    6.97    3.57    2.84   12.29    8.97    0.73    2.10    0.80    1.80    3.95    3.25    3.34    1.77    3.27    3.68    1.46    1.04    3.66    7.56    3.60
PSATGJR    -10.73  -65.35    7.74    2.62    2.09    3.19    8.02    3.59    2.19    1.93    1.05    4.35    3.94    1.19    1.32    3.14    1.50    0.57    0.70    0.92    2.46    5.75    4.09    1.11    0.19    0.85    3.17    2.26    0.18    1.87    4.93    1.38    0.33    0.74    0.73    1.24    1.89    4.02    2.69    0.53    2.55    1.78    0.16    0.06    1.99    2.02    0.61
PSATPRNC   -12.43  -64.43    7.60    3.67    3.83    3.79    4.48    3.06    1.96    2.16    0.89    2.25    4.38    1.48    1.74    2.16    1.81    1.10    0.45    0.38    0.43    3.62    0.52    0.06    0.00    0.03    0.05    0.00    0.00    0.30    6.19    0.98    2.28    4.88    0.94    0.67    2.02    2.60    3.44    0.24    0.43    1.22    0.00    0.00    0.09    0.07    0.11
PSATSANT    -8.87  -63.97    2.07    8.22    3.18    8.13    7.28    2.80    4.67    2.01    2.49    2.54    3.21    3.79    3.30    1.91    3.31    4.99    0.67    0.44    1.49    7.36    0.71    0.93    0.65    0.98    0.97    2.37    1.98    2.69    7.86    9.65    4.75    5.94    2.93    5.24    5.03    2.27    2.32    0.64    5.41   15.35    0.61    0.04    0.11    8.38    1.45
PSATDARD   -10.16  -59.46    8.56    4.77    8.55   15.46    2.88    2.29    2.68    1.23    0.93    1.69    1.38    5.13    1.58    2.95    3.25    1.61    0.49    0.13    0.21    0.28    0.05    0.01    0.04    0.12    0.03    0.03    0.01    1.49    3.89    1.90   14.28    8.88    0.79    0.90    3.77    2.38    0.38    0.14    0.31    0.04    0.01    0.00    0.00    0.04    0.05
PSATGUAP   -15.12  -58.96    5.60    1.06    4.96    2.32    6.29    2.70    1.44    1.93    1.46    0.82    5.26    2.21    2.79    3.25    6.36    0.95    0.03    0.26    0.00    0.00    0.03    0.15    0.00    0.00    0.00    0.00    0.00    0.00    2.01    0.06    2.75   12.48    0.21    0.15    0.46    0.15    0.06    0.00    0.15    0.31    0.00    0.00    0.21    0.00    0.00
PSATJIRA    -9.25  -64.65   10.12    4.01    2.11    3.60    4.49    6.19    4.65    4.69    2.50    2.06    5.33    3.68    1.71    3.24    3.67    1.36    0.83    0.48    0.84    3.49    3.20    4.82    1.34    1.18    3.20    5.50    1.32    0.92   13.86    6.46    0.60    1.50    1.01    1.44    2.34    2.19    4.64    0.99    1.90    6.23    0.62    0.21    2.11    7.84    2.05
PSATROND   -11.99  -60.70    0.95    4.05    3.36    4.73   11.47    3.56    2.37    1.55    1.31    1.99    5.99    0.95    4.68    3.56    1.17    8.12    0.41    0.09    0.24    0.24    0.02    0.00    0.00    0.21    0.26    0.00    0.00    0.06    3.57    1.01    3.23    5.19    0.73    2.81    1.56    2.90    0.37    0.12    0.18    0.06    0.27    0.00    0.00    0.03    0.00
PSATSAMU    -8.75  -63.45    0.38    7.59    3.83    9.64    7.65    2.20    3.27    1.70    2.23    1.48    3.56    5.55    4.27    1.63    1.92    3.90    0.41    0.35    2.02    8.07    1.48    0.16    0.14    0.43    0.89    0.50    0.33    1.19    6.07    5.61    2.43    6.68    4.50    3.84    8.45    1.81    1.80    0.85    4.31    5.71    0.37    0.02    0.08    1.03    0.13
PSATBALB    -1.92  -59.47   13.89    6.21    9.44   11.49   11.64    7.55    2.73    3.31    2.33    4.08   14.04    6.18    6.25    6.13    3.75    1.98    8.08    7.52    8.43   13.64    6.22    7.14    6.65   11.88    3.87    2.78   10.00    8.66    8.44   17.02   16.78    9.80    6.02   12.78    5.83    6.65    4.88   12.79   28.33   16.87    3.10    7.59    7.93   17.38   12.33
PSATCUNA    -2.82  -54.30    4.65    2.74    1.53   18.29   17.33    6.63    4.15    6.20    5.57    1.08    0.52    1.84    2.21    0.58    0.22    0.23    8.86    2.78    7.15    8.82    2.26    0.99    6.05    5.03    5.42    2.66    1.15    2.31   13.02    3.82   10.30    5.92    6.33    2.63    2.92    2.50    0.82    1.29    2.92    5.00    0.74    1.22   26.04    2.86    0.90
PSATJARI    -0.65  -52.52    6.49    3.83   10.29    9.16    6.81    5.59    4.47    8.94    4.81    1.47    2.36    2.65    3.48    3.99    1.67    3.11    4.51    6.81    9.60    9.93    9.05    6.34   12.44    5.71    5.44    2.50    2.30    4.46   11.48    7.59    8.89    6.93    4.25    2.03    6.22   13.39    6.54    5.26    8.17   15.13    2.72    2.73   14.81    8.47    3.85
PSATFGOM     0.86  -51.20    3.34    9.40   14.53   11.63    6.06    5.81    5.83    6.01    2.66    1.14    3.59    2.55    8.20    3.07    3.10    2.45    7.87    7.47   18.86    9.42   10.58   11.50   11.79    6.87    3.36    3.63    4.44    7.53   13.16   11.43    4.18    6.83    4.61    4.23    6.20   12.59    7.34    8.61    8.91   19.04    6.02    8.81   18.81    7.68    6.72
PSATUBE     -6.75  -43.57    1.51    0.25    0.09    0.49    1.06    0.66    1.28    0.95    2.95    1.50    1.83    0.46    0.22    0.13    0.01    0.05    0.11    0.01    0.00    0.01    0.00    0.01    0.03    0.00    0.02    0.03    0.08    0.47    2.94    0.30    0.06    0.08    0.02    0.18    0.13    0.19    0.04    0.03    0.00    0.00    0.09    0.18    0.00    0.00    0.00
PSATBSOR    -6.74  -52.00    3.89    2.33    1.50    2.00    3.67    2.10    1.21    0.93    1.28    1.49    3.26    3.40    1.55    0.87    0.36    0.01    0.13    0.06    0.02    0.05    0.01    0.17    0.12    0.28    0.53    0.53    0.25    0.73    2.69    1.14    4.37    0.07    0.06    0.59    0.40    0.14    0.11    0.08    0.01    0.00    0.00    0.00    0.03    0.02    0.00
PSATBESP    -6.75  -51.77    8.57    1.27    0.22    2.85    8.72    1.36    0.99    1.48    1.84    2.36    3.57    2.47    1.62    0.51    0.09    0.07    0.06    0.35    0.07    0.17    0.15    0.75    0.78    0.70    1.61    2.04    1.81    4.32    9.18    2.08    9.76    0.58    0.70    4.88    2.25    0.90    1.09    0.61    0.08    0.00    0.00    0.07    0.45    0.28    0.01
PSATPIME    -3.41  -51.91    5.20    2.72    1.44    7.22   11.03    4.26    1.82    3.38    3.03    1.34    1.24    1.87    1.52    0.54    0.22    0.98    3.22    2.06    0.66    4.85    0.80    0.82    2.94    4.69    2.16    2.91    2.04    4.13    9.89    3.37    7.82    2.60    2.19    2.72    2.54    2.02    1.81    0.56    0.40    0.31    0.10    1.36    5.06    0.47    0.52
PSATIRAP   -16.74  -42.57    0.51    0.23    0.10    1.45    3.56    2.42    4.30    5.90    1.23    0.18    0.02    0.54    0.71    0.73    0.15    0.01    0.16    0.18    0.43    0.16    0.08    0.80    1.10    0.33    0.49    0.09    0.10    0.05    0.15    0.19    0.19    0.09    0.11    0.33    0.01    0.01    0.01    0.06    0.25    0.01    0.00    0.00    0.17    1.06    0.46
PSATITBI   -15.97  -39.59    0.64    0.44    0.09    0.85    2.07    1.55    6.73    6.05    1.04    0.39    0.11    0.29    0.95    1.16    0.64    0.13    0.57    0.55    0.36    0.23    0.38    1.50    3.66    1.52    1.16    0.88    0.28    0.07    0.61    1.89    0.77    0.64    0.69    0.71    0.19    0.41    0.33    0.70    0.32    0.10    0.14    0.19    1.45    1.60    0.22
PSATCOLI   -10.98  -55.77    9.19    2.26    2.96    5.25    6.59    1.86    1.73    0.91    0.83    4.11    3.05    4.79    2.33    1.36    0.78    0.17    0.00    0.00    0.00    0.00    0.02    0.03    0.01    0.02    0.00    0.01    0.01    0.21    0.26    0.31    9.24    0.05    0.00    0.00    0.09    0.01    0.00    0.02    0.00    0.00    0.00    0.00    0.00    0.00    0.00
PSATSAEL    -9.19  -57.04    1.27    2.60    2.93    0.77    2.73    3.75    1.49    0.61    1.01    3.48    1.41    2.11    1.40    0.62    0.33    0.17    0.01    0.02    0.05    0.08    0.02    0.16    0.17    0.25    0.11    0.11    0.28    2.84    4.76    4.59    6.28    1.91    0.08    0.27    0.51    0.16    0.10    0.06    0.01    0.00    0.00    0.00    0.00    0.11    0.01
PSATITQ    -17.09  -54.83    6.89    2.41    9.08    8.69    3.38    5.95    1.94    1.75    1.98    1.32    9.31    2.42    3.92    1.50    4.85    2.40    0.00    0.00    0.00    0.05    0.10    0.00    0.00    0.00    0.00    0.00    0.00    0.05    0.06    0.02    0.00    0.00    0.00    0.00    0.00    0.00    0.00    0.00    0.00    0.02    0.08    0.00    0.00    0.00    0.00
PSATJAU    -15.24  -58.73    7.23    0.95    4.64    3.24    6.00    2.45    1.44    1.73    1.65    0.71    5.24    2.93    2.50    4.14    5.04    1.03    0.05    0.11    0.00    0.00    0.03    0.09    0.00    0.00    0.00    0.00    0.00    0.00    1.09    0.05    2.59    9.82    0.21    0.09    0.55    0.13    0.04    0.00    0.13    0.17    0.01    0.00    0.07    0.00    0.00
PSATMAN    -14.87  -55.78    8.95    2.24    1.44    2.18    9.33    3.60    0.99    1.43    1.43    3.10    6.17    4.17    2.78    2.18    3.27    1.36    0.00    0.00    0.00    0.00    0.10    0.03    0.00    0.00    0.00    0.00    0.00    0.00    0.07    0.01    0.04    0.01    0.00    0.00    0.00    0.00    0.00    0.00    0.00    0.01    0.01    0.00    0.00    0.00    0.00
PSATPTP    -17.61  -54.83   10.28    3.09    5.98   12.87    1.43    2.53    2.78    2.22    2.40    2.28    8.44    3.89    5.55    1.90    6.59    4.98    0.01    0.00    0.00    0.05    0.18    0.00    0.00    0.00    0.00    0.00    0.00    0.01    0.02    0.00    0.01    0.00    0.00    0.00    0.00    0.00    0.00    0.00    0.00    0.00    0.13    0.00    0.00    0.00    0.00
PSATSTCL   -17.90  -40.20    1.09    0.68    0.10    0.61    1.01    5.18    5.67    8.29    2.37    0.38    0.01    0.37    1.27    1.77    0.91    0.06    1.53    1.11    0.89    0.18    0.93    8.56    3.66    5.95    3.56    1.24    0.67    0.57    3.08    2.31    1.40    1.04    2.18    1.88    0.52    0.89    0.48    1.51    0.88    0.67    0.06    0.57    2.77    1.18    0.01
PSATPDC    -12.58  -39.00    3.50    1.50    0.54    0.45    0.14    0.02    0.06    2.57    5.32    2.64    1.40    1.01    0.33    1.29    0.84    0.54    0.46    0.62    0.20    0.70    1.03    3.98    1.47    1.50    1.06    1.49    1.26    1.68    0.89    0.16    2.24    1.07    2.71    1.47    2.80    1.39    0.83    1.70    1.15    0.70    2.09    0.90    1.42    3.98    0.54
PSATROSA   -20.92  -41.72    1.06    0.63   14.12    6.68    7.31    5.34    7.98    1.75    1.12    1.63    0.00    1.41   12.24    3.05    0.11   16.33    2.66    0.98    0.89    0.53    0.36    0.67   22.60    1.80    1.01    0.40    0.14    0.05    1.66    0.99    0.10    0.34    0.40    0.62    0.01    0.12    0.02    0.32    0.99    0.00    0.00    0.40    1.21    0.86    1.46
PSATCAN    -20.21  -42.85    0.53    1.14   23.53    7.42    6.89    8.56    2.72    0.99    1.15    1.71    0.00    2.26    4.23    1.25    1.63   12.10    1.65    0.58    0.41    0.99    0.08    0.19    2.87    3.89    0.69    0.54    0.12    0.15    0.27    0.48    0.05    0.04    0.04    0.54    0.03    0.02    0.01    0.10    0.25    0.00    0.00    0.07    0.52    0.13    0.34
PSATSAC    -19.64  -42.85    0.63    0.26   21.22    8.66    4.01    5.69    2.60    5.97    2.39    0.83    0.02    0.25   10.14    3.95    0.58   12.55    1.46    1.93    1.07    1.40    0.45    0.64    3.08    5.07    0.73    0.56    0.14    0.09    0.50    0.77    0.12    0.09    0.11    0.77    0.08    0.04    0.01    0.54    0.46    0.00    0.00    0.07    0.12    0.80    1.09
PSATPES    -19.12  -42.66    0.78    0.20    3.51    4.14   11.07    4.85    4.89   13.98    3.07    0.45    0.07    0.02    2.55    3.89    0.61    0.62    2.22    0.95    0.75    0.23    0.67    1.76    2.92    2.19    0.89    0.70    0.47    0.34    0.89    0.87    0.39    0.26    0.28    1.04    0.05    0.10    0.08    0.70    0.60    0.05    0.01    0.22    0.57    1.37    0.58
PSATMAS    -19.50  -40.92    0.60    0.35    3.13    3.60    6.86    8.05    4.11    5.31    1.97    0.75    0.01    0.03    2.94    1.36    0.48    1.45    2.32    0.76    0.65    0.20    0.55    2.20    6.67    4.01    0.77    0.55    0.32    0.13    1.36    1.21    0.23    0.16    0.62    0.80    0.16    0.33    0.23    1.04    0.80    0.21    0.07    0.31    0.51    0.70    0.53
PSATSBR    -23.37  -45.87    0.51   13.90    6.62   13.36    1.12   14.12    7.69    1.44    0.75    0.00    2.49    7.51    4.34    0.74   15.29    5.36    0.71    1.04    0.27    0.03    0.02    1.96    0.24    0.11    0.25    0.84    1.60    0.17    0.00    0.77    0.46    0.15    0.25    0.01    0.00    0.00    0.02    0.00    0.00    0.24    6.22    1.00    0.02    0.01    0.11
PSATJAG    -23.20  -46.03    0.21   11.56    5.93    9.78    0.62   10.71    2.37    0.45    0.02    0.03    5.70    8.29    1.98    0.18   26.89    1.66    1.40    2.20    0.20    0.06    0.00    1.75    0.05    0.03    0.09    0.40    1.10    0.03    0.00    0.55    0.09    0.03    0.06    0.00    0.00    0.00    0.00    0.00    0.00    0.00    0.76    0.31    0.00    0.00    0.00
PSATFUNI   -22.53  -44.57    0.42   15.94    7.47    7.59    0.55   14.28    4.02    0.51    0.11    0.02    3.56    4.49    1.78    0.26   13.86    3.81    0.59    1.30    0.41    0.02    0.02    0.82    0.07    0.03    0.14    0.30    0.70    0.07    0.00    0.22    0.06    0.05    0.04    0.00    0.01    0.00    0.02    0.00    0.00    0.00    0.56    0.44    0.02    0.00    0.00
PSATSACE   -22.48  -43.84    0.63   14.01    9.43   10.95    1.24   28.09   10.99    0.33    0.40    0.08    0.00    4.22    6.45    1.08    4.38    8.35    0.60    1.63    1.21    0.00    0.02    0.85    0.58    0.04    0.08    0.00    0.58    0.05    0.00    0.00    0.12    0.02    0.02    0.00    0.00    0.00    0.00    0.00    0.00    0.00    1.77    0.52    0.00    0.00    0.05
PSATPIC    -21.91  -43.54    2.14   19.43   12.40   10.39    2.07   23.01    4.26    0.48    0.38    0.17    0.01    1.33    2.83    1.66    1.71    7.28    0.95    0.37    1.50    0.00    0.05    0.87    0.56    0.32    0.00    0.03    0.40    0.00    0.03    0.00    0.15    0.00    0.00    0.06    0.00    0.00    0.00    0.00    0.00    0.00    0.67    1.71    0.00    0.00    0.00
PSATSOGI   -21.94  -43.36    1.46   17.71   13.16   10.91    1.55   22.46    4.59    1.15    1.31    0.33    0.00    3.10    3.69    1.59    8.60    5.88    1.10    0.37    1.02    0.00    0.05    0.70    0.60    0.66    0.12    0.09    0.34    0.11    0.26    0.12    0.00    0.00    0.02    0.11    0.02    0.00    0.00    0.00    0.02    0.00    1.08    1.24    0.03    0.00    0.00
PSATIPSI   -21.84  -42.58    1.11   14.94    8.86    5.92    2.08   13.27    7.14    0.39    0.52    0.14    0.00    5.19    6.52    1.40    4.84    3.23    0.93    0.38    0.65    0.04    0.16    0.92    0.52    0.37    0.31    0.11    0.38    0.10    0.52    0.18    0.05    0.00    0.01    0.05    0.04    0.00    0.00    0.01    0.06    0.00    1.90    1.32    0.07    0.00    0.03
PSATTCLJ   -22.69  -43.83    0.21    6.86    4.54    7.85    0.95    9.05   15.78    0.84    0.79    0.14    0.00    4.07   12.80    0.72    8.41    5.87    0.64    0.55    0.11    0.00    0.00    0.81    0.32    0.03    0.12    0.09    0.79    0.06    0.00    0.09    0.06    0.00    0.00    0.00    0.00    0.00    0.00    0.00    0.00    0.09   12.79    1.80    0.00    0.00    0.03
PSATBIGU   -25.51  -53.67   13.24   26.87    2.56    2.67   36.78    0.39    0.01    0.02    3.32   59.41    5.30    0.01    9.69   33.30    1.57    2.06   22.22    1.76    0.45    9.52    4.68    0.39    0.00    0.00    0.00    0.00    0.00    0.50   28.05    0.01    0.00    0.00    0.00    0.00    0.19   11.92    0.19    0.00   11.94    4.95    0.01    0.08    0.00    1.34    2.11
PSATBRAU   -21.45  -42.41    0.70    5.33   31.31    5.41    3.33   24.38    6.02    0.47    0.97    0.88    0.00    7.01    5.30    1.30    5.24   11.89    1.16    0.29    0.40    0.13    0.03    0.76    1.89    1.34    0.73    0.20    0.10    0.17    0.76    0.43    0.02    0.01    0.02    0.12    0.05    0.00    0.00    0.04    0.12    0.00    0.02    0.20    0.18    0.04    0.06
PSATSUIC   -20.08  -40.58    1.51    1.16    0.33    6.63    3.20    3.32    8.61    3.30    2.30    0.04    0.00    0.00   10.18    4.70    0.76    0.84   12.10    0.26    0.96    0.44    0.78    0.60    6.65    3.28    1.88    0.70    0.40    0.18    7.48    1.46    0.64    0.00    1.01    0.18    0.21    1.07    0.12    2.44    1.13    0.70    0.40    1.59    0.15    1.86    0.98
PSATJRI     -9.30  -64.70    9.44    5.23    2.45    4.29    4.73    6.27    4.79    4.66    2.27    2.24    6.08    3.49    1.69    2.63    2.84    1.49    0.85    0.47    0.90    4.01    2.82    3.03    1.35    1.08    2.65    4.23    0.66    1.05   16.22    8.04    0.75    1.65    1.24    1.92    2.87    2.53    4.95    1.10    2.02    7.10    0.21    0.02    0.56    5.69    1.45
PSATBENI   -14.59  -67.53   11.85    1.12    0.90    1.92    4.79    5.96    5.06    4.76    3.38    1.36    3.79    4.15    1.77    4.84    5.80    1.29    0.59    0.53    0.80    2.12    4.14    9.11    1.20    1.63    4.86    8.33    3.19    0.65    9.67    2.52    0.36    1.15    0.22    0.38    1.39    1.55    3.26    0.81    2.01    4.07    1.74    0.75    6.49   14.79    3.93
PSATEPB    -12.42  -64.42    7.53    2.99    2.98    3.34    5.63    2.79    1.99    1.79    0.82    3.16    3.49    1.28    1.85    2.55    1.36    0.96    0.51    0.52    0.95    4.15    1.20    0.14    0.00    0.05    0.14    0.23    0.02    0.73    4.85    0.69    1.61    3.59    0.71    0.58    1.76    3.11    2.88    0.29    0.70    0.86    0.01    0.00    0.26    0.12    0.30
PSATEGM    -10.79  -64.35    7.88    3.04    2.50    3.51    8.05    4.17    2.29    2.35    1.16    3.96    4.94    1.38    1.05    3.09    1.98    0.56    0.72    0.93    2.61    5.77    4.60    1.39    0.26    1.13    4.19    2.78    0.22    1.89    6.12    1.90    0.43    0.85    0.93    1.56    2.17    3.88    3.15    0.59    2.98    2.47    0.20    0.08    2.40    2.65    0.52
PSATSTOA    -8.79  -63.95    1.82    7.46    3.21    7.72    7.27    2.82    4.45    1.90    2.61    2.50    3.13    3.62    3.10    1.93    3.60    4.79    0.65    0.44    1.41    7.44    0.68    0.68    0.60    0.95    0.98    2.49    2.02    2.87    7.83    9.34    4.77    6.31    2.97    5.18    4.96    2.30    2.40    0.66    4.88   14.74    0.58    0.04    0.10    7.65    1.26
PSATENC     -9.90  -66.62   11.30    4.98    3.99    4.48    1.34    6.78    1.89    4.27    2.10    4.15    3.85    3.80    2.53    2.64    3.60    1.21    1.61    0.36    0.66    4.93    2.88    6.99    2.05    0.89    2.46    8.73    0.95    0.98    8.93    7.93    0.53    1.45    2.26    1.90    1.48    1.20    5.96    1.25    1.47    7.07    0.30    0.01    0.16    3.39    1.18
PSATAMY1   -11.71  -70.63    6.22    3.28    0.83    2.47    3.70    5.43    9.14    5.72    5.62    2.91    8.22    4.34    1.53    3.07    2.72    1.78    0.70    0.51    0.90    4.01    2.42    5.18    1.34    2.09    3.11    4.26    1.31    0.72   14.45    7.88    0.12    1.10    0.97    1.04    3.27    2.83    3.87    1.05    1.49    5.08    0.80    0.05    0.67    6.89    2.60
PSATAMY2   -12.37  -71.17    7.70    6.87    4.40    2.39    3.63    5.68    9.90    4.43    6.06    3.55    7.86    8.55    3.35    4.17    3.28    2.20    1.32    1.38    1.44    4.62    6.43    7.54    3.54    4.22    5.01    9.04    2.88    3.64   12.75   10.47    0.78    0.77    0.72    2.10    5.04    3.43    3.68    2.18    3.55    3.69    1.41    0.85    5.27   11.29    4.82
PSATAMY3   -13.75  -70.18    7.78    6.79    6.15    3.70    5.26    6.23    7.24    2.94    4.08    3.58    7.94    6.57    4.59    5.41    5.19    4.12    2.19    1.41    4.24    5.71    6.83    9.11    5.73    6.95    8.85    7.39    7.58    4.14    8.19   10.30    1.47    6.03    1.14    2.65    3.82    3.43    2.48    2.20    5.53    2.05    1.37    2.60    2.96    3.12    2.32
PSATAMY4   -13.45  -69.47    5.90    2.16    2.60    2.48    5.07    5.42    5.20    7.30    3.44    2.21    5.69    6.68    2.43    4.12    3.49    2.98    0.76    0.59    0.64    1.96    4.54    9.54    2.15    2.08    5.26    4.84    2.59    2.47   10.04    4.84    0.45    0.62    0.12    0.55    1.82    2.80    2.95    1.24    2.01    4.28    3.08    0.71    6.23    7.37    4.88
PSATJRN    -13.37  -59.01    3.67    3.52    4.49    2.06    7.03    5.45    1.93    2.26    1.22    1.21    5.30    4.89    2.67    3.36    3.86    1.79    0.28    0.41    0.00    0.04    0.02    0.14    0.00    0.00    0.00    0.02    0.00    0.00    1.97    0.29    1.02    7.43    0.49    0.14    1.79    0.35    0.05    0.00    0.21    0.52    0.03    0.00    0.05    0.12    0.00
PSATAPI    -10.34  -56.98    1.46    3.39    3.45    3.53   11.14    2.92    1.43    0.21    1.44    1.72    1.31    3.63    2.91    0.95    0.54    0.26    0.01    0.00    0.00    0.06    0.03    0.00    0.04    0.05    0.06    0.08    0.07    2.34    1.14    3.35    4.94    1.14    0.04    0.31    0.21    0.16    0.04    0.12    0.00    0.00    0.02    0.00    0.00    0.00    0.00
PSATSALT   -29.32  -50.68    0.00    0.00    0.00   10.72    2.10    0.00    0.01    0.00    0.01   11.49    5.90    0.01    1.69   12.57    2.35    0.58   14.50    0.58   15.23   53.97   22.99    1.21    0.00    0.72    7.23    1.28    3.72    0.18   24.63    0.03    0.00    0.00    0.00    0.00   31.40   31.25   42.11    0.40    8.51    0.00    0.00    0.06    0.58   36.10   33.69
