PSATAGV    -19.89  -50.35    1.69    9.04   19.34    5.78    1.18    5.60    1.32    0.20    0.02    0.00    0.00    0.00    0.11    0.14    0.26    0.05    0.03    2.35    2.30    0.01    0.02    0.02    0.01    0.02    0.01    0.00    0.00    0.00    0.00    0.00    0.00    0.00    0.00    0.00    0.03    0.22    0.00    4.98    1.41   19.18    0.17    0.00    0.00    0.00    0.24
PSATCMG    -21.28  -44.63    1.74    7.28    4.80    3.73    1.31    0.75    2.57    0.48    0.01    0.00    0.00    0.62    4.34    1.03    1.09    0.22    0.00    0.08   10.92    1.96    1.22    0.52    2.74    7.87    1.18    0.01    0.16    0.12    0.08    0.08    1.01    0.52    0.02    0.00    0.12    4.67    0.25    0.17    5.68   20.61    3.52    0.00    0.01    0.00    0.00
PSATCES    -20.25  -48.16    1.38    7.32   18.46    4.70    1.08    4.93    1.99    0.78    0.00    0.00    0.00    0.00    1.26    0.63    0.52    0.33    0.02    0.73    9.11    0.55    0.52    1.64    1.53    0.31    1.08    0.00    0.00    0.00    0.00    0.00    0.00    0.00    0.00    0.00    0.18    1.64    0.08    4.65    6.62   49.60    0.63    0.00    0.00    0.00    0.00
PSATELC    -21.60  -46.95    0.68   30.17   19.62   12.31    0.86    3.01    1.67    0.52    0.00    0.00    0.00    0.07    3.45    0.56    0.32    0.28    0.00    0.63   11.38    2.26    0.76    0.15    2.94    1.02    1.61    0.00    0.00    0.00    0.00    0.00    0.02    0.11    0.04    0.13    1.26    5.36    0.22    2.01   13.61   27.85    0.07    0.00    0.00    0.00    0.00
PSATFUN    -21.14  -45.04    0.74    4.93    3.90    3.74    1.16    0.80    1.78    0.22    0.00    0.00    0.00    0.02    1.78    1.03    0.51    0.14    0.00    0.06    1.69    3.25    0.74    0.29    5.48    1.37    1.33    0.01    0.02    0.02    0.12    0.05    0.25    0.16    0.01    0.00    0.08    3.73    0.18    0.12    6.90   34.85    6.78    0.00    0.00    0.01    0.00
PSATFUR    -20.67  -46.32    0.86   14.19    9.73    6.13    0.97    1.08    1.55    0.29    0.01    0.00    0.00    0.02    2.04    0.56    0.58    0.17    0.01    0.37    5.67    2.07    0.58    0.49    4.12    0.88    1.10    0.01    0.00    0.00    0.00    0.00    0.02    0.15    0.01    0.02    0.42    3.02    0.11    0.39    9.92   30.62    5.20    0.00    0.00    0.00    0.00
PSATMRB    -20.30  -49.18    1.58   13.78   17.45    6.09    1.18    5.40    1.62    0.37    0.00    0.00    0.00    0.00    0.80    0.31    0.17    0.11    0.01    0.75    6.35    0.30    0.21    0.31    1.01    0.29    0.61    0.01    0.00    0.00    0.00    0.00    0.00    0.00    0.00    0.03    0.18    1.95    0.04    4.20    4.89   53.46    0.35    0.00    0.00    0.00    0.00
PSATPRG    -21.59  -45.67    0.82   26.89   11.91   12.67    0.99    1.96    1.41    0.65    0.02    0.00    0.00    0.06    0.33    1.20    0.45    0.41    0.01    1.40   25.57    1.61    0.62    0.14    3.47    4.38    1.05    0.02    0.00    0.00    0.02    0.00    0.00    0.27    0.02    0.01    2.39    3.99    0.12    0.08   12.51   31.28    0.24    0.00    0.00    0.00    0.00
PSATPAS    -21.02  -48.18    0.43   22.04   24.39    7.20    1.10    4.22    1.35    0.16    0.00    0.00    0.00    0.05    0.22    1.05    0.25    0.00    0.00    3.82   15.44    0.36    0.31    0.19    0.92    0.74    0.63    0.04    0.00    0.00    0.00    0.00    0.00    0.00    0.02    0.01    1.52    4.60    0.00    4.30   19.49   22.76    0.07    0.00    0.00    0.00    0.00
PSATPTB    -21.61  -45.49    1.04   12.54   10.94    8.10    1.49    1.24    1.05    1.49    0.01    0.00    0.00    0.26    0.44    1.13    0.83    0.51    0.01    0.69   11.38    1.10    0.98    0.12    2.58    3.62    1.63    0.00    0.01    0.00    0.00    0.00    0.11    0.38    0.02    0.00    0.40    4.36    0.09    0.02    9.28   32.95    0.85    0.00    0.00    0.00    0.00
PSATPTC    -20.00  -48.55    2.69    5.86   14.17    3.86    1.43    3.86    2.72    0.45    0.01    0.00    0.00    0.00    0.25    0.51    0.30    0.20    0.01    0.80    6.02    0.73    0.71    2.42    1.91    0.33    0.64    0.13    0.00    0.00    0.00    0.00    0.00    0.03    0.00    0.00    0.14    0.48    0.46    3.86    5.90   27.85    2.00    0.00    0.00    0.00    0.00
PSATFZA    -26.00  -51.65    5.28   48.32    1.30    1.54   33.17   12.06    0.01    0.00    0.00    0.82    1.89   12.45    0.31    0.04    0.00    0.12   17.89    1.66    0.00    0.03    0.02    1.22    0.68    0.62    0.14    0.10    5.50    4.36   11.34    4.91    2.02    1.35    5.26   18.85   12.21    0.18    3.06   21.35    0.27    0.00    0.02    0.00    0.00    0.00    9.49
PSATJSG    -25.78  -52.00    6.98   47.63    1.19    1.48   33.91    4.85    0.00    0.00    0.00    0.81    2.42   16.86    0.05    0.02    0.00    0.11   22.23    0.33    0.00    0.01    0.00    0.69    0.09    0.44    0.03    0.02    5.92    5.08   12.11    6.98    3.55    1.56    8.44   22.94    9.59    0.04    6.27   21.76    0.31    0.01    0.02    0.00    0.00    0.02   19.19
PSATSCX    -25.53  -53.48    9.33   47.69    1.62    1.56   30.09    1.21    0.00    0.00    0.00    0.31    2.63   22.73    0.28    0.00    0.00    0.13   16.73    0.53    0.00    0.00    0.00    0.12    0.09    0.41    0.01    0.00   10.67   10.27   14.94    3.70    1.22    2.88    7.25   25.45    3.54    0.00   10.65   21.17    0.17    0.03    0.03    0.00    0.01    0.09   17.43
PSATSCL    -25.49  -51.74    8.38   54.51    1.42    1.17   31.03    7.95    0.00    0.00    0.00    0.00    0.24   17.15    0.05    0.00    0.00    0.14   17.23    3.19    0.00    0.00    0.02    0.49    0.10    0.53    0.00    0.00    8.96    4.76   18.45    5.80    0.79    1.37    6.70   13.05    5.95    0.09    6.29   28.75    0.34    0.00    0.00    0.00    0.00    0.02   12.60
PSATUVT    -26.23  -51.08    2.07   35.14    4.13    1.02   15.03   24.64    0.63    0.11    0.01    1.23    1.65    8.77    0.93    0.46    0.01    0.06    8.60   15.23    0.03    0.26    0.64    1.46    4.41    1.51    0.38    0.17    1.16    1.84    4.13    0.71    0.25    0.75    2.22   12.90   13.96    0.82    0.59   21.11    0.74    0.00    0.00    0.00    0.00    0.00    1.42
PSATBSM    -24.19  -53.74    4.16   26.90    4.28    1.47   33.29    2.02    0.00    0.00    0.00    0.00    0.04   14.36    0.36    0.01    0.00    0.00   22.13    1.12    0.01    0.00    0.00    0.02    0.04    0.50    0.02    0.00    9.47   16.70   11.05    0.97    0.02    0.60    0.70    6.18    0.98    0.00    3.73   25.82    0.14    0.00    0.00    0.00    0.00    0.08   16.73
PSATFLE    -22.97  -54.56    3.89   15.95    2.08    7.61   21.79    0.45    0.00    0.00    0.00    0.00    0.00   13.23    3.78    0.05    0.00    0.05   21.98    5.01    0.00    0.00    0.00    0.00    0.00    0.01    0.00    0.00    1.86    3.83    0.01    0.03    0.01    0.91    2.03    7.96    4.99    0.00    0.07   11.07    0.03    0.00    0.00    0.00    0.20    0.00    1.94
PSATITP    -25.42  -54.58    6.93   25.76    3.28    3.57   29.28    0.46    0.02    0.00    0.00    0.03    0.67   17.49    2.35    0.17    0.00    0.02   14.99    3.08    0.00    0.00    0.00    0.00    0.01    0.02    0.01    0.00   13.27    9.24    8.72    1.45    0.02    0.90    1.90    6.09    2.22    0.13    7.91   20.26    0.06    0.01    0.00    0.00    0.90    0.08    5.41
PSATIVM    -22.38  -53.53    1.53   37.48    5.79    7.36   12.30    3.33    0.03    0.03    0.00    0.00    0.00    6.40    2.71    0.01    0.01    0.03   12.46    4.52    0.00    0.00    0.00    0.00    0.00    0.00    0.00    0.00    0.01    0.20    0.00    0.00    0.00    0.24    3.72    1.06    4.88    1.13    0.02   12.89    0.00    0.00    0.00    0.00    0.00    0.00    0.52
PSATPTQ    -23.18  -53.17    1.70   27.89    5.59    1.63   22.33    2.73    0.02    0.01    0.00    0.00    0.01    7.82    0.12    0.04    0.00    0.01   14.67    7.88    0.02    0.01    0.02    0.12    0.07    0.31    0.04    0.00    1.75    8.21    5.25    0.53    0.18    0.30    1.31    2.01    2.36    0.03    1.26   27.37    0.38    0.00    0.00    0.00    0.00    0.11   20.16
PSATCBI    -17.99  -48.54    0.27    1.14    8.26    6.79    1.60    2.61    3.32    0.94    0.62    0.10    0.00    0.00    0.00    0.00    0.55    0.29    0.12    0.32    0.57    0.96    1.60    3.38    7.68    0.32    0.08    0.61    0.00    0.00    0.00    0.00    0.00    0.00    0.01    0.00    0.00    0.00    0.04    0.39    4.46   14.52    4.51    0.06    0.00    0.00    0.00
PSATCBIV   -16.15  -48.67    0.48    1.53    8.33    6.05    2.86    4.63    1.87    1.63    1.18    0.15    0.00    0.00    0.00    0.00    0.48    0.40    0.12    0.27    0.51    1.06    1.99    3.90    8.78    0.51    0.05    0.48    0.00    0.00    0.00    0.00    0.00    0.00    0.02    0.00    0.00    0.00    0.00    0.15    3.17   14.31   13.11    0.11    0.00    0.00    0.00
PSATEMB    -18.45  -47.98    1.11    0.25    4.61    5.77    1.23    1.02    2.63    1.31    0.27    0.05    0.00    0.00    0.00    0.27    0.69    0.18    0.01    0.29    0.60    0.56    1.54    4.30    4.03    0.63    1.28    0.47    0.00    0.00    0.00    0.00    0.00    0.03    0.00    0.00    0.02    0.08    1.07    1.18    8.00   15.28    5.14    0.01    0.00    0.00    0.00
PSATIMBR   -18.42  -49.10    1.33    0.92    5.92    5.89    1.70    1.29    2.36    0.35    0.04    0.01    0.00    0.00    0.01    0.21    0.53    0.12    0.05    0.35    2.26    0.62    1.19    3.99    4.44    0.13    0.23    0.45    0.00    0.00    0.00    0.00    0.00    0.00    0.00    0.00    0.00    0.01    0.12    3.90    2.90   13.74    2.22    0.03    0.00    0.00    0.00
PSATNPTE   -19.13  -47.70    2.80    0.70    7.79    2.01    1.78    0.82    4.27    0.48    0.02    0.00    0.00    0.00    0.07    0.95    0.53    0.19    0.01    0.16    1.74    1.53    2.21    4.73    6.73    0.20    1.25    0.19    0.00    0.00    0.00    0.00    0.00    0.03    0.00    0.00    0.18    0.24    1.26    2.46    8.10   12.15    3.33    0.00    0.00    0.00    0.00
PSATARV    -18.07  -50.16    6.47    3.36    3.39    4.83    1.87    1.34    1.00    0.28    0.04    0.01    0.06    0.00    0.00    0.04    0.33    0.44    0.11    0.77    1.34    0.22    0.42    0.42    0.44    0.04    0.00    0.03    0.00    0.00    0.00    0.00    0.00    0.00    0.00    0.00    0.00    0.00    0.03    0.23    1.62    7.77    0.96    0.04    0.00    0.00    0.00
PSATSFC    -18.05  -47.68    0.09    0.26    6.10    7.33    2.13    2.07    4.16    1.28    1.85    0.09    0.00    0.00    0.00    0.09    0.32    0.09    0.07    0.30    0.92    1.14    2.30    3.20    9.42    0.81    0.36    0.65    0.00    0.00    0.00    0.00    0.00    0.01    0.00    0.00    0.01    0.01    0.11    0.84    3.83   10.41    3.51    0.04    0.00    0.00    0.00
PSATSSM    -19.02  -50.50    4.07    1.57    6.79    3.26    1.26    3.75    2.55    0.29    0.04    0.00    0.00    0.00    0.00    0.11    0.28    0.19    0.07    0.99    1.37    0.18    0.65    0.80    0.77    0.08    0.03    0.16    0.00    0.00    0.00    0.00    0.00    0.00    0.00    0.00    0.00    0.02    0.06    2.54    1.74   14.10    1.25    0.01    0.00    0.00    0.00
PSATCNI    -22.94  -50.52    0.25   19.25   12.64    2.68    3.08   10.33    1.10    0.00    0.00    0.00    0.00    0.38    0.86    0.00    0.01    0.06    0.04   14.61    0.99    0.00    0.02    0.02    0.05    0.10    0.00    0.00    0.00    0.16    0.08    0.00    0.00    0.00    0.33    0.03    4.67    1.57    0.00   17.91    6.52    0.00    0.00    0.00    0.00    0.00    3.01
PSATCPV    -22.65  -51.33    0.42   18.34   13.68    2.17   10.50    5.63    0.18    0.00    0.00    0.00    0.00    3.43    0.56    0.00    0.00    0.01    1.33    8.79    0.20    0.03    0.04    0.02    0.00    0.10    0.00    0.00    0.00    1.80    0.96    0.04    0.00    0.03    1.13    1.01    3.90    0.71    0.04   23.10    2.29    0.00    0.00    0.00    0.00    0.00   14.20
PSATCHT    -23.01  -49.73    0.69   16.52   12.26    1.82    3.15    6.21    0.15    0.00    0.00    0.00    0.00    4.42    0.31    0.01    0.00    0.01    0.39   12.99    1.46    0.14    0.13    0.12    0.08    0.49    0.04    0.00    0.01    0.52    0.44    0.04    0.00    0.00    1.89    1.45    3.41    0.34    0.01   17.18    8.51    0.00    0.00    0.00    0.00    0.00    2.66
PSATJUR    -23.22  -49.23    0.12   17.33    9.95    2.26    1.98   10.44    0.71    0.11    0.00    0.00    0.02    2.34    0.77    0.20    0.04    0.10    0.00   13.28    2.32    0.37    0.64    0.49    1.29    2.65    0.68    0.03    0.01    0.14    0.03    0.00    0.01    0.00    2.61    0.66    2.98    1.14    0.09   12.26    9.05    0.01    0.00    0.00    0.00    0.00    0.32
PSATMAU    -24.06  -50.71    0.83   27.32    4.54    1.03    8.48    3.21    0.04    0.01    0.00    0.00    0.03    9.84    0.15    0.00    0.00    0.04   10.06   19.18    0.09    0.10    0.15    0.68    0.53    0.76    0.03    0.00    1.02    3.14    5.13    0.64    0.01    0.37    4.02    2.52    2.20    0.16    0.64   29.39    2.17    0.00    0.00    0.00    0.00    0.00   12.39
PSATROS    -22.50  -52.87    0.04   18.35   16.19    2.57   22.34    2.98    0.10    0.00    0.00    0.00    0.00    1.36    0.50    0.06    0.00    0.00    5.56    9.27    0.02    0.00    0.00    0.00    0.00    0.00    0.00    0.00    0.00    2.61    0.01    0.00    0.00    0.08    1.87    0.63    3.67    0.41    0.00   13.26    0.28    0.00    0.00    0.00    0.00    0.00   18.77
PSATQMD    -16.21  -47.33    0.43    1.21   10.16    5.98    4.00    5.72    5.79    2.65    1.40    0.17    0.00    0.00    0.00    0.02    0.26    0.02    0.01    0.31    0.43    0.93    0.76    0.59    2.53    3.04    0.31    0.87    0.00    0.00    0.00    0.00    0.00    0.00    0.00    0.00    0.00    0.00    0.06    0.06    0.44    4.85    1.05    0.06    0.00    0.00    0.00
PSATRBX    -18.95  -44.76    0.37    0.70    5.03    4.08    1.43    0.89    3.09    0.11    0.02    0.00    0.00    0.00    0.81    4.66    0.87    0.04    0.00    0.00    0.31    1.84    1.67    1.35   15.24    2.32    1.23    0.03    0.01    0.01    0.03    0.07    0.12    0.07    0.00    0.02    0.06    2.08    0.72    0.07    5.21   24.13    6.85    0.02    0.00    0.00    0.00
PSATSFR    -15.93  -44.86    0.17    1.34    5.50    1.98    2.41    3.34    9.81    2.99    1.52    0.02    0.00    0.02    0.02    0.21    0.16    0.20    0.00    1.26    0.22    0.83    0.86    0.43    0.38    6.82    0.44    0.42    0.00    0.00    0.00    0.00    0.00    0.02    0.00    0.00    0.00    0.00    0.01    0.03    0.03    1.03    0.23    0.14    0.00    0.00    0.00
PSATSRM    -16.37  -45.07    0.50    0.20    3.69    5.16    1.72    1.63    4.16    0.94    0.89    0.04    0.00    0.00    0.23    1.15    0.47    0.12    0.00    0.26    0.52    0.75    1.53    0.74    4.74    3.09    1.57    0.54    0.01    0.03    0.05    0.07    0.09    0.06    0.01    0.00    0.00    0.23    0.68    0.13    2.25    6.92    2.66    0.04    0.00    0.00    0.00
PSATTMR    -18.16  -45.27    1.39    2.27    6.07    3.85    1.12    0.71    3.61    0.27    0.07    0.01    0.00    0.00    0.43    0.97    0.64    0.03    0.00    0.05    0.65    1.59    1.01    1.64   10.78    1.47    0.70    0.05    0.00    0.00    0.00    0.01    0.00    0.06    0.00    0.00    0.05    0.31    0.37    0.08    7.40   20.14    6.22    0.00    0.00    0.00    0.00
PSATBOQ    -11.35  -43.83    5.66    1.66    0.34    3.96    1.02    0.81    0.75   10.56    3.67    3.82    1.29    0.71    0.69    1.88    0.84    0.40    0.17    0.82    0.50    1.21    0.01    0.38    0.81    1.41    3.23    0.39    0.01    0.00    0.00    0.00    0.00    0.00    0.00    0.00    0.00    0.00    0.00    0.03    0.01    0.03    0.05    0.50    0.08    0.04    0.07
PSATBBO    -22.52  -48.55    0.07   18.99   13.13    8.39    1.68    6.79    0.72    0.05    0.02    0.00    0.00    0.35    0.38    0.20    0.19    0.02    0.00   19.48   14.06    0.20    0.10    0.07    1.86    2.15    0.42    0.00    0.00    0.02    0.00    0.00    0.00    0.00    0.06    0.01    5.74    2.80    0.08    5.18   21.06    8.85    0.03    0.00    0.00    0.00    0.00
PSATESZ    -23.46  -46.91    0.40   11.49   18.24   13.80    3.75    7.47    8.20    0.93    0.03    0.00    0.02    1.00    6.59    1.55    0.17    0.01    0.00   18.51   21.64    0.80    0.70    0.45    3.79   13.15    4.45    0.06    0.01    0.12    0.00    0.01    0.00    0.01    0.06    0.03    4.96    9.57    1.35    1.31    9.37   12.94    0.01    0.00    0.00    0.00    0.00
PSATIBT    -21.76  -48.99    0.05   31.48   24.07    3.25    1.40    7.60    1.55    0.01    0.01    0.00    0.00    0.14    0.14    0.17    0.07    0.02    0.00   24.39    3.36    0.02    0.02    0.16    0.22    0.17    0.00    0.00    0.00    0.00    0.00    0.00    0.00    0.00    0.02    0.00    2.38    2.48    0.00   14.03   13.42    3.54    0.00    0.00    0.00    0.00    0.02
PSATNAV    -21.12  -50.20    0.35   25.02   24.28    5.55    0.97    8.04    0.61    0.03    0.00    0.00    0.00    0.01    0.05    0.14    0.04    0.00    0.00   10.72    2.75    0.00    0.00    0.03    0.02    0.02    0.01    0.00    0.00    0.00    0.00    0.00    0.00    0.00    0.00    0.00    0.08    0.93    0.00    9.52    5.74    7.34    0.00    0.00    0.00    0.00    0.49
PSATSME    -13.40  -48.30    1.85    1.55    6.46    2.14    1.76    4.43    4.42    4.38    0.68    0.91    0.03    0.00    0.00    0.16    0.44    0.14    0.03    0.40    0.64    0.80    1.06    1.23    5.87    1.48    0.11    0.40    0.00    0.00    0.00    0.00    0.00    0.00    0.00    0.00    0.00    0.00    0.00    0.02    0.46    3.04    2.97    0.08    0.01    0.00    0.00
PSATBGR    -27.78  -51.20    0.00    0.34    0.08    1.32   19.68    1.07    0.00    0.00    0.04   14.19    2.36    5.51    0.75    0.04    0.00    8.93   68.86    0.00    0.00    0.02    0.07    1.09    1.45    0.83    0.00    0.02    0.16    4.63    1.88    1.22    7.08    5.57    7.43   10.26    1.02    0.06    0.13   14.17    0.55    0.23    0.79    0.00    0.00    2.53    8.48
PSATCNV    -27.60  -51.33    0.01    3.66    0.11    1.13   24.61    2.94    0.01    0.02    0.17   13.85    7.47   12.28    0.74    0.24    0.02    1.01   40.24    0.16    0.00    0.07    0.01    1.60    0.80    0.92    0.04    0.24    0.49    2.81    1.57    1.65    3.99    2.76    7.39   17.59    6.30    0.04    0.37   18.33    0.70    0.11    0.33    0.00    0.13    4.38    4.82
PSATFCH    -27.14  -53.04    0.57    8.53    0.31    1.24    7.20    0.07    0.00    0.00    0.42   17.45   15.42    8.25    0.02    0.00    0.00    2.40   66.18    0.01    0.00    0.00    0.00    0.02    1.41    0.07    0.00    0.00    5.20    8.47    1.07    2.14    9.75    6.82    8.36   21.70    0.38    0.00    4.35   18.72    0.46    0.05    0.41    0.00    0.21   15.14   17.23
PSATITA    -27.27  -52.38    0.05    9.77    0.18    1.13   17.44    1.37    0.00    0.00    0.84   17.31   10.67    8.43    0.10    0.02    0.00    3.78   45.34    0.14    0.00    0.01    0.00    0.16    0.77    0.32    0.02    0.02    4.03    8.40    4.32    1.98    9.53    4.34    9.20   22.76    6.32    0.00    2.68   16.06    0.44    0.03    0.36    0.00    0.19    5.35   13.26
PSATMCD    -27.52  -51.78    0.00    0.99    0.09    0.93    6.28    0.51    0.00    0.00    1.36   23.60   11.20    7.53    0.01    0.00    0.00    8.77   76.03    0.00    0.00    0.00    0.00    0.10    0.39    0.34    0.00    0.00    5.36   11.05    4.70    0.09   12.28    7.06   10.41   11.73    0.37    0.00    1.25   15.98    0.46    0.11    0.61    0.00    0.29    6.24   23.59
PSATMOJ    -27.35  -52.73    0.05    2.04    0.33    1.60    1.74    0.00    0.00    0.00    4.59   31.12   14.58    6.54    0.00    0.00    0.00   22.34   94.71    0.00    0.00    0.00    0.00    0.00    0.18    0.18    0.00    0.00   12.89   18.19    4.68    0.31   21.42   12.05    9.17    6.96    0.02    0.00    4.65   12.34    0.52    0.06    0.46    0.00    1.31   14.86   11.20
PSATQQX    -26.66  -52.54    2.53   22.87    0.41    1.71   25.74    1.13    0.00    0.00    0.00    5.07    7.31   13.89    0.09    0.00    0.00    0.25   19.10    0.34    0.00    0.02    0.00    0.44    0.24    0.24    0.02    0.00    0.89    3.22    7.40    8.87    6.35    3.20    9.29   34.32    6.23    0.00    3.81   16.19    0.47    0.02    0.09    0.00    0.00    0.02   25.19
PSATPSJ    -28.14  -55.05    0.00    0.34    0.03    1.38    0.61    0.00    0.00    0.00   12.71   56.48   17.43    4.51    0.00    0.01    0.18   61.93   25.15    0.00    0.00    0.00    0.00    0.00    0.00    0.02    0.00    0.00    0.65   24.08    2.62   10.73   26.18   19.47    1.26    2.16    0.01    0.00    1.78   13.39    0.80    0.32    0.49    0.00   11.38   62.80   13.27
PSATESP    -18.68  -51.87    5.69    2.15    6.33    1.08    1.63    3.34    1.11    0.38    0.01    0.00    0.35    2.18    0.50    0.47    0.12    0.15    0.79    1.56    0.08    0.00    0.00    0.00    0.00    0.00    0.00    0.00    0.00    0.00    0.00    0.00    0.00    0.03    0.00    0.00    0.03    0.00    0.09    0.89    6.47   11.20    0.64    0.06    0.09    0.00    0.06
PSATSRC    -19.16  -50.76    9.69    4.13    7.70    2.67    0.78    6.01    2.10    0.20    0.07    0.01    0.12    0.38    0.25    0.11    0.10    0.08    0.43    1.79    0.18    0.03    0.00    0.00    0.00    0.00    0.00    0.00    0.00    0.00    0.00    0.00    0.00    0.00    0.00    0.00    0.10    0.02    0.14    3.94    4.48    8.27    0.45    0.05    0.02    0.00    0.00
PSATFRCL   -19.12  -50.64   10.40    4.24    9.62    2.83    1.22    5.27    1.33    0.30    0.07    0.04    0.16    0.07    0.04    0.09    0.05    0.18    0.17    2.04    0.72    0.07    0.00    0.01    0.00    0.00    0.00    0.00    0.00    0.00    0.00    0.00    0.00    0.00    0.00    0.00    0.00    0.00    0.06    1.50    2.99    5.37    0.60    0.02    0.00    0.00    0.00
PSATISOT   -20.40  -51.35    3.31    9.84   14.95    6.25    1.31    7.99    1.66    0.21    0.03    0.00    0.00    0.01    0.07    0.07    0.04    0.00    0.06    5.39    0.03    0.00    0.00    0.00    0.00    0.00    0.00    0.00    0.00    0.00    0.00    0.00    0.00    0.01    0.03    0.00    0.05    0.13    0.16    2.34    5.61    9.77    0.10    0.01    0.00    0.00    1.94
PSATJUP    -20.86  -51.63    7.41    9.35    9.49    6.23    2.06    6.57    1.93    0.22    0.01    0.00    0.00    0.49    0.30    0.06    0.04    0.01    0.30    4.87    0.07    0.01    0.00    0.00    0.00    0.00    0.00    0.00    0.04    0.01    0.00    0.00    0.00    0.02    0.00    0.00    0.03    0.21    0.22    3.72   12.51    5.41    0.14    0.03    0.01    0.00    0.10
PSATSDG    -20.06  -53.18    4.63    5.88    6.27    5.70    3.05    4.47    1.51    0.15    0.01    0.00    0.00    0.85    0.82    0.16    0.04    0.03    1.19    3.83    0.00    0.01    0.00    0.00    0.00    0.00    0.00    0.00    0.03    0.03    0.00    0.00    0.00    0.02    0.00    0.00    0.04    0.57    0.19    8.16   11.40    2.08    0.08    0.02    0.01    0.00    0.19
PSATFZBT   -21.66  -52.87    1.29   27.96    7.92    5.00   11.25    3.36    0.37    0.13    0.00    0.00    0.00    0.56    1.60    0.03    0.00    0.01    0.43    5.33    0.00    0.00    0.00    0.00    0.00    0.00    0.00    0.00    0.01    0.01    0.01    0.00    0.00    0.03    0.80    0.00    0.59    0.83    0.56    9.81    2.29    0.01    0.00    0.00    0.03    0.00    0.62
PSATPPRA   -22.46  -52.91    0.50   32.06   20.25    5.18    6.53    7.73    0.50    0.06    0.00    0.00    0.00    0.19    0.73    0.03    0.00    0.00    0.41    7.28    0.26    0.00    0.00    0.00    0.00    0.00    0.00    0.00    0.01    0.13    0.00    0.00    0.00    0.00    0.45    0.05    0.92    1.01    0.01    5.46    3.02    0.69    0.00    0.00    0.00    0.00    4.78
PSATBTE    -13.69  -50.80    5.17    4.16    8.80    2.10    1.42    1.68    1.60    0.69    0.57    0.68    0.70    0.67    0.15    0.16    0.29    0.31    0.11    1.04    0.64    0.13    0.20    0.20    0.15    0.06    0.04    0.27    0.13    0.01    0.00    0.00    0.00    0.00    0.00    0.00    0.01    0.00    0.00    0.20    1.20    4.12    0.41    0.09    0.00    0.00    0.01
PSATARAG    -8.27  -49.26    3.73    2.90    2.30    2.08    1.67    3.18    4.56    2.75    3.27    4.61    4.09    2.38    1.19    1.18    1.11    0.83    0.62    0.98    0.49    0.50    0.59    0.32    0.34    0.45    0.61    0.72    0.31    0.01    0.00    0.00    0.00    0.00    0.00    0.00    0.00    0.00    0.01    0.12    0.71    0.73    0.76    1.06    0.54    0.39    0.20
PSATLAJ     -9.76  -48.37    3.28    3.54    2.71    1.06    2.60    2.87    2.82    4.54    7.59    4.25    2.18    2.12    0.60    0.91    0.64    0.21    0.08    0.73    0.57    0.82    0.44    0.39    1.01    1.83    0.66    0.33    0.09    0.00    0.00    0.00    0.00    0.00    0.00    0.00    0.00    0.00    0.01    0.07    0.03    0.09    0.26    0.30    0.12    0.08    0.05
PSATPTRL    -9.31  -47.39    3.58    2.19    0.60    1.85    4.22    0.77    0.41    4.50    8.66   13.71    6.76    2.86    3.19    1.42    0.94    0.45    0.48    0.96    0.61    1.21    0.39    0.05    1.65    1.48    1.08    0.66    0.17    0.00    0.00    0.00    0.00    0.00    0.00    0.00    0.00    0.01    0.00    0.28    0.05    0.05    0.15    1.13    0.86    0.78    0.33
PSATLJET    -7.33  -47.48    3.88    2.16    1.15    3.29    1.65    1.96    2.64    1.70    4.24   13.06    7.13    4.19    2.80    1.88    3.02    2.86    1.06    0.91    0.49    0.86    0.76    0.61    0.66    1.41    2.66    0.30    0.05    0.00    0.01    0.00    0.00    0.00    0.00    0.00    0.00    0.01    0.03    0.32    0.71    0.17    0.36    6.11    3.09    4.88    3.54
PSATUCR     -3.83  -49.65    6.64   10.08    6.21    3.26    1.08    3.43    2.60    1.66    1.29    9.08    7.90    6.05    3.44    1.87    3.15   11.72    3.52    3.15    0.92    1.13    2.04    1.85    1.74    2.58    5.27    1.80    1.10    0.16    0.41    0.58    0.21    0.04    0.18    0.13    0.03    0.10    0.31    0.48    0.94    1.15    1.06    2.84    3.99    2.13    4.95
PSATXIVJ   -29.07  -51.67    0.00    0.03    0.01    1.44    2.82    0.19    0.00    0.00    0.00   14.81    0.94    2.75    0.06    0.01    0.00   22.33   62.17    0.01    0.00    0.00    0.04    0.03    0.74    0.17    0.00    0.00    0.15   18.94    3.83    0.05   15.26   11.28    8.54    4.79    0.47    0.05    0.03   11.83    0.47    0.35    1.27    0.00    0.03   25.42   14.69
PSATDFRC   -29.45  -53.28    0.00    0.02    0.01    0.78    0.23    0.00    0.00    0.00    1.07   22.85    4.23    1.48    0.01    0.00    1.14   48.19   33.10    0.00    0.00    0.00    0.01    0.00    0.04    0.22    0.00    0.00    0.18    9.02    0.51    7.12   60.73   14.08    2.58    0.81    0.05    0.00    0.43   13.50    2.02    4.52    0.86    0.00    8.26   66.97   17.87
PSATREAL   -29.02  -53.19    0.00    0.18    0.12    1.86    1.82    0.00    0.00    0.00    2.77   31.45    8.01    3.21    0.01    0.00    0.00   41.80   41.86    0.00    0.00    0.00    0.01    0.00    0.06    0.17    0.00    0.00    2.70   21.98    2.17    2.52   40.50   17.73    5.43    1.37    0.15    0.00    0.92   13.14    1.07    1.30    0.84    0.00    6.14   62.98    7.73
PSATCTAV   -29.01  -51.39    0.00    0.05    0.00    2.53    8.70    0.32    0.00    0.00    0.00    4.95    0.73    3.64    0.51    0.02    0.00   16.66   60.96    0.00    0.00    0.01    0.55    0.26    1.57    2.21    0.00    0.05    0.33    5.80    0.76    0.27    8.45    9.13    8.89    2.71    1.79    0.01    0.00   12.27    0.63    0.70    1.78    0.00    0.00    5.03   11.23
PSATERNT   -28.56  -52.54    0.00    0.39    0.12    1.33    2.56    0.04    0.00    0.00    2.25   29.00   10.83    5.10    0.02    0.00    0.00   25.60   76.07    0.00    0.00    0.00    0.00    0.00    0.24    0.28    0.00    0.00    6.48   24.12    6.41    0.06   21.44   12.68   11.25    6.07    0.06    0.00    1.74   12.77    0.70    0.17    0.69    0.00    0.99   14.92   12.60
PSATSTPL   -27.14  -49.52    0.03    5.85    0.22    0.45   13.62    3.87    0.04    0.14    0.05    9.45    6.01   13.91    1.75    0.45    0.09    0.13   19.58    3.25    0.01    0.04    0.01    3.20    1.18    0.84    0.10    0.48    0.24    1.22    1.75    2.02    1.29    0.66    6.37   15.09   16.32    0.62    0.30   21.63    0.93    0.00    0.01    0.00    0.00    0.15    0.48
PSATCVCH   -25.14  -48.87    0.01   24.92    5.97    1.97    3.06   15.50    1.98    0.35    0.00    0.01    0.31    4.52    2.03    0.81    0.03    0.12    7.61   34.13    1.19    0.84    3.33    3.49    3.65    3.02    0.95    0.21    0.18    0.67    0.18    0.09    0.03    0.00    0.52    4.03    3.48    2.20    0.18   28.75   12.79    0.00    0.00    0.00    0.00    0.00    0.89
PSATAMY    -12.60  -69.12    5.85    2.41    6.86    3.22   10.74    6.24    7.15    3.37    6.41    3.18    4.42    8.67   12.14    4.49    1.11    1.29    4.30   11.33    1.16    0.26    0.20    1.02    0.96    0.96    0.75    0.86    1.90    1.62    2.25    3.11    4.90    3.93   11.57    3.06    7.24    4.08    2.92    6.62   13.84    1.10    1.34    2.20    4.34    2.51    2.10
PSATGJR    -10.73  -65.35   10.55    2.04    2.27    4.13    8.34    4.73    3.10    1.19    1.72    1.88    3.07    4.95    2.36    1.21    0.68    2.14    7.62    2.20    0.06    0.10    0.28    0.21    0.20    0.24    0.17    0.38    0.82    1.25    1.09    1.39    1.71    5.22    7.54    0.35    6.68    1.38    0.22    6.57    1.68    0.03    0.24    0.82    2.43    0.95    6.03
PSATPRNC   -12.43  -64.43   10.24    1.98    2.96    3.86    7.97    6.23    2.38    1.06    1.95    1.64    5.83    1.50    2.98    1.94    0.62    0.48    1.29    1.76    0.02    0.00    0.09    0.01    0.01    0.00    0.00    0.02    0.40    2.77    3.66    0.78    0.07    0.03    0.94    0.07    1.30    0.40    0.07    3.66    0.69    0.05    0.71    0.46    1.91    0.80    4.26
PSATSANT    -8.87  -63.97    9.90    4.46    8.87   26.37   17.55    5.56    7.60    6.94    8.91    8.37    3.91    5.70    5.41    2.85    2.45    0.54    0.90    2.31    1.15    2.08    0.86    0.69    0.54    0.08    0.03    0.50    4.91    3.05    2.20    1.05    0.16    0.34    0.45    0.26    2.92    2.67    1.66    1.48    1.77    3.39    3.92    1.14    2.34    6.90    1.13
PSATDARD   -10.16  -59.46   12.57    8.22    6.31    4.44    9.49    1.58    6.90    3.29    3.14    3.73    5.92    7.54    3.46    2.14    0.85    0.64    2.98    2.24    1.68    0.16    0.36    0.06    0.04    0.00    0.00    2.14    6.18    2.27    0.08    0.00    0.00    0.00    0.00    0.00    0.06    0.01    0.07    0.81    3.36    3.81    2.34    0.76    0.76    0.95    0.34
PSATGUAP   -15.12  -58.96   22.46    2.65    0.58    1.58   18.89    2.78    8.80    1.81    2.14    2.17    2.07    4.06    1.89    0.92    0.82    0.17    0.18    3.28    0.02    0.00    0.00    0.00    0.00    0.00    0.00    0.03    0.15    0.15    0.92    0.00    0.00    0.00    0.00    0.00    0.06    0.67    0.06    0.95    0.12    0.03    1.71    0.34    0.15    0.00    0.06
PSATJIRA    -9.25  -64.65    9.88    2.15    2.31    4.87    7.21    4.38    6.50    2.85    2.83    1.84    5.37    9.90   12.71    4.06    0.95    0.78    3.34    6.15    0.25    0.26    0.37    0.43    0.46    0.27    0.15    0.27    1.16    2.87    2.70    2.63    2.73    1.47    6.68    1.63    5.12    3.80    0.76    5.88    7.45    0.40    0.94    1.15    2.66    2.56    1.69
PSATROND   -11.99  -60.70    1.78    4.19    0.62    3.92    8.77    0.61    4.76    1.81    2.14    0.97    3.16    1.71    1.85    1.85    0.93    0.79    0.12    3.08    0.08    0.06    0.21    0.03    0.26    0.00    0.03    0.03   15.47   10.86    1.16    0.00    0.00    0.00    0.00    0.00    0.00    0.06    0.00    0.79    6.35    1.74    1.98    0.52    0.55    0.34    0.24
PSATSAMU    -8.75  -63.45    0.79   10.56    5.59   22.14   17.18    8.91    4.74    3.12    7.72   19.43    5.12    4.21    3.95    3.32    1.21    0.36    1.78    2.64    0.56    1.42    0.73    0.29    0.33    0.02    0.01    0.97    6.64    3.14    1.15    0.26    0.00    0.03    0.07    0.01    0.75    0.46    0.22    1.18    1.83    3.59    2.13    1.17    1.16    2.11    1.01
PSATBALB    -1.92  -59.47   17.42   15.99    9.09    4.41    7.55    3.08   11.86   12.49   11.88   11.74   10.67   11.33    3.96    6.18    5.56    1.41   15.89    2.48    7.98    6.75   11.62   10.21    7.73    3.97   18.18   19.48    7.76    3.72    6.89    3.58    4.57    8.72    2.91   10.75   11.86   18.80    2.98    1.75    4.97    6.09    5.02    5.69    9.12    2.49    3.23
PSATCUNA    -2.82  -54.30    2.00   17.04    5.63    5.89    2.11    3.55    6.08    8.37    2.55    7.49    7.01    4.90    6.03    5.03    2.19    2.92    7.64    4.37    3.72    2.85    4.95    6.75   10.57    1.16    7.87   10.94    1.60    0.67    0.39    1.46    0.97    0.61    1.03    4.90    3.05    6.81    1.61    1.40    3.59    3.31    2.59    4.08    2.41    0.34    0.92
PSATJARI    -0.65  -52.52    8.25   11.19   11.58    6.65    2.94   13.12    6.85   10.24    3.42    7.35   11.48    6.63    7.15    6.12    5.20    5.36    6.01    7.58    3.86    9.57   12.04   12.57    9.93    5.86    9.18    9.48    3.93    6.76    2.30    6.73    3.59   10.50   15.42    5.34   15.63   13.74   15.45   11.33   10.85    7.05   10.21    2.66    3.41    3.78    1.22
PSATFGOM     0.86  -51.20    8.03   17.41    7.70    9.49    6.51   15.28    4.35   12.50    4.30    6.97    6.53    6.96    5.02    5.31    9.95    6.44   11.35    6.39    3.18   11.11   13.02   17.62   11.81    9.11    8.02    8.17    2.95    6.90    4.96   14.59   12.59   13.14   19.97    6.17   26.90    9.30   20.92   18.75    3.33    6.62    8.38    3.17    3.64    3.70    3.82
PSATUBE     -6.75  -43.57    2.04    1.00    0.78    2.06    1.45    0.94    0.94    1.06    7.41    7.18    8.96    2.04    1.23    1.03    1.53    1.13    0.73    0.53    0.36    0.70    0.25    0.13    1.01    2.39    0.83    0.15    0.01    0.00    0.00    0.00    0.00    0.03    0.00    0.00    0.00    0.00    0.00    0.04    0.01    0.02    0.04    2.27    2.44    4.01    1.37
PSATBSOR    -6.74  -52.00    1.84    6.47    2.37    3.27    1.09    1.82    3.23    2.71    2.85    2.64    4.17    2.27    1.48    1.46    0.61    2.14    2.38    1.78    0.61    0.37    0.74    0.42    0.34    0.69    0.88    1.92    1.73    0.04    0.01    0.01    0.01    0.00    0.00    0.02    0.02    0.01    0.14    0.37    1.25    1.46    1.15    1.05    1.04    0.25    0.40
PSATBESP    -6.75  -51.77    5.03    7.45    1.99    2.54    1.18    4.43    2.60    2.54    1.20    6.64   11.03    5.56    3.26    2.00    1.47    8.20   11.58    3.15    1.00    1.15    2.41    0.75    1.42    2.75    5.10    5.67    2.10    0.09    0.04    0.39    0.12    0.00    0.01    0.12    0.06    0.09    0.43    1.74    1.77    2.24    1.39    3.50    4.02    1.13    1.49
PSATPIME    -3.41  -51.91    4.37   10.09    6.84    3.69    1.15    1.51    4.99    3.39    1.67    5.20    7.57    4.35    3.95    3.02    1.43    6.22    9.70    4.20    2.12    2.66    2.02    4.29    1.58    2.53    4.14    9.35    3.81    0.56    0.22    0.30    0.48    0.15    0.22    0.49    0.33    1.14    0.62    0.94    3.17    2.73    1.91    2.52    3.01    0.66    1.22
PSATIRAP   -16.74  -42.57    0.33    0.02    0.24    4.81    4.65    2.82    3.44    2.40    0.33    0.15    0.03    0.04    0.21    1.40    1.09    0.51    0.05    0.20    0.24    0.84    1.16    0.68    0.67    4.79    3.59    0.02    0.24    0.22    0.21    0.09    1.24    0.46    0.04    0.00    0.00    0.11    4.36    0.36    0.05    0.73    1.43    0.03    0.00    0.00    0.00
PSATITBI   -15.97  -39.59    0.78    0.19    0.14    5.01    7.47    2.80    8.67    4.18    0.21    0.19    0.05    0.13    0.55    2.05    1.74    0.96    0.21    0.13    0.37    1.59    1.80    1.31    0.48    2.19    3.48    0.05    0.27    0.36    0.38    0.22    3.36    0.57    0.11    0.01    0.06    0.06    1.36    0.59    0.03    0.16    0.19    0.20    0.15    0.00    0.03
PSATCOLI   -10.98  -55.77    8.29    3.84    4.95    3.99    2.34    2.66    4.01    3.84    2.67    1.11    2.60    1.16    0.88    0.81    0.41    0.67    0.98    3.19    0.36    0.12    0.21    0.15    0.23    0.07    0.05    0.17    0.56    0.06    0.00    0.00    0.00    0.00    0.00    0.00    0.00    0.00    0.00    0.18    1.48    3.19    1.29    0.54    0.28    0.03    0.23
PSATSAEL    -9.19  -57.04    4.18    8.08    7.90    4.88    0.78    2.38    5.48    1.87    2.08    3.12    6.83    1.13    2.43    1.86    0.63    3.76    3.14    6.16    0.91    0.59    0.56    0.14    0.21    0.14    0.87    3.84    4.55    0.20    0.00    0.00    0.00    0.00    0.00    0.00    0.03    0.01    0.16    0.83    4.84    2.66    2.39    0.43    0.69    0.07    1.03
PSATITQ    -17.09  -54.83    4.05    4.90    7.22    3.62    3.40    0.93    2.51    0.94    0.49    0.39    2.18    1.41    1.64    0.43    0.45    0.41    4.21    4.99    0.10    0.03    0.03    0.00    0.00    0.00    0.01    0.00    0.00    0.13    0.00    0.00    0.00    0.00    0.00    0.00    0.02    0.06    0.00    2.80    3.59    3.92    0.35    0.16    0.05    0.00    0.40
PSATJAU    -15.24  -58.73   22.04    2.18    0.59    2.02   16.43    4.64    7.26    1.76    2.80    1.86    3.46    3.03    2.02    0.81    0.75    0.17    0.22    2.98    0.01    0.01    0.00    0.00    0.00    0.00    0.00    0.01    0.10    0.84    1.12    0.00    0.00    0.00    0.00    0.00    0.11    0.39    0.01    1.74    0.12    0.02    1.43    0.23    0.16    0.00    0.21
PSATMAN    -14.87  -55.78   14.05    7.01    5.45    0.90    4.49    0.94    1.36    4.09    1.67    0.52    1.51    1.76    0.63    0.37    0.05    0.13    0.52    1.91    0.06    0.07    0.01    0.05    0.16    0.00    0.00    0.01    0.22    0.27    0.00    0.00    0.00    0.00    0.00    0.00    0.00    0.01    0.01    0.04    1.97    1.03    0.66    0.09    0.10    0.02    0.22
PSATPTP    -17.61  -54.83    8.90    2.28    8.59    5.35    4.04    1.40    3.64    0.67    0.47    0.02    0.78    1.25    1.79    0.11    0.54    0.28    4.55    4.68    0.18    0.01    0.00    0.00    0.00    0.00    0.01    0.00    0.00    0.51    0.00    0.00    0.00    0.00    0.00    0.00    0.06    0.00    0.07    1.93    3.04    0.37    0.25    0.13    0.21    0.00    0.46
PSATSTCL   -17.90  -40.20    1.41    0.15    0.00    5.52    8.87    2.08   16.85    5.81    0.26    0.59    0.26    0.15    1.09    3.63    4.53    1.90    0.34    0.01    0.11    1.58    1.80    1.60    0.61    2.89    4.04    0.02    0.70    1.11    1.13    0.54    9.64    1.89    0.15    0.03    0.00    0.39    2.62    0.32    0.08    0.01    0.01    0.28    0.09    0.02    0.06
PSATPDC    -12.58  -39.00    4.54    4.10    1.25    0.64    0.11    0.04    0.02    2.83    5.27    4.51    3.06    2.33    2.42    2.96    2.74    4.90    6.70    2.60    1.42    0.47    2.16    3.20    1.81    0.15    1.57    1.37    0.05    0.30    0.39    0.52    1.42    1.09    0.24    1.32    1.71    0.04    0.17    1.55    1.18    1.04    0.32    0.11    2.48    1.79    0.26
PSATROSA   -20.92  -41.72    2.72    1.15    1.77    7.10    4.05    1.56   14.94    1.75    0.03    0.06    0.04    0.00    5.32    2.48    0.89    0.50    0.07    0.01    1.30   11.24    1.93    0.87    7.32    9.69    4.80    0.05    2.55    1.95    1.38    0.50    4.14    0.80    0.25    0.00    0.00   12.21    5.85    0.29    0.01   11.86    1.12    0.12    0.02    0.02    0.00
PSATCAN    -20.21  -42.85    3.56    1.44    1.53    4.38    3.43    0.88    5.12    1.10    0.05    0.01    0.01    0.00    1.88    2.59    0.45    0.26    0.02    0.00    0.76    5.03    0.78    0.23   14.88    5.80    2.52    0.21    0.32    0.51    0.85    0.10    1.42    0.78    0.09    0.01    0.04    5.20    2.32    0.04    1.49   17.97    2.81    0.01    0.00    0.04    0.00
PSATSAC    -19.64  -42.85    2.49    0.26    3.26    3.71    2.97    1.14    7.10    0.49    0.17    0.01    0.00    0.00    2.48    7.47    2.56    0.56    0.01    0.03    0.40    2.41    1.71    2.73   12.10    2.62    1.63    0.01    0.07    0.47    0.72    0.87    1.12    0.71    0.32    0.02    0.00    5.33    1.88    0.22    1.18   18.94    6.94    0.01    0.00    0.00    0.00
PSATPES    -19.12  -42.66    0.95    0.12    4.29    5.60    1.72    2.73   10.69    2.27    0.98    0.17    0.02    0.00    0.46    6.90    2.40    0.67    0.02    0.01    0.33    2.39    4.53    2.65    2.72    3.89    3.28    0.02    0.86    0.97    2.48    2.39    2.73    1.39    0.52    0.01    0.00    2.12    2.61    0.31    0.32    5.65    6.79    0.07    0.00    0.00    0.00
PSATMAS    -19.50  -40.92    1.77    0.42    1.11    4.71    2.86    2.23    9.17    1.26    0.30    0.13    0.16    0.01    1.68    6.69    0.94    0.61    0.15    0.03    0.14    2.64    1.31    0.86    3.34    4.64    2.98    0.02    0.44    0.73    2.10    0.39    2.42    0.83    0.17    0.00    0.00    3.53    4.70    0.18    0.06    4.63    2.20    0.04    0.00    0.00    0.02
PSATSBR    -23.37  -45.87    0.67   11.19    9.76   13.83    3.58    4.07    9.80    1.35    0.02    0.00    0.01    1.12    8.26    2.22    0.52    0.00    0.00    6.77   27.73    1.85    1.88    1.40    5.29   18.71    8.13    0.51    0.02    0.06    0.05    0.00    0.10    0.11    0.00    0.10    2.66   11.12    1.71    0.14    3.59   29.73    0.17    0.00    0.00    0.00    0.00
PSATJAG    -23.20  -46.03    0.14   17.23    9.34   19.46    2.19    6.13    2.25    0.79    0.04    0.00    0.00    0.38    2.87    1.10    0.32    0.00    0.00    5.39   32.10    0.50    0.37    0.09    6.68    5.43    2.56    0.06    0.00    0.03    0.03    0.00    0.03    0.00    0.03    0.46    4.49    7.26    0.58    0.64    6.16   21.15    0.00    0.00    0.00    0.00    0.00
PSATFUNI   -22.53  -44.57    0.26   17.06    9.89   13.58    2.44    3.15    2.96    0.88    0.02    0.00    0.00    0.45    2.14    1.27    0.42    0.10    0.00    2.78   34.45    1.64    0.80    0.32    5.68   10.31    3.12    0.13    0.01    0.03    0.07    0.00    0.03    0.12    0.01    0.16    3.68    7.85    0.58    0.20    5.26   25.81    0.27    0.00    0.02    0.00    0.00
PSATSACE   -22.48  -43.84    0.59   14.29    5.52    6.77    5.15    0.55   10.13    1.67    0.03    0.00    0.00    1.50    4.71    2.73    0.48    0.05    0.00    1.09   27.81    2.63    1.52    4.44    2.72   17.75    6.97    0.14    0.05    0.41    0.03    0.00    0.72    0.20    0.00    0.03    1.02   12.60    1.40    0.00    2.88   16.71    1.97    0.23    0.02    0.00    0.00
PSATPIC    -21.91  -43.54    1.96   10.13    2.73    4.90    1.52    0.55    5.67    0.67    0.00    0.00    0.00    0.61    1.79    0.47    0.79    0.05    0.00    0.14   19.27    2.20    1.83    3.08    1.60    8.97    2.53    0.03    0.18    0.67    0.03    0.00    1.28    0.34    0.00    0.00    0.06    6.81    0.64    0.09    3.69   12.79    1.04    0.03    0.00    0.06    0.00
PSATSOGI   -21.94  -43.36    2.11    8.72    2.08    3.88    2.04    0.48    4.25    0.30    0.02    0.06    0.00    0.12    1.01    1.87    0.53    0.30    0.00    0.07    8.73    2.66    2.12    1.31    3.46    7.57    1.71    0.02    0.40    0.72    0.53    0.14    1.34    0.55    0.02    0.00    0.06    4.18    0.37    0.08    3.42   10.99    1.01    0.12    0.00    0.02    0.00
PSATIPSI   -21.84  -42.58    1.32    9.61    7.00    5.90    2.92    0.70    5.96    0.51    0.07    0.08    0.01    0.20    2.31    1.36    0.96    0.34    0.01    0.16   15.02    4.14    2.45    1.93    1.65   10.32    4.53    0.01    0.58    0.99    0.26    0.05    1.34    0.51    0.05    0.00    0.19    7.34    0.65    0.07    1.51    8.98    1.81    0.09    0.09    0.17    0.00
PSATTCLJ   -22.69  -43.83    0.46    8.98    4.15    4.89    3.75    0.95   16.04    1.39    0.02    0.00    0.00    0.56   13.55    3.08    0.12    0.00    0.00    2.14   18.57    2.27    2.06    2.27    2.50   34.06   18.55    0.12    0.03    0.24    0.00    0.00    0.43    0.00    0.06    0.00    1.56   20.11    2.11    0.03    0.70   11.05    1.77    0.15    0.00    0.00    0.00
PSATBIGU   -25.51  -53.67    9.77   48.52    1.54    1.66   28.82    1.10    0.00    0.00    0.00    0.43    3.42   25.24    0.37    0.00    0.00    0.14   15.42    0.56    0.00    0.00    0.00    0.09    0.08    0.37    0.01    0.00   12.98   10.64   17.98    3.78    1.00    3.20    6.79   26.35    2.88    0.00   10.18   21.30    0.16    0.03    0.03    0.00    0.01    0.19   15.67
PSATBRAU   -21.45  -42.41    0.85    2.68    2.49    8.81    2.84    0.74    5.69    1.85    0.06    0.14    0.02    0.06    1.72    3.60    0.23    0.31    0.01    0.07    3.94    3.55    0.62    0.06    7.57   10.44    3.53    0.37    0.87    1.21    0.74    0.15    1.93    1.01    0.03    0.00    0.02    5.69    3.04    0.16    1.46   13.29    0.40    0.02    0.11    0.08    0.00
PSATSUIC   -20.08  -40.58    1.59    1.31    0.55    5.15    5.57    2.02   20.36    0.24    0.02    0.14    0.31    0.00    7.00    7.52    1.04    0.84    0.12    0.03    0.58    9.98    1.27    0.96    4.70    0.70    3.17    0.03    1.28    1.28    0.58    0.76    3.72    2.01    0.00    0.03    0.00    7.39    6.87    0.70    0.00    2.69    0.31    0.18    0.00    0.00    0.06
PSATJRI     -9.30  -64.70   11.33    2.64    2.92    5.48    7.48    4.00    6.44    2.58    2.84    2.03    6.13   11.12   15.07    5.14    1.14    0.84    2.34    4.69    0.09    0.26    0.35    0.14    0.16    0.05    0.01    0.06    1.00    3.25    3.10    2.75    2.04    1.28    6.83    1.23    4.47    3.22    0.74    6.72    8.00    0.44    1.26    1.39    2.98    3.14    1.92
PSATBENI   -14.59  -67.53    6.60    1.24    1.35    2.54    6.41    5.67    6.17    3.55    3.17    1.86    2.81    7.73    5.78    1.13    0.47    0.69    6.53   10.04    0.73    0.35    0.46    1.25    1.28    0.86    0.51    0.86    1.79    1.18    1.45    1.75    4.80    1.89    6.57    2.73    6.62    5.32    0.90    4.43    5.39    0.49    0.26    0.66    1.76    1.43    1.19
PSATEPB    -12.42  -64.42   10.52    1.95    2.62    4.04    8.43    5.30    2.27    1.10    1.60    1.54    4.56    1.70    2.25    1.64    0.51    1.30    2.64    1.41    0.02    0.02    0.11    0.02    0.02    0.07    0.05    0.19    0.47    2.09    2.81    0.70    0.14    1.71    1.80    0.11    2.12    0.54    0.11    3.27    0.50    0.03    0.52    0.47    1.72    0.64    4.39
PSATEGM    -10.79  -64.35   10.54    2.15    2.41    4.03    7.90    5.26    3.69    1.18    2.08    2.07    3.59    6.13    3.14    1.33    0.83    1.88    8.16    2.88    0.08    0.11    0.32    0.27    0.25    0.25    0.16    0.31    0.87    1.52    1.18    1.69    2.25    5.19    8.86    0.41    7.69    1.58    0.22    8.20    2.37    0.04    0.31    0.95    2.88    1.20    6.48
PSATSTOA    -8.79  -63.95    9.12    4.23    8.84   26.58   18.03    5.48    7.61    7.17    8.92    8.52    3.89    5.42    5.43    2.62    2.34    0.54    0.95    2.33    1.09    2.13    0.74    0.71    0.49    0.06    0.03    0.47    5.12    2.94    1.92    0.99    0.14    0.32    0.41    0.21    2.87    2.56    1.62    1.43    1.74    2.96    3.98    1.12    2.19    6.65    1.12
PSATENC     -9.90  -66.62    8.96    1.17    0.88   11.71   10.13    3.23    8.33    3.67    2.43    0.89    8.81    6.56   17.01    5.63    1.46    0.65    0.35    4.69    0.11    0.07    0.40    0.21    0.30    0.09    0.01    0.11    0.51    5.98    4.39    5.83    0.90    0.62    5.03    1.38    4.70    3.91    0.70    2.03    9.95    0.34    0.73    0.85    3.61    2.30    0.84
PSATAMY1   -11.71  -70.63    6.17    2.14    4.90    0.94    7.28    7.43    6.91    2.16    8.07    3.07    4.24   15.19   18.20    6.33    1.25    0.76    3.20    4.83    0.08    0.00    0.02    0.10    0.08    0.07    0.01    0.00    0.31    0.35    2.92    5.29    3.23    4.06   12.25    2.04    8.72    2.08    1.31    8.67   10.29    0.76    1.65    1.41    2.57    1.89    2.15
PSATAMY2   -12.37  -71.17    5.73    2.13    7.04    3.57    9.26    6.22    8.03    4.33    7.52    3.96    6.00    6.48    8.89    3.79    1.23    1.78    4.58   12.85    0.71    0.29    0.08    0.49    0.66    0.49    0.28    0.75    1.91    1.63    2.11    3.97    6.11    3.88   14.11    3.20    7.51    4.67    3.32    7.20   13.64    1.55    1.81    2.01    4.70    2.73    2.47
PSATAMY3   -13.75  -70.18    5.82    3.56   11.16    6.00   17.06    6.77    5.72    3.34    4.07    2.37    3.60    4.23    8.99    3.10    0.80    1.19    5.39   13.31    2.88    0.56    0.63    2.81    2.37    2.63    2.26    2.22    4.04    3.26    2.64    1.22    4.85    4.88    9.03    4.37    6.31    5.16    4.70    4.12   17.27    1.02    0.70    3.56    6.54    3.46    1.65
PSATAMY4   -13.45  -69.47    4.84    1.68    2.86    1.46   10.08    3.22    8.45    3.24    4.85    2.42    1.80    9.67   15.51    5.77    1.13    1.09    3.34   15.49    1.42    0.19    0.11    1.02    0.98    0.98    0.70    0.39    1.18    1.15    1.05    0.69    5.24    2.08    8.12    2.45    6.00    4.42    1.87    5.03   14.88    0.83    0.85    1.79    2.58    1.45    1.04
PSATJRN    -13.37  -59.01   14.89    3.31    2.05    1.30   19.20    1.86    7.00    0.98    2.32    1.30    4.69    1.67    1.11    0.63    1.14    0.26    0.12    3.00    0.02    0.04    0.11    0.01    0.05    0.00    0.03    0.02    0.26    0.53    0.70    0.00    0.00    0.00    0.00    0.00    0.02    0.27    0.03    0.84    0.55    0.67    1.13    0.35    0.18    0.03    0.14
PSATAPI    -10.34  -56.98   11.37    7.33    9.30    8.13    1.01    2.85    5.57    2.65    2.19    5.82    6.74    1.70    3.02    2.11    0.77    0.36    1.06   16.01    1.22    0.29    0.58    0.24    0.64    0.02    0.89    2.88    2.43    0.14    0.00    0.00    0.00    0.00    0.00    0.00    0.00    0.00    0.14    0.31    2.05    3.35    1.43    1.72    1.21    0.15    0.21
PSATSALT   -29.32  -50.68    0.00    0.01    0.00    2.97    4.02    0.08    0.00    0.00    0.00    2.64    1.50    3.27    0.73    0.03    0.00   18.30   71.75    0.00    0.02    0.00    0.26    0.12    1.74    3.95    0.00    0.06    0.12    1.28    0.61    0.21    7.69    9.34   11.35    0.49    1.86    0.00    0.03   14.34    0.61    0.85    1.34    0.00    0.00    3.14   11.08
