PSATAGV    -19.89  -50.35    1.24    0.51    2.10   21.68    3.13    0.02    0.00    0.00    0.00    0.05    1.46    6.11    0.00    0.97   17.25   10.43    0.09    0.00    0.22    0.77    1.09    0.43    1.03   12.60   15.66   12.20   20.50   29.62   19.64   11.90    9.34   22.24   13.24    1.60    2.23    9.25    0.67    2.56    9.46    2.75    3.01    5.11    1.83    1.87    2.44
PSATCMG    -21.28  -44.63    3.30    0.40    2.32   25.36    3.77    1.00    0.76    0.37    0.01    0.00    0.01    0.08    0.03    0.11    1.53    0.24    0.01    0.00    0.01    0.00    0.34    2.08   17.67   21.08   33.68   19.74   11.54   17.48    8.10    4.96   11.87   37.94   17.39    3.90    0.67    1.67    1.83    1.53    0.66    5.54   50.08   46.25   10.89   24.52    9.72
PSATCES    -20.25  -48.16    0.16    0.41    3.59   17.38    5.81    0.08    0.00    0.00    0.02    0.00    0.00    0.00    0.00    0.41   13.68    8.82    0.05    0.00    0.00    0.06    0.06    0.49    6.76   18.32   16.38   17.26   21.33   27.82    9.40   16.70    7.26   16.06   16.73    1.50    0.62    0.99    1.11    2.46    2.29    2.40    2.66   17.11    8.49    2.00    4.13
PSATELC    -21.60  -46.95    0.19    0.42    4.51   13.54    2.94    0.20    0.00    0.01    0.00    0.04    0.00    0.00    0.00    0.74    4.70    3.57    0.09    0.00    0.00    0.00    0.11    0.85    9.46   10.15   24.31   20.55   16.57   20.77   10.35   13.78    6.64    8.41   18.79    1.01    1.08    0.80    0.70    1.64    1.78    1.86   11.46    4.29   22.25    1.90    1.62
PSATFUN    -21.14  -45.04    3.16    0.64    3.08   14.51    2.84    0.18    0.39    0.10    0.00    0.00    0.00    0.00    0.09    0.28    0.47    0.34    0.00    0.00    0.00    0.00    0.13    0.49   16.52   20.29   25.30   20.83    8.72   21.50    7.19    8.96   12.01   13.78   16.37    4.76    0.43    0.79    1.27    1.13    0.68    8.39   54.97   24.56    6.80   25.80    8.17
PSATFUR    -20.67  -46.32    0.90    0.64    2.44   17.01    8.94    0.22    0.00    0.03    0.01    0.02    0.00    0.00    0.03    0.20    1.51    0.57    0.04    0.00    0.00    0.00    0.08    0.81   15.10   11.69   20.89   17.03   14.00   24.69   16.42   12.12    9.18   10.10   25.07    1.29    1.11    0.96    0.96    1.09    1.79    9.38   52.61   19.36   10.48   10.28    4.98
PSATMRB    -20.30  -49.18    0.34    0.85    3.35   17.43    1.52    0.03    0.00    0.00    0.02    0.01    0.03    0.47    0.00    0.33   15.26    6.14    0.05    0.00    0.01    0.24    0.27    0.60    5.29   17.35   14.04   20.60   25.32   43.39   15.95   11.82    9.06   20.49   15.23    1.69    0.61    1.80    0.63    1.67    4.54    2.30    3.25   10.54    6.37    1.31    2.49
PSATPRG    -21.59  -45.67    0.28    0.33    3.57   12.27    1.48    0.36    0.01    0.01    0.01    0.00    0.00    0.07    0.00    0.23    3.24    0.48    0.13    0.00    0.00    0.00    0.13    1.32    8.04   22.14   24.94   17.47   16.45   28.51   17.29    7.82    8.52   14.37   16.68    0.27    0.86    0.60    0.47    0.67    0.38    2.42   22.80   17.03   20.66    2.51    0.99
PSATPAS    -21.02  -48.18    0.15    0.14    5.66   16.24    0.50    0.06    0.00    0.00    0.01    0.00    0.00    0.01    0.00    0.42    8.88    3.56    0.16    0.00    0.00    0.04    0.20    0.51    7.06   12.31   13.26   20.93   20.31   37.21   23.55    6.73    7.43   15.97    6.69    0.38    0.68    0.45    0.49    0.54    0.78    0.53    3.91    2.35    6.42    0.87    0.84
PSATPTB    -21.61  -45.49    0.78    0.42    2.82   10.81    2.51    0.49    0.05    0.03    0.01    0.00    0.00    0.14    0.00    0.25    2.01    0.64    0.05    0.00    0.00    0.00    0.10    0.79   10.74   22.66   30.62   14.54   22.54   29.09   12.33    8.17   11.68   11.60   22.07    0.34    0.86    0.53    0.52    1.05    0.27    3.16   52.29   43.19   16.01    6.87    2.09
PSATPTC    -20.00  -48.55    1.05    0.54    2.41    9.00   13.02    0.27    0.01    0.00    0.03    0.01    0.00    0.02    0.00    0.29   12.07    3.56    0.04    0.00    0.00    0.29    0.27    0.47    6.63   13.98   13.06   12.92   29.48   21.71   12.96   13.78    7.84   14.45   20.51    3.50    1.60    3.41    2.20    4.05    5.12    2.67    6.55   24.48    8.28    5.34    7.14
PSATFZA    -26.00  -51.65    2.41    2.91    9.74    0.70    0.42    0.41    0.09    0.01    0.00    0.00    2.90    1.73    6.03   83.53   20.77    6.07    2.10   10.70    4.38    0.11    1.63    2.91   11.18   15.01    0.69    0.30    4.41    1.35    0.34    3.23   14.26    4.85    0.29    0.23    0.34    0.02    0.02    0.13    0.53    0.97    0.97    1.34    0.41    0.64    1.05
PSATJSG    -25.78  -52.00    0.36    3.88   10.52    2.19    0.10    0.06    0.02    0.00    0.00    0.00    3.12    1.48    9.51   96.76   30.00   14.96    3.47    9.86    3.59    0.10    2.03    2.80   20.87   15.65    0.27    0.11   12.76    2.36    0.63    5.43   13.16    1.67    0.14    0.03    0.01    0.00    0.00    0.02    0.08    0.23    0.13    0.82    0.38    1.11    0.61
PSATSCX    -25.53  -53.48    0.05    4.51   13.77    5.52    0.24    0.00    0.00    0.00    0.00    0.00    2.43    6.60   13.51   79.28   18.00   26.92    7.14    5.63    1.80    0.25    1.95    4.33   14.52   14.53    0.34    0.20   20.51    5.32    2.10    8.47   20.10    1.41    0.26    0.01    0.01    0.00    0.00    0.00    0.00    0.00    0.04    0.37    0.16    0.78    0.56
PSATSCL    -25.49  -51.74    0.48    3.66   10.36    0.84    0.10    0.02    0.01    0.00    0.00    0.00    2.11    0.80    5.79   43.79   20.27    9.61    1.76   11.14    1.87    0.14    2.46    2.49   18.51   21.84    0.88    0.57    5.47    1.27    1.51    3.95   13.18    7.55    0.05    0.03    0.12    0.02    0.00    0.02    0.05    0.06    0.23    0.40    0.29    1.42    1.85
PSATUVT    -26.23  -51.08    4.85    2.18   10.51    1.32    2.39    1.60    0.19    0.03    0.00    0.00    1.69    1.91    3.72   42.39   39.49    8.16    3.35    8.35    3.17    1.50    3.20    3.19   16.37   17.24    1.11    0.40    7.71    4.12    1.44    3.52   17.10   13.44    1.30    0.79    0.60    0.22    0.25    1.04    1.81    3.41    3.32    3.22    0.70    0.53    0.62
PSATBSM    -24.19  -53.74    0.02    7.70   15.04   10.37    0.35    0.00    0.00    0.00    0.00    0.00    0.59   11.63   11.68   30.75   14.56   17.03    2.75    5.94    0.48    0.08    1.13    4.02    8.10   19.85    0.59    0.49   17.34    3.58    2.95    4.20   26.19   12.26    0.89    0.02    0.02    0.02    0.00    0.00    0.00    0.04    0.06    0.15    0.08    0.56    0.82
PSATFLE    -22.97  -54.56    0.12    5.33   11.16    6.85    0.55    0.00    0.00    0.00    0.00    0.17    8.08    2.37    2.74   14.22    9.27    8.50    2.17    2.60    0.00    0.28    0.55    0.30    1.19    7.19    3.61    4.17   18.76    9.99    4.19    3.44   30.40   16.55    0.51    0.00    0.00    0.21    0.10    0.22    0.07    0.13    0.40    0.04    0.20    0.09    0.00
PSATITP    -25.42  -54.58    0.02   12.71   11.08    6.33    0.13    0.00    0.00    0.00    0.00    0.02    7.72   11.44    8.52   24.78   14.01    9.73    3.69    2.84    0.03    0.35    1.94    2.00    5.42   10.16    1.67    1.47   27.34   15.12    8.23    4.77   33.22    8.07    0.22    0.02    0.04    0.18    0.00    0.03    0.03    0.13    0.18    0.17    0.07    0.13    0.08
PSATIVM    -22.38  -53.53    2.65    9.95    5.41   10.68    0.85    0.00    0.00    0.00    0.00    1.14    5.68    5.47    3.08    8.28   20.74    6.73   10.37    2.81    0.04    0.39    3.01    0.29    0.00    5.77   16.65    3.50    6.20    9.03    4.01    9.50   11.61   16.08    0.86    0.28    0.01    1.40    0.65    0.17    0.09    0.43    0.55    0.27    0.28    0.22    0.68
PSATPTQ    -23.18  -53.17    0.16    5.50   13.15    9.60    0.18    0.01    0.00    0.00    0.00    0.00    0.74    5.76    5.65   27.84   20.80   18.81    2.19    5.69    0.22    0.07    2.11    3.11    5.13   16.79    0.80    2.14   19.78    9.09    4.43    8.30   23.50   18.24    0.16    0.02    0.16    0.11    0.00    0.02    0.02    0.17    0.17    0.21    0.11    0.44    0.73
PSATCBI    -17.99  -48.54    5.12    4.77    5.22    6.37   25.91   11.06    1.34    0.16    0.30    0.92    0.75    0.01    0.11    5.48    5.22    1.35    0.02    0.24    0.08    0.05    0.07    0.49    7.81   23.47    8.17    6.68   16.98   13.38   16.44    6.36    8.09   10.61   22.09   12.81   11.17   10.81    5.29   12.12   20.54   13.60   28.19   26.60   10.14   14.15   11.15
PSATCBIV   -16.15  -48.67    6.39    5.21    4.99    4.46   39.29   22.40    2.62    0.11    0.31    1.50    1.26    0.02    0.10    4.93    2.91    1.86    0.05    0.32    0.24    0.00    0.04    0.28    2.91   17.47    2.37    4.01   16.78   11.08    7.08    5.54    5.58    7.86   15.59   10.99   12.49   11.49    5.20   15.59   25.95   12.84   44.36   16.43    4.07   13.78   11.02
PSATEMB    -18.45  -47.98    2.50    1.17    2.38    6.36   12.17    1.35    0.11    0.10    0.32    0.09    0.00    0.05    0.17    1.74    4.19    0.57    0.00    0.02    0.00    0.06    0.05    0.25   10.08   23.19    9.70    9.88   15.92   14.73   11.47    8.90    5.16    5.00   16.49   20.25   15.26   11.72    9.82    6.68    4.37    8.29   21.99   36.52   19.67   15.21   13.68
PSATIMBR   -18.42  -49.10    3.43    2.07    3.51   14.72   14.18    1.72    0.15    0.01    0.03    0.35    0.48    0.00    0.03    1.44   10.62    2.42    0.03    0.00    0.00    0.22    0.18    0.75    7.31   18.78   16.05    9.88   10.67    6.65   13.71   10.73    7.18    7.68   22.20   20.52   14.09   13.50    3.45   10.89    9.69    6.73   19.38   23.80   17.26   10.99   10.95
PSATNPTE   -19.13  -47.70    2.26    2.06    2.52    5.31   13.62    0.43    0.01    0.01    0.24    0.07    0.00    0.00    0.02    0.70    4.81    1.04    0.01    0.00    0.00    0.32    0.22    0.34    8.14   20.12   16.06   12.72   21.54    8.86   10.40    8.48    4.99    6.75   22.08   15.46    4.90    5.17    7.14    9.72    5.25    5.13   14.16   14.69   14.89   11.39    8.04
PSATARV    -18.07  -50.16    5.50    6.89    5.29   11.71   18.51    8.47    0.69    0.05    0.36    4.85   22.40    1.38    6.32   19.91   14.02   12.90    0.40    0.03    0.06    0.44    0.22    0.34    9.25   16.21    8.52    5.32   16.32   12.31   12.22    7.86    6.39    7.83   30.21   19.23   22.98   13.14    6.78   22.31   15.80   15.18   17.25   21.85   11.24    9.33    8.12
PSATSFC    -18.05  -47.68    3.57    2.14    3.26    5.02   19.58   10.26    1.38    0.59    0.50    0.48    0.02    0.02    0.23    6.56    2.12    0.28    0.06    0.35    0.01    0.07    0.03    0.27    8.09   15.03   12.90   12.64   21.85   16.83   14.46    7.94    6.56   10.52   14.94   11.07   15.29    9.94   10.25   10.22   14.80   13.85   19.82   29.00    9.78   21.76   14.22
PSATSSM    -19.02  -50.50    4.03    2.52    2.76   15.78   13.23    2.53    0.27    0.01    0.01    1.62    5.09    0.38    0.73    5.80   15.26   10.83    0.04    0.06    0.24    0.69    0.70    0.73   12.07   13.51   21.05    8.15    7.94   16.60   16.30   11.53    4.85   10.50   19.01   16.37   15.36   17.06    5.74   15.70   16.21    7.23   14.12   15.53    6.72    8.27    7.04
PSATCNI    -22.94  -50.52    0.44    1.23   19.00    8.98    0.02    0.03    0.00    0.00    0.00    0.01    0.06    0.14    1.48    1.89    8.22   13.91    1.52    0.01    0.06    0.03    1.25    0.51    0.23    5.46    8.65    8.73   19.95   12.38   17.51   16.97   16.96   25.12    0.81    0.05    0.40    0.37    0.02    0.06    0.03    0.05    0.08    0.42    0.11    0.21    0.17
PSATCPV    -22.65  -51.33    0.33    2.53   15.39    6.39    0.02    0.03    0.00    0.00    0.00    0.00    0.33    0.52    1.43   10.17   23.55   10.47    1.03    0.22    0.02    0.01    1.16    0.97    1.72    9.34    4.74    2.12   20.25   19.48   13.20   17.00   21.52   29.72    0.26    0.14    0.30    0.21    0.00    0.03    0.09    0.15    0.15    0.55    0.30    0.26    0.36
PSATCHT    -23.01  -49.73    0.07    0.04   16.22    1.91    0.30    0.30    0.06    0.00    0.00    0.00    0.02    0.06    0.89    4.96   19.39   11.98    1.09    0.16    0.01    0.01    0.10    1.21    1.94    9.66    1.95    1.37   13.88    9.31   12.78   11.63    8.91   37.79    0.62    0.10    0.32    0.24    0.01    0.27    0.32    0.15    0.27    0.23    0.60    0.40    0.84
PSATJUR    -23.22  -49.23    0.07    0.01   12.71    6.35    2.88    1.73    0.43    0.00    0.00    0.01    0.19    0.06    2.35    1.55   13.90   12.96    2.83    0.11    0.00    0.02    0.11    0.61    1.88   12.26   10.28    2.75   16.66   14.86   13.99   11.15    3.43   29.73    2.52    0.73    0.55    0.45    0.02    1.64    0.79    0.54    0.57    0.85    1.24    0.55    0.60
PSATMAU    -24.06  -50.71    0.54    0.62    9.61    0.40    0.25    0.18    0.01    0.00    0.00    0.00    0.04    0.59    1.76   20.19   29.11    6.79    2.80    4.79    0.25    0.02    0.36    0.83   10.37   14.27    0.90    2.14    7.19    9.12    4.94    8.98   14.30   26.58    0.51    0.15    0.39    0.03    0.01    0.21    0.25    0.31    0.85    0.44    0.71    0.57    1.38
PSATROS    -22.50  -52.87    0.10    6.75    9.42   12.60    0.05    0.00    0.00    0.00    0.00    0.00    1.81    3.77    7.86   17.83   20.35   18.68    1.65    0.32    0.02    0.00    3.16    1.92    0.34    4.52    3.83    3.18   30.89   18.93    7.97   24.00   20.36   19.57    0.06    0.09    0.17    0.42    0.00    0.00    0.02    0.23    0.08    0.38    0.12    0.21    0.16
PSATQMD    -16.21  -47.33    1.28    1.46    4.75    4.66   28.83   23.24    2.80    0.62    1.71    1.32    0.00    0.12    0.84   11.36    0.18    1.02    0.09    0.70    0.18    0.00    0.00    0.27    0.51    3.78   12.42    9.71   13.51   14.24    8.13    4.30    1.58    7.90   17.68   11.99   16.10    7.89   12.56   22.09   16.97   10.10   25.68   13.03    6.42   25.74    7.19
PSATRBX    -18.95  -44.76    2.12    0.89    2.22   16.49    3.65    0.04    0.09    0.06    0.00    0.00    0.00    0.00    0.12    0.51    0.36    0.10    0.00    0.00    0.00    0.00    0.11    0.39    8.36   22.62    8.71   19.87   11.79    9.01    5.57    5.61    4.81   10.91   35.35   24.34    0.70    2.89    5.21    1.83    3.51   28.63   51.55   21.16   26.63   30.60   16.56
PSATSFR    -15.93  -44.86    4.51    1.36    2.18    7.21   31.15   23.15    0.74    0.54    0.35    0.33    0.00    0.36    5.46    0.64    0.38    0.12    0.30    0.33    0.19    0.07    0.03    0.43    0.70    0.16   13.51   14.58   10.46   10.87    5.92    2.75    1.74    6.36   17.18   17.07   14.88   12.87   11.89   19.40   25.20   13.07   13.53   15.27    8.33   18.81   16.36
PSATSRM    -16.37  -45.07    3.11    1.35    1.45    7.37   16.88    5.91    0.29    0.22    0.18    0.04    0.01    0.09    1.06    0.78    0.49    0.05    0.11    0.05    0.01    0.02    0.05    0.34    3.27    8.11    6.30   15.44   12.25    9.57    8.29    4.96    2.90    7.26   24.71   26.06   12.99   12.87   10.78    7.66   24.04   47.99   27.58   27.74   22.17   24.03   17.90
PSATTMR    -18.16  -45.27    1.77    1.30    1.87   10.90    9.78    0.15    0.00    0.01    0.03    0.02    0.00    0.02    0.13    0.55    0.48    0.28    0.02    0.00    0.00    0.01    0.03    0.51    9.06   21.00    6.40   19.54   16.49   15.93    7.98    7.77    6.57   13.17   36.03   16.22    0.82    4.85    4.77    3.77    7.40   32.17   51.19   20.59   18.83   20.10   14.56
PSATBOQ    -11.35  -43.83    1.16    1.05    0.85    7.87   10.73   11.87   34.35   31.69    0.55    1.50    0.78    0.26    0.13    0.01    0.06    0.12    0.51    0.14    0.05    0.23    0.42    1.21    0.20    1.10    8.14   12.91    4.97    2.75    0.91    1.29    1.58    1.56    6.28    7.18   16.83   13.63   21.23   12.83   13.50   17.11    8.83    7.01   24.57    3.53    2.58
PSATBBO    -22.52  -48.55    0.28    0.05   11.27   10.11    1.33    0.71    0.08    0.00    0.00    0.01    0.01    0.00    0.73    0.27   10.75    6.69    1.32    0.01    0.01    0.01    0.15    0.52    4.49   11.09   13.45   13.39   19.73   23.28   21.10   10.89    6.64   24.42    4.70    0.25    0.51    0.43    0.14    0.28    0.44    0.21    0.43    1.06    2.23    0.84    0.09
PSATESZ    -23.46  -46.91    0.32    0.18   16.86   15.50   12.24    5.85    0.75    0.00    0.00    0.00    0.03    0.02    0.34    0.29   11.63    3.09    1.16    0.11    0.01    0.08    0.17    1.06    9.07   15.95   23.85   10.19   11.74   22.87   14.61    4.80    3.57   46.71   14.11    3.69    2.67    2.15    0.19    2.19    7.17    2.00    1.25    4.68    4.08    1.82    0.64
PSATIBT    -21.76  -48.99    0.18    0.05   11.24   15.21    0.18    0.03    0.00    0.00    0.00    0.02    0.06    0.00    0.12    0.41    6.23    9.17    1.09    0.00    0.02    0.04    0.53    0.31    1.43   13.74   10.87   10.64   21.44   31.02   29.14   17.00    9.88   24.97    2.15    0.09    0.48    0.34    0.20    0.11    0.05    0.19    0.52    0.45    0.39    0.26    0.10
PSATNAV    -21.12  -50.20    0.16    0.39    6.24   14.42    0.12    0.00    0.00    0.00    0.00    0.00    1.24    5.35    0.01    0.81   10.64   12.15    0.33    0.00    0.02    0.14    0.61    0.16    0.13    8.42   13.63    9.95   24.05   28.82   22.36    9.43   15.62   26.77    2.04    0.05    0.60    0.58    0.20    0.32    1.76    0.92    0.48    0.27    0.74    0.32    0.36
PSATSME    -13.40  -48.30    7.80    6.03    6.40    5.13   24.28   24.28    8.92    0.52    1.73    2.81    7.47    1.15    6.12    5.70    6.07    4.38    0.07    0.26    0.08    0.13    0.38    0.39    2.15   10.33    5.49    5.21   12.06   11.30   11.50    5.43    7.33    7.74   12.98   10.30   13.22    9.38    8.75   19.71   26.04   20.74   34.63   20.05   16.57   15.99   10.16
PSATBGR    -27.78  -51.20    6.83   13.73    9.08    1.81    1.16    0.43    0.09    0.02    0.00    0.08    3.99    8.06   25.13   49.24    0.15    3.01    4.64   25.81    6.89    5.97    6.41    4.18   22.46    1.31    0.29    0.00   27.04    5.50    0.97    4.33   21.15    0.24    0.57    0.23    0.41    0.23    0.64    0.11    0.59    1.90    0.05    2.74    0.53    2.91    1.00
PSATCNV    -27.60  -51.33    1.99    9.90    7.66    0.87    0.86    0.52    0.34    0.13    0.00    0.01    4.08    7.68   22.78   53.25   11.22    9.31    4.33   20.24    6.23    4.93    5.93    1.98   15.81    5.33    0.34    0.07   20.34    6.57    0.78    7.19   15.42    0.20    0.34    0.29    0.42    0.18    0.35    0.14    0.64    2.35    0.32    1.93    0.69    0.50    0.34
PSATFCH    -27.14  -53.04    0.01    8.24   11.92    0.25    0.00    0.00    0.00    0.00    0.00    0.00    3.72   17.04   40.81   38.02    9.83   11.26    9.12   12.33    5.38    0.70    6.52    4.30   26.66    0.98    0.02    0.26   30.27   21.73    3.30    3.27   27.69    0.00    0.00    0.00    0.00    0.00    0.00    0.00    0.00    0.00    0.23    0.18    0.03    0.14    0.00
PSATITA    -27.27  -52.38    0.80    7.23    8.73    0.74    0.25    0.13    0.02    0.01    0.00    0.00    1.03    8.04   28.59   62.78   14.43    8.78    5.88   14.48    7.09    1.20    8.01    4.50   23.20    3.54    0.14    0.10   21.60    9.56    1.62    3.47   19.68    0.19    0.09    0.05    0.07    0.01    0.03    0.05    0.20    0.74    0.46    0.83    0.33    0.31    0.18
PSATMCD    -27.52  -51.78    1.57   15.13    5.71    0.09    0.00    0.00    0.00    0.00    0.00    0.00    1.36   10.20   44.75   57.71    3.39    4.55    2.72   19.65    4.73    0.54    7.13    5.10   24.89    0.82    0.02    0.01   24.78    7.64    0.55    1.40   24.74    0.00    0.00    0.02    0.01    0.02    0.00    0.00    0.03    0.12    0.17    0.63    0.38    0.15    0.00
PSATMOJ    -27.35  -52.73    2.53   11.80   14.15    0.00    0.00    0.00    0.00    0.00    0.00    0.01    0.61   29.36   61.72   56.05    1.52    4.59    1.05   17.20    6.72    0.76   10.21   10.62   24.33    0.93    0.00    0.02   32.41   12.95    1.96    2.46   29.84    0.01    0.00    0.00    0.00    0.08    0.00    0.00    0.00    0.00    0.31    0.29    0.05    0.15    0.03
PSATQQX    -26.66  -52.54    0.20    4.69   10.34    4.21    0.11    0.01    0.00    0.00    0.00    0.00    3.32    2.90   12.35   93.18   18.54   20.27   12.31    8.29    6.39    0.46    4.31    3.52   23.05   13.22    0.11    0.08   18.88    7.05    2.72    4.17   17.20    0.02    0.02    0.02    0.01    0.00    0.00    0.02    0.02    0.15    0.26    1.62    0.40    0.72    0.41
PSATPSJ    -28.14  -55.05   11.83   16.51    0.53    0.00    0.00    0.00    0.00    0.00    0.00    0.20    8.50   50.07   48.48   27.87    0.00    5.21    1.37   12.14    4.76    2.98    6.36   22.57   11.54    0.05    0.00    0.07   42.80    2.80    0.14    7.55   17.23    0.00    0.00    0.19    0.00    0.00    0.00    0.01    0.00    0.00    0.24    0.02    0.09    0.02    0.08
PSATESP    -18.68  -51.87    0.64    3.56    3.58   26.18    7.30    0.43    0.01    0.00    0.14    1.01    3.88    7.37   11.70   10.09    9.12   23.18    1.59    0.09    0.08    1.25    0.29    2.17    0.44    1.48   12.13    3.78   18.55    7.03    7.84   10.33    2.61   18.01   18.75   22.14   21.96    4.12    1.95   14.37    9.19   16.05    2.96    5.40    3.91    5.04    4.43
PSATSRC    -19.16  -50.76    2.50    2.41    5.29   25.43    6.18    0.77    0.20    0.01    0.09    2.17   12.25    4.93   20.82   20.77   13.89   20.73    1.19    0.15    0.19    1.18    0.23    0.36    1.32    1.30   13.77    4.43   17.99   13.93   13.35   13.51    3.19   20.91   14.82   18.87   14.15    8.21    4.93   14.58    9.65   10.18    5.23    4.84    3.02    5.30    6.18
PSATFRCL   -19.12  -50.64    4.22    4.97    5.25   19.92    7.66    2.88    0.67    0.03    0.15    2.37   13.45    2.64   17.61   22.70   16.57   17.70    1.37    0.01    0.10    1.24    0.33    0.14    1.69    3.48   16.03    4.89   21.11   17.81   19.77   11.92    4.82   14.81   16.82   21.38   19.80   14.17    5.58   21.32   15.34   11.81    7.27   10.69    4.00    6.79    5.81
PSATISOT   -20.40  -51.35    1.08    0.87    3.41   26.60    3.77    0.10    0.05    0.00    0.00    1.18   14.57    3.99    4.01    8.78   15.64   25.95    0.54    0.04    0.08    0.74    0.47    0.21    0.79    5.26   11.37    6.93   30.12   22.91   24.22   14.13    8.54   18.15   10.79    8.57    3.30    9.75    2.37    3.99    7.70    7.81    1.35    1.48    1.23    2.47    1.53
PSATJUP    -20.86  -51.63    2.43    1.16    8.24   16.78    3.75    0.08    0.01    0.00    0.01    2.05   19.57    8.19    8.64    8.46   15.53   30.01    2.92    0.34    0.24    1.13    0.63    1.16    0.49    6.71    8.20    6.72   31.71   10.24   18.88   22.48    2.51   13.16   11.90   13.07    5.77   12.83    3.78    6.50    3.47   19.98    2.54    1.50    1.56    2.81    1.90
PSATSDG    -20.06  -53.18    4.69    1.83    9.32   16.43    3.14    0.01    0.00    0.00    0.00    3.38   14.74   12.12    7.23    2.96    9.23   20.11    3.19    0.50    0.40    0.95    3.13    1.83    0.39    4.16   10.45    5.75   14.12    2.45    6.39   15.74    2.21   13.48   18.07    5.76    2.19   11.57    5.39    3.86    0.78    5.88    2.17    0.86    0.92    1.04    1.38
PSATFZBT   -21.66  -52.87    4.73    6.43    6.06   12.87    1.85    0.00    0.00    0.00    0.00    0.90    9.05    9.28    6.97    3.99   15.01   12.04    4.86    1.32    0.08    0.84    3.15    2.04    0.01    7.16   17.61    6.48   11.54   14.64   11.20   20.58    4.31   15.95    7.35    0.79    1.58    6.19    3.82    0.14    0.27    0.59    0.46    0.31    0.42    0.33    0.28
PSATPPRA   -22.46  -52.91    0.27    3.08    9.43   15.33    0.17    0.00    0.00    0.00    0.00    0.09    9.92    4.55    4.64    6.98   20.52   16.34    1.66    0.26    0.04    0.12    1.66    1.53    0.08    2.78   14.67    7.71   32.18   29.00   14.30   21.44   18.84   17.52    1.36    0.28    0.47    1.72    0.40    0.09    0.47    1.57    0.54    0.43    0.38    0.24    0.05
PSATBTE    -13.69  -50.80    2.60    5.52    2.88    8.43   27.45   18.68    2.33    0.49    2.10    7.55   17.74   10.42   12.54   15.71   11.16   12.63    1.44    0.28    0.07    1.54    0.33    0.75    3.94    8.16    9.31    3.09   18.04   13.78   11.04   12.46    5.14    6.57   16.45   18.54   19.46    5.10    9.23   19.92   18.96   13.66   18.37   19.55   14.61   12.86    9.36
PSATARAG    -8.27  -49.26    3.33    5.58    4.19    7.86   15.31   15.18   21.88   19.08   13.73    9.11    6.27    3.73    4.79    8.31    8.03    8.01    4.45    3.53    0.19    0.64    1.51    2.18    2.98    7.68    5.86    4.40   11.37   14.61    8.89    9.43    4.95    3.95    7.32    5.89   15.84    8.26    8.22   17.59   27.25   23.73   18.16   13.29   11.30   15.23    9.77
PSATLAJ     -9.76  -48.37    4.73    3.95    2.93   10.87   12.74   18.19   34.43   16.19    4.08    4.09    0.20    0.64    6.98    0.93    0.59    2.16    0.45    0.84    0.04    0.17    1.83    1.54    1.48    4.64   12.16    6.16    8.73   11.79    4.21    4.45    6.26    3.14    7.62    9.09   15.88   15.16   10.96   22.68   35.53   37.05   20.09   12.82   13.64   14.91   10.33
PSATPTRL    -9.31  -47.39    1.29    0.89    0.57   13.24   14.82    9.14   31.62   17.18    2.93    0.85    0.00    0.15    0.16    0.14    0.29    0.63    0.54    0.68    0.01    0.80    3.51    1.37    2.49    3.53   12.16   10.66    8.37    6.35    2.90    4.64    7.49    2.79    6.51    8.59   14.26   25.44    9.57   20.67   35.54   25.55    8.81   10.77   11.20   10.55    6.79
PSATLJET    -7.33  -47.48    1.01    2.25    4.21   10.95   10.21    6.64   28.92    8.71   10.06    1.39    0.13    0.09    1.58    2.42    2.01    3.08   14.38    4.47    0.17    5.44    5.47    2.47    5.87    5.08    7.76    7.98    7.36   11.37    3.38    2.80    6.67    3.11    5.57    6.03    6.38   11.04   16.44   22.87   14.44   11.20    5.34    6.99   12.83   10.28   11.98
PSATUCR     -3.83  -49.65    1.40    1.17    1.37   16.96    9.96    8.59   16.75   13.94   11.34    2.43    0.81    3.87   11.28    7.14   16.72    7.26    9.60    7.73    2.06    8.31    3.47    2.08    2.78    4.83    9.45    8.79    8.40    6.27    5.21    4.88    4.40    6.26    4.84    7.06    4.00    5.27    8.88   16.51    8.36    9.82    4.60    6.93    9.80   11.54   13.85
PSATXIVJ   -29.07  -51.67    2.18   23.66    7.33    0.05    0.01    0.00    0.00    0.00    0.00    0.08    3.44   20.18   30.56   57.18    0.01    2.80    7.31    8.39    7.20    1.59    8.41    9.69   20.11    0.39    0.00    0.05   32.04    3.42    0.31    0.58   31.47    0.11    0.02    0.02    0.01    0.00    0.02    0.03    0.02    0.09    0.00    0.70    0.38    0.11    3.10
PSATDFRC   -29.45  -53.28    4.16   33.24    1.08    0.13    0.00    0.00    0.00    0.00    0.00    0.22   17.59   38.75   24.72   13.63    0.00    5.33    4.44    5.87    6.45    3.28    7.89   26.43   11.10    0.13    0.00    1.18   42.39    0.60    0.08    3.09   15.14    0.06    0.02    0.09    0.00    0.00    0.01    0.04    0.00    0.01    0.12    0.81    0.33    0.10    0.62
PSATREAL   -29.02  -53.19    4.66   20.42    2.82    0.00    0.00    0.00    0.00    0.00    0.00    0.01    2.20   39.68   33.91   48.52    0.05    4.46    2.26    5.50    7.18    2.28   10.89   17.21   16.45    0.14    0.00    0.05   33.25    3.31    0.12    0.61   28.62    0.04    0.00    0.03    0.00    0.02    0.00    0.02    0.00    0.00    0.15    0.51    0.21    0.01    0.54
PSATCTAV   -29.01  -51.39    7.54   23.22   14.13    3.05    2.00    0.75    0.00    0.00    0.00    0.50    2.88   16.22   18.82   53.24    0.02    3.05   11.54   11.04    4.94    4.97    8.28    8.56   14.93    0.86    0.09    0.04   47.13    6.72    1.34    1.14   26.39    0.52    1.07    0.18    0.15    0.30    0.69    0.73    1.38    1.40    0.04    3.99    0.43    9.25    2.45
PSATERNT   -28.56  -52.54    2.47   18.48   10.31    0.00    0.00    0.00    0.00    0.00    0.00    0.00    1.55   25.07   50.45   73.75    0.18    3.54    0.95   11.96    6.40    1.32    7.45    9.98   25.12    0.63    0.00    0.00   32.62    6.61    0.30    0.89   33.57    0.02    0.00    0.01    0.01    0.03    0.00    0.00    0.00    0.02    0.06    0.84    0.24    0.08    0.09
PSATSTPL   -27.14  -49.52    2.75    5.15   10.45    0.50    1.25    1.06    0.91    0.28    0.01    0.00    3.27    4.07   11.27   48.15   33.21    9.98    3.74   15.21    5.93    4.64    5.73    0.97   12.33   20.96    0.62    0.28   24.20    4.14    2.59    9.44   13.73    0.33    0.35    0.59    0.70    0.38    0.09    0.11    0.85    4.76    0.48    3.15    0.39    0.36    0.39
PSATCVCH   -25.14  -48.87    1.13    0.31   12.65    1.19    3.35    2.99    0.89    0.02    0.00    0.00    1.69    1.09    2.65   14.34   43.08    0.82    5.14    4.09    0.06    0.08    0.00    1.10   16.86   45.07    9.69    0.52    1.91   24.34    6.61    4.09   13.82   26.73    2.18    1.83    1.11    0.40    0.37    1.46    1.92    2.96    4.18    2.01    0.95    0.46    2.78
PSATAMY    -12.60  -69.12   18.93    6.47   14.80    8.43   10.62    9.04    5.13    9.83    7.75    6.27   16.75    9.51    5.10    8.86   14.86   11.08   11.42   13.00   12.57    7.94   11.57    4.82    3.75   13.28    5.42    3.38    1.69    2.78    7.76    8.57   28.24   37.37   16.86    2.88   14.83   12.74   11.91    8.32   15.34   25.90   20.62    6.12    6.09    4.02    4.33
PSATGJR    -10.73  -65.35   15.52    5.75   15.17   10.41    7.07    4.06    4.70    4.33    5.02   17.25    9.67    3.09    2.35   15.46   11.89    5.93   11.58   16.36   11.68    5.50    7.54    3.72    3.63    8.33    1.22    0.94    7.56    6.82    4.27    3.84   30.44   18.29    1.18    2.01    1.95    7.66    9.69    5.39    7.37   16.01    7.71    5.05    3.71    2.55    3.58
PSATPRNC   -12.43  -64.43    9.47    2.71   10.19   15.71   14.94   10.67    7.48    5.40    4.05    6.48   12.88    3.62    0.98    2.03    9.37    3.90   12.98   22.65   11.28    8.22    3.63    0.44    3.31   13.13    1.68    0.79    0.89    1.89    2.99    7.02    3.35   13.37    0.14    0.01    0.01    2.34    7.78    6.93    9.37   19.49   10.16   10.22    6.04    5.48    5.47
PSATSANT    -8.87  -63.97    3.02    8.88   15.15    8.31    5.57    3.79    4.91    4.50    3.41    6.79    9.92   12.42    1.34    3.22    9.48    6.32    6.06   24.10   32.53    9.69    0.83    5.86    1.42    9.38    2.78    0.93    0.74    0.83    4.81   11.92    8.85   11.04    0.27    1.19    5.98   18.58   30.20   12.78    6.21   13.01   16.11   16.73    8.92    3.39    9.10
PSATDARD   -10.16  -59.46    1.34    6.59    6.41   14.66    7.09    7.26    4.83    7.61   15.35   18.17    9.83    6.40    1.81    2.58   14.24    7.48   31.71   30.17   17.28    0.24    0.00    1.67    6.55    9.97    2.38    1.12    1.12    3.98   18.81   14.95   12.12   17.03   11.67    2.56    6.20    5.68   16.06   12.92   13.50    9.99   10.77    6.56    5.20    6.08   10.40
PSATGUAP   -15.12  -58.96    0.36   11.85   27.72   27.74   19.56   22.21   15.25   10.60    6.03   22.09   10.04   11.99    4.43    2.14    9.37   17.72   23.93    2.55    1.17    3.10    0.29    1.30    3.16    8.18    5.51    0.43    0.66    4.27   12.28    6.44    1.62    7.60    0.81    0.23    0.32    2.01   10.80    2.53    2.78    2.35    5.07   13.28    5.65   15.20    6.53
PSATJIRA    -9.25  -64.65   13.40    6.08   11.34   15.59    9.41    6.68    6.60    4.47    3.32    6.57   16.00    5.99    3.82    3.50    6.34    4.98    8.54   14.96   15.06    8.83    8.55    4.52    2.95   10.58    3.28    1.05    1.18    1.41    2.78    4.72   12.82   29.12    5.15    2.11    3.90   12.19   19.80   10.03   11.26   20.37   23.49    8.89    6.33    4.17    4.76
PSATROND   -11.99  -60.70    9.18    0.23    6.10   11.09   17.03    2.46    1.49    8.35    8.70   12.54   11.64   12.05    0.98    2.24    3.32    2.76   16.62   19.30    4.01    1.17    0.05    0.18    8.94   11.06    5.71    0.89    1.75    1.75    4.30    6.55   10.57    4.01    3.66    0.32    0.03    3.42    9.49   26.58    6.07   20.42    6.04    9.31    9.55   11.99   11.29
PSATSAMU    -8.75  -63.45    1.97    3.34   12.01    5.80    8.41    3.28    2.56    3.50    4.08    8.29   10.75   11.87    3.90    1.90   10.89    8.30    6.43   22.04   30.03    7.65    0.39    4.14    1.31   11.13    1.40    0.75    0.84    1.62    6.73    9.68   10.00   11.79    0.06    0.12    2.30   11.34   30.15   12.51    7.59   11.50   14.73    8.29    6.09    8.73    5.64
PSATBALB    -1.92  -59.47    2.96    8.05    8.34    8.29   11.88   13.43    7.38    8.36    9.24    0.88    3.68   15.29   13.27   10.59   37.78   15.43   10.66    6.11   19.34    6.68    6.82   10.31    2.78   10.51   12.57   16.89   13.75   11.16    5.35    3.80    3.21    3.32    9.71   11.10    7.00    1.86    2.19    3.45    1.68    3.33    3.48    3.92    5.36    4.04    4.39
PSATCUNA    -2.82  -54.30    4.27    0.47    1.52    3.63    6.93    4.18   10.02   23.37   13.32    9.05    1.80   12.22   12.81   25.37   28.96   13.73   20.75   18.97   14.04    7.70    5.45    4.27    4.06    5.04    2.24   13.57    4.67    4.51    2.83    2.51    4.75    1.62    2.47    1.57    1.92    2.72    3.62    7.52    6.21    9.98    3.82    5.85    5.43   18.14    7.18
PSATJARI    -0.65  -52.52    2.03    1.01    0.64    2.32    4.06    4.29    1.77    6.01    1.78    0.53    4.16    7.94   22.16   18.66   15.38   16.85    8.52    7.98    6.79    7.17    6.19    6.17    6.25    2.88    8.10    7.44    7.26    9.27   12.21    4.96    5.02    4.32    6.19    6.74    3.16    2.51    4.77    2.80    5.58    7.31    6.18    6.83    7.15   10.20   12.38
PSATFGOM     0.86  -51.20    1.84    1.75    2.97    2.27    6.25    5.02    5.08   12.27    2.18    1.20    2.48    3.43   21.57   18.61   13.92   13.92    8.64   13.46   15.29    4.21    9.92    6.99   10.27    3.49   10.52    8.07   11.60   20.76   17.46    8.67    9.45    7.49    7.29    5.75    3.06    2.15    5.39    6.19    8.93    7.48    6.96    6.83    7.02   13.57   12.74
PSATUBE     -6.75  -43.57    0.39    1.48    1.58   13.49    6.20    7.78   25.85   11.16    2.30    0.12    0.04    0.07    0.38    6.79    3.14    0.87    6.28    0.96    0.21    2.12    1.74    3.20    1.95    2.74   11.98    7.13    5.91    5.20    2.21    4.44    2.53    2.80    2.96    6.99    8.65   10.96   16.36   19.05   14.30   10.28    6.89    6.43   15.26    4.66    7.38
PSATBSOR    -6.74  -52.00    4.70    8.00    6.08    8.00   11.05   11.59   18.02   16.69   23.83   12.71    4.01    2.66    4.17   13.97   19.67   13.97    8.42    5.18    1.56    0.30    1.24    2.66    2.45    4.43    2.72    4.26    9.41   19.60   16.24   10.83    4.19    1.21    5.22   12.24   12.81    6.03    9.82   14.19   22.83   19.39   14.58   12.23    9.14   13.55    8.00
PSATBESP    -6.75  -51.77    2.21    1.78    1.51    8.25    8.77    5.73   15.33   12.05   14.54    6.14    0.57    3.67    5.01    3.26    7.35    4.51   12.95    7.86    0.64    3.35    3.50    3.10    3.35    5.63   13.64    5.65    5.55    7.13    6.25    5.57    3.09    1.61    2.20    4.44    5.24    6.67    7.78   11.30   13.81    8.88    7.66    3.70    6.27   15.02   10.20
PSATPIME    -3.41  -51.91    3.70    2.47    7.27   10.63   10.39    3.86   11.60   14.12   19.30    9.03    2.81    6.10    9.53   11.84   15.80   13.33   13.37   11.89    5.29    5.99    5.70    3.54    2.41    6.02    3.64    5.59    5.18   10.81    8.21    5.92    8.29    2.62    3.70    4.34    3.91    5.16    5.19    8.36    8.74    9.10    5.69    4.58    5.83   15.03    8.27
PSATIRAP   -16.74  -42.57    7.31    5.34    1.94    5.93   20.29   19.44    0.22    0.31    0.38    0.05    0.00    0.37    0.67    0.48    0.38    0.06    0.67    0.02    0.01    0.03    0.06    0.49    0.49    0.04    0.59    3.64    2.80    3.78    1.54    3.74    0.58    1.86   22.37   24.13   22.07   17.27   15.91   21.51   35.45   44.35   24.18    7.99   21.02    8.44   12.71
PSATITBI   -15.97  -39.59    4.59    3.80    2.03    5.32   21.66   18.46    1.40    0.56    0.99    0.17    0.47    0.70    1.42    0.36    0.41    0.51    1.90    0.46    0.19    0.06    0.02    0.14    0.05    0.25    0.50    0.47    0.31    1.03    0.33    0.58    0.24    0.27   18.44   29.76   22.22   16.14   19.60   21.31   27.19   32.17   12.34    3.58    8.89    6.74    7.72
PSATCOLI   -10.98  -55.77    4.34    5.05    5.63   12.45   12.42    9.38   13.85   16.23   13.30   13.67   12.87    3.09    3.92   22.04   21.46   29.10    9.87    6.36    2.33    0.63    0.26    2.38    2.19    4.51    1.71    2.15    7.27   13.83   16.38   11.47    9.89    1.47   12.04   19.80   11.70    3.97    9.15   16.87   17.88   20.37   18.45   12.02    7.80   12.74    6.53
PSATSAEL    -9.19  -57.04    6.24    9.48    6.76   10.82    6.98    3.67    9.21   11.73   24.48   13.74   14.95    1.63    3.54   13.11    9.26   20.39   12.74    5.11    2.51    0.31    1.21    2.30    4.12    4.18    1.70    0.83    4.42   21.00   19.98    8.25    9.35    2.28    2.12   17.14   16.59    4.75   13.71    9.07   16.53   15.52    8.59    7.39    3.03    8.44    7.60
PSATITQ    -17.09  -54.83    7.60    2.76    4.46   15.36   15.65   11.27    0.49    0.25    1.10    2.40    8.03    4.17   12.49    7.65    9.53   20.76    9.24    1.85    0.01    2.04    0.90    2.33    1.68    9.31    6.09    1.73   28.18   12.79    8.57   18.77    6.39    8.82   19.37   16.45    8.88    1.44    6.01   17.23    8.91    5.57    5.60    7.24    3.28    7.45    3.75
PSATJAU    -15.24  -58.73    1.69   10.29   23.72   30.62   19.16   23.67   11.07    9.95    6.81   20.21   12.03   11.99    3.13    1.42   11.10   21.04   24.97    2.00    1.53    6.00    0.38    0.85    2.35    7.38    5.39    0.35    0.49    6.29   10.54    8.93    1.55    7.78    0.65    0.19    0.35    1.38    9.66    2.52    1.79    1.73    4.99   12.05    6.33   12.93    7.13
PSATMAN    -14.87  -55.78    9.02    5.47    4.46    7.18   21.00   11.29   12.01    4.95    4.13   10.04   10.45    4.40    1.76   14.43   12.04   26.95    6.94    0.69    3.47    0.53    0.63    1.41    0.31    3.25    2.56    5.84   17.25   13.57   12.36    9.83    8.83   11.76    8.83   19.46    2.84    1.18    5.39    7.57   12.61   10.53    8.91   12.54    7.70   10.09    5.38
PSATPTP    -17.61  -54.83   14.73    2.99    7.60   18.62   13.14    5.89    0.35    0.17    0.52    1.51    3.64    6.15    5.66    4.78    7.76   14.67   14.22    1.30    0.01    1.92    1.85    1.20    1.24   13.60    2.24    0.68   25.38    9.20    9.92   12.94    7.42   13.77   25.15   18.57   10.88    0.93    7.55   12.79    6.64    4.10    6.77    5.23    2.39    3.67    2.26
PSATSTCL   -17.90  -40.20    1.94    1.26    1.94    6.83   25.89    9.56    2.18    0.87    2.89    0.04    0.02    0.04    4.87    0.18    0.15    0.14    0.76    0.10    0.10    0.01    0.01    0.02    0.02    0.03    0.12    0.14    0.01    0.16    0.05    0.06    0.01    0.00   16.59   32.43   21.03   30.56   34.01   27.84   34.43   45.50    9.67    3.82    6.73    6.31    5.48
PSATPDC    -12.58  -39.00    0.75    0.32    0.74    2.99    5.44   47.57   15.66   17.20    2.72    0.39    0.17    2.09    1.21    1.28    0.60    1.78    3.95    0.96    0.78    0.25    0.02    0.09    0.08    0.49    0.68    0.27    0.07    0.05    0.08    0.14    0.29    0.09    4.03   18.45   28.72   17.20    9.56    7.98    5.48    3.23    2.89    2.19    0.36    1.25    0.49
PSATROSA   -20.92  -41.72    9.61    2.26    1.45   13.30   25.22    5.24    1.39    0.63    0.31    0.01    0.03    0.28    0.14    0.24    0.05    0.05    0.06    0.21    0.13    0.19    0.00    0.24    0.61    2.64    5.30    3.74    0.02    0.64    0.51    0.81    0.14   15.43   23.53   32.74   33.44    0.66    0.38    0.84    6.81   32.68   26.48   15.50   20.87   12.44   25.94
PSATCAN    -20.21  -42.85    3.40    1.54    1.29   18.52    5.48    0.56    0.22    0.65    0.14    0.00    0.00    0.05    0.02    0.26    0.28    0.05    0.03    0.19    0.09    0.02    0.02    0.67    3.88   11.40   20.14    4.57    0.79   10.67    2.04    3.96    1.67   15.81   16.48   30.01    3.45    0.85    0.37    0.30    0.97   19.79   45.81   30.77   27.95   33.23   22.00
PSATSAC    -19.64  -42.85    3.96    1.02    0.75   16.33    4.02    0.13    0.03    0.89    0.10    0.01    0.01    0.00    0.22    0.86    0.49    0.10    0.10    0.02    0.07    0.01    0.11    0.60    5.52    4.08   17.50    1.75    0.85   17.80    3.73    4.87    0.95    9.73   18.93   48.46    9.76    2.40    2.81    3.26    3.94   30.18   40.14   20.24   25.83   21.91   20.44
PSATPES    -19.12  -42.66    7.38    2.47    1.52   13.13    8.26    0.40    0.91    0.52    0.53    0.00    0.00    0.05    0.60    0.49    0.68    0.06    0.54    0.02    0.12    0.01    0.09    0.42    0.57    0.31    2.72    0.49    0.47   20.90    3.80    2.43    0.36    3.70   22.68   51.15   11.26    5.89    5.88    4.47    8.63   31.52   32.82   16.70   20.37   13.60   18.33
PSATMAS    -19.50  -40.92    6.01    2.88    0.70    8.84   13.62    1.89    0.22    0.37    0.28    0.01    0.00    0.07    2.46    0.37    0.19    0.07    0.39    0.10    0.10    0.06    0.02    0.13    0.08    0.18    0.63    0.43    0.17    3.89    0.79    0.57    0.06    4.23   15.27   41.77   21.55    3.62    2.31    9.17   19.50   21.53   29.64   13.62   19.75   14.74   33.94
PSATSBR    -23.37  -45.87    0.68    0.33    9.38   19.80   14.05    6.17    1.13    0.06    0.00    0.00    0.00    0.11    0.02    0.07   10.13    5.07    0.42    0.03    0.01    0.02    0.23    1.28    8.79   16.54   19.99   15.25   17.37   25.56   16.69   15.29    8.58   43.10   20.37    4.06    4.60    3.36    1.43    0.54    5.26    1.33    4.71    9.16   12.64    4.20    1.23
PSATJAG    -23.20  -46.03    0.62    0.02    7.30   14.01    5.82    5.55    1.03    0.00    0.00    0.00    0.00    0.00    0.00    0.02   13.04    5.10    0.18    0.06    0.00    0.05    0.38    1.65    4.18   18.19   26.06   12.92   15.87   18.23   24.15    9.78    5.57   31.36   12.13    1.10    1.56    1.98    0.27    0.15    2.41    1.25    1.16    2.01    4.30    1.74    0.12
PSATFUNI   -22.53  -44.57    0.45    0.08    4.48   14.16    5.22    3.18    0.57    0.01    0.00    0.00    0.00    0.08    0.00    0.07    7.00    2.22    0.13    0.02    0.00    0.02    0.18    1.55    6.78   22.43   31.64   17.93   14.14   19.83   14.27    7.64    5.85   25.59   14.87    1.00    2.17    1.61    0.85    0.49    1.56    0.89    9.37   17.40   19.31    2.84    0.85
PSATSACE   -22.48  -43.84    2.56    0.17    2.48   26.82   14.27    4.54    2.46    0.16    0.01    0.00    0.00    0.23    0.01    0.00    7.71    0.56    0.01    0.00    0.02    0.00    0.30    2.30   11.03   24.64   52.28   28.09    7.02   25.04    3.25    1.76   12.55   75.89   17.93    2.18    3.35    2.67    2.26    1.34    2.14    2.15   25.19   80.89   16.68   20.83    5.43
PSATPIC    -21.91  -43.54    4.21    0.12    1.95   33.70    6.68    2.57    1.05    0.43    0.02    0.00    0.01    0.16    0.00    0.02    3.20    0.40    0.00    0.03    0.00    0.02    0.27    2.26   12.56   23.97   39.49   24.73    6.04   15.53    3.42    1.63    9.29   82.72   18.57    3.11    0.55    2.56    1.34    0.49    0.43    3.72   40.53   65.22   13.00   26.73   10.35
PSATSOGI   -21.94  -43.36    9.10    0.54    4.41   38.57    3.44    0.93    2.01    0.69    0.06    0.00    0.04    1.08    0.03    0.26    0.61    0.18    0.00    0.00    0.01    0.01    0.08    1.86   14.78   29.07   39.14   16.42    6.00   14.73    5.33   13.44   11.42   82.89   15.27    8.04    1.29    3.40    2.91    1.98    0.70    8.91   43.59   44.36   17.78   27.01   15.91
PSATIPSI   -21.84  -42.58    4.65    1.10    1.76   22.85    6.99    1.26    1.30    0.20    0.03    0.00    0.24    2.67    0.05    0.30    1.51    0.23    0.02    0.10    0.02    0.01    0.06    0.58    6.33   12.38   31.62    9.61    2.34   18.97    5.54    8.82    9.79   83.98   19.58    6.37    1.30    1.85    1.19    0.65    0.62    6.34   30.36   63.51   21.96   22.27    9.92
PSATTCLJ   -22.69  -43.83    1.67    0.42    3.40   20.78   25.65    3.24    3.79    0.00    0.00    0.00    0.00    0.12    0.00    0.00    4.43    0.32    0.00    0.02    0.00    0.00    0.09    0.05    6.12    5.42   29.65   24.32    4.12   21.68    5.72    6.87   19.00   70.04   22.25    4.52    4.52    3.69    1.56    0.24    4.70    1.89   14.43   60.67    8.39    5.80    1.80
PSATBIGU   -25.51  -53.67    0.04    5.83   13.67    5.05    0.31    0.00    0.00    0.00    0.00    0.00    2.59    8.02   13.93   76.95   15.61   27.00    7.54    5.52    1.72    0.23    2.00    4.13   13.67   13.66    0.35    0.24   20.57    6.51    2.18    8.30   20.32    1.29    0.22    0.01    0.01    0.01    0.00    0.00    0.00    0.00    0.04    0.38    0.14    0.69    0.49
PSATBRAU   -21.45  -42.41    4.67    2.26    4.75   33.74    5.63    1.17    0.63    0.31    0.30    0.00    0.02    0.27    0.21    0.32    0.11    0.06    0.09    0.16    0.19    0.05    0.03    0.72    5.28   21.75   23.38    4.04    0.44   12.41    1.60    5.35    1.90   43.41   18.09   15.71    1.34    0.83    4.75    1.16    0.50   19.32   37.91   39.45   32.27   37.99   28.79
PSATSUIC   -20.08  -40.58    5.15    2.85    3.84    8.45   31.03    0.90    0.87    0.54    0.79    0.10    0.08    0.40    1.06    0.81    0.12    0.05    0.87    0.05    0.09    0.14    0.03    0.26    0.08    0.43    0.89    1.36    0.66    0.09    0.00    0.35    0.05    0.09   14.19   17.93   34.53    3.45    8.70    5.80   10.62   22.61   28.66    7.29    8.12    8.76   31.80
PSATJRI     -9.30  -64.70   13.97    5.22    9.09   13.46    8.02    6.21    6.58    3.62    2.56    2.96   12.77    5.54    2.98    2.14    4.74    4.28    6.00   15.63   18.02   10.42    6.78    2.45    2.43   10.15    2.52    0.63    0.52    0.81    1.41    3.45    5.93   24.35    4.00    0.08    0.78   12.48   20.33   10.07   13.24   21.25   25.47    9.90    7.10    4.49    5.00
PSATBENI   -14.59  -67.53   13.75    9.38   17.56   21.06   12.22    7.81    6.56    6.34    5.60   16.46   25.37    6.55    5.88    7.52   10.83    6.96   16.03   13.38    7.44    4.67   14.38   10.27    4.46   12.21    5.21    2.25    3.00    3.12    6.88    8.47   33.19   43.16    7.11    7.72   12.66   12.34   17.94    8.48    7.12   16.53   16.34    5.67    4.16    3.25    3.94
PSATEPB    -12.42  -64.42   10.07    3.27    9.16   12.65   11.05    8.99    6.12    4.38    3.48    9.73    9.25    2.59    0.90    5.61    7.35    3.74   11.77   20.64    8.38    6.34    3.31    0.69    2.73   10.25    1.35    0.66    4.24    5.60    3.71    5.82   10.94   12.91    0.16    0.02    0.02    2.57    7.47    5.28    7.21   15.33    7.77    8.02    4.82    4.53    4.63
PSATEGM    -10.79  -64.35   16.90    6.20   18.63   12.32    9.00    3.71    5.55    5.16    6.03   16.95   12.97    4.17    2.94   15.84   15.26    6.91   12.56   16.30   15.55    6.80    9.28    4.37    4.44   10.03    1.49    1.13    5.74    3.86    3.88    4.08   30.91   20.44    1.57    2.60    2.51    9.38   11.01    6.82    9.22   19.74    9.72    5.74    4.28    2.67    3.87
PSATSTOA    -8.79  -63.95    3.15    7.89   15.17    8.63    5.76    3.24    4.69    4.12    3.07    6.54   10.02   12.33    1.25    3.25   10.27    6.20    5.81   24.66   33.69   10.26    0.83    5.31    1.54    9.38    2.93    0.93    0.78    0.73    5.00   12.75    8.81   10.46    0.27    1.22    6.12   17.70   30.55   12.14    6.10   12.82   15.81   15.94    8.78    3.28    8.65
PSATENC     -9.90  -66.62    4.26    3.86    5.43   11.49   10.23    6.08    3.87    6.83    2.75    5.14    9.28   10.46    5.15    1.69    3.48    5.20    4.53   13.00   14.43    9.91    2.82    4.20    0.53    7.33    3.29    0.61    0.60    0.77    0.56    2.82    1.29   17.97    9.19    0.00    1.09   12.59   21.13   17.41    7.45   24.61   30.28   13.54    7.48    4.52    6.93
PSATAMY1   -11.71  -70.63   26.38    8.12    5.93   10.16   10.80    6.66    2.97    6.78    1.56    1.54   11.68    1.24    2.69    2.71    4.00    5.18    2.69    9.55   12.76   10.55    5.80    1.99    3.37   15.54    2.97    0.61    0.41    0.41    1.08    1.21    6.23   13.83   14.20    0.68    6.19   14.48   19.36   10.98   16.14   26.68   19.82    4.74    2.60    3.07    4.70
PSATAMY2   -12.37  -71.17   19.28    6.69   15.09    8.75   12.86   12.20    5.78   13.30    6.84    6.17   17.52   11.30    4.87   10.45   14.09   12.79    8.80   17.02   13.23    7.22    7.51    5.89    3.86   14.20    5.93    3.43    2.14    2.64    6.78    9.35   19.64   27.61   19.18    3.84   15.67   14.11   12.77    7.72   19.69   26.95   19.26    3.41    2.69    3.01    4.76
PSATAMY3   -13.75  -70.18   14.49    5.47   25.71    5.68    6.98    6.95    5.35   10.47   16.40   12.06   20.80   18.77    8.35   11.97   26.73   14.54   19.42   13.12    7.60    6.79   22.03    7.48    4.56    8.82    8.60    7.55    2.72    5.66   16.09   13.77   55.47   73.54   16.24    4.81   25.50   13.45    4.54    5.91   12.32   27.84   26.10   12.32   14.85    6.36    3.95
PSATAMY4   -13.45  -69.47   11.98    3.58   11.28    9.66   11.91    9.53    7.32    5.40    6.24    5.10   16.10    3.60    4.50   10.32   15.18   11.32   18.45    8.65   16.80    6.83   13.61    2.28    2.88   14.53    3.41    1.06    1.00    2.48    8.10   10.83   41.45   43.51   17.50    1.25   11.13    6.23    9.80    9.03    6.74   17.99   16.82    4.84    6.24    4.60    3.60
PSATJRN    -13.37  -59.01    1.87    5.34   14.26   15.18   12.39   23.56   12.37    6.74    5.48   17.62   13.74    9.28    3.62    3.73    4.18    8.31   25.06   13.51    1.87    8.66    0.10    0.68    6.03   12.68    2.65    1.55    1.65    5.14    7.68    8.31    3.30    8.14    0.68    0.37    0.24    0.69    5.14    2.58    4.82    6.79   15.40   13.41    8.99    6.90   11.29
