PSATAGV    -19.89  -50.35    2.12    0.80   12.24   35.23   12.16    0.27    0.38    0.19    0.85    1.51    6.63   19.16   13.70    3.23    5.80   12.61    7.18    7.97   22.16   21.74    3.95    8.58   16.56   17.18    1.51    0.07    0.10    0.65    6.46    3.30    2.66    9.31   18.52    1.78    0.19    1.06   11.11   16.69   17.86    2.56    0.85    1.50    2.94    6.58    6.53
PSATCMG    -21.28  -44.63    0.68    1.20    7.74   18.52   13.81    0.92    0.59    0.14    0.03    0.71    0.89    4.70    6.65   13.35    3.06    8.13    5.91    7.49    3.74    1.45    0.84   10.11   15.27   13.34    5.63   13.08   12.61    4.73    2.42    2.83   10.45   16.03    2.85    9.84   14.88   31.25   33.42    0.99    6.43    2.71    7.19   14.21    9.01    4.35    7.70
PSATCES    -20.25  -48.16    0.77    8.91    5.55   13.58   26.73    2.09    0.27    0.00    0.24    5.42    2.45   22.04    9.41    8.70    9.13   10.16    6.08    5.31   31.22    2.42    1.29    5.42   21.42   17.93    1.21    0.78    1.04    1.21    4.77    1.37    4.23    7.54    8.62    4.94    0.27    2.85   17.60   56.79   40.15   37.33   17.75   10.45    9.67    7.03   10.51
PSATELC    -21.60  -46.95    0.30    5.27    4.39   17.60   15.85    2.82    0.31    0.01    0.01    1.90    1.22    9.57   12.45   14.69   15.66   10.02    6.71    5.27   28.89    0.61    1.08   18.94   20.69    5.66    1.97    1.55    2.50    0.73    1.21    3.48    4.71    6.64    5.88    7.08    2.15    3.02   14.93   47.52   35.63   48.06   13.81   11.68    7.86    8.77   14.87
PSATFUN    -21.14  -45.04    0.78    1.12   11.13    3.68    9.62    0.61    0.36    0.09    0.03    1.28    2.06    6.69   13.88   14.57    2.23    4.86    6.04    0.46    0.23    0.51    1.30    7.05   13.72   19.22   11.24    9.30   22.53    5.07    2.86    3.26   10.22   14.72    8.25    5.47    6.79   22.96   29.37    4.18    5.87    5.46    7.62   15.85    7.55    4.02    7.03
PSATFUR    -20.67  -46.32    1.12    4.59    5.16    6.96   10.35    2.22    0.03    0.05    0.04    2.27    2.08   12.45   22.49   14.24    6.56   11.77    4.17    6.62    4.52    0.58    1.23   13.76   21.25   15.27    3.33    5.59    9.60    1.51    2.09    4.33    9.70   11.50    7.49    4.94    2.47    3.27   21.78   26.47   28.32   30.30   18.11   15.28    7.72    6.74   11.01
PSATMRB    -20.30  -49.18    0.66    6.22    8.66   24.47   24.19    1.19    0.24    0.02    0.32    2.65    3.44   24.19   11.74    4.14    9.27   11.05    6.64   10.34   31.08    6.28    1.50   11.42   20.78   16.48    0.97    0.49    0.54    0.77    5.71    1.12    4.54    8.51   13.02    4.28    0.41    2.38   11.00   38.72   44.86   16.61    6.20    5.81    6.37    5.73    9.79
PSATPRG    -21.59  -45.67    0.29    1.19    3.31   12.51   11.00    0.97    0.01    0.00    0.13    0.45    0.99   10.36   15.82   13.54    7.30   13.72    8.69    4.69    4.97    0.75    0.43   16.18   20.79    3.00    1.06    2.66    1.79    0.78    1.11    5.26    9.65   10.75    6.14    5.19    6.20    8.07   28.49   21.50   34.48   26.06   14.42   11.85    9.87   10.96    9.66
PSATPAS    -21.02  -48.18    0.12    2.29   10.58   23.01   24.11    0.57    0.16    0.00    0.01    1.35    1.93   13.36    7.74   14.73   16.86   11.74    4.96    9.00   29.70    3.54    2.92   19.81   24.50    3.92    0.66    0.96    0.78    0.37    0.95    1.74    4.73    5.93   13.66    5.80    1.38    6.35   10.10   40.68   45.57   20.40    2.84    6.55    6.92    6.92   13.00
PSATPTB    -21.61  -45.49    0.49    1.51    3.47   10.05    9.59    0.42    0.03    0.00    0.22    0.48    1.66   18.08   17.62   14.38    2.84    8.64   11.87    4.11    0.65    0.36    0.76   12.49   23.08    3.99    1.32    2.76    4.10    1.74    0.94    4.92    7.90   10.83    4.12    4.74    6.11    5.89   27.49   14.87   27.20   21.34   15.14   15.95    7.08    8.12    7.07
PSATPTC    -20.00  -48.55    3.63    3.93    4.18   21.06   24.68    1.44    0.35    0.08    0.37    4.91    1.62   14.66   10.83    7.45    6.16   11.56    4.41    7.21    6.86    3.63    0.82    1.83   15.52   16.91    3.93    1.63    1.47    2.03    8.24    4.11   11.48    9.18    8.26    2.40    0.30    2.83   17.66   49.17   27.52   36.43   21.52    7.41   10.09   11.25   12.06
PSATFZA    -26.00  -51.65    3.44   15.11   11.78    2.58    1.20    0.14    0.02    0.01    0.00    0.02    0.73    6.91   27.42   21.49    0.72    2.67   25.60   33.63    0.06    1.29   11.04   19.58    4.39    0.00    4.27    4.86    2.24    3.59    2.57    2.60    7.65   40.92    0.73    5.25   12.75   23.61    5.75    4.39    1.58    1.14    0.95    0.87    1.46    1.79    4.15
PSATJSG    -25.78  -52.00    1.68   11.73    8.84    2.49    1.08    0.01    0.00    0.00    0.00    0.09    0.78   14.16   26.57   16.78    0.06    2.07   30.99   33.59    0.05    2.55   17.02   25.10    2.44    0.00    9.52    4.63    0.96    2.69    1.41    5.18   12.05   48.53    0.34    5.06   13.48   15.13    5.81    2.71    1.21    0.74    1.94    0.61    0.87    0.63    4.72
PSATSCX    -25.53  -53.48    0.31    7.37   16.05    9.96    1.93    0.02    0.00    0.00    0.00    0.19    0.78   24.42   16.02    6.36    0.07    1.47   38.25   37.79    0.16    4.82   27.33   27.55    2.57    4.51   15.01    1.95    0.73    1.32    0.66    9.76   24.04   48.43    0.45    9.45   19.15   12.73    3.90    1.45    0.82    1.10    1.01    0.92    0.89    1.09   13.09
PSATSCL    -25.49  -51.74    2.71    3.24   17.06    2.45    1.57    0.02    0.00    0.00    0.00    0.06    1.21    8.67   23.86   11.67    0.94    3.07   30.38   33.55    0.05    1.60   17.97   19.61    5.49    0.02   16.92    7.44    1.40    1.43    1.61    7.04   11.21   21.32    0.76    8.36   12.97   19.42   10.89    2.69    0.87    1.10    1.45    1.79    2.15    1.17    6.55
PSATUVT    -26.23  -51.08    1.98   15.71   18.29    5.11    3.49    2.06    0.11    0.02    0.00    0.25    1.17    2.82   32.09   20.92    2.39    0.72   21.14   37.07    0.64    0.64    3.46   17.84    5.41    0.02    0.27    1.57    2.75    4.57    2.86    0.70    4.37   31.33    1.85    3.98    7.20   27.22   19.43    5.50    2.39    2.79    2.36    0.81    0.78    5.54    7.99
PSATBSM    -24.19  -53.74    0.18    1.52   19.85   21.82    1.01    0.01    0.00    0.00    0.00    0.03    2.33   18.85   15.95    2.15    0.95    1.91   37.24    9.77    1.44    1.03   10.06   20.59    7.07    4.29   12.20    2.19    0.51    0.51    0.36   10.72   28.55   24.35    6.23   10.60   18.00   18.15    6.40    2.52    0.92    0.90    0.97    1.03    0.87    2.71   23.53
PSATFLE    -22.97  -54.56    0.02   19.16   17.71   12.41    1.21    0.00    0.00    0.00    0.01    0.50    0.24   21.92   22.01   13.39    3.28    3.63   37.28   12.35    4.99    0.30    3.17    3.49    7.76   28.26   17.75    1.12    1.30    0.17    3.34   12.21    6.66    2.61   11.77    8.57   25.33   16.48    0.39    1.06    1.44    0.49    0.98    1.22    1.16   16.36   29.68
PSATITP    -25.42  -54.58    0.01   12.74   16.63   22.12    0.70    0.01    0.00    0.00    0.00    0.13    1.71   20.60   33.17    7.13    3.49    2.53   40.51   13.54    2.05    0.66    3.93   17.89    8.60    6.37   21.80    1.55    0.81    0.31    0.15   10.35   25.11    7.15   12.43    9.86   21.99   20.14    1.31    1.58    1.32    0.78    1.44    0.82    0.76    7.85   34.75
PSATIVM    -22.38  -53.53    1.56   21.02    5.49   26.37    2.52    0.00    0.00    0.00    0.10    3.99    1.28   19.10   50.43   12.21    7.32    5.05    2.98   25.43   16.21    5.52    0.63    1.83    4.46   19.97   23.32    3.07    1.93    1.02    5.53   14.99    2.79    1.78   15.27    3.16   21.11   21.09    1.00    0.98    1.25    1.01    0.70    1.25    0.98    3.04   15.93
PSATPTQ    -23.18  -53.17    1.46    1.34   13.26   14.50    0.63    0.01    0.00    0.00    0.00    0.09    3.15   13.25   51.45    9.15    5.58    1.11   35.61   10.29    0.15    0.12    5.20   11.94    9.25    1.41    6.07    3.77    0.29    1.19    0.63   10.65   15.66   16.65    8.43   12.37   14.88   16.30   13.69    7.62    0.91    0.76    1.19    0.93    1.62    2.35    9.03
PSATCBI    -17.99  -48.54    6.29   10.23    6.34   20.46   24.01   22.75    4.18    8.50    4.23    7.80   10.01   10.28   11.84    5.01    3.67    5.75    0.14    0.03    0.09    0.22    0.21    0.03    1.71   11.84   10.21   16.74   19.57   12.82    5.04    6.32    0.53    0.00    0.01    1.89   10.63    0.71   16.05   28.16   27.23   22.75   18.40    5.34   13.52    4.69    6.46
PSATCBIV   -16.15  -48.67   11.20   10.60    4.11   12.57   26.46   29.73   10.91   21.80    3.58    6.41   15.08    7.33    9.35    4.95    0.68    3.36    0.09    0.00    0.18    0.08    0.39    0.02    1.39    9.65   11.94   13.62   10.40    7.14    4.59    2.58    0.08    0.00    0.05    2.03   17.88    0.56   26.73   23.54   19.51   13.75   11.87    4.47   13.85    3.11    7.65
PSATEMB    -18.45  -47.98    6.60    2.02    2.08   18.88   29.36    2.33    0.25    0.25    1.45    9.05    3.05   11.05   13.03    9.95    7.62    8.62    1.62    0.12    0.01    0.54    1.11    0.54    6.39   22.47   13.95   10.67   14.93   16.33   17.04    5.10    0.10    0.03    0.17    5.14    0.54    2.57   16.51   46.39   17.50   22.57   22.23    8.00    4.87    4.60    6.87
PSATIMBR   -18.42  -49.10    6.17    3.50    3.79   19.54   27.52    4.86    0.59    0.47    2.95    7.23    2.46    8.35   10.80    4.72    4.17    8.00    0.89    0.81    0.09    0.69    0.48    0.34    6.43   18.28    9.47    7.43   11.97   13.86    7.86    5.88    2.37    0.19    1.58    3.76    0.36    0.56   16.64   30.73   31.55   22.39   14.81    1.98    7.31    6.58    7.45
PSATNPTE   -19.13  -47.70   12.63    4.87    1.52   21.59   25.58    0.95    0.43    0.13    0.83    2.99    1.83    4.23   14.56    6.92    9.37    7.15    1.96    1.76    0.14    1.10    1.29    1.71   16.35   19.35    9.05    4.71    8.00    5.02   13.05    3.44    2.55    1.74    3.61    4.66    0.37    4.29   17.73   52.86   13.93   23.43   23.01    7.23    7.51    9.89   10.61
PSATARV    -18.07  -50.16    1.29   10.67    5.68   19.84   23.16    4.32    1.29    0.93    4.42    8.08   15.16    3.14    6.32    9.23    5.01    8.53    0.31    0.12    0.04    7.66    0.85    0.64    4.07   12.21    7.98   11.85   17.52   12.85    5.63    2.91    1.65    0.54    0.06    0.08    0.13    0.10   16.91   25.46   18.51    4.96    2.64    2.57    5.76    6.98    3.32
PSATSFC    -18.05  -47.68    2.83    8.96    9.90   18.62   28.58   23.42    4.30    5.32    2.96   14.19    9.12    7.92   11.55    2.82   10.30    5.58    0.28    0.01    0.01    0.24    0.11    0.14    2.93   12.26   10.61   22.21   19.25   11.08    9.10   10.44    0.01    0.00    0.06    7.81    8.26    1.43   16.11   40.48   21.18   18.51   25.30    9.06    3.64    3.76    4.21
PSATSSM    -19.02  -50.50    4.67    5.16    7.54   24.35   22.65    2.66    0.94    0.72    3.35    5.26    7.83   12.25   13.87    6.44    7.65    9.58    1.12    1.01    2.68    6.20    1.25    1.24    6.31   17.40    7.33    3.42    9.36   11.16    7.61    6.17    4.19    1.30    4.46    1.72    0.31    0.28    9.58   26.37   25.20    7.21    2.03    1.82    5.28    6.08    5.74
PSATCNI    -22.94  -50.52    0.07    0.02   24.88   12.37    2.56    0.00    0.00    0.00    0.01    0.10    2.10   15.19    9.34   33.97   40.41    6.86   17.35   28.01    0.39    0.57    8.77    6.45   15.14    0.59    0.00    0.01    0.00    0.43    0.41    6.31    7.88   13.12   13.34   12.56    0.61   11.49    5.74    7.83    2.16    1.94    1.80    2.90    1.84    4.45    7.11
PSATCPV    -22.65  -51.33    0.28    0.24   15.50    8.38    0.19    0.01    0.00    0.00    0.00    0.02    0.81   13.67   39.03   30.72   20.07    2.13   31.68   19.82    0.37    0.05    2.29    8.43   14.40    0.56    0.01    2.00    0.10    0.96    0.39    9.40    9.73   11.01   10.80   14.22    3.26   13.58   12.81    4.19    1.48    1.49    1.94    1.39    1.65    3.59    7.66
PSATCHT    -23.01  -49.73    0.16    0.08   13.29    4.38    0.40    0.08    0.01    0.00    0.00    0.00    0.64    8.01   20.59   25.52   15.98    3.48   26.41   29.03    0.79    0.04    3.23   10.50   11.86    0.01    0.03    0.20    0.01    2.04    0.55    4.40   10.79    8.67    9.10   12.09    3.18   21.75    1.57    4.93    1.77    2.31    1.31    1.65    2.07    2.65    7.40
PSATJUR    -23.22  -49.23    0.02    0.03   15.56    7.42    2.43    0.47    0.03    0.00    0.00    0.06    0.65    8.43   18.23   31.05   32.18    6.39   12.45   34.03    1.63    0.69    6.43    9.45   14.56    0.09    0.07    0.09    0.25    1.69    0.57    2.71    8.45    9.37    7.19   10.27    1.88    9.04    5.52   22.06   17.10    1.81    1.91    2.61    2.46   10.64   12.04
PSATMAU    -24.06  -50.71    2.11    1.38   14.86    6.48    0.52    0.12    0.01    0.00    0.00    0.00    0.31    5.17   15.50   20.97    3.75    0.80   26.27   28.39    0.09    0.12    8.13   19.57   15.98    0.05    0.28    6.42    0.40    2.84    1.11    4.65    6.50    9.65    3.71    5.52    6.44   16.57    6.93   12.28    1.22    1.34    1.40    0.85    0.94    1.59    6.84
PSATROS    -22.50  -52.87    0.49    1.07    7.81   14.16    0.22    0.00    0.00    0.00    0.00    0.10    5.15   10.78  116.70   35.00   14.96    1.87   30.32    8.74    0.09    0.00    0.57    4.46    8.66    1.35    4.91    1.76    0.04    0.28    0.16   15.08    3.02    7.61   11.20   14.38   14.99   16.71   14.41    4.04    1.19    0.63    2.06    1.08    1.79    6.64   15.37
PSATQMD    -16.21  -47.33    6.09    7.24   16.88   21.53    9.28   26.49   31.89   20.09    2.70    6.86   13.92    1.12    0.41    0.21    3.82    0.17    0.05    0.00    0.01    0.02    0.00    0.14    0.10   15.95   12.53   20.19    4.80    5.71    5.12    4.37    0.01    0.00    0.00   21.65   20.45    3.37   25.51   26.75   15.84   10.67    7.63   10.76    2.03    1.22    4.75
PSATRBX    -18.95  -44.76    1.37    2.32    4.41    8.09   35.65    4.49    0.06    0.12    0.04    1.29    2.05    5.25    4.91    8.45    1.97    3.86    2.05    0.01    0.55    0.60    1.64    0.97   10.84   33.19   26.45   34.82   26.38   12.64   14.21    5.05    1.50   17.16    9.11    6.21    2.60    5.89   17.18    3.28    3.59    6.52   12.74   13.18    1.95    1.72    8.38
PSATSFR    -15.93  -44.86    6.43   21.54   11.52   18.43   22.09   55.73   15.42    4.81    0.85    2.46    9.58    3.45    0.12    0.09    0.00    0.13    0.03    0.00    0.12    0.00    0.17    0.20    0.12    6.14   20.76   18.65    8.63    4.02    8.00    1.42    0.00    0.00    0.62   11.86   12.87    5.48   27.48   27.17   13.62   13.47   21.19   12.46    3.27    1.16    5.26
PSATSRM    -16.37  -45.07    5.26    5.15    5.54   24.93   51.94   22.30    0.80    0.91    0.54    7.30    8.12    5.10    2.09    3.14    2.33    1.85    0.89    0.00    0.11    0.41    0.63    0.36    2.60   15.66   18.75   23.80   19.89   15.20    8.97    3.27    0.14    2.79    3.49   11.29    5.36   11.79   18.42   19.50   11.01   12.88   22.05   10.27    1.59    2.54    5.22
PSATTMR    -18.16  -45.27    3.66    7.30    3.35   14.60   37.92    2.28    0.05    0.16    0.23    8.92    4.93    8.98   12.25    8.81    8.62    7.79    2.31    0.32    0.12    0.57    1.08    3.09   13.85   25.94   15.10   21.08   22.08    8.80    9.57    8.54    3.29   10.23    9.62    7.70    0.92    4.01   17.13   23.66   17.10   18.44   19.18   12.60    4.97    3.38   10.98
PSATBOQ    -11.35  -43.83    0.49    0.30    0.46    0.65    0.61    6.46   11.28   10.68    4.08    0.83    0.27    0.07    0.06    0.02    0.04    0.28    1.38    0.20    0.00    0.04    0.13    0.00    0.36    2.61   10.52    7.47    2.07    0.58    3.67    0.36    0.01    0.01    0.01    2.68   11.00   23.47   18.00   22.12   10.66    7.91   10.62    4.13    0.25    0.42    4.97
PSATBBO    -22.52  -48.55    0.12    0.21    8.10   20.60    8.02    0.26    0.01    0.00    0.00    0.25    0.47    6.21    5.28   44.65   28.52   12.58    5.97   28.24   17.41    6.41    5.00   21.83   24.81    0.54    0.06    0.59    0.27    0.22    0.72    3.14    8.77   10.36   15.48    9.47    1.43    6.84   24.40   44.09   43.70   17.02    2.63    5.80    6.42    7.74   10.99
PSATESZ    -23.46  -46.91    0.32    0.16   15.56   22.94    8.10    4.84    0.53    0.00    0.00    0.00    0.25    0.84    6.08   42.05   25.83   15.59    2.25   29.82   20.46   10.84    2.40   12.49   24.21    2.03    0.37    0.94    0.35    1.69    1.70    0.76    3.81   13.62    7.64    3.08    2.70    4.97   28.96   50.96   41.00   36.42    3.04   10.72   15.09   11.40    7.97
PSATIBT    -21.76  -48.99    0.06    0.26   13.21   24.36   12.15    0.01    0.02    0.00    0.04    1.02    3.49   20.35    5.47   21.87   23.98    9.49   10.69   21.06   17.69    1.81    9.34   14.58   15.90    1.06    0.05    0.05    0.16    0.24    0.46    3.13    6.19    6.91   12.49    5.23    0.42    9.63    3.34   17.84   22.45    2.01    0.89    1.66    2.19    5.46   11.47
PSATNAV    -21.12  -50.20    0.20    0.46    9.52   23.75    5.08    0.12    0.13    0.01    0.02    0.69    6.37   20.14    7.74   19.50    8.63    7.12    5.00    9.96    6.39    3.50   11.54   11.50   22.75    7.75    0.07    0.04    0.06    0.11    2.53    4.00    5.66    8.61   14.23    2.80    0.37    6.60   12.38   11.61    9.73    1.73    0.94    1.81    2.87    4.45    7.45
PSATSME    -13.40  -48.30    5.26   12.50    7.28   18.55   23.59   28.79   40.63    9.23    5.64    6.69   17.03    4.89    6.14    3.30    2.70    3.49    0.05    0.07    0.09    0.00    0.24    0.23    0.66   11.52   12.19   14.20    7.73    3.95    4.40    4.24    0.10    0.00    0.00    1.01   11.44   11.72   17.34   26.35   18.21   16.15    8.95   15.29    5.07    1.72    3.40
PSATBGR    -27.78  -51.20    7.43   27.74   18.98    9.74    1.45    0.82    0.02    0.01    0.00    1.72    9.49    6.88   16.20    1.11    0.16    6.40   36.99    0.73    0.03    4.58   10.78    2.55    0.03    0.01    0.63    2.50    6.67    5.33    1.21    0.84   16.78   13.07    0.72    0.83   11.35    4.33    5.66    4.63    1.04    6.03    2.32    1.27    1.01    2.22    2.18
PSATCNV    -27.60  -51.33    5.14   27.95   15.53   18.97    2.23    1.31    0.12    0.11    0.00    0.48    5.01    5.92   33.08    9.91    0.28    1.35   48.13    2.43    0.14    2.79    9.04    4.48    0.35    0.01    0.59    1.86    5.91    6.50    0.96    0.47   14.52   35.31    0.63    1.57    7.52   23.85    8.82    5.72    2.14    4.70    2.77    0.70    1.42    1.69    4.62
PSATFCH    -27.14  -53.04    0.26    8.19   21.86    8.56    1.49    0.00    0.00    0.00    0.00    1.35    6.37   18.01   16.26    2.80    0.00    0.41   38.41    0.53    0.02    4.94   13.75   17.48    0.39    0.06   13.69    1.05    0.51    0.82    0.56    2.05   26.41   23.44    0.46    1.50   17.61    0.27    0.40    1.16    0.92    1.10    0.47    0.32    0.66    0.31    5.97
PSATITA    -27.27  -52.38    0.65   27.75   17.28   13.69    2.01    0.20    0.01    0.00    0.00    0.45    9.53    8.80   31.37   10.11    0.02    3.86   41.59    5.91    0.02    1.98    7.26    7.38    0.51    0.03    8.86    4.58    2.06    2.20    1.68    1.25   16.92   36.81    0.55    2.83   11.69    7.00    3.00    5.54    1.39    1.97    2.89    0.34    2.18    0.57    2.91
PSATMCD    -27.52  -51.78    0.10   28.72   17.88   28.11    0.46    0.00    0.00    0.00    0.00    0.19   13.66    9.92   21.79    0.97    0.00    6.67   41.83    0.27    0.00    3.00   20.47    4.37    0.02    0.00    5.29    1.16    0.41    1.39    0.82    1.56   24.22   15.32    0.52    1.19   10.93    0.17    1.82    1.22    0.81    0.70    0.37    0.06    0.43    0.15    1.30
PSATMOJ    -27.35  -52.73    0.10   24.58   17.60   32.60    2.30    0.00    0.00    0.00    0.00    1.29    7.04   13.32   11.84    0.09    0.00    5.45   43.57    0.00    0.00    4.04   12.25    6.95    0.08    0.00    9.60    0.79    0.60    1.06    2.26    2.67   26.31   14.42    0.44    1.94   15.93    0.17    0.17    1.04    0.66    1.16    1.39    0.08    0.49    0.60    8.65
PSATQQX    -26.66  -52.54    3.64   22.17   11.97    5.42    3.27    0.00    0.00    0.00    0.00    0.47    4.23   13.26   25.36   12.93    0.01    1.68   29.54   21.52    0.18    1.92   11.63   16.68    2.14    0.02   17.81    5.96    1.37    3.85    1.08    2.64   15.43   60.61    0.35    3.40   15.27    8.96    2.70    4.76    0.90    1.63    1.54    0.52    1.75    0.40    3.78
PSATPSJ    -28.14  -55.05    4.46   23.55    3.58    3.52    1.09    0.00    0.00    0.00    0.13    1.67   29.72    9.59    0.80    0.09    0.00    5.81    9.27    0.00    0.02   11.79   13.74    0.89    0.00    0.17    4.39    0.37    0.37    1.21    1.51    9.55   11.78    1.75    0.16   18.22   21.46    0.08    0.02    0.27    0.25    0.12    0.05    2.04    1.48    4.50   17.09
PSATESP    -18.68  -51.87    0.98    6.83    5.28   19.08   17.22    0.87    0.22    0.14    0.45    4.16   10.48   14.14   12.31    7.39    5.33    7.74    2.94    0.34    0.99    2.52    5.51   12.71    6.62    8.45    5.92    5.40    8.36   14.77   16.04    3.17    0.60    0.34    0.00    0.03    0.00    0.12   10.25    7.54    3.17    3.02    2.35    1.71    4.03    5.31    0.52
PSATSRC    -19.16  -50.76    0.73    5.49    4.70   19.89   23.97    0.82    0.72    0.71    0.38    8.32   10.96   11.31   12.28    9.59    7.46   14.10    4.16    0.32    1.29   21.00   12.09   11.13    7.48    7.98    3.69    7.09    9.57   13.96   11.68    2.81    0.27    0.68    0.03    0.02    0.01    0.22    4.92   16.05    5.25    2.58    2.33    1.70    5.34    7.68    0.72
PSATFRCL   -19.12  -50.64    0.62    6.02    5.48   14.82   20.56    1.57    0.86    0.83    0.48    7.10    9.33    8.27   13.63    9.75    8.96   16.54    2.29    0.33    1.24   24.42   10.33    5.13    6.30    6.64    3.46   12.25   12.40   13.97    8.51    3.54    1.44    1.71    0.17    0.03    0.00    0.16    7.12   18.70    4.99    2.18    1.76    1.93    4.59    7.08    1.32
PSATISOT   -20.40  -51.35    0.90    5.13   15.28   29.33   10.20    0.26    0.53    0.34    0.08    1.59    6.57   22.50   19.21   10.49   16.68    8.74   11.66   10.73    5.27   21.40    4.57   10.26   14.38   13.10    1.75    2.17    0.75    1.94   10.21   13.27    2.33    7.52   10.80    2.16    0.24    4.32   10.00   12.28    3.61    2.18    1.75    1.25    4.30    5.61    6.73
PSATJUP    -20.86  -51.63    1.16    5.49   10.46   31.94   12.06    0.09    0.21    0.32    0.07    2.07   10.86   17.98    8.78    5.85    5.64    6.04   13.40   17.51    4.41   27.65    6.53    7.18   14.51   15.32    4.57    6.78    3.29    3.65   12.85   11.78    2.06    1.38    3.42    0.48    0.14    1.75    7.90    6.02    2.19    0.80    1.54    0.99    7.53    7.21    8.50
PSATSDG    -20.06  -53.18    1.67    3.40    4.43   24.12   10.28    0.02    0.01    0.12    0.09    2.69   12.44   11.86    1.25    4.77    4.87    6.05   35.16   16.54   13.67   24.14    5.60    1.79   12.12   21.07    9.20   10.29    4.15    4.48    9.23    7.75    0.52    0.37    3.11    0.10    0.00    2.02    6.91    3.04    1.03    0.21    0.48    1.09    3.74    6.93    6.72
PSATFZBT   -21.66  -52.87    3.57   12.95    5.17   31.88    4.04    0.00    0.00    0.00    0.05    3.00    5.57   12.00    6.49   26.48   10.47    2.77    6.37   44.10    9.41   24.68    1.63    3.40    7.82   17.90   18.63    7.51    3.05    1.66    5.68    8.45    0.47    0.98    7.59    0.83    1.83    8.26    6.10    1.49    1.10    0.56    0.95    1.05    2.63    7.72   10.14
PSATPPRA   -22.46  -52.91    0.47    3.53   11.17   23.04    0.98    0.03    0.01    0.01    0.01    0.23    1.39   17.80   19.99   50.20   25.75    5.44   12.10   16.03    3.14    6.18    4.10    6.68   14.55    5.17    2.50    2.82    0.22    0.22    1.77   15.14    2.40    5.27   12.58    6.76    4.44   16.02   15.56    3.75    2.31    0.83    1.79    1.24    3.07    5.47   16.35
PSATBTE    -13.69  -50.80    0.63    3.43    5.92   15.59   30.17   31.68    3.03    3.25    5.02    8.93   11.17    8.24    6.05    8.35    6.60   11.49    0.65    0.16    3.52    1.31    1.34    0.92    2.38    9.26   12.10   14.78    9.58   12.23   10.64    5.28    0.20    0.06    0.02    0.02    0.02    1.14    7.10   21.73   12.20    4.45    2.34    2.63    4.86    4.94    1.44
PSATARAG    -8.27  -49.26    0.99    7.37    7.74   19.25   11.59   18.05   15.62   17.50   10.58    4.60   10.27    7.96    5.89    5.56    4.18    6.43    0.90    0.95    2.77    2.14    2.70    1.61    1.47    7.23    9.88   12.85    5.98    7.83    5.50    7.48    0.35    0.26    0.04    1.35    3.84   11.69   10.22   21.58   20.51   13.75    9.28    8.44    8.92    3.14    1.51
PSATLAJ     -9.76  -48.37    1.80    3.27    6.29   19.12   11.72    9.82   26.84   10.48    8.21    5.54    7.54    1.86    1.07    1.58    0.95    1.47    2.65    0.61    0.03    1.39    0.42    0.30    1.00    6.49   12.48   16.02    2.71    6.48   10.84    4.41    0.21    0.06    0.00    4.40    9.26   24.24   17.21   31.61   28.05   18.31   17.23   14.27    3.36    0.62    1.20
PSATPTRL    -9.31  -47.39    1.35    1.48    8.18   19.91    1.41    3.58    3.23   11.82   14.15    2.38    0.04    0.15    0.31    0.95    0.60    3.26    3.99    0.29    0.20    1.81    0.31    0.63    1.84    1.81   22.60   14.09    1.19   13.59    1.56    4.73    0.18    0.06    0.18   15.59    5.59    6.03   14.60   22.03   23.86   12.37   13.45   13.74    3.16    0.54    1.00
PSATLJET    -7.33  -47.48    0.32    4.71    2.28   10.51    0.62    0.28    1.60   19.02    5.04    8.20    1.85    2.41    2.57    3.02    2.16    7.30    2.31    0.53    0.08    5.70    1.30    1.51    3.57    2.68   14.82   12.24    8.99    7.13    1.41    5.87    0.45    0.03    0.30    2.35   14.06    6.00   10.39   21.92   34.49    8.96    3.08   14.23   10.56    1.93    1.60
PSATUCR     -3.83  -49.65    1.72    0.59    0.67    1.65    1.26    0.09    1.15   17.65   10.16    2.73    8.37    4.78    2.81    2.00    1.60    3.71    2.64    4.05    0.13   11.51    9.62    1.86    2.68    4.98   11.65    8.41   10.59    2.18    3.96    1.77    0.73    0.33    0.48    0.40    2.25    5.38    8.26   25.76   32.72    9.48    5.27   17.59   13.47    9.63    3.60
PSATXIVJ   -29.07  -51.67    0.78   26.12    8.82    7.99    3.00    0.00    0.00    0.00    0.00    1.62   16.67    5.46    2.73    0.80    0.01   15.37   26.95    0.16    0.00    3.24   15.13    1.13    0.00    0.01    0.87    2.94    3.52    1.55    1.23    0.54   15.98    6.74    0.44    0.20   16.71    0.75    0.50    1.59    0.31    0.93    0.63    0.66    0.34    0.85    1.74
PSATDFRC   -29.45  -53.28    8.39   49.05    1.19    1.45    1.31    0.01    0.00    0.00    1.21    3.14   22.83    4.56    1.04    0.02    0.01    1.10    5.29    0.01    0.00    5.11   13.90    0.02    0.00    0.13    2.67    1.05    0.57    1.27    2.19   13.38    8.42    0.92    0.08   11.31   15.61    0.31    0.07    1.05    1.15    0.00    0.13    0.82    2.06    1.25   21.77
PSATREAL   -29.02  -53.19    4.34   19.12    2.82    6.73    1.77    0.00    0.00    0.00    0.02    2.81   17.28    5.65    1.51    0.01    0.00   14.11   19.16    0.04    0.00    4.09   16.69    0.61    0.00    0.00   10.23    0.97    1.19    1.46    2.42    2.57   16.35    2.80    0.34    8.25   18.60    0.26    0.05    0.49    0.36    0.23    0.38    0.40    0.93    0.97   11.08
PSATCTAV   -29.01  -51.39   10.81   37.59   22.20    4.73    1.27    0.47    0.00    0.00    0.00    2.03   21.76    3.08    2.63    0.94    0.01    9.94   28.76    0.92    0.01    5.78   14.25    1.65    0.00    0.00    1.55    2.56    6.09    5.49    2.04    1.85   17.17    7.73    0.87    0.64   19.34    1.26    3.00    2.86    0.48    3.94    3.50    1.66    1.29    7.34    1.75
PSATERNT   -28.56  -52.54    0.21   21.53   11.23   23.89    1.30    0.00    0.00    0.00    0.00    1.43   13.74    9.09    6.80    0.14    0.01   15.84   37.16    0.01    0.00    3.60   13.52    2.13    0.00    0.00    5.46    1.30    0.69    1.78    2.08    1.74   22.99    8.15    0.49    1.62   11.20    0.23    0.32    0.90    0.37    1.19    0.81    0.34    0.24    0.29    5.58
PSATSTPL   -27.14  -49.52   12.55   19.15   18.21   15.45    5.04    3.35    0.42    0.29    0.00    0.74    1.28    2.53   35.28   24.37    0.79    0.83   53.68    4.91    0.29    1.80    4.19   12.13    0.60    0.12    0.25    2.22    5.66    8.56    0.71    0.27    7.90   65.84    1.48    1.95    6.66   56.43   21.46    7.97    5.05    6.37    2.36    1.09    0.96    3.56    5.83
PSATCVCH   -25.14  -48.87    1.13    0.88   14.80    8.67    5.24    5.50    0.49    0.02    0.00    0.38    0.47    1.72   19.91   14.36    7.93    0.98   18.45   41.31    1.50    1.39    8.94   12.79   22.14    0.06    0.49    0.49    1.43    3.22    1.11    0.78    2.59   10.86    2.99    4.18    5.52   15.20    6.20    7.20    2.53    1.80    0.76    0.76    0.92   10.13   24.41
PSATAMY    -12.60  -69.12   22.99   11.74   15.67   14.34   15.71   18.27    4.55    2.80    3.84    8.84   14.58   10.81   11.17    8.54   10.02   11.11    9.81   22.96    8.26    1.37    6.67    7.21   10.36    6.57    4.95    5.20    5.12   10.10   10.27   12.79    9.56    6.75   10.49    3.99   14.57    9.41    6.57    1.77    3.85    5.39   12.31   13.85   15.78   18.86   13.58
PSATGJR    -10.73  -65.35   12.67    7.73    7.76    9.18    3.59    3.11    3.57    1.71    3.89    8.75    6.57   13.96    9.45   24.09   14.46    7.10   12.29   10.04    0.88    1.34    5.21    2.00    2.32    1.45    5.60    8.02    7.19    6.64    6.43   10.14   10.69    2.80    2.81    1.45   14.07    2.60    0.91    0.34    0.58    1.00    2.82    6.16   28.81    9.65   13.87
PSATPRNC   -12.43  -64.43    6.50    5.04   14.33   26.81   21.90    3.78   11.80    2.78    9.98    7.94    5.55    3.69    6.90    6.56    8.86    6.85    5.20   11.21    0.21    1.30    2.89    4.00    2.11    1.94    2.57    6.04    5.59    7.74    4.07    3.55    1.39    1.94    1.15    0.41    5.31    0.48    0.05    0.12    0.07    0.10    0.62    2.51    7.06    8.33    6.69
PSATSANT    -8.87  -63.97    5.11    7.73   33.15   22.12   32.43    6.21    6.06    1.32    4.04    2.87    6.08    2.52    8.65    7.11   12.99    9.70    7.22    8.48    3.64    1.02    1.10    1.68    4.19    7.01    4.36    8.14   12.11   11.42    8.37   15.63    4.56    8.04    5.52    1.30    6.60    9.81    7.03    4.29    5.67    5.03    4.79    5.96   12.48   12.38    9.65
PSATDARD   -10.16  -59.46    4.31   11.69   12.07   18.12    5.29    1.00    2.62    9.61    4.73    8.06   13.20    4.05    9.72    8.65   18.41   13.59    2.68   25.63   22.80    2.48    0.48    8.32    3.53    4.43    6.66   10.21    7.52   14.80    8.71   10.77    0.66    0.85    0.55    0.61    1.40    1.88    5.57    9.85    5.38    3.36    2.38    7.03   10.01    6.71    3.35
PSATGUAP   -15.12  -58.96   13.28    4.80   18.28   69.11   40.71   13.01   10.99    1.97    8.87   25.30    4.22    1.85    2.79    2.45   16.77    7.74   10.88    3.92    0.84    1.50    0.72    6.27    2.49    3.65    2.62    5.14    1.51   30.61    9.80    2.23    0.61    0.64    0.00    0.76    6.65    0.85    0.67    0.00    0.00    0.00    0.95    2.04    4.24    3.94    8.42
PSATJIRA    -9.25  -64.65   12.28   13.44   10.62   20.70   16.66   11.72    4.78    1.60    2.54    5.02    6.80    7.99    8.21    8.50   10.73    7.40    6.78   21.47    2.66    1.84    5.08    4.94    6.71    4.78    4.53    4.45    7.21    6.01    8.76    7.17    8.90    4.46    3.20    1.73    9.74    8.08    4.18    0.89    1.72    2.16    3.12    6.27   18.41   17.41   11.78
PSATROND   -11.99  -60.70    1.58    2.51   14.93   25.59    6.98    1.68    3.43   23.70    9.85    1.63    1.76    1.40   12.95    9.86   16.71   16.19    0.58    5.97    9.43    0.46    0.09    2.78    1.56    4.79    1.85    4.49   11.47    7.98   17.38    5.37    1.50    0.73    1.46    0.61    2.66    1.16    1.07    0.95    2.62    1.46    1.34    7.72    5.04    5.25    7.39
PSATSAMU    -8.75  -63.45    2.50   11.84   38.61   13.14   25.35    3.60    2.26    1.92    5.00    4.98   10.01    7.31    6.20   10.71    8.52    7.12    3.64   19.89    6.00    1.39    1.81    0.92    3.35    6.86    3.83    8.15   10.68   12.06   11.87   11.71    1.53    3.44    0.33    3.95    1.33   13.87    6.76    7.72    4.69    6.17    5.36    7.30    7.64    9.02    8.97
PSATBALB    -1.92  -59.47    0.95    4.87   17.11    1.41    4.96   13.42    6.83   12.27   11.30    0.99    1.96    2.00    3.39    2.43    0.63    0.77    2.37    0.66    3.34    9.97    6.80   34.68   13.41    7.86    2.38    1.36    3.18    5.14    2.19    2.29    1.86   13.94    4.22   11.69    7.48    3.60   16.03   18.44   15.38   10.00    2.88    1.82    9.38    8.55   10.68
PSATCUNA    -2.82  -54.30    0.95    0.49    0.04    0.02    0.04    1.23   15.46   11.92    0.65    3.06    8.21    8.57    4.94    0.96    0.55    1.02    0.28    1.09    0.04    5.28    6.57   15.91   13.60    1.77   19.72   17.06    4.44   12.72    4.50    2.87    1.46    1.84   10.77    0.92    1.48    1.99   12.19   35.17   36.19   14.37    3.17    8.79   10.81   20.71   17.18
PSATJARI    -0.65  -52.52    0.92    0.07    0.15    0.59    1.56    4.38    3.72    7.69    1.20    1.80    1.47    1.69    0.96    1.39    0.66    0.93    0.21    0.19    0.30    4.97    1.76    3.28    7.57    1.63    3.20   10.96    4.35   14.71    2.63    2.01    6.75    7.37    8.44    7.49    2.65    4.80    8.38   13.09   15.18   12.41    1.67    7.04    4.82    3.61    7.59
PSATFGOM     0.86  -51.20    2.36    0.03    0.44    2.02    3.26   13.26    6.81    6.99    1.73    2.67    2.41    3.99    1.31    1.99    1.23    0.67    0.23    0.13    1.11    3.86    1.73    4.64   13.16    2.11   10.47   14.24    7.24    7.39    3.49    1.45   10.07   10.17   13.12    9.33    3.89    5.37    9.08    8.94    6.31   13.31    6.64   13.24   12.51    2.30    2.81
PSATUBE     -6.75  -43.57    0.18    2.21    0.54    3.18    1.66    0.45    2.11   11.48   11.57    0.58    0.94    0.69    0.84    1.19    1.01    9.10    2.32    0.06    0.16    0.56    0.30    1.51    2.70    9.93   15.73    9.32    1.88    2.09    1.04    1.45    0.29    0.07    0.43    2.98    8.20    9.92   22.89   22.91   20.18   10.13    2.63   11.49    3.62    0.66    0.99
PSATBSOR    -6.74  -52.00    2.09   12.80    8.93    7.55   11.92    6.40   13.07   18.76   13.25    7.44   12.20   11.53    7.02    9.17    7.16    8.32    1.21    1.56    4.50    2.37    5.88    4.32    1.26    4.43    9.67   11.46    5.44   10.59    8.08    2.13    0.60    0.06    0.08    0.11    1.04    7.57   11.11   12.80   14.66    5.33    7.11    8.76    9.39    7.51    1.19
PSATBESP    -6.75  -51.77    1.19    4.67    4.49    7.19    2.16    0.05    0.66    7.60   23.25    2.66    7.74    3.24    4.29    1.89    1.37    1.61    3.08    2.17    0.10    3.15   13.04    2.03    1.81    4.66    7.23    5.66    7.57    5.94    5.22    2.38    0.39    0.03    0.37    0.38    1.27    7.28    7.80   16.14   17.75    9.74   18.20   15.70    9.01    4.08    0.92
PSATPIME    -3.41  -51.91    6.63    1.67    6.13    1.78    1.25    0.46    3.15   17.00   10.43    8.97   10.99    9.30    6.51    4.02    1.29    3.52    0.76   11.67    1.36   14.64    9.66    4.20    3.79    2.95   10.77    7.94    6.20    6.00    4.05    1.96    0.86    4.76    1.82    1.89    2.37    5.11   10.22   15.97   24.10   11.28    9.59   16.45   14.55   13.43    5.70
PSATIRAP   -16.74  -42.57    6.06    6.13    8.26   27.71   75.74   44.18    1.36    0.83    0.24    0.52    0.89    0.50    0.02    0.03    0.09    1.17    0.13    0.02    0.08    0.19    0.23    0.17    1.65    1.37   14.50   21.17    6.44    8.96    5.53    1.42    0.02    3.97   20.91   11.99   15.71    7.12    9.36    2.37    1.60    7.58   11.59    2.59    0.36    3.51    6.65
PSATITBI   -15.97  -39.59    5.32    1.23    0.75   16.02   54.18   37.69    8.07    3.70    0.15    0.32    1.08    0.28    0.06    0.00    0.06    0.21    0.12    0.06    0.06    0.58    0.45    0.12    0.89    6.68   12.36   10.64    2.87    4.12    3.62    0.18    0.01    1.25    8.52    9.14    7.03    4.74    9.85    1.75    1.88    2.51    3.97    1.41    2.09    4.63    3.20
PSATCOLI   -10.98  -55.77    5.50   10.22    4.70   14.89   13.46    4.74   13.94   17.75   15.01    6.94    7.04    9.33    8.10   12.29   14.12   19.47    2.01    3.27    8.60    0.35    6.25    1.69    1.49    5.45    8.72   13.26    6.54   13.27   17.65    1.58    0.61    0.03    0.26    0.50    0.46    4.55   12.24    8.74    5.09    2.02    2.11    2.29    3.47    4.71    2.40
PSATSAEL    -9.19  -57.04    9.32    7.85   16.68    7.86    8.09    1.84    7.89   18.52   17.09   11.20    9.79    8.64    9.36   10.45   16.23    4.65    1.20   13.03    5.33    6.00    8.13    4.02    2.99    7.14    7.42    8.29    3.31   15.89   10.01    1.10    0.78    0.02    0.08    0.40    2.83    5.13   16.32   12.59   14.14    7.51    7.25   15.61    8.76    8.77    4.89
PSATITQ    -17.09  -54.83    6.40   11.46   12.74    8.76   11.77   13.25    0.19    1.72    1.41    9.35   10.97    7.85    6.86    5.45    7.17    7.58    4.76    0.72    9.38    3.68    1.59    1.18    8.56    6.87   11.33    8.36   11.09    9.06   13.72   20.71    0.32    0.34    0.00    0.01    0.00    0.46    6.16    5.29    1.87    0.56    1.58    1.63    4.93    4.39    1.56
PSATJAU    -15.24  -58.73   20.80    8.20   17.31   64.64   42.03   10.36   11.02    3.68   13.44   22.09    6.10    2.42    3.01    5.25   16.96   11.70   12.91    4.31    0.64    1.69    1.75    5.16    2.20    2.60    2.97    5.03    1.10   22.20    7.53    2.26    0.67    0.65    0.00    0.60    5.27    0.75    0.59    0.00    0.00    0.00    0.76    2.07    6.57    4.54    6.45
PSATMAN    -14.87  -55.78    1.15    7.70    5.97   14.42   17.68   14.08   19.04    3.32   23.64    2.10    3.73   12.79    6.24    6.39    7.56   20.69    1.36    1.31   12.34    0.21    0.82    0.31    2.17    8.06    7.24    8.26   28.72   13.13   25.99    7.01    4.77    0.04    0.16    0.07    0.01    0.93    2.28    2.28    1.59    0.62    1.82    1.13    2.64    4.11    1.68
PSATPTP    -17.61  -54.83    9.09   14.79   20.14   12.67   12.87   11.98    0.08    0.97    2.00    4.92    6.93   14.06    6.71    3.31    3.90    5.85    4.87    1.55    7.93    7.58    2.12    1.36    9.40    7.41    7.58    6.30    7.11   11.05    7.39   21.69    0.11    0.41    0.00    0.01    0.01    0.66    5.35    2.74    1.05    0.28    0.69    1.51    3.22    3.30    2.31
PSATSTCL   -17.90  -40.20    1.66    0.23    0.33   30.19   53.76   29.76    1.98    1.70    0.05    0.09    1.27    0.06    0.00    0.00    0.00    0.18    0.03    0.04    0.05    0.81    0.17    0.14    1.05    5.62    7.72   18.03    9.40    6.59    4.86    0.19    0.00    0.23    2.34    7.59    0.68    4.15    3.72    2.16    1.83    0.98    2.61    1.02    2.88    7.21    3.66
PSATPDC    -12.58  -39.00    0.45    0.32    0.42    0.08    0.70   24.17   32.90    7.29    2.94    2.99    0.47    0.54    0.53    0.26    0.51    0.23    0.15    0.25    0.44    2.26    1.05    0.48    0.74    2.43    3.21    1.76    0.31    0.10    0.16    0.29    0.25    0.01    0.00    0.12    0.31    0.81    8.24    1.79    1.19    4.50    0.40    0.21    0.43    0.34    0.82
PSATROSA   -20.92  -41.72    3.60    1.03    1.97   37.37   16.06    5.18    1.39    0.18    0.06    0.22    0.38    0.10    0.77    0.33    0.09   11.14    0.72    0.00    3.84    2.53    9.30    3.05   21.60   33.99   39.23   55.09   38.45   27.22   13.24    5.15    0.57   16.41   10.74   12.49   12.70   12.24    0.43    0.81    1.50    2.58    3.40    1.94    1.82    7.39    4.59
PSATCAN    -20.21  -42.85    1.54    0.89    7.43   20.75   11.57    2.36    0.23    1.10    0.11    0.29    0.82    1.09    2.48   12.93    1.32   12.99    1.55    0.05    1.01    0.82    2.25    1.66   28.75   40.78   27.29   47.53   46.55   22.61   11.62    5.08    3.90   21.06    7.47    9.93   11.57   12.72   10.38    0.80    1.14    5.27   11.55    3.45    1.51    3.01    6.55
PSATSAC    -19.64  -42.85    3.24    1.83    6.42   25.69   14.55    8.20    0.08    1.65    0.28    0.45    1.11    3.12    1.95    6.79    0.71    9.37    1.68    0.00    0.22    2.28    2.81    1.21   15.62   23.54   23.80   17.12   25.63   21.70   25.47    7.73    1.37   20.87    6.91   16.53   12.71   16.36   19.72    1.78    3.05   11.52   13.56    5.52    1.75    3.59    7.30
PSATPES    -19.12  -42.66    3.23    1.52    5.41   32.84   61.50   18.76    2.12    0.50    0.14    0.51    0.98    0.84    0.39    0.28    0.13   14.09    0.66    0.01    1.30    3.26    1.58    1.77    4.34    5.53   15.52   36.37   26.44   27.11   35.11    9.09    0.86   16.72   15.75   14.66    8.83   11.91    8.40    1.36    2.90   16.09   26.52    7.52    1.22    4.96    7.21
PSATMAS    -19.50  -40.92    2.49    1.05    6.41   29.91   31.19    7.58    0.41    0.72    0.10    0.15    0.52    0.45    0.21    0.10    0.04    5.51    0.37    0.03    0.99    2.38    2.77    0.64    7.93    6.49   32.44   33.08   28.75   30.03   26.93    4.70    0.15   10.06   12.40   14.79    7.52    9.21    3.23    2.15    2.65    9.96    9.80    2.62    2.33    5.24    8.15
PSATSBR    -23.37  -45.87    0.55    0.69    9.59   32.21   21.57    5.69    0.33    0.06    0.00    0.00    0.03    0.85    7.02   29.23   19.92    6.84    3.52   20.18   18.70    8.14    0.54   20.80   39.26    4.42    0.73    3.24    1.41    0.57    1.76    0.85    8.09   21.12    5.92    3.73    5.08    2.09   31.18    9.84   25.01   21.13    6.45   17.16   22.09   13.43    2.91
PSATJAG    -23.20  -46.03    0.75    0.90    5.85   28.48   13.97    2.82    0.03    0.00    0.00    0.00    0.05    0.77    5.76   37.61   28.79    9.83   10.64   15.69   25.71    8.12    1.88   18.01   39.46    2.41    0.40    1.77    0.44    0.11    2.21    0.70    3.59   12.08    8.82    6.01    3.69    4.82   46.75   26.73   21.03   35.46    6.10   10.83   22.06   17.06    5.55
PSATFUNI   -22.53  -44.57    0.61    0.74    4.45   26.05   16.90    2.05    0.11    0.02    0.05    0.06    0.07    1.98    8.76   25.18   15.37    8.09    8.15   12.43   12.18    4.13    0.80   14.66   32.50    2.88    0.42    2.86    1.63    0.69    1.97    1.44    7.48   14.23    5.90    5.63    7.05    3.70   38.96   13.11   20.40   19.09    8.05   17.01   15.41   17.64    4.30
PSATSACE   -22.48  -43.84    0.73    1.64    7.98   33.47   20.28    4.99    0.67    0.03    0.00    0.01    0.01    1.22    5.21   17.30    7.97    5.00    6.42   29.83    9.67    2.35    0.72   14.41   45.60   11.29    2.88    5.28    1.70    1.69    1.85    3.07   18.73   22.84   13.09    8.77   14.76    4.23   29.60    0.37    7.42    3.28   15.21   25.56    8.07    7.64    8.10
PSATPIC    -21.91  -43.54    0.43    1.10    4.52   27.33   16.93    1.78    0.38    0.08    0.03    0.15    0.05    1.33    3.27   13.29    3.39   10.96    4.53   21.74   14.36    2.32    0.70    6.45   26.47   25.25    4.97    9.63    5.62    1.69    1.62    3.19   14.36   22.00    6.26    8.85   17.73   13.92   32.93    0.15    3.14    4.27    8.88   15.50    5.68    4.55    9.98
PSATSOGI   -21.94  -43.36    1.28    2.56   11.71   13.73   19.63    2.88    1.39    0.20    0.19    0.48    0.10    0.67    2.88    8.83    4.20   17.35    4.54   13.13   11.98    2.15    0.61    2.74   23.58   35.92   11.07   31.32    9.07    1.82    2.26    5.35   12.52   22.37    9.43    7.37   28.24   16.75   15.73    0.35    0.96    9.83   14.36    6.81    3.65    3.27   11.28
PSATIPSI   -21.84  -42.58    0.95    3.58   12.82   16.19   16.30    1.57    0.40    0.15    0.07    0.15    0.10    1.78    9.10   17.35    8.83   10.72    3.24   26.46   19.56    1.37    0.48    4.26   29.70   41.55    6.07   10.05    4.97    1.28    1.21    3.70    9.80   20.51   14.47    5.21   13.28    5.87   14.00    0.71    2.62    6.05   14.69    7.63    2.83    2.80    5.62
PSATTCLJ   -22.69  -43.83    0.80    1.14   15.50   21.92   26.36    5.35    0.40    0.00    0.00    0.00    0.00    0.27   18.80   22.13   10.82    5.84    4.84   42.27   11.98    1.74    0.17    7.61   38.73    9.66    1.66    1.22    0.64    0.12    0.44    1.14    7.68   10.68   15.17    1.89    5.19    1.46   11.81    0.00    3.17    8.97   34.82   27.80    3.66    1.74    1.77
PSATBIGU   -25.51  -53.67    0.25    8.17   17.58   12.48    2.09    0.03    0.00    0.00    0.00    0.32    0.85   25.88   15.14    5.55    0.07    1.37   37.72   37.37    0.16    4.80   25.92   30.43    2.92    7.63   14.56    1.72    0.75    1.28    0.61   10.20   28.54   48.01    0.57    9.04   20.52   11.51    3.34    1.55    0.89    1.17    1.01    1.01    0.85    1.84   16.74
PSATBRAU   -21.45  -42.41    1.73    3.92    7.86   20.57   14.40    6.80    0.85    0.27    0.18    0.15    0.28    0.80    0.43   11.12    0.67   11.93    2.60    1.53    1.90    1.00    0.72    1.48   37.28   78.29   18.53   48.61   25.75    5.92    4.10    4.19    7.55   26.02   11.16    7.78   16.07   14.49   20.16    1.16    1.93    5.60   11.64    4.39    1.81    2.82    7.34
PSATSUIC   -20.08  -40.58    8.30    1.54    0.25   31.02   10.42    2.45    0.17    0.40    0.71    0.08    0.43    0.26    0.01    0.01    0.02    1.04    0.58    0.02    2.96    2.24   12.62    1.57   10.53    8.16   46.59   43.33   54.96   43.08   35.06    3.30    0.02    3.72    4.82   14.65    7.66   12.88    0.89    4.06    6.04    4.03    2.44    2.96    4.27    8.24    9.06
PSATJRI     -9.30  -64.70   13.59   15.17   11.02   22.95   18.82   14.02    5.11    1.36    1.99    2.82    4.45    4.91    7.65    5.77    9.11    5.34    6.92   14.78    0.80    1.12    3.41    4.24    7.30    4.94    4.29    4.27    7.29    5.58    8.41    5.94    8.47    3.73    1.97    1.07    9.03    7.61    1.81    0.65    1.07    1.20    2.13    5.38    9.74   13.19   10.98
PSATBENI   -14.59  -67.53   10.82    8.83    9.25   15.77   10.98    7.29    4.18    2.37    4.15   11.00   13.27   16.16   10.96   16.23   15.58   13.81    5.35   40.30    7.97    3.93    9.54    6.29    5.04    4.17    4.66    5.05    7.18    7.19   10.66   11.19    9.05    7.21    6.98    3.55   13.23    7.78   10.83    1.73    3.36    4.87    6.05    9.73   42.55   29.01   14.71
PSATEPB    -12.42  -64.42    9.14    5.17   10.83   19.63   15.31    2.76    8.83    2.17    7.84    7.07    4.27    5.91    6.89   11.42    8.05    5.75    6.73    9.01    0.15    0.95    2.78    3.06    1.63    1.46    3.87    7.11    6.67    6.96    3.81    3.69    3.44    1.70    0.97    0.41    6.99    0.34    0.04    0.09    0.05    0.07    0.53    2.62   10.44    7.34    7.44
PSATEGM    -10.79  -64.35   12.08    8.58    9.54   11.87    5.12    4.22    4.07    2.06    4.22    9.93    8.45   15.21   10.28   24.45   17.56    8.51   12.75   12.47    1.19    1.72    6.12    2.41    3.06    1.88    5.07    7.33    6.50    7.27    7.55   12.13   11.48    3.26    3.46    1.80   15.46    3.50    1.19    0.46    0.76    1.31    3.65    7.30   32.72   11.43   15.62
PSATSTOA    -8.79  -63.95    5.42    8.13   34.23   21.61   33.70    5.90    5.74    1.13    3.62    2.62    6.27    2.71    7.91    7.27   13.59    9.85    6.54    9.20    3.70    1.01    1.06    1.72    4.31    6.86    4.26    8.15   12.78   11.02    8.96   15.80    4.27    7.33    5.59    1.33    6.06   10.30    6.41    4.17    5.53    5.35    4.73    5.84   12.84   12.17    9.07
PSATENC     -9.90  -66.62    3.52   13.02   15.76   14.42   17.88    7.95    5.51    1.05    2.26    3.38    4.37    6.11    6.10    6.99    8.42    3.81   13.53   10.43    0.11    0.69    3.75    7.02    8.05    7.60    8.40    4.29    4.71    6.71    5.44    5.76   14.19    3.28    1.28    2.08    1.11   15.48    2.67    0.58    2.70    1.83    2.10    2.20    9.20   11.28    4.29
PSATAMY1   -11.71  -70.63   29.23   10.39   10.33   21.24   21.43   29.28    3.74    1.12    2.28    3.14    2.41    3.57    3.48    4.41    3.84    9.25    5.23   25.74    6.17    0.02    6.69    5.44   11.00    5.71    2.80    4.73    4.92    8.29    5.39    6.27    6.59    3.51    7.53    2.17   15.61    7.10    2.81    0.00    0.32    1.86    6.56    6.01    6.52    5.62    3.39
PSATAMY2   -12.37  -71.17   26.23   15.22   15.47   18.28   16.06   19.61    5.80    3.94    4.90   10.61   13.71   13.25    9.79    6.82    7.58   10.75   11.52   17.10    9.95    0.31    7.82    9.21   13.72    8.70    6.27    5.64    5.37   11.61   11.19   14.85   12.45    8.68   12.29    6.20   16.84   11.46    5.06    0.22    1.93    4.54   11.44    9.88   14.78   16.38   11.00
PSATAMY3   -13.75  -70.18   17.91   13.00   25.41    6.63   10.08    7.60    3.66    3.45    4.12   11.97   27.35   14.92   19.94   13.02   17.35   13.73   15.16   19.70    9.38    4.43    6.15    6.16    7.06    6.45    4.70    4.76    5.02   12.41   14.34   18.15    9.75    6.51   14.38    3.76   12.26    8.53   15.12    5.68   11.55   10.71   23.43   22.51   21.19   32.66   22.29
PSATAMY4   -13.45  -69.47   11.95    3.54    8.14    4.74   15.09   13.82    3.90    1.78    3.58    9.41   17.59   10.22   11.31   10.78   13.64    9.56    4.28   37.94    6.62    1.33    4.99    7.30    5.88    2.88    5.62    5.57    5.20    5.70    9.68    9.31    7.31    8.18    4.96    1.89   10.81   10.24    3.17    2.36    2.19    4.86    6.12   23.12   23.68   25.27   23.06
PSATJRN    -13.37  -59.01   13.39    2.46   20.15   54.14   41.48   10.76    5.08    5.25    6.39   17.91    5.08    4.15    4.57    6.36    8.61    8.67    5.63    5.66    3.92    0.58    0.18    4.25    1.29    7.73    2.62    8.42    6.74   20.31   10.31    4.66    0.91    0.96    0.00    0.85    8.39    1.27    0.38    0.11    0.20    0.06    1.95    2.99    3.34    3.14    7.25
