PSATAGV    -19.89  -50.35   24.58    3.54    3.34   14.77   26.49   12.81    7.39   18.98   14.77    4.22    0.04    0.00    0.02    0.03    1.76   54.82   31.60   30.95   17.58   12.91    5.97   13.02   19.18    9.19    7.97    2.96    0.07    0.21    0.02    2.95    0.46    0.06    0.61    7.40    7.73    8.32   10.21    7.59    9.44    9.23   15.35   17.31   20.19   20.33   13.24
PSATCMG    -21.28  -44.63   48.91   22.09   20.45   15.82   23.46   19.13   11.17   15.73    5.78    0.30    0.00    0.00    0.00    0.38    0.08   23.72   10.78    5.04   20.65   13.27    4.63    9.65    5.16    0.45    1.20    9.65    1.44   11.49   11.60   35.71    4.91    0.29    5.47    9.49   12.18   18.34   16.38   22.32   14.88   16.45    1.80   17.91   15.16    4.32    2.73
PSATCES    -20.25  -48.16   32.92   18.64   26.14   27.00   18.17   12.14    7.67   18.59   17.39    7.79    0.01    0.00    0.00    0.05    0.47   47.86   53.75   18.51   19.87   26.41   18.05   12.74    9.33    9.01   15.19    2.75    0.14    0.06    0.31    7.60    0.34    0.37    0.19    2.27    6.44    5.07    6.94    9.30    8.78    7.62    6.59    4.55   16.12   15.08    8.37
PSATELC    -21.60  -46.95   20.68   13.32    6.44   33.92   18.61   17.49    8.41   16.36   14.18    2.32    0.00    0.00    0.00    0.11    0.56   28.00   55.06   28.71   30.89   19.20   17.92   10.42    2.88   14.21   12.08    5.24    1.47    2.82    4.47   15.81    0.27    0.23    7.88    7.82    4.52    9.99    8.23   13.71    6.77    8.26    5.75   14.74   27.64   17.14   10.66
PSATFUN    -21.14  -45.04   46.96   31.16   20.82   17.62   15.32   20.56   14.40   17.52    7.45    0.64    0.00    0.00    0.00    0.01    0.01   22.92   17.14    5.08   25.34   10.46    6.19   11.67    3.42    0.60    0.66    2.99    0.64    4.23    5.63   18.62    4.70    0.16    3.75    7.65   11.31   20.52   19.48   22.22   15.53   17.34    2.79   21.51   21.77   11.18    4.06
PSATFUR    -20.67  -46.32   26.83   26.65   12.97   18.54   16.33   28.12   15.34   23.20   14.23    0.94    0.00    0.00    0.00    0.00    0.09   32.04   24.55   11.93   32.05   12.37   14.51   10.69    3.22    2.99    5.00    1.78    0.76    0.96    3.21   21.36    1.68    0.06    2.12    6.60   10.45   18.37   15.26   11.94   11.77   17.44    3.51   23.93   21.03   24.11   10.22
PSATMRB    -20.30  -49.18   27.71    8.11   10.83   14.59   20.89   14.19   11.62   17.52   21.61    7.58    0.04    0.00    0.00    0.04    0.71   47.42   67.38   39.29   26.42   23.05   15.31   11.76   13.91   12.23   12.01    2.37    0.23    0.11    0.41    4.20    0.14    0.07    0.50    3.82    6.36    7.29   10.55    6.89    7.45    7.70   10.07    8.30   18.39   16.88    8.40
PSATPRG    -21.59  -45.67   40.96   12.71    1.50   14.20   14.66   26.80   11.83   17.22   14.18    1.48    0.02    0.01    0.03    0.15    0.15   34.58   28.14   16.99   35.30   14.11   11.77    6.00    5.33    6.74    8.91   16.04    6.78    6.37   11.15   47.46    0.96    0.02    3.82    7.51    5.65   10.63   18.37   17.30    6.52   22.77    1.57   20.58   24.24   10.82    7.63
PSATPAS    -21.02  -48.18   20.69    3.82    1.37   11.75   11.12   16.42    9.29   14.35   20.69    6.95    0.05    0.00    0.00    0.12    1.26   40.37   56.66   21.52   29.41   16.28   10.95    8.48    7.86   10.33   13.53    8.15    3.29    1.97    1.04   11.34    0.13    0.09    3.30    3.74    3.90    8.53    8.60    3.78    6.01   10.70    9.07    6.60   13.07   10.26   11.75
PSATPTB    -21.61  -45.49   36.05   17.00    6.07   12.64   16.29   29.84   14.56   18.49   12.19    2.07    0.00    0.00    0.00    0.10    0.04   30.79   16.89    9.67   26.56   17.91   12.15   11.44    9.36    2.64    2.62   19.10    3.41    7.01    7.41   35.74    2.41    0.15    4.90    9.04    5.45   16.13   16.20   19.43   13.19   21.05    1.49   22.45   25.83    6.65    5.69
PSATPTC    -20.00  -48.55   33.84   27.06   31.21   30.54   19.55   18.84   12.83   23.91   14.05    5.40    0.03    0.00    0.00    0.00    0.48   40.75   25.01   15.62   17.61   21.12   14.77   10.62    3.78    4.88   11.42    0.75    0.14    0.02    0.43    8.47    3.34    2.88    0.89    3.90    8.60   10.66   11.01   13.23   10.15    7.83   10.37   16.08   23.41   24.95   10.51
PSATFZA    -26.00  -51.65    0.00    0.37    0.42    0.16    0.18    0.57    1.30    0.95    4.92    9.58    7.89   14.02   13.53    7.41   23.83    0.12    0.03    0.28    0.41    1.39    2.19    6.38   16.29   11.38   19.03    5.07   12.63   13.13   12.02   16.67    0.10    0.13    0.46    1.12    1.58    1.66    1.23    2.89    7.22    1.72    7.68   12.11    5.20    5.69    9.42
PSATJSG    -25.78  -52.00    0.00    0.08    0.09    0.06    0.14    0.99    0.72    1.04    6.00   18.29   11.61   16.27   25.36    4.32   12.76    0.01    0.01    0.53    0.66    1.64    3.04    6.52   14.68    9.60   13.06    3.55    8.86   12.83   15.25    9.23    0.01    0.02    0.40    0.19    1.16    0.47    0.57    3.65    6.64    1.13    4.89    7.52    2.30    6.16    7.51
PSATSCX    -25.53  -53.48    0.00    0.00    0.00    0.00    0.42    0.70    0.57    0.64    5.41   12.19   11.73   17.53   14.50    5.48   17.60    0.11    0.04    0.29    1.37    1.80    3.08    7.98   13.55    6.53    8.62    5.04    7.86   14.85   20.38   16.38    0.35    0.00    0.24    0.07    0.63    0.21    0.50    3.90    6.33    1.13    3.98    4.51    2.14    7.51    8.45
PSATSCL    -25.49  -51.74    0.01    0.01    0.02    0.02    0.21    0.58    1.68    1.02    7.50   18.07    7.83   13.27   13.30    1.79   17.24    0.24    0.02    0.13    0.63    3.62    5.11    4.05   12.98   13.46   18.39   10.38    8.85   12.04   11.67   14.52    0.02    0.01    0.75    0.67    1.04    0.76    0.87    1.75    9.26    1.25    7.81   10.91    8.36    6.70    8.62
PSATUVT    -26.23  -51.08    0.13    1.20    1.21    0.86    0.19    1.17    0.88    0.58    5.03    6.09    7.62   12.90   10.42   15.00   22.82    0.54    0.66    1.41    0.64    0.70    1.51    6.55    8.15   11.45   15.20    2.93   10.48   11.70   10.30   20.10    0.50    0.78    1.30    3.05    2.69    2.02    3.21    2.24    2.85    2.81    4.69    9.66    5.63    9.54   11.68
PSATBSM    -24.19  -53.74    0.00    0.00    0.01    0.01    0.43    2.36    0.57    1.72   17.29   16.61   18.37   10.71    4.43    4.70   20.83    0.54    0.01    0.23    0.75    1.54    1.82    9.01   19.83    8.59    7.15   14.85    7.75   10.50    4.96   15.62    0.67    0.00    0.20    0.21    0.49    0.15    0.34    3.68    7.33    2.80    4.46    6.27    4.73    8.18    9.88
PSATFLE    -22.97  -54.56    0.00    0.00    0.06    0.12    0.78   11.41    0.79    3.47   13.14    5.38    8.29    6.08    3.69   17.77   18.33    0.92    0.30    0.29    3.19    3.61    8.90   13.73    5.68    6.06    6.27   10.17    6.32    1.41    0.51   21.11   27.87    0.17    0.00    0.89    0.25    0.63    0.41    5.16   10.15    3.76    7.99    6.67    9.02   14.16   18.62
PSATITP    -25.42  -54.58    0.00    0.00    0.01    0.03    0.54    6.30    0.73    3.23    8.09   12.29   16.57    7.55    5.77   11.76   18.68    0.95    0.14    0.13    1.59    4.65    5.73   12.47   12.71    5.46    4.79    4.40    7.30    3.23    3.05   17.68    5.08    0.01    0.01    0.23    0.09    0.32    0.50    5.14    5.15    2.19    5.57    7.35    9.17   10.78   11.74
PSATIVM    -22.38  -53.53    0.00    0.00    0.09    0.04    2.42   10.07    0.64    6.59    6.83    5.74    8.17    2.43    4.32    8.75   20.14    2.99    1.23    0.53    0.76    2.02    4.13   11.74    7.22   10.84    8.82    6.86    4.60    2.13    0.35   10.46   18.77    0.29    0.00    0.60    0.39    1.50    1.49   10.68    4.95    4.66    6.65   10.84    8.68   17.74   15.26
PSATPTQ    -23.18  -53.17    0.04    0.04    0.07    0.01    0.25    2.68    0.43    3.91   15.98    9.34   10.44    9.95    0.78    2.07   24.31    1.12    0.41    0.23    0.72    1.57    1.50    6.99   18.18   15.46   12.45   10.53    8.26    5.10    4.34   14.76    0.24    0.01    0.34    0.29    0.46    0.30    0.38    1.57    9.20    3.96    4.39    7.10    8.38    8.03   10.55
PSATCBI    -17.99  -48.54    9.39   34.75    7.14    5.53    4.63    3.77    7.38    7.55    8.40    0.97    0.00    0.04    0.79    0.21    7.75   21.85   21.15   11.10   11.05   12.54   16.83    3.75    6.34    3.51    2.87    0.74    0.88    0.07    0.00    0.09   11.93   16.32   14.42    9.32    5.05    7.70    6.73    6.48    6.01    6.05   13.67   17.86   18.93   14.86   15.47
PSATCBIV   -16.15  -48.67    8.13   23.80    3.87    4.47    1.60    0.21    3.00    4.02    3.18    1.24    0.00    0.05    0.76    0.58    8.09   15.54   16.86   11.14   14.04    5.54   17.38    2.07    8.14    5.74    4.45    1.60    1.37    0.23    0.00    0.31    9.84   10.67   21.13    7.60    4.35    7.49    3.34    3.22    8.54    3.23    8.24   18.97   13.90   16.99   11.99
PSATEMB    -18.45  -47.98   21.42   29.45   26.96   16.78   13.81   14.29    7.24   12.73    8.93    0.70    0.00    0.06    0.51    0.21    0.65   40.37   27.80   16.00   24.47   20.12   13.76   13.22    2.08    1.63    1.23    0.54    0.45    0.00    0.10    6.97   11.92    4.03    9.11   12.06    7.84   11.65   12.35   24.49   13.19   12.07   13.84   23.46   27.31   22.48   15.25
PSATIMBR   -18.42  -49.10   21.75   33.77   13.62   13.39   11.71   12.75    7.40   13.70   12.30    2.59    0.00    0.00    0.24    0.07    4.21   44.18   43.65   12.73   10.52   15.58   18.66   12.74    9.02    4.34    2.98    0.28    0.30    0.03    0.01    1.22   10.97    9.42   10.69   10.51    7.51    9.18   12.28   17.77   12.87    6.81   15.15   21.85   27.96   15.86   14.23
PSATNPTE   -19.13  -47.70   16.63   29.44   23.51   23.78   20.22   19.36    6.41   13.87    6.40    1.03    0.00    0.01    0.02    0.05    0.21   34.13   22.37   14.09   26.78   13.26   10.67    8.97    1.92    1.68    2.85    0.50    0.22    0.00    0.41   15.58   12.28    5.44    2.62    7.98   10.16   13.43   16.12   20.49   12.83   13.21    7.99   26.59   16.00   19.88   11.03
PSATARV    -18.07  -50.16   17.58   34.10   18.32    8.86   15.49   10.67    5.57    6.81    4.49    1.91    0.11    0.00    0.07    0.19    5.60   30.31   27.76   46.03   16.02    8.99    5.59    3.17    8.52    4.38    4.47    4.77    1.61    2.63    0.28    0.82   23.16   18.41    9.17   10.09    5.72    7.23    6.75    7.77    5.70    2.47    7.68   21.28   13.39    6.98    5.24
PSATSFC    -18.05  -47.68    6.90   35.97   12.68   15.50    5.36    2.46    8.13    7.12    6.99    0.57    0.00    0.04    1.00    0.23    6.72   24.82   31.11   18.41   11.24   10.94   15.70    6.41    3.01    3.03    1.47    0.56    0.72    0.00    0.00    0.10   14.70   13.74   13.08    8.64    5.04   15.53    6.37    9.17    8.03   13.43   17.52   22.05   26.93   30.12   23.99
PSATSSM    -19.02  -50.50   23.78   25.71   20.04   18.48   17.72    9.04    8.38   10.22    9.72    3.54    0.03    0.00    0.10    0.17    3.67   43.91   31.42   33.12   12.77   15.27   12.48    8.10   12.80    4.37    5.39    1.45    0.33    0.42    0.03    1.51   10.49    6.59    8.82   11.67    7.51    9.37   13.88   14.90   10.02    6.01    7.33   20.62   20.51   14.89   10.55
PSATCNI    -22.94  -50.52    0.69    0.02    0.00    0.28    1.31    7.95    2.26   10.14   16.35    4.43    3.87    0.13    0.00    0.00   13.28   21.08    9.63   13.87   13.04    3.80    3.32    5.69   20.82   17.59   16.96   10.15    5.68    0.38    0.66   12.38    0.10    0.02    2.19    0.75    0.35    0.88    3.30    1.23    5.17   12.59    7.59   13.04   12.12   16.18    9.26
PSATCPV    -22.65  -51.33    0.29    0.01    0.01    0.17    0.64    3.72    2.10    6.00   19.43    8.02    5.22    1.09    0.02    0.53   19.35    5.59    2.17    5.95    5.45    4.92    3.19    4.90   21.35   19.09   21.01   12.80    5.46    4.79    3.28   14.91    0.06    0.02    0.72    0.71    0.46    0.72    0.80    0.77    7.21    8.96    8.79    8.49    9.26    8.35   15.12
PSATCHT    -23.01  -49.73    0.07    0.11    0.14    0.09    0.91    2.25    1.89    7.14   22.22    5.38    2.15    0.82    0.00    0.51   23.65    4.81    3.82   10.55    9.35    7.10    3.79    3.91   15.99   14.51   21.95   12.92    5.18    2.47    2.65   15.45    0.27    0.30    0.54    1.37    1.10    0.81    2.03    0.94    7.94   11.55    7.71   15.65    8.97    7.54   10.53
PSATJUR    -23.22  -49.23    1.45    0.89    0.44    0.69    0.95    8.91    3.64    8.07   18.31    1.28    4.41    0.06    0.02    0.07   18.34   20.02   10.24   18.26   43.39    6.93    7.24    2.07   14.14   14.31   26.06    6.17    5.57    3.43    3.28   16.73    0.89    1.13    3.60    3.18    2.51    1.88    7.01    1.93    3.20   11.59    7.70   17.71   11.39    7.82    8.69
PSATMAU    -24.06  -50.71    0.03    0.13    0.15    0.03    0.42    0.82    0.47    1.55   10.73    8.08    5.00    9.82    2.31    0.83   26.73    1.52    1.77    1.80    1.40    2.24    2.24    2.79   18.81   13.56   15.34   18.00    9.29   10.29    9.21   22.53    0.13    0.14    0.62    1.11    1.52    1.09    1.26    1.14    8.25    3.44    6.13    9.53   10.27    4.73    8.28
PSATROS    -22.50  -52.87    0.48    0.04    0.00    0.05    0.37    3.95    1.48    6.21   27.68    8.43   12.27    2.76    0.00    0.82   26.97    3.10    0.81    1.35    1.77    1.32    1.44   10.98   21.16   12.07    9.79    3.32    7.05    3.88    0.86   10.22    0.03    0.00    0.20    0.18    0.09    0.35    0.52    1.83    8.35    4.94    4.65    9.01   10.41   11.90   15.20
PSATQMD    -16.21  -47.33    8.06   20.98   11.37   11.26    0.76    0.25    7.39    4.47    4.47    0.64    0.01    0.23    0.84    0.36    2.58   11.33   19.13   19.78   18.01   16.12   11.48    1.45    6.20    3.46    2.14    1.23    1.24    0.00    0.00    0.04    8.05   13.80   14.97    1.80    1.45   18.43    6.30    3.27    4.17    9.31   11.54   17.41   16.72   34.48   16.46
PSATRBX    -18.95  -44.76   28.28   52.57   27.30   19.49   17.52    4.67    2.64    9.14    7.60    0.07    0.00    0.03    0.11    0.03    0.00   21.77   30.05    4.26   26.50    8.87    5.31    5.66    1.00    0.39    0.32    0.21    0.31    0.94    1.46   14.20    9.69    1.89    0.23    5.71   14.05   19.68   22.92   29.32   23.96   12.46    3.50   23.11   20.81   15.87    7.35
PSATSFR    -15.93  -44.86   11.48   15.40   14.69   12.98    0.89    0.61    2.32    2.77    2.80    0.57    0.07    0.80    0.61    0.27    0.54   10.62   23.75   13.90    6.26    9.91   16.42    7.82    3.72    1.73    1.29    0.65    0.65    0.06    0.01    0.01   13.62   17.48    9.47    9.44    9.18   14.78    7.18   17.26   11.24    8.99   11.05   17.93   12.14   19.12   13.17
PSATSRM    -16.37  -45.07   19.08   24.27   25.00   19.99    4.17    1.87    2.80    5.26    4.85    0.47    0.09    0.45    0.64    0.09    0.13   18.19   28.11   10.82   11.58   15.20   13.69    5.71    1.03    0.68    0.46    0.23    0.26    0.18    0.10    2.55   13.49   13.15    8.08   10.71   11.68   19.67   17.76   29.23   19.97   11.30    9.86   19.10   20.79   23.80   13.84
PSATTMR    -18.16  -45.27   23.13   46.84   26.08   19.23   17.12   13.61    7.47   13.56   13.08    0.54    0.00    0.10    0.25    0.07    0.06   27.07   22.02    6.43   27.44    9.72   13.87    8.57    1.97    0.60    0.92    0.22    0.28    0.25    0.52   11.89   14.56    2.97    0.30    5.41   15.10   16.88   24.13   25.69   16.15   17.43    7.90   26.61   18.71   19.69   12.97
PSATBOQ    -11.35  -43.83    6.59    6.09    0.85    0.08    0.08    0.02    0.21    0.30    0.26    0.20    0.03    0.08    0.70    1.35    4.06    5.42    8.90   19.98   14.26   14.27   10.84    5.81    6.68    9.53    6.53    6.26    1.38    1.00    0.92    1.18    3.61    4.65   12.69   13.43    8.77   15.00   11.12   15.73   11.41   10.29    5.67    6.48    4.79    9.66    4.09
PSATBBO    -22.52  -48.55    5.15    4.23    0.16    3.28    2.83   18.82    6.82   11.78   20.55    2.10    1.46    0.13    0.08    0.07    4.02   36.58   39.12   15.64   38.18   10.12    7.21    4.34   11.42   11.96   20.26   16.15   10.16    4.71    5.48   19.89    0.57    0.86    4.22    2.90    2.24    3.61    6.22    2.80    3.73   13.07    5.34   14.67   11.54    6.80    7.63
PSATESZ    -23.46  -46.91    9.63    9.04    0.69    0.96    5.07   15.38   15.88    8.71    7.95    2.39    4.38    1.07    0.22    0.06    4.79   20.17   30.56   16.54   51.19    7.85    8.18    9.16   15.31    8.92   20.78   26.51   13.82    6.49    5.78   42.79    3.90    8.66   21.68    5.04    5.41    7.09    9.26    2.92    2.56   12.64    2.48   15.07   11.52    5.73    7.35
PSATIBT    -21.76  -48.99    2.95    2.69    0.05    1.31    4.79   14.32    2.87   16.77   17.11    3.54    0.45    0.00    0.00    0.00    7.15   45.63   18.72   14.68   24.78    6.83    3.01    5.24   18.26   11.53   17.28    8.04    2.55    1.42    0.16    5.75    0.07    0.04    1.72    0.87    1.55    2.72    5.61    1.66    5.29    7.84    6.57   16.74   13.95   14.43   11.11
PSATNAV    -21.12  -50.20   13.82    0.48    0.08    0.57   12.51   14.40    4.75   17.36   13.19    5.79    0.15    0.00    0.00    0.00    5.39   45.86   21.48   16.59   20.27    7.68    2.15   11.22   22.78   11.02   14.37    4.22    0.84    1.47    0.05    5.56    0.20    0.00    0.25    0.82    4.57    6.45    4.87    2.24    8.60    5.47   10.85   15.32    7.83   16.87   10.31
PSATSME    -13.40  -48.30   22.60   27.93    9.79   12.03    3.93    1.20    3.51    5.69    3.73    0.63    0.00    0.04    0.54    1.11    5.52   17.34   30.36   17.70   19.04   10.35   17.09    4.20   11.80    8.38    7.74    2.97    3.06    0.64    0.07    0.65    3.55   10.71    9.72   10.94    2.80    9.82   10.22    4.70    6.38    8.24   10.90   18.08   17.24   13.99    5.35
PSATBGR    -27.78  -51.20    0.00    0.66    0.62    0.62    1.11    6.13    0.29    1.44    0.58   16.23   26.49   23.63   20.89   15.52    4.48    0.01    1.16    0.89    0.09    0.34    3.45    5.08   14.47   10.61    1.92    0.23    2.84   18.71   30.30    2.16    0.01    0.06    0.53    1.06    1.31    4.75    1.96    1.69    5.55    1.61    2.92    6.60    3.89    6.68   11.62
PSATCNV    -27.60  -51.33    0.00    0.35    0.68    1.14    0.72    6.11    0.28    1.19    1.27   13.50   19.25   23.41   27.05   21.37    9.60    0.02    1.25    0.48    0.55    0.17    2.97    7.76   11.50   10.98    4.49    0.56    5.11   22.34   31.61    5.09    0.01    0.15    0.65    1.09    2.07    1.98    2.04    2.27    4.63    0.86    3.68    7.52    4.16    9.18   12.20
PSATFCH    -27.14  -53.04    0.00    0.00    0.00    0.00    0.45    0.56    0.03    0.00    0.56   22.79   24.32   48.00   25.99   11.60    2.90    0.00    0.00    0.22    0.45    0.38    1.75    8.18   11.05    4.18    0.69    3.27   11.66   13.47   41.15   10.31    0.00    0.00    0.02    0.00    0.43    0.05    0.09    2.75    0.85    0.87    1.13    1.45    1.31    6.94    4.61
PSATITA    -27.27  -52.38    0.00    0.04    0.07    0.04    0.07    0.85    0.14    0.09    0.94   14.47   14.72   22.68   19.51   25.76    6.88    0.01    0.14    0.48    1.11    0.33    2.87    9.47   12.31   10.65    5.57    1.71    9.35   18.28   33.77    6.10    0.01    0.01    0.19    0.31    1.29    0.86    0.80    0.81    1.61    0.84    6.95    5.25    2.00    7.05    7.87
PSATMCD    -27.52  -51.78    0.00    0.00    0.00    0.00    0.24    0.58    0.09    0.26    0.72   21.21   18.71   39.54   15.84   13.15    2.37    0.00    0.21    0.60    0.98    0.17    1.46    4.16   11.55   10.96    0.60    0.96    6.58   15.53   47.86    1.72    0.00    0.00    0.02    0.03    0.81    1.25    0.24    1.54    0.56    0.35    2.32    1.80    1.39    6.59    7.03
PSATMOJ    -27.35  -52.73    0.00    0.00    0.00    0.00    0.13    0.30    0.02    0.00    1.34   23.82   27.02   42.71   12.47   13.15    1.49    0.00    0.01    0.35    0.96    0.33    0.71    4.24   11.78    5.68    0.58    1.29    4.13   12.73   39.90    1.94    0.00    0.02    0.00    0.00    1.05    0.05    0.20    1.57    0.75    0.61    1.04    1.27    1.07    3.68    2.49
PSATQQX    -26.66  -52.54    0.00    0.01    0.01    0.00    0.02    1.79    0.60    0.49    2.26    7.49    5.98    8.38   14.83   10.76   12.97    0.00    0.11    0.73    0.66    1.08    5.10    8.68   17.28    8.83   11.83    3.75    9.99   16.27   24.99    8.44    0.00    0.00    0.61    0.09    1.05    0.66    1.08    4.62    2.76    1.54   10.62    5.22    1.24    4.68    9.45
PSATPSJ    -28.14  -55.05    0.00    0.00    0.00    0.00    0.00    0.02    0.00    0.00   18.07   28.05   51.17   14.02    6.79    3.03    0.80    0.02    0.00    0.02    0.03    0.02    0.47    2.35    7.72    2.35    0.08    1.05    7.35   12.29   33.33    0.00    0.00    0.00    0.00    0.18    0.02    0.03    0.18    0.93    0.26    0.44    0.47    0.58    1.79    2.40    0.72
PSATESP    -18.68  -51.87    0.38   30.60   15.92   30.32   14.34    6.77   10.03   10.04    3.71    1.88    2.88    0.00    0.03    0.41   17.03   15.27   14.94    9.87   11.00    4.97    8.21   12.53   24.34    7.35    3.83    7.72    3.42    1.59    0.78    6.41   22.13   11.66    2.11   13.58   19.20    9.09    1.77    2.01    2.69    1.31    9.12   19.35    9.55    6.59    7.72
PSATSRC    -19.16  -50.76    5.26   17.49   23.36   21.39   26.75    9.98   10.04    9.01    2.83    6.00    3.66    0.00    0.00    0.08    9.22   21.98   15.19   18.53   10.28    6.95    8.39   10.61   15.32    6.70    4.73    7.60    1.31    5.53    0.20    8.16   19.76    3.51    1.82    6.15   16.33    7.97    7.36    3.20    1.32    3.30   10.93   17.21   11.83    3.98    4.39
PSATFRCL   -19.12  -50.64   10.65   28.11   30.85   19.27   29.72    7.86   10.52   11.86    3.29    2.89    3.06    0.00    0.00    0.05    7.66   34.14   29.76   23.94    8.23   11.02    8.95    6.37    6.35    5.85    7.01    6.97    1.85    8.82    0.23    5.30   18.27    7.40    5.85    9.06   13.81    8.49    8.10    4.43    1.53    3.62    8.66   21.57   15.79    4.28    7.03
PSATISOT   -20.40  -51.35   15.24    1.69    1.66   12.55   20.64   12.99    6.91   17.93    6.27    5.25    1.00    0.00    0.00    0.00    4.82   33.43   17.81   10.27   12.55   11.34    6.77   11.43   22.65   10.28    8.01    3.75    0.57    1.06    0.20   10.75    3.81    0.07    0.63    3.14    5.67    7.61    8.17    9.12    7.36    6.20   10.60   17.25   15.66   12.79   10.30
PSATJUP    -20.86  -51.63    6.28    5.13    1.44   10.50   12.96    9.12   11.54    9.99    9.88    4.81    4.28    0.00    0.00    0.04   18.37   28.09   12.76    8.51    8.27    9.37    8.88   12.79   23.68   11.72    6.14    5.28    4.82    1.09    0.27   14.71   10.53    1.08    0.70    3.02    7.79    6.53    7.17    9.69    3.16    3.78    9.50   13.53   10.83    5.68    3.35
PSATSDG    -20.06  -53.18    2.63    3.08    0.54    4.62   10.22    5.21    7.85   10.07   14.69    2.76    2.82    0.05    0.00    0.16   17.34   24.38    5.81    4.19    7.53    6.31   10.71    6.81   19.90    8.18    7.26    6.97    4.00    1.49    0.20    5.35   20.78    1.14    0.25    2.28    6.97    8.37    5.28    4.70    1.71    2.09    5.31   10.26    5.78    3.84    3.17
PSATFZBT   -21.66  -52.87    0.22    0.09    0.06    0.42    4.28    7.84    2.54    8.80   13.27    2.20    7.80    1.48    0.73    3.17   19.07   13.00    1.84    1.28    2.25    6.16    7.87   10.69   17.34    6.98   11.11    6.18    1.83    1.88    0.37    9.18   11.13    0.45    0.01    0.45    0.99    6.21    5.59   10.78    4.46    4.57    5.58    9.44    8.65    9.58   12.15
PSATPPRA   -22.46  -52.91    0.46    0.17    0.03    0.63    3.54    6.73    3.63   11.42   16.43    5.33    3.07    0.18    0.00    0.07   18.45   18.45    2.65    5.14    7.55    6.31    5.20   11.56   25.83   11.07   11.14    7.22    3.83    1.39    0.13   11.57    1.61    0.02    0.34    0.41    0.58    3.18    4.00    6.89    7.88    4.63    9.30   15.99   13.23   11.31    8.88
PSATBTE    -13.69  -50.80   21.40   32.79   21.27   17.63   16.91   11.60    7.03   13.39    4.83    1.15    1.71    0.30    0.43    0.50    8.25   26.94   39.52   37.66   23.06    9.35   13.67    9.46   11.82   11.33    4.83    7.59    2.69    2.09    0.60    0.24   14.01   19.15    7.15   12.07    9.22   11.08    6.45    5.53    7.51   11.64   10.07   17.51   14.84   12.22    4.08
PSATARAG    -8.27  -49.26   17.13   18.07   14.22    7.64    2.92    3.01    2.12    6.07    3.27    2.27    6.18    0.88    4.12    5.85    7.00   12.82   14.28   16.86   19.56   14.99   18.01   13.23    8.47    8.23   11.71   10.37    4.35    2.22    4.81    2.11    3.07   10.24    9.43    6.38   10.80   14.06   10.32   13.90    9.46   14.26   13.11   13.65   10.71    8.40    4.26
PSATLAJ     -9.76  -48.37    9.49   14.69    7.38    3.03    0.21    0.04    1.23    0.38    0.85    0.32    0.19    0.13    0.31    2.57    7.04   10.35   17.18   22.89    7.87   12.82   16.24    8.44    4.45    6.90    8.52    4.37    3.42    0.59    1.67    0.65    2.44    4.81    5.69    7.10   12.16   14.79   12.34   10.52    7.72   15.75    9.21   13.48    8.81   10.26    7.88
PSATPTRL    -9.31  -47.39    6.20    3.18    1.08    0.13    0.01    0.00    0.02    0.18    0.17    0.46    0.24    0.02    4.29    7.53    3.75    6.07    7.33   19.77   18.69   22.20   16.70   12.04    4.96    5.12   13.03    3.99    5.05    4.43   10.46    2.74    2.60    6.17   10.55   10.73   13.51   22.27   16.56   11.48    7.26   20.01    9.31    7.66    7.90    8.26    2.82
PSATLJET    -7.33  -47.48   12.49    1.85    0.12    0.02    0.27    0.09    0.15    0.41    3.76    4.34    2.44    0.19    6.09    6.82    4.38    7.15    4.26   10.18    9.16   22.74   18.03   14.12    6.34    3.00   22.94    4.59    9.60    6.49   18.84    5.21    4.43   11.79   12.73    8.08    8.69   14.05   10.69   19.71   21.59   17.18   10.00    9.25    6.38    5.13    1.30
PSATUCR     -3.83  -49.65    7.25    1.68    0.41    0.40    4.89    1.55    1.43    1.97    3.65    7.30    5.60    0.64   12.19    7.19   10.53   12.64    8.80    4.46   10.67   40.04   10.75   12.24    3.06    7.38   16.54   11.57    6.65    5.17   18.29    9.67    8.33   11.34   10.63    7.77   14.12    8.85    5.24   13.64   12.50   19.48   11.49   13.31    5.63    3.05    2.26
PSATXIVJ   -29.07  -51.67    0.00    0.00    0.00    0.06    0.31    1.68    0.02    0.59    1.59   18.25   39.10   28.70   11.88   14.40    1.71    0.00    0.08    0.29    0.00    0.18    1.01    6.00    5.97    8.93    0.35    0.02    3.42   21.02   29.81    0.15    0.00    0.01    0.00    0.00    0.73    3.42    0.85    0.46    2.46    0.31    1.14    1.08    0.66    2.00    4.97
PSATDFRC   -29.45  -53.28    0.00    0.00    0.00    0.18    0.06    0.09    0.00    0.00   16.32   19.20   56.19    8.01    7.01    3.23    0.48    0.09    0.14    0.19    0.14    0.43    0.40    2.26   12.93    1.99    0.03    0.08    4.83    8.87   29.05    0.00    0.00    0.00    0.00    0.18    0.22    0.05    0.21    0.81    0.33    0.21    0.40    0.45    1.27    8.21    0.69
PSATREAL   -29.02  -53.19    0.00    0.00    0.00    0.09    0.03    0.13    0.00    0.06   11.14   23.55   45.62   19.39    9.77    7.34    1.13    0.01    0.05    0.17    0.16    0.07    0.56    4.28   11.85    1.94    0.06    0.44    3.80   10.24   32.33    0.00    0.00    0.00    0.00    0.01    0.26    0.12    0.20    0.53    0.40    0.23    0.68    0.50    0.73    3.28    1.67
PSATCTAV   -29.01  -51.39    0.01    0.70    0.56    1.02    1.71    5.89    0.16    4.29    0.40   14.82   35.07   22.93   10.41    9.95    2.49    0.01    1.46    1.78    0.16    2.44    3.64    8.58   16.46    9.53    1.91    0.26    1.63   21.37   20.42    1.02    0.01    0.06    0.15    0.98    1.59    6.29    1.79    1.56    3.88    3.16    2.59    7.25    1.68    4.83   12.79
PSATERNT   -28.56  -52.54    0.00    0.00    0.00    0.00    0.09    0.60    0.03    0.05    7.16   20.26   36.90   34.60   13.48   11.61    1.54    0.00    0.03    0.43    0.93    0.24    0.41    6.06   10.23    4.05    0.52    0.63    6.25   12.18   35.87    0.08    0.00    0.00    0.00    0.02    1.85    0.21    0.12    0.32    1.13    0.34    1.17    0.56    0.60    3.94    4.44
PSATSTPL   -27.14  -49.52    0.00    0.61    0.83    1.26    1.30    8.11    0.61    0.46    1.10   11.45   19.75   17.61   22.63   28.29   20.72    0.19    1.12    0.15    0.41    0.13    1.46    7.88    9.65   10.57    6.79    0.07    3.22   25.00   18.93    9.62    0.16    0.53    1.00    2.03    4.00    2.24    4.26    3.41    3.64    1.46    4.35    7.17    4.32    8.87   12.74
PSATCVCH   -25.14  -48.87    0.24    1.89    1.63    1.08    0.76    2.82    0.76    0.64   11.70    5.07   10.27   12.68    4.32    3.19   20.80    0.93    1.72    3.04    2.26    6.33    4.26    8.39   13.03   14.57   18.07    1.25    9.96    8.76    6.99   30.76    0.85    1.13    1.68    2.93    3.63    2.04    2.41    2.56    8.82    7.78    4.55    4.09   11.38    9.58   14.40
PSATAMY    -12.60  -69.12    3.08    0.84    1.20    6.96    6.70    6.76    7.25   14.69    7.15   20.46   22.39   10.17   18.34   14.75    8.73   10.65    7.17    7.93   10.88    9.22   14.14   15.11   26.04   12.26    4.36   21.58   14.03   19.59   10.14   20.49   12.76   12.57   14.35   13.75    9.39   14.04    8.64   11.39    9.77    7.47   12.11    6.28   14.43    9.01    8.39
PSATGJR    -10.73  -65.35    0.50    0.92    1.18    8.70    7.39    9.58   10.35    7.16    4.82   17.85   18.77    7.11    4.91    8.25    9.87   12.83    6.70   13.55    4.20    5.31   16.62    9.00   10.90    8.25   13.55    9.12    3.83    5.59   12.56   17.39    1.76    5.64   10.39    9.30    7.04    9.74    6.72    7.08    4.25    3.14   12.23   11.76    8.05    7.53    5.46
PSATPRNC   -12.43  -64.43    1.25    1.18    0.36    0.41    5.02    8.52   10.26    6.15    4.57    7.47   12.82    9.96    8.03    5.83    7.84   13.67   16.96   20.17   10.53    5.38   15.18   15.57   13.56   13.72    9.00    8.71    5.53    5.28    6.19   14.33    1.08   12.53   13.54   15.77   10.20    5.34    5.54    7.44    8.96    7.64    3.97    4.69    6.95    8.05    3.95
PSATSANT    -8.87  -63.97   13.66   10.60   14.04   10.23    8.29    3.02   11.41   14.56   12.71    7.75    4.53   13.33    8.33    4.19    4.50   16.40   11.72    5.11   10.97   23.42   13.92    2.55    8.84    7.34    2.99    2.31    4.62    9.90    3.70   18.58    4.25    7.24   10.63   11.74   11.85   12.17   14.12    7.10    0.91    7.51    8.02    7.29    4.49   22.61   10.78
PSATDARD   -10.16  -59.46   15.43   19.89    8.05    7.06    5.40    9.75    8.72    3.36   10.43    3.74    6.45   12.29    3.38   11.22   11.26   14.60   18.48   15.88   17.36    5.99    7.52    6.45   21.09   17.65    2.57    6.58   10.97    5.83    5.53   24.88    5.20    8.15    8.40    5.97   12.55   12.53    5.66    9.80   18.42    5.96    7.34   14.31    9.52   12.13    3.12
PSATGUAP   -15.12  -58.96    2.83   11.31    0.67    0.89   16.91   17.65    7.45    5.84    4.12    1.34    9.28   13.52    8.00   11.52    2.84   11.11    8.85    6.84    3.36    0.72    6.81    9.66   14.10    3.13    7.28   12.71    3.23    1.16    1.51   11.73    6.82   22.55   21.27   18.98    6.10    5.07    1.86    5.68    3.14   10.16    5.71    4.64    3.20    1.43    2.08
PSATJIRA    -9.25  -64.65    2.22    2.91    2.07    5.73    6.84    2.48    7.54   10.24    4.76   15.05   15.20   12.63    7.57    4.57    7.24   14.29    9.81   10.94    8.80    8.68   14.11   15.21   13.17    8.16    7.83    9.04    7.65    9.48    6.31   26.42    7.67   10.94   12.85   10.84    9.63    9.21    5.68    4.92    3.41    4.33    7.15    6.28    3.91    8.51    7.70
PSATROND   -11.99  -60.70   25.37   20.54    0.70    1.16   10.11   15.75   10.60   11.61    3.14    2.66    8.18   23.65    1.34    1.46    6.52    8.53   16.65   23.45    9.77    1.88   19.35    3.34   10.38   19.00    1.92    7.10    6.85   11.41    9.92   20.37    2.38   23.65    6.59   10.13   13.37    7.69   10.10    5.31    8.09   22.03    6.99    6.26    4.15    9.31    3.94
PSATSAMU    -8.75  -63.45   11.01   18.42   10.47    7.61    6.78    8.30   10.20    9.36    8.04    7.43    7.84   12.47    6.11    4.27   10.20   11.60   10.99   15.79   11.23   19.08   12.73    1.40    2.33   12.68    2.22    5.09    6.24   13.86    2.63   13.05    3.30    7.64    8.09   17.39    8.54   11.67   16.70   10.97    5.34    7.70    4.26    3.65    7.78   20.55   12.17
PSATBALB    -1.92  -59.47   23.98    7.89   17.11   15.74   16.37    7.25   18.92   17.65    9.27   13.40    4.86   22.42    6.71    7.08   16.18   12.75   15.88   31.16   12.86    7.19    0.58    0.04    1.17   14.63    6.84    0.85    1.81    5.82    7.17   14.49   21.43   26.12    5.38   15.91   23.68   18.33   31.20   15.73    0.73    0.44    6.90    7.23   11.03    5.74    6.91
PSATCUNA    -2.82  -54.30    8.52    1.63   22.23    2.20    1.09    8.86    6.39    8.06    6.54    3.11    2.83   21.94   16.56   10.44    6.03    1.52   10.47   25.05    7.60   10.88    1.87    1.83    1.91   12.89   21.67   13.98    9.91    7.76   13.03   18.06    7.15    4.22    3.62   11.87   20.51   14.25    9.61   14.89   15.83   14.63   14.22   13.76   14.93    1.64    2.20
PSATJARI    -0.65  -52.52   10.20    3.81    4.97    5.57    6.41    9.71    9.84   10.38   11.28   13.00    6.04   16.38   10.97    8.30    2.21    5.16    6.90   13.90   20.49    7.51    0.56    0.35    7.89    7.11    0.67    3.97    3.43   13.66    6.24    7.51   23.53    3.57    5.92    9.52   11.55    6.99   10.25    3.91    6.29    5.26   17.49   13.22    2.99    5.41   13.56
PSATFGOM     0.86  -51.20   13.58    1.53   10.85    8.54   10.90   10.97   20.57    7.56   15.31   14.84    6.27   20.10   11.61   11.20    4.51   11.66   13.58   14.76   22.26    4.91    0.75    2.38    8.77    8.76    0.59    2.49   10.70    8.95    5.40   12.89   18.74    2.19   13.87    7.15   13.34   13.17   13.27    4.18    9.69    7.99   20.55   13.57    1.73   11.59   15.32
PSATUBE     -6.75  -43.57   16.71    0.32    0.12    0.00    0.16    0.05    0.43    0.39    1.89    1.11    0.59    0.37    4.49    6.64    3.00    3.48    3.11   15.18   15.02   18.60   12.86   10.47    7.67    3.53   16.71    7.24   14.09   14.66   14.30    9.07    7.96    7.83   12.39    4.00    4.04    8.11   10.51    8.77   11.16    9.95    5.93    6.09    6.02    4.77    1.22
PSATBSOR    -6.74  -52.00   14.34   17.48   12.09   11.65    5.38    3.59    1.90    9.61    6.63    1.72    9.03    4.30    3.30    4.50    6.23   16.70   18.10   13.27   15.36   15.26   15.00   13.79    9.51    6.39   13.13    9.70    5.07    2.42    5.71    5.21    5.18    7.58   11.70    7.21   10.80    8.93   11.97    9.60   12.04   11.43   12.10   12.44    8.37    5.47    1.99
PSATBESP    -6.75  -51.77    7.44    7.09    0.56    1.72    0.25    0.38    1.30    3.72    3.59    4.77    3.55    3.38    8.43    4.23    8.82   10.90    8.98    6.92   10.42   27.25   10.03   12.61    5.88    4.61   23.98   20.03    7.80    2.84   12.19    7.98    9.73   10.21   15.72    4.49   17.66    6.75    8.35   12.89   12.17   15.45   13.45    9.10    7.24    1.95    1.92
PSATPIME    -3.41  -51.91    7.65    9.91    9.51    2.48    1.57    3.31    6.83    5.79    6.53    1.26    8.87    7.41    8.33    8.12    6.66    9.80    9.23   15.44    8.95   33.42   12.35    7.42    3.51    6.77   16.76   15.51    7.21    4.67   11.42   15.88    9.00   10.88   10.06    7.82   21.90   13.39    9.95   13.40   10.45   15.81   13.32   12.32    9.29    1.40    2.82
PSATIRAP   -16.74  -42.57   11.72    8.31   16.12   12.41    3.61    1.78    1.39    2.65    2.80    0.27    1.69    0.96    0.06    0.04    0.06    6.29   23.32    5.53    3.79    5.52    9.74    1.35    0.98    0.65    0.28    1.07    0.44    0.16    0.01    0.16    6.10   11.10    8.92   11.63   11.61   20.90   18.72   16.33   27.36    2.29   11.16   12.18   13.40   14.56   13.89
PSATITBI   -15.97  -39.59   10.79    6.70   14.69   13.66    3.11    1.28    1.66    2.35    1.16    1.15    2.48    1.91    0.17    0.22    0.33    2.23    5.69    3.17    1.09    1.64    5.19    1.37    1.74    1.18    0.70    0.79    1.02    0.12    0.13    0.40   13.13   22.99   14.27   19.60   22.09   14.50   19.26   24.61   23.50    2.58    5.80    4.26    3.11    8.40   10.02
PSATCOLI   -10.98  -55.77   19.76   10.99   10.60   10.43   13.11   11.08    6.82    5.29   10.59    2.27   11.03    3.85    3.27    3.07    4.41   10.62   24.29   15.98   15.94   10.30    8.56   10.89   14.05    6.07    8.61    6.78    5.48    1.62    3.21    5.86    7.20    7.97   12.08    6.99    9.45    2.51   12.68    8.50   16.18    7.98    8.87   16.67    5.42    3.42    3.38
PSATSAEL    -9.19  -57.04   14.26   12.89   18.44   10.88    2.97    5.18    1.81    7.97    8.64    3.75    8.37    4.95    8.19   10.05    6.11   15.41   20.20   10.02   17.86   15.96   10.68   10.01   16.14    6.90   13.77   12.37    7.63    1.70    6.08    8.83    6.78    6.05    8.04    3.07   13.24   12.12   10.59   11.73   12.14   13.30    6.19   14.31   12.25    4.11    3.54
PSATITQ    -17.09  -54.83    1.14   14.29   19.11   21.38   16.32    7.27   11.29   11.36    5.70    1.84    5.39    1.43    0.91    1.72    8.64   18.67   32.66    9.78    9.90    1.27    3.20   19.99   13.17   16.93    5.97    8.06    2.93    0.76    0.67    1.94    6.03   15.77    4.75   17.54   24.77   11.03    3.80    1.68    1.40    7.19   11.39   12.65   12.63    9.44    5.04
PSATJAU    -15.24  -58.73    2.35    6.35    1.19    0.56   12.88   18.55   11.01    8.83    9.94    0.87   16.60    9.63    8.32    9.02    2.26   12.52    7.92    6.84    3.04    0.69   10.05    8.10   10.81    4.25    5.40   12.30    4.37    2.23    1.42   11.77   11.18   18.81   21.41   18.50    6.12    6.10    2.81    4.71    5.50   10.02    4.91    4.18    3.80    1.91    2.03
PSATMAN    -14.87  -55.78   21.62   10.41   19.23   19.60   21.30   18.60   12.68    8.08    6.57    0.54    5.16    7.25    1.90    6.28    6.75   19.03   27.46   23.26   18.78    4.14   11.89   27.22   22.32   11.27    7.35    6.58    1.52    0.68    1.14    6.33    2.85   12.25   16.18   12.79    6.99   14.23    9.75   10.06    2.40   13.53   14.29   12.34    4.03    2.15    1.56
PSATPTP    -17.61  -54.83    1.76   17.53   10.83   10.67   13.15    2.98   12.55   10.73    7.76    0.94    7.46    3.18    0.00    1.22   11.87   22.64   26.08    4.74    6.54    2.08    4.71   17.29   15.84   18.04    6.44    9.12    3.77    0.56    0.25    2.82   10.19   17.99    5.49   21.56   24.56    8.90    2.38    2.23    0.94    7.38   10.02   17.62    7.98   11.85    3.73
PSATSTCL   -17.90  -40.20   14.94    9.51   15.56   17.74    6.09    1.33    1.60    1.89    0.83    1.28    3.85    2.73    0.18    0.01    0.09    2.25    3.67    2.87    1.14    0.92    2.59    2.62    2.49    0.54    0.61    0.37    1.56    0.03    0.13    0.13   39.90   23.22    8.97   23.55   25.21   15.80   34.89   28.91   29.60    5.67    4.99    1.98    0.42    0.37    6.86
PSATPDC    -12.58  -39.00    0.69    1.05    1.10    0.08    0.02    0.67    1.00    0.25    0.35    1.18    2.77    2.98    1.14    0.80    2.87    1.94    2.17    2.19    1.85    2.45    3.46    3.31    5.25    2.90    3.45    2.68    2.74    2.12    2.76    1.49    5.16    8.77   23.00    7.20    3.45    8.68    8.71    2.78    1.29    1.92    4.14    6.01    2.95    1.61    2.00
PSATROSA   -20.92  -41.72   34.94   37.62   20.80   24.87   21.71   14.54    7.82    8.15    1.81    0.04    0.02    0.09    0.11    0.14    0.03    2.68    2.67    3.21    0.48    5.64    3.57    1.98    0.82    0.27    0.08    0.44    0.31    0.04    1.97    9.51   12.91    0.50    1.14    8.77   16.82   23.69    8.78   17.65   18.80    5.63    3.45    4.25   12.70    3.44    6.74
PSATCAN    -20.21  -42.85   39.23   32.00   33.91   42.67   20.20    9.70    8.17   10.28    4.66    0.19    0.16    0.23    0.21    0.05    0.08    9.72   16.17    4.57    6.09    9.66    7.50    2.27    1.00    0.55    0.27    0.55    0.71    0.86    0.76   11.09    6.11    0.16    0.23    6.14   10.90   50.40   26.34   31.73   17.97   13.44    6.61   12.19   16.72   16.80   10.22
PSATSAC    -19.64  -42.85   31.92   34.65   34.10   32.22   12.26    4.97    3.29    3.59    4.61    0.27    0.20    0.36    0.28    0.15    0.05   11.70   30.20    8.30    8.23   18.10    9.84    4.51    1.46    0.84    0.31    0.36    0.95    0.70    0.41   12.35   18.74    3.99    0.77    5.45   19.07   49.81   33.80   40.02   25.04   15.06   13.77   17.46   25.41   28.90   19.55
PSATPES    -19.12  -42.66    9.96   28.84   35.15   37.60   13.40    6.22    4.04    4.15    4.19    0.44    0.37    0.39    0.13    0.13    0.03   10.76   23.67   12.29    3.43    9.14    8.38    2.76    1.48    0.83    0.25    0.79    1.46    0.17    0.10    2.69   14.27    5.59    3.88    9.26   23.77   30.83   28.68   41.55   26.23    9.70   18.77   12.93   22.18   34.80   22.88
PSATMAS    -19.50  -40.92   19.79   28.25   24.02   30.33   12.41    7.01    4.40    4.51    1.35    0.37    0.57    0.67    0.55    0.22    0.27    7.17    8.96    4.50    1.60    3.96    4.39    2.13    1.69    0.62    0.48    0.93    1.36    0.26    0.68    3.19   15.78    5.95    1.76   15.53   21.75   23.10   26.85   25.04   30.65   11.41    8.62    4.63    8.88   10.16   12.92
PSATSBR    -23.37  -45.87   13.95    9.78    0.90    2.01    6.22   24.05   21.02   11.95   11.94    2.24    1.33    0.20    0.58    0.50    2.14   32.59   19.20   12.69   30.57    9.50    7.47    9.21    7.61   17.61   22.05   16.38   12.50   12.04   12.13   59.33    5.98   10.85   23.28    6.39    4.78   10.96   18.54   12.71    4.62   16.96    4.38   20.34   16.89    6.32   11.20
PSATJAG    -23.20  -46.03    9.29    5.52    0.12    1.98    3.11   16.73   24.58   15.82   14.30    4.27    2.99    0.12    0.06    0.17    2.59   34.10   35.14    9.67   35.32    9.77   12.76   12.82    7.97   12.85   19.29   16.71   13.32   16.51   12.24   49.61    2.61    4.88   10.38    5.71    3.51    5.25    7.90    7.14    2.93   16.85    0.92   14.22   15.35    9.28    6.26
PSATFUNI   -22.53  -44.57   19.91   12.20    1.17    5.06   10.34   24.23   17.96   18.22   10.96    2.11    1.08    0.13    0.10    0.19    0.95   33.91   25.57   12.40   28.40   13.15    8.63    7.75    5.44   10.62   15.81   21.66   14.47   12.27   13.69   58.17    3.50    1.82   11.41    5.71    4.67   12.19   20.72   22.00    6.43   22.32    1.08   20.03   16.05    4.88    7.19
PSATSACE   -22.48  -43.84   21.93   13.01    9.20   12.37    6.84   23.78   27.08   31.49   17.75    0.24    0.06    0.02    0.15    0.26    0.24   31.07    9.70    6.72   20.58   14.72    6.37   12.34    3.70    1.19   10.96   23.41    8.47    7.16   10.30   47.64    6.21    0.42   10.76    5.17    6.74   22.83   29.77   30.01   16.40   27.79    5.25   25.30   10.04    0.32   10.54
PSATPIC    -21.91  -43.54   41.20   18.45   19.73   14.26   10.10   19.87   19.14   17.06    6.27    0.20    0.02    0.00    0.05    0.52    0.29   26.55   10.38    4.35   20.55   12.05    7.29    8.47    2.01    0.17    6.45    7.28    0.69   15.61   10.28   33.74    5.40    0.27    6.56   10.31    7.66   19.07   20.97   13.21   23.44   21.45    1.04   14.40    6.93    1.37    2.11
PSATSOGI   -21.94  -43.36   44.40   25.25   31.40   16.50   11.15   16.62   17.20   21.56    7.02    0.05    0.02    0.00    0.00    0.08    0.76   20.50   20.72    8.38   25.37   17.86   16.28    2.43    1.84    0.17    5.94    1.52    0.87   11.73    5.11   21.85    4.03    0.13    7.20   11.03    8.03   31.60   26.44   18.48   24.28   23.12    6.96   17.67    8.03    5.58   10.28
PSATIPSI   -21.84  -42.58   47.20   16.12   18.06   18.31   10.41   18.57   25.87   14.15    4.82    0.12    0.17    0.04    0.01    0.19    0.18   14.49   11.61    3.93   15.25   13.99    7.52    3.38    1.37    0.37    3.87    4.79    0.87    5.10    3.15   25.09    6.89    0.37    8.89    9.58    6.92   25.36   29.69   19.91   21.39   23.50    8.42   18.00    6.29    2.30   14.39
PSATTCLJ   -22.69  -43.83   14.15   19.00    1.40    7.47    5.32   11.67   21.61   23.91   10.36    0.34    0.00    0.02    0.17    0.14    0.21   26.52   10.74    5.52   29.65   10.33    4.29    4.39    5.04    0.02    8.21    5.94    3.48    3.14    6.06   39.84    6.47    2.96   11.69    5.98    2.96    5.43   23.28   47.94    3.45   10.74   10.44   17.15    4.30    0.15   18.65
PSATBIGU   -25.51  -53.67    0.00    0.00    0.00    0.00    0.44    0.72    0.50    0.73    6.23   13.04   14.85   17.05   13.86    7.06   15.29    0.10    0.03    0.26    1.74    2.10    3.68   10.15   14.21    6.37    8.02    4.90    8.12   13.23   20.13   16.89    1.05    0.00    0.19    0.06    0.54    0.21    0.48    3.71    5.84    1.08    4.38    4.34    2.55    7.10    8.32
PSATBRAU   -21.45  -42.41   60.92   43.79   31.89   30.37   20.55   20.32   14.36   19.25    2.84    0.00    0.07    0.00    0.00    0.04    0.02   11.66   15.23    2.72    6.40   14.20    8.30    3.15    1.11    0.31    0.35    0.50    1.45    1.35    0.89    8.21    3.41    0.01    2.25   12.66   10.64   37.41   57.24   28.46   24.04   20.88    5.50   15.15   10.53    7.30   10.67
