PSATAGV    -19.89  -50.35   14.71    8.61    8.81    0.45    0.05    0.27    1.02    1.33   10.85    0.02    1.18    2.92   10.40   10.66   19.76   15.12    2.49    0.68    0.14    0.84    4.55    1.44    0.86    0.12    0.28    1.86    3.66    1.73    1.31    1.85    4.40   11.31   13.65   19.78   17.60   12.77   12.60   19.49   18.91   10.09    0.31    0.24    2.96    7.15   11.22
PSATCMG    -21.28  -44.63    5.07   33.94    4.26    0.01    0.00    0.00    1.00   31.06   10.96    2.68    1.60    2.20    7.35   17.68    9.56    8.45    0.82    1.04    1.17    7.69    6.30   21.29    6.47    2.54    6.96    1.35    1.44    1.08    0.44    0.91    1.20    0.56   12.92   21.63   29.90   13.13    1.48    0.47    0.00    0.09    0.38    0.39    2.43    0.95    8.53
PSATCES    -20.25  -48.16    3.61   12.43    7.93    0.00    0.00    0.01    3.96    4.01   14.04    0.11    0.44    0.49   20.03    9.11   19.37   15.34    0.37    0.03    0.22    2.21    7.28    7.11    3.04    0.42    0.26    1.20    1.64    1.16    1.40    1.69    1.89   11.00   11.85   16.60   22.03   18.48   18.60    1.37    2.41    0.05    0.00    0.51    0.50    2.31    5.33
PSATELC    -21.60  -46.95   15.81   16.00    4.48    0.16    0.00    0.00    2.92    3.07    6.67    0.55    4.06    2.68   18.45   11.53   12.64   16.08    0.69    0.26    1.99    1.82    7.03    9.38    2.53    1.06    0.92    2.36    3.13    0.55    0.90    0.75    0.60    5.57   18.38   10.72   19.39   24.84   11.73    4.06    0.58    0.07    0.02    1.21    2.34    3.05    9.49
PSATFUN    -21.14  -45.04   10.84   11.45    1.04    0.00    0.00    0.00    0.23   14.95   16.93    0.86    0.33    0.62    5.29    9.23   10.55    5.65    1.01    3.20    0.60    4.56    5.33   12.44    6.90    2.56    5.69    1.26    2.14    0.45    0.38    0.89    1.04    1.55   11.08   11.88   24.97    8.91    0.12    0.13    0.00    0.01    0.10    0.12    1.87    3.96    5.98
PSATFUR    -20.67  -46.32    8.03   15.06    1.08    0.06    0.00    0.00    1.31   15.72   13.48    0.38    0.34    0.64   12.43   14.60    8.17   14.26    0.67    1.11    0.81    3.97   10.91    9.88    8.50    1.25    2.57    1.42    1.54    0.30    0.18    0.65    0.81    2.75    8.20   15.36   15.62   11.91    2.63    1.20    0.04    0.01    0.12    0.19    0.74    2.49   13.57
PSATMRB    -20.30  -49.18    6.85    8.93   11.81    0.25    0.01    0.06    1.47    4.27   11.74    0.05    0.49    0.79   18.04   11.05   22.45   19.62    1.36    0.08    0.60    1.72    5.23    5.91    2.00    0.28    0.36    1.30    3.89    1.66    0.70    1.15    6.69    8.86   15.26   15.60   20.32   18.17   21.76    3.96    8.91    0.90    0.00    0.55    1.31    4.33    7.40
PSATPRG    -21.59  -45.67   15.32   16.03    3.03    0.28    0.00    0.00    2.23   11.82    4.73    1.01    0.73    3.76   17.30   17.03    6.48   14.87    3.36    2.03    2.02    5.38    7.06   14.12    2.53    0.81    1.36    1.84    1.55    0.85    0.48    1.21    0.94    3.28    9.47   27.75   25.13   15.08    6.32    1.68    0.19    0.07    0.32    0.57    2.10    1.53   11.00
PSATPAS    -21.02  -48.18   16.60    5.08    8.38    0.23    0.01    0.07    3.66    4.89    2.10    0.32    0.77    6.06   18.15   11.64   13.21   17.21    3.95    0.94    2.17    3.07    4.98    8.16    1.23    0.44    0.23    1.50    2.30    1.03    1.32    1.68    3.01    7.09   16.09   16.46   22.81   20.44   16.03    2.21    7.08    0.28    0.04    1.73    1.21    4.35    6.99
PSATPTB    -21.61  -45.49    5.93   24.41    2.81    0.12    0.00    0.00    0.14   15.80    3.12    0.30    0.37    2.10   14.77   18.24    7.30   15.52    0.50    0.24    0.64    4.16    6.01   14.04    3.78    1.15    2.96    0.84    2.05    0.71    0.20    1.08    1.00    1.02    6.16   17.76   23.11   12.47    1.64    0.60    0.03    0.04    0.59    0.24    1.23    0.79    8.74
PSATPTC    -20.00  -48.55    6.63   10.56    5.23    0.01    0.00    0.03    1.32    5.96   15.62    0.11    0.15    0.13   19.53    8.82   15.10   19.03    0.45    1.05    0.15    1.63    7.69    4.22    5.43    0.55    1.04    1.83    2.93    1.29    0.92    1.32    2.78    8.61   10.15   30.34   15.29   14.60   17.12    0.74    1.14    0.02    0.00    0.05    0.20    3.35   10.31
PSATFZA    -26.00  -51.65   26.21   14.92    2.13   11.23   13.48   37.32   34.64    2.57    0.71    0.10    2.92   11.02    4.98    5.05   19.54    6.13    2.94    0.70    5.51   26.42    4.20    4.24    2.17    1.12    0.06    3.49    0.56    1.10   14.68    6.87    9.57   20.71    2.43    0.42    0.83    3.20    8.48   18.60    8.17   16.93   11.38    8.99    6.13    5.27   13.63
PSATJSG    -25.78  -52.00   12.81   20.37    3.35   10.07   20.58   62.02   26.48    0.41    0.47    0.02    2.05   17.17    4.89    5.71   15.52    6.67    3.71    0.47   11.99   14.85    6.32    3.79    1.97    1.56    0.66    8.03    2.01    0.93   17.86    7.87    7.80   18.25    1.34    0.12    0.22    1.88    7.80   13.13    3.46    8.32    7.58    7.50    5.08    4.47    8.71
PSATSCX    -25.53  -53.48   16.38   27.91    1.79   18.54   18.27   63.28    7.63    0.39    0.46    0.01    2.64   14.84    4.50    8.63   20.67    6.48    4.14    0.72   20.65   10.31    4.58    2.48    1.14    1.66    0.89    9.44    0.58    0.37   23.22   11.36    3.96   17.59    0.69    0.05    0.14    1.37    9.90   13.02    4.47    9.82    5.23    7.38    5.43    6.09   11.29
PSATSCL    -25.49  -51.74   26.26    8.35    2.01   12.36   17.64   47.64   23.24    1.76    0.49    0.01    6.58   11.30    5.69    3.72   20.61   10.50    3.55    0.78    5.40   10.54    4.10    3.49    1.64    2.82    0.32    1.34    0.02    0.90   14.50   11.72   12.31   24.86    2.87    0.24    0.47    5.23   10.41   19.93    7.83   13.79    8.64    7.54    7.31    3.49    9.98
PSATUVT    -26.23  -51.08   18.93    9.36    1.24   13.56    8.85   37.50   43.52    5.31    1.31    0.54    2.46    7.31    4.19    5.85   16.87   11.03    2.63    1.76    2.44   30.81    2.74    5.25    2.63    0.86    0.02    0.89    0.14    1.25    9.02    8.28    8.31   13.78    5.78    1.49    1.35    4.24    8.00   18.49   10.01   13.16   10.46   10.57    5.11    7.34   15.87
PSATBSM    -24.19  -53.74   13.22    6.38    1.33   22.12   10.52   55.37    4.89    0.58    0.37    0.00   14.45   13.43    4.12   11.08   25.71    8.51    5.89    0.72    7.15    6.64    1.27    2.64    0.52    0.47    0.13    0.05    0.01    0.64   12.21   16.04    8.42   19.23    1.50    0.12    0.28    3.69   10.52   15.84    5.48    8.21    7.69   12.19   12.75    7.65   12.36
PSATFLE    -22.97  -54.56   24.15    1.66    0.48   20.05    1.22   10.36    0.43    0.00    0.17    0.08    8.29    3.89    8.26   16.25   14.74    3.03    4.88    0.05    1.03    1.55    0.36    7.94    1.70    0.27    2.67    3.05    0.00    0.41    4.27   16.07    5.84   14.35    1.67    0.24    0.61    5.09    3.90    8.76   11.35   20.02   15.45   12.73   11.22    3.10   14.79
PSATITP    -25.42  -54.58   18.03    5.40    1.56   14.42    5.10   20.70    0.85    0.02    0.53    0.03    9.13   15.87    6.37   19.68   27.37    8.16    6.29    0.13    8.97    5.15    0.95    4.30    0.84    0.11    0.14    0.13    0.00    0.27    4.96   14.65    5.61   14.59    2.09    0.35    0.72    4.37    5.46    7.12    8.17   14.41   14.02   10.49    9.00    4.12   15.20
PSATIVM    -22.38  -53.53   16.33    0.54    0.72   13.89    1.32    3.33    0.65    0.01    0.90    2.52   13.81    4.97    8.40   11.72   22.79   10.02    4.94    0.15    0.24    3.84    5.19    6.66    2.59    1.43    2.84    1.65    0.06    3.80    3.56    8.10    9.30   15.15    5.11    0.87    2.71    6.37    3.26    9.44   14.53    9.36   16.88   12.51    9.71    4.32   10.66
PSATPTQ    -23.18  -53.17   24.15    5.68    1.61   11.34    7.15   29.34   10.48    2.36    0.54    0.01   13.11   12.58    5.36    9.71   29.04   15.55    6.63    0.88    3.64    8.80    0.96    2.52    1.03    0.45    0.02    0.01    0.35    0.73    5.80   25.55   11.17   20.69    3.32    0.36    0.63    7.36    9.08   13.35    7.67   10.22    9.78   14.19   13.28    8.90   12.68
PSATCBI    -17.99  -48.54   16.55   11.84    5.41    0.11    0.02    1.14    2.09   11.56    4.37    0.01    0.21    0.28    4.75   19.93    8.90   10.10    6.24    1.10    0.00    0.09    0.00    0.40    0.94    7.26    4.86    4.43   14.18    2.69    0.85    0.19    2.04   10.26    5.30   16.71   14.48    6.57   14.43    4.11    0.04    0.01    0.00    0.11   10.91    9.43    9.57
PSATCBIV   -16.15  -48.67    7.25   12.02    9.00    0.15    0.10    0.97    1.44    7.68    4.31    0.10    0.35    0.12    2.82   13.81    3.68    8.67    6.05    1.35    0.00    0.08    0.00    0.08    1.46   12.46    6.90    4.76   19.51    4.29    1.19    0.27    2.10   13.77    4.84   12.95   11.63    7.66   13.16    5.13    0.07    0.00    0.00    0.21   16.27   12.33   17.45
PSATEMB    -18.45  -47.98   11.09    4.68    1.04    0.00    0.00    0.07    0.35    9.02    3.19    0.01    0.02    0.02    8.65   21.13   10.17    6.39    3.82    0.99    0.00    0.02    0.01    0.94    4.66    1.20    5.96    2.29    4.10    1.06    0.64    1.30    1.31    4.11    8.99   21.78    8.99    6.58    5.80    0.02    0.03    0.00    0.00    0.03    7.92    9.36   14.47
PSATIMBR   -18.42  -49.10   21.53    7.19    5.84    0.14    0.00    1.69    4.92   10.52    6.87    0.03    0.15    0.11   17.38   18.96   12.98   13.96    3.23    0.81    0.00    0.06    0.21    2.13    1.78    1.23    1.20    4.24    7.21    1.75    0.45    0.80    1.77   12.29    7.90   22.23   16.09    8.37   15.80    2.97    0.56    0.05    0.00    0.02    1.98    6.39   10.68
PSATNPTE   -19.13  -47.70    3.23    3.57    0.87    0.00    0.00    0.05    0.88    9.86    6.17    0.14    0.07    0.06   13.03    6.81    7.79    8.05    1.12    3.01    0.03    0.65    2.08    7.99    6.43    1.40    3.71    1.50    2.72    1.70    0.79    1.26    1.52    5.08    6.37   28.07    8.02    6.52    9.13    0.10    0.11    0.00    0.02    0.05    1.75    7.13   15.63
PSATARV    -18.07  -50.16   15.36   13.92    4.92    0.80    1.32    0.37    1.78    4.10   41.01    6.51    1.77    0.99    6.58   23.84    9.46    4.67    3.92    1.05    0.24    0.04    0.00    0.00    0.12    7.32    1.80    7.34    4.92    2.13    4.67    3.64    1.60    7.77   11.30   13.45   17.21    8.63   12.51   18.04    6.86    0.66    0.43    2.10    6.37    6.11    9.85
PSATSFC    -18.05  -47.68    5.73   16.18    0.84    0.01    0.02    0.10    1.24    3.50    0.83    0.00    0.01    0.10    3.94   17.63   13.16    7.93    3.95    0.12    0.00    0.00    0.01    0.82    0.87    3.62    6.52    3.87    3.03    1.07    0.85    0.35    1.34    8.14    9.04   18.07   12.20    5.67    7.75    0.11    0.13    0.00    0.00    0.05   18.29    6.69   10.22
PSATSSM    -19.02  -50.50   24.41   13.75    7.85    0.44    0.10    0.73    2.23    7.78   35.14    0.24    1.44    1.30   12.28   19.63   16.78   11.37    2.25    1.12    0.04    0.10    0.29    0.09    1.34    1.67    1.03    4.40    6.48    1.66    1.97    1.78    3.27   10.95   11.96   21.11   19.55   12.59   14.32   15.04    5.86    0.42    0.03    1.19    2.99    6.14   11.06
PSATCNI    -22.94  -50.52   35.51    3.52    5.34    1.26    0.19    3.90   24.57    1.02    0.06    0.14    2.13   17.13   10.42   14.07   20.10   29.96   20.51    1.09    0.11    6.94    0.28    5.67    0.41    0.06    0.05    0.68    1.43    1.21    2.25    5.21    7.52    6.03   15.93    6.13    6.41    5.34   17.01   13.21   14.14   16.39    4.48    1.11    6.62    9.27    7.52
PSATCPV    -22.65  -51.33   34.31   12.94    6.47    4.20    0.96   14.14   11.10    1.14    0.28    0.11    6.43   12.34    9.35    8.58   23.86   36.18   14.00    1.22    0.89   16.87    0.37    2.64    0.19    0.20    0.00    0.10    0.99    0.99    4.06   12.49   10.36   16.20    9.14    3.17    2.16    5.61   10.37   15.61   12.01   14.36   10.45    7.04    9.80    7.07   11.45
PSATCHT    -23.01  -49.73   22.63   15.69    1.42    5.57    1.05    4.12   24.24    0.63    0.31    0.09    1.97   16.42   11.99    3.72   15.22   22.44    9.77    0.75    0.85   15.65    0.47    4.86    0.68    0.30    0.00    0.14    1.30    0.53    2.70    5.71    9.75    9.02    9.70    4.20    1.41    7.45   14.00   13.14   13.33   19.57   15.25    9.18    6.04    7.20    9.20
PSATJUR    -23.22  -49.23   18.50   13.41    4.53    2.11    0.15    3.57   24.65    1.06    0.63    0.37    4.64   13.17   11.75    2.51   13.01   12.97   11.29    0.59    0.35   11.67    0.42    3.43    0.76    0.09    0.03    0.69    2.41    1.22    1.21    5.06    8.25    8.88   10.99   10.14    4.19    8.72   20.99   25.46   12.89   14.31    9.71    2.05    6.18    6.78    5.98
PSATMAU    -24.06  -50.71   39.23    1.87    3.43    8.78    2.60   12.35   29.85    3.51    0.70    0.15    6.94   11.23    6.59    4.26   12.71   21.48    3.61    0.56    2.52   21.08    1.19    3.18    1.24    0.38    0.00    0.00    1.49    0.85    3.68   15.35    9.03   15.87    6.96    0.80    1.09    4.21   11.61   14.82    7.07    7.42    6.98    9.29    7.03    5.66   10.55
PSATROS    -22.50  -52.87   17.64   13.09    4.17    9.74    0.23    7.70    4.16    0.32    0.32    0.02   12.73   11.40   10.93   11.39   35.59   37.58   14.54    0.81    0.28   12.85    0.65    1.39    0.09    0.20    0.00    0.00    0.69    1.12    0.85   20.72   10.67   18.76   10.83    1.88    2.28    8.75    8.76   11.29    7.82   17.17   13.59    7.69   12.93    6.65   16.66
PSATQMD    -16.21  -47.33    5.43   10.05    1.08    0.06    0.15    0.08    3.00    2.74    0.43    0.01    0.01    0.18    0.44    2.90    1.78    9.25    2.59    0.06    0.00    0.01    0.01    0.13    0.60    3.85    4.81    5.07    4.16    4.20    0.63    0.35    1.24    5.40    7.05   18.62    5.52    3.01    8.44    0.12    0.02    0.00    0.00    0.24    9.55    8.30   15.44
PSATRBX    -18.95  -44.76   23.86    5.00    0.54    0.00    0.00    0.00    0.02   12.36   10.79    0.17    0.18    0.12    0.90    5.43    7.85    5.49    2.12    1.79    0.08    1.09    7.16    5.78    9.73    1.47    5.68    2.21    0.87    0.24    0.45    0.77    0.69    0.68    1.48    1.41   20.48    1.70    0.00    0.00    0.00    0.00    0.00    0.44    1.81   25.04   11.71
PSATSFR    -15.93  -44.86   10.33    4.25    1.02    0.01    0.03    0.04    0.52    2.64    0.22    0.00    0.02    0.24    0.47    2.51    6.61   10.31    0.36    0.04    0.00    0.00    0.00    0.08    3.25   10.52    7.01   10.37    3.10    1.28    0.51    0.51    0.50    0.81    4.75    7.60    8.36    4.69    0.93    0.01    0.00    0.02    0.01    0.22   15.37    6.73   16.02
PSATSRM    -16.37  -45.07    9.74    9.24    0.34    0.00    0.00    0.07    0.08    3.32    0.52    0.00    0.07    0.12    0.47   10.86    7.78    5.34    1.34    0.09    0.00    0.06    1.07    0.51    4.95    3.24    7.95    4.89    2.26    0.15    0.24    0.59    1.05    0.98    2.85    5.69   10.83    3.11    0.40    0.00    0.00    0.00    0.00    0.09    6.96   16.27   17.92
PSATTMR    -18.16  -45.27   21.68    7.24    0.34    0.00    0.00    0.00    0.10    5.63    4.31    0.02    0.05    0.11    4.66    9.74    6.67    4.69    1.03    0.83    0.10    1.64    3.52    5.16    8.46    1.89    3.46    3.61    1.58    0.16    0.04    1.03    0.95    1.18    4.94   10.63   10.08    7.20    0.44    0.02    0.00    0.00    0.01    0.08    1.89   10.89   14.07
PSATBOQ    -11.35  -43.83    5.60    2.89    0.66    1.13    0.48    1.34    3.96    1.53    0.19    0.06    0.34    0.10    0.24    0.74    1.27    1.35    0.63    0.00    0.00    0.00    0.00    0.09    0.63   18.65   12.95    5.64    3.07    0.23    0.07    0.42    0.56    1.79    9.13   10.15    9.14    2.04    0.53    0.19    0.75    0.25    0.80   15.25    3.88    7.38    6.56
PSATBBO    -22.52  -48.55   23.22    1.24   11.92    1.03    0.03    0.58   15.24    3.62    0.49    0.43    1.10    7.69   12.98    7.72   13.14   10.32    9.94    1.48    1.76    6.61    1.10    7.34    0.80    0.11    0.20    4.93    3.85    1.60    1.09    1.31    3.89    6.40   16.53   19.31   14.64   22.54   15.50    7.50    6.51    1.17    2.35    2.07    1.55    3.81    5.87
PSATESZ    -23.46  -46.91   35.40    4.31    2.17    0.78    0.00    0.35   21.72    6.18    3.54    1.12    3.53    2.10   10.76    1.89    5.34    2.44    5.14    1.89    0.92   24.04    3.03    5.97    2.46    0.75    0.24    4.55    3.02    3.94    1.54    2.52    7.83   10.60   21.09   20.42   11.44   34.60   20.30    3.76    2.44    1.50    2.99    2.64    1.74    0.23   12.81
PSATIBT    -21.76  -48.99   22.53    2.93   15.04    0.79    0.04    0.63   10.04    1.96    0.45    0.40    0.26    7.99    8.96   12.20   17.47   12.78   11.89    0.64    0.83    4.79    1.15   10.06    0.38    0.15    0.08    4.25    3.13    1.51    0.99    3.46    3.57    9.98   16.61   11.61   12.43   10.11   13.16   11.84   10.97    6.89    1.95    1.51    3.72    5.28    4.39
PSATNAV    -21.12  -50.20   18.46    8.23   10.46    0.73    0.02    0.47    3.13    0.28    0.32    0.30    1.26   10.76   13.72   12.41   17.32   14.51    6.79    0.08    0.27    2.09    4.39    1.77    0.44    0.14    0.03    0.88    1.72    2.45    1.16    5.59   11.05   13.43   14.38   11.18   12.24    8.39   14.38   15.49   15.18   20.65    1.15    0.56    2.48    5.67    6.45
PSATSME    -13.40  -48.30   13.85    9.73    5.57    0.98    3.31    2.75    1.58   13.23   17.05    2.28    0.86    0.16    2.62    8.51    7.08    8.70    2.87    1.67    0.04    0.01    0.00    0.04    3.31   22.38    4.62    5.34   11.85    0.83    1.18    0.35    0.78    8.74    8.21   13.91   12.86    4.82    7.82    4.92    1.51    0.58    0.28    3.16    6.18    8.97   10.47
PSATBGR    -27.78  -51.20    1.59    0.87    0.78    6.76   38.58   69.91    3.35    0.49    0.39    0.11    3.07   25.27    2.59    4.09   42.75    2.89    2.08    0.78   24.65    7.99   13.94    4.73    1.89    0.28    2.11   22.53    5.33   16.41   19.87   12.60    7.25   11.25    2.48    1.82    0.33    0.85    7.63   20.15    9.85   10.22    6.75    7.95    4.52    7.41   16.19
PSATCNV    -27.60  -51.33    5.98    2.17    0.81    9.20   16.22   72.70   21.25    2.26    0.79    0.49    1.73   15.84    3.65    2.52   44.08    2.89    1.47    1.54   12.86   20.17   28.86    7.85    1.63    0.49    1.05   24.03    3.21   10.68   18.18   15.64    8.92   15.23    1.87    0.95    0.54    1.19    5.29   18.24    8.54   10.11    9.12    9.79    5.96    4.80   13.84
PSATFCH    -27.14  -53.04    0.37    4.27    1.82   12.66   30.57   68.72    6.69    0.03    0.13    0.00    2.30   30.75    4.62   24.89   31.06    2.46    2.06    0.37   47.36   12.89   19.62    1.25    0.45    0.44    0.95   23.55   15.71    2.49   17.46    2.52    1.88    7.84    0.67    0.35    0.02    0.50   13.66   14.83    3.60    4.00    1.45    6.53    2.04    6.04   17.06
PSATITA    -27.27  -52.38    9.68    4.56    2.89   13.88   21.72   60.95   24.50    0.46    0.49    0.06    1.97   15.32    4.26    7.89   20.86    3.07    2.03    1.53   29.82   19.85   20.32    4.96    1.24    0.34    5.19   15.68    6.67    4.15   16.07    5.44    5.62   12.17    0.78    0.28    0.16    0.87    5.07   18.61    5.57    9.29    5.36   10.33    3.23    6.83   16.07
PSATMCD    -27.52  -51.78    0.52    0.14    0.93   11.85   37.32   73.25    6.00    0.10    0.20    0.00    1.48   18.81    3.38    5.61   29.02    2.79    2.00    0.31   36.21    6.76   22.34    3.05    0.69    0.01    9.75   10.48    6.37    9.38   15.29    5.77    0.89    7.58    1.04    0.44    0.03    0.23    1.79   15.27    3.30   10.53    2.93    5.71    2.14    9.03   13.40
PSATMOJ    -27.35  -52.73    0.20    1.71    1.17   14.40   49.70   49.87    2.56    0.00    0.00    0.01    3.22   29.44    1.40   24.86   27.37    1.95    1.80    0.91   46.59    2.79    7.09    1.88    0.64    0.43    3.69   23.38   13.17   11.00   13.90    3.59    0.70    7.35    0.41    0.46    0.02    0.21    5.37   11.35    5.31    4.29    3.98    3.75    2.27    8.36   14.95
PSATQQX    -26.66  -52.54   22.09   29.74    3.32   13.23   17.73   56.11   22.72    0.21    0.73    0.01    0.68   12.38    5.38    4.99   11.15    4.18    2.74    0.54   28.81   25.81   13.13    5.04    1.24    2.95    2.83   24.93    5.33    1.19   15.90    6.70    4.93   15.09    0.67    0.08    0.03    0.84    8.41   13.37    7.06    9.49    6.03    9.45    4.20    4.53   13.21
PSATPSJ    -28.14  -55.05    0.94    0.82    5.57   23.98   46.82    1.35    0.14    0.01    0.00    0.54    3.36   15.22    0.11    5.77    5.93    0.72    1.21    1.67   29.45    0.05    0.69    0.23    0.23    0.18    6.53   31.68   11.17   12.66    3.80    2.76    1.21    4.86    1.41    0.69    0.07    0.22    5.58   18.30    3.62    1.50    2.74    1.74    3.66   10.09   32.71
PSATESP    -18.68  -51.87   21.62   21.44   16.32    0.65    0.39    0.74    4.98    0.73   30.58   12.51    0.21    0.27    9.22   12.57    9.40    6.27    5.16    0.09    0.12    0.41    0.44    0.05    0.35    1.54    8.19    7.87    4.20    9.64    3.14    4.85    2.72    9.89   10.99   13.85   12.15   13.28    7.14   17.46    4.52    7.02    5.40    1.40    6.53    5.95   13.43
PSATSRC    -19.16  -50.76   24.62   18.66   16.12    0.37    0.23    0.49    1.86    0.69   30.75   10.79    0.57    2.25    8.78   14.81   11.22    7.05    2.84    0.50    0.53    0.33    0.55    0.02    0.22    1.17    2.57    5.06    3.30    7.00    8.00    8.39    2.23    6.46    7.75   14.95   15.69   11.42   11.07   16.86    4.55   12.91    9.68    8.54    7.06    7.19   11.07
PSATFRCL   -19.12  -50.64   23.45   10.16   18.45    0.61    0.35    0.34    2.10    3.30   35.73    4.19    0.53    3.33    7.21   22.76   10.50    8.81    1.71    0.78    1.03    0.17    0.11    0.01    0.25    2.87    1.91    5.39    3.15    7.21    4.82   14.32    2.42    8.35   11.23   14.93   17.88   10.56   11.68   18.64    8.61    7.40    4.61    7.64    8.03    5.87    8.39
PSATISOT   -20.40  -51.35   29.76   18.80    6.61    0.44    0.09    0.23    0.72    0.37    7.30    3.05    4.28    7.94   11.75   17.23   14.78    9.84    3.45    0.05    0.08    2.36    0.90    0.46    0.32    0.15    0.59    0.91    1.29    2.41    6.49    5.67    7.31   14.42   16.84   14.84   13.10   14.27   14.23   17.16   17.95   22.19    6.51    4.69    5.01    5.90   16.55
PSATJUP    -20.86  -51.63   20.98   16.46   11.94    0.30    0.12    0.97    2.40    0.34   13.30   17.87    3.39    3.65    7.50   12.08   14.28    6.35    3.76    0.25    0.79    4.51    1.85    0.34    0.12    1.13    1.95    1.80    6.62    5.43    6.80    9.86    5.51   10.35   16.15   16.62   11.23   11.79   12.09   10.84    7.44   17.10   25.96   13.50    9.60    6.22   11.69
PSATSDG    -20.06  -53.18    6.08    6.47   10.18    1.50    0.23    0.80    1.05    0.25   21.64   20.21   11.53    1.46    6.15    9.23   12.87    5.89    2.30    0.72    0.07    5.33    3.88    0.22    0.06    2.41    1.50    1.27    9.24   10.46    4.23    9.18    3.92    5.27    6.30   13.07    6.55    5.52   13.14   11.36    8.20   16.85   26.69   11.07    7.85    5.37    8.27
PSATFZBT   -21.66  -52.87   17.58    0.79    3.45    4.49    0.58    0.64    1.05    0.23    9.80    3.68   17.16    3.96   10.32   10.79   13.33    8.98    4.73    0.37    0.02    8.85    5.05    2.16    0.05    1.28    0.74    2.40    0.42    7.45    3.54   12.64   11.38   10.19   10.41    3.50    4.31    8.75    7.68   10.48   14.15   13.56   20.36   11.51    9.42    6.24   14.04
PSATPPRA   -22.46  -52.91   23.34   13.81    6.01    4.75    0.13    2.63    7.22    0.29    1.30    3.38    8.28   13.72   14.57   13.70   21.07   20.74    9.92    0.13    0.04   18.30    0.87    0.92    0.22    0.19    0.06    0.19    0.37    2.32    1.85   14.42   10.12   11.35   15.54    4.19    9.84    9.22   10.43   10.97   12.45   22.50   15.30    3.39    8.20    5.46   16.94
PSATBTE    -13.69  -50.80   14.32   19.54   14.50    0.95    3.98    4.42    1.56    6.14   24.51    8.90    1.42    2.34    9.47   28.04   14.84    7.85    5.37    1.69    0.61    0.05    0.07    0.01    4.33    7.87    3.10    4.18    2.04    8.60    6.88    3.75    1.85    5.26   10.40   16.76   17.84    9.05    4.34   14.04    5.75    2.61    2.15    3.56    7.65    6.32    7.79
PSATARAG    -8.27  -49.26    7.93   11.82    6.73    2.62    0.62    4.93    0.93    9.95   16.85    3.80    2.50    0.66    5.35   15.08   10.96    9.18    7.74    1.00    2.33    2.38    0.85    2.76   16.01    9.82    6.33    7.54   11.81    3.71    2.28    1.07    2.05    9.34   11.24   19.75   11.58    2.54    7.90    5.59    3.24    1.71    3.11    5.50    5.55    8.49    7.14
PSATLAJ     -9.76  -48.37   17.41    4.70    3.95    3.19    1.02    3.63    2.10   10.86    4.28    0.73    0.97    0.06    0.98    4.51    3.67   10.15    2.39    0.35    0.46    0.50    0.23    1.13    9.13   20.31    8.64    7.69    9.24    1.23    0.22    0.10    0.63   10.29   11.75   13.03    6.54    4.25    2.75    0.61    0.89    0.70    1.29   15.34    6.97    8.30    7.66
PSATPTRL    -9.31  -47.39   27.25    4.96    3.21    4.89    0.62    9.11    4.97    8.05    6.12    0.44    0.19    0.08    1.40    5.23    5.82    7.72    3.08    0.04    0.10    0.35    0.34    0.91   12.04   17.93   12.14   11.27    7.48    0.22    0.17    0.13    5.60    9.20   12.41    9.40    7.10    3.22    0.71    1.16    2.24    0.54    3.80   13.36    5.46    6.87    6.09
PSATLJET    -7.33  -47.48    9.73    3.72    3.70    1.81    1.73    4.50    1.30    9.87    7.26    1.95    3.97    0.63    1.42    6.28    4.52   12.38    1.99    0.41    1.90    2.47    2.01    6.58   12.34   17.25    9.77   11.79   20.38    0.41    0.74    6.92    9.90   16.35   14.52   11.31    3.13    4.75    2.98    5.01    1.62    1.19    2.32    8.41    1.41    5.13    1.66
PSATUCR     -3.83  -49.65    8.83    4.83   10.84    6.20    2.45    2.95    1.53   12.37    6.82    5.21    3.57    1.28    2.45    4.86    2.16    6.16    4.91    5.13   12.98    9.15    5.49    4.04   17.32   12.15   12.17   19.87   20.76    4.24    7.75    7.64    6.03   12.77   11.88    8.35    9.64    8.84   15.28   11.98    7.15    1.23    1.92    6.70    3.54    3.91    2.72
PSATXIVJ   -29.07  -51.67    0.86    0.32    1.81    9.79   58.49   22.37    0.32    0.04    0.41    0.00    2.17   14.01    1.52    8.85   30.14    1.61    2.25    0.51   42.92    1.95    2.94    1.23    0.55    0.04   13.60    9.25    7.50   19.26   19.91    6.67    1.51   10.89    1.21    1.16    0.02    0.12    3.45   18.45    8.01    8.15    3.23    4.50    2.73   13.18   12.63
PSATDFRC   -29.45  -53.28    0.56    0.05   24.94   16.65   38.53    0.40    0.08    0.03    0.02    0.35    8.15   12.58    0.28    4.83    7.05    0.42    1.43    5.52   33.42    0.05    0.16    0.06    0.29    2.16   17.14   23.28   14.68   12.53    4.57    2.03    0.92   10.00    3.35    0.82    0.10    0.22    3.04   16.36    5.25    1.33    3.72    2.07    3.86   22.00   23.90
PSATREAL   -29.02  -53.19    0.91    0.30    4.35   13.23   52.49    3.75    0.09    0.00    0.02    0.16    3.87   20.00    0.27    7.70   10.15    1.05    1.50    2.42   30.82    0.14    1.17    0.38    0.39    7.82   10.94   26.81   16.09   26.36    8.23    3.93    0.71    9.36    2.22    0.79    0.08    0.18    3.92   15.15    4.78    2.16    3.49    2.51    2.49   15.28   16.49
PSATCTAV   -29.01  -51.39    2.33    1.10    2.88   13.80   62.79   10.35    1.87    0.69    0.42    0.02    5.61   22.96    2.00    9.85   35.03    2.05    2.61    1.02   37.13    4.32    1.15    1.83    2.06    0.19    5.29   18.19   11.00   17.28   17.63    6.98    4.66   16.68    1.75    3.18    0.37    0.27    1.81   19.43   16.44   11.08    3.70    7.04    5.54    6.74   18.08
PSATERNT   -28.56  -52.54    1.01    0.79    1.09   13.96   55.52   34.06    0.84    0.00    0.02    0.04    1.77   26.20    0.75    7.58   19.85    1.14    2.15    2.37   40.73    1.16    5.13    1.81    0.61    3.04    8.23   19.54    8.33   15.59   13.79    4.39    1.13    7.83    0.99    0.60    0.00    0.06    3.28    9.99    3.28    3.78    3.45    2.50    2.84   12.42   13.15
PSATSTPL   -27.14  -49.52    8.92    6.88    1.06    2.41   10.45   51.73   30.38    4.89    1.46    1.40    1.80   15.62    2.03    0.44   42.78    2.34    1.36    3.61   10.95   30.65   26.56    9.65    4.10    2.28    0.16    8.33    0.14    6.11   14.98   21.50    9.98   14.59    3.16    1.90    0.77    2.08    6.13   25.16    6.53   14.42    9.30    6.93    6.27    6.71   21.06
PSATCVCH   -25.14  -48.87   17.83   16.45    0.68   12.84    1.56   22.73   34.16    5.83    2.27    1.51    2.62    8.13    8.67    3.20   10.86   20.23    2.38    0.79    1.27   26.49    0.70    3.49    2.32    1.22    0.00    0.00    1.83    1.19    1.07    8.30   15.75    8.06   16.17    2.81    2.29    3.42    6.13   22.46   16.72   23.13   17.21   17.58    5.71    3.48   19.20
PSATAMY    -12.60  -69.12   17.13   13.75   13.35   13.36    5.15    6.15   34.66    9.62   10.28    7.30    6.61    4.98   14.27   10.53    9.39   11.05    9.64    8.30   30.72   25.27    1.72    3.48    3.93    8.17   16.03   19.56   21.10   16.70   12.50   18.47    8.69   12.72   11.63    9.71    5.25    6.81    8.25    4.64    1.87   17.77   11.66    8.11    8.08    8.22   11.89
PSATGJR    -10.73  -65.35   14.38    5.69    7.08    6.22    7.81   22.67    6.12    2.22    5.00    5.08    2.46    9.26   11.03   10.87   18.47    6.03    3.35    2.68   25.45    6.45    0.48    1.62    1.93    0.77    1.92    8.97   11.69   12.10    8.81    5.88   11.45    9.03    1.88    3.16    2.75    4.14    3.07    4.43    8.57   15.33    9.49    4.06    1.84    4.43   14.72
PSATPRNC   -12.43  -64.43   10.64    8.20    7.05    3.46    6.29   18.49   10.95    4.16   13.86   10.95    7.49    2.67    6.72    9.84   10.25    5.64    3.84    0.83   18.26    4.34    1.57    3.00    3.71    0.77    1.02    6.22    6.24   14.97    9.80    8.14   13.30    8.82   10.24    5.13    5.39    5.13    3.69    2.61    5.49   11.68   12.93    1.18    1.04    1.07    3.76
PSATSANT    -8.87  -63.97    1.92    5.76    5.30   16.41   13.80    3.22    6.43   10.19    9.25   18.47    8.91    3.07   12.29    1.87    5.65   12.07    3.79   15.60   48.70   24.98   16.03    4.11   11.37    0.40    4.71    6.01    4.30   13.87   12.87    4.30    7.49    7.82   11.04   12.39   10.24    7.36    5.13    2.97    8.50    5.11    9.10    8.92    2.32    3.21   10.55
PSATDARD   -10.16  -59.46    0.45    4.83   14.89   30.14   22.72   11.80   16.17    5.67   14.37   20.10    9.28    3.81    1.78    5.52   12.03    9.63    7.40   17.40    2.90   29.43   15.80   11.53    6.90    1.65    3.86    8.17   13.49   10.33    8.74    0.37    4.33    4.29    6.79   14.42    4.96    3.10    3.73   16.13    8.66    6.19    1.46    1.22    1.51    1.60    4.22
PSATGUAP   -15.12  -58.96    5.33    4.29   34.54    8.68    3.06    7.95    8.71    2.81    4.62   22.04   16.10    6.42    5.37   12.51    5.45    5.78    2.56    1.37    0.60    5.33    0.26    3.80    2.91    2.17    2.33    8.62    4.32    6.44    4.15    9.28   11.41    9.77    5.00    3.20    6.99   13.70    3.54    3.05    7.72    2.81   26.03    0.85    1.50    3.08    6.56
PSATJIRA    -9.25  -64.65   14.30   12.86    7.65    4.72    4.36    9.01   17.06    8.78    6.85    6.80    5.55    3.96    8.42    8.59    5.21    3.65    4.13    6.92   23.94   29.70    1.49    5.24    5.01    1.84    3.18    8.46   13.99   14.85    6.77    9.91    8.38   14.96    8.37    8.20    5.60    5.73    4.44    2.82    4.04   12.99   11.25    6.90    4.99    4.08   11.56
PSATROND   -11.99  -60.70    0.48    4.87   14.88   23.80   33.71    9.80    4.00    7.72   21.79   16.14    4.78    6.68    1.40    2.93    5.69   23.04    4.53    1.63    8.85   21.12   12.44    2.35    6.82    1.14    2.78    6.77   12.28   13.85    4.21    2.84    3.08   10.77   16.97    4.43    6.23    1.62    1.04    3.63    4.52    7.90    3.63    0.58    1.07    4.46    3.23
PSATSAMU    -8.75  -63.45    1.45    8.77   13.42   24.57   12.99    6.59    5.96   12.26   15.82   17.91   10.24    3.60   13.49    1.74    4.61   26.25    3.33    1.35    9.25   17.76    4.42    3.90   18.18    0.12    4.15    5.92   11.79   18.91   13.97    6.52    7.62    5.64    9.59   16.35   10.79    5.92    5.19    5.00    9.16    8.05   12.14    5.68    0.76    3.95   10.35
PSATBALB    -1.92  -59.47    9.99    6.02    7.86   16.61   11.53    6.15    4.70    9.01    9.09   11.02    7.40    1.68   13.65    3.92   17.02    2.51    1.54    8.88   15.19    9.79   29.50   23.14    9.28    7.64   10.48    5.99    2.82    7.47   16.97    1.49    8.79    9.72   18.04   11.49   11.31   31.92   11.68    6.78    7.45    1.10    0.74    4.28    6.94    6.99    4.48
PSATCUNA    -2.82  -54.30    7.92    5.93   10.89   16.03   11.10    2.13    2.05   11.51    9.32    5.57    4.84    2.19    6.76    2.37    1.81    1.07    3.36    3.65    1.51   14.00   16.09   36.40    9.03    9.13    6.30   11.74   12.24   18.82   11.26    1.74    8.92    4.80   17.83   14.32    7.45    6.66    7.93   16.17   20.29   12.99    4.53    2.09    1.80    0.61    4.36
PSATJARI    -0.65  -52.52    5.10    3.84    9.63    9.48   10.29    3.94    5.00    6.29    4.37    3.48    2.32    3.59    3.53    4.38    2.56    2.33    1.73    6.87   11.28    3.08    4.04    2.65    5.89   16.40    4.20    3.56   18.58    5.91    4.83    6.12    6.59    9.21    8.10   17.99   10.02   11.83   14.71   15.71    8.08    8.96    6.01   11.05    6.77    3.97    5.99
PSATFGOM     0.86  -51.20    9.84    6.05   10.46    9.84   12.68    6.61    5.83    4.57    4.29    5.90    3.82    3.02   10.38    5.68    1.87    1.74    1.93    5.51    6.45    5.29    7.03    2.00   10.95   10.12    7.31    5.91    7.26    6.91    5.21    4.88   15.45   18.10   17.76   22.26   15.44   20.69   29.81   12.90    8.11   15.73    9.66   16.08    6.38    3.23    8.14
PSATUBE     -6.75  -43.57    6.22    2.81    1.37    1.95    0.94    3.13    4.41    3.44    2.96    1.59    0.58    0.30    1.51    1.54    4.81    4.37    4.52    0.32    0.18    0.22    0.38    1.47    1.97   24.62   23.50    6.65    1.86    0.15    0.28    2.12    2.86    6.17   10.74   10.51    4.36    3.04    2.17    4.45    1.90    1.07    1.89    4.13    1.00    3.13    3.07
PSATBSOR    -6.74  -52.00    8.35   10.30   13.00    2.71    1.69    1.99    0.99    7.49   16.81    7.25    4.99    5.05   10.31   19.11   17.13   10.30    6.99    4.47    1.75    2.77    1.52    7.73   13.46   11.69    5.16   11.28    8.71    6.54    3.55    2.04    2.04    7.39   14.76   19.57    9.83    2.12    8.05    5.78    4.31    2.17    4.24    6.03    1.68    5.54    9.86
PSATBESP    -6.75  -51.77    7.24    6.42   11.52    3.56    1.23    3.01    0.50   17.63    5.38    6.24    5.13    5.01    2.01    8.78    5.21    2.83    2.38   10.19    8.46    7.59    2.70    7.44   12.04    6.48   11.52   15.75   12.36    4.87    1.48    3.12    2.31   10.41    4.92   10.99    9.19    4.35   13.45    9.32    2.80    1.72    1.16    4.91    2.85    2.06    6.82
PSATPIME    -3.41  -51.91    6.94    6.70   10.84   10.63    4.90    3.04    1.05   15.94   12.60    5.82    4.79    5.82    8.03    5.49    3.01    5.46    8.51   17.92    9.30    5.69    9.58   19.01    9.96    8.85    7.56    9.51   14.24   22.86    9.82    4.05    5.07    8.59   13.87   17.67    8.74    4.70   11.76   11.28    5.69    8.26    3.35    3.24    1.57    1.32    5.42
PSATIRAP   -16.74  -42.57    4.52    1.27    0.00    0.01    0.00    0.25    0.19    0.42    0.00    0.01    0.00    0.02    0.03    3.30    0.96    0.55    0.49    0.00    0.00    0.00    0.00    0.01    0.50    5.38    3.78    6.38    2.50    0.13    0.41    0.41    0.69    0.04    0.27    0.47    3.29    0.28    0.03    0.00    0.00    0.02    0.02    0.16    0.40   24.31    9.86
PSATITBI   -15.97  -39.59    1.15    0.18    0.08    0.17    0.31    0.14    0.10    0.42    0.24    0.11    0.09    0.09    0.07    0.45    0.55    0.17    0.17    0.12    0.02    0.01    0.07    0.27    0.95    4.32    3.93    4.07    2.98    0.78    1.21    0.94    0.76    0.40    0.19    0.30    0.47    0.25    0.16    0.07    0.16    0.09    0.34    1.41    0.71    5.72    7.46
PSATCOLI   -10.98  -55.77    2.94   10.17   19.18    4.28    7.65    1.14    4.10    2.67   15.20   16.45    7.34    3.61   15.41   13.05   17.11    5.64   10.66    0.62    5.22    7.03    7.27   10.10    9.49    5.31    3.43   12.12    9.74    6.98    6.53    2.23    4.19    4.99   11.25   23.84   16.04    2.42    5.39    5.30   12.30    1.89   10.99    8.70    6.45    3.29    3.99
PSATSAEL    -9.19  -57.04    5.52    8.16   16.67   10.79    8.56    5.93    4.42    7.96   11.53    8.15    4.23   14.89   16.34    4.67    9.51    4.81    8.81   10.96    0.87    0.48   10.23   21.73   14.53   10.43    5.71   12.05   11.27   13.21    3.81    0.86    0.96   16.11   14.46   26.86    6.79    1.03    9.06    4.51    4.40    2.87   10.63    2.29    2.56   11.58    2.16
PSATITQ    -17.09  -54.83   19.51   16.29   20.51    1.94    0.71    0.80    4.03    5.42   24.93   18.63    7.92    1.81   10.96   26.88   15.57    8.36    7.96    0.31    0.10    3.65    2.05    0.02    0.23    6.29    7.96    5.41    4.99    6.43    6.81    7.13    5.92    8.35    8.04    5.64   11.15   18.72   17.84   14.01   13.69   12.48    7.10    1.91    8.54   13.41    8.37
PSATJAU    -15.24  -58.73    6.23    5.36   31.42   12.26    5.11    9.90    8.64    2.01    3.00   19.56   15.75    4.71    6.05   13.72    9.45    6.83    1.25    2.83    1.37    5.78    0.11    4.57    3.56    3.39    3.17    6.86    3.73    5.83    4.71    8.01    8.95   10.43    5.40    3.70    9.36   10.07    3.28    4.68   10.14    4.15   26.94    0.95    2.41    3.88    5.28
PSATMAN    -14.87  -55.78    7.46   16.23   35.94    2.01    8.97    1.12    2.02    3.43   11.65   23.25    6.10    1.45   11.00   13.65    9.70    7.86    5.36    0.68    0.94   11.30    8.67    0.33    5.50    6.06    1.99   12.04    3.07    9.27    6.21    5.22    5.36   10.25    8.64    5.31   14.48   10.42    2.69    2.04    8.65    2.40   12.28    4.00    7.47    6.32    6.79
PSATPTP    -17.61  -54.83   10.64   10.44   18.45    2.45    0.14    0.45    5.48    3.08   10.03   20.60    8.80    2.03   13.91   26.36   13.61    6.18    5.71    0.35    0.05    6.50    3.04    0.16    0.28    4.66   10.34    7.62    8.55    4.86    6.67    8.42    5.61    9.27    9.23    3.76   16.42   18.45   16.34   17.22   11.58   12.95   11.65    4.39    8.98   16.12    8.35
PSATSTCL   -17.90  -40.20    0.18    0.01    0.00    0.02    0.02    0.08    0.03    0.29    0.00    0.03    0.10    0.06    0.05    0.00    0.07    0.01    0.00    0.03    0.00    0.00    0.03    0.23    3.03    7.24    1.41    3.85    2.42    1.40    1.04    0.75    1.46    0.24    0.04    0.17    0.06    0.58    0.28    0.01    0.06    0.16    0.11    0.23    0.11    0.45    8.48
PSATPDC    -12.58  -39.00    0.33    0.33    0.51    0.49    0.87    0.87    0.42    0.07    0.07    0.95    0.52    0.32    0.03    0.16    0.37    0.28    1.47    1.01    0.18    0.54    0.39    0.07    0.49    6.80    8.48    6.20    2.90    1.57    1.32    1.91    1.78    1.68    0.81    1.50    1.16    0.17    0.77    0.37    0.74    1.14    4.70    1.31    0.27    1.08    2.49
PSATROSA   -20.92  -41.72   10.54    1.05    0.05    0.09    0.02    0.00    0.10    7.31   11.58    2.35    0.72    0.24    0.06    2.38    4.36    0.52    0.53    0.25    0.00    1.22   17.47    8.41   16.28    5.14    7.72    0.80    4.32    1.41    3.68    0.27    0.92    0.35    0.55    1.50    2.66    0.05    0.02    0.02    0.00    0.03    0.08    0.26    0.73    2.43   10.57
PSATCAN    -20.21  -42.85   17.87    9.79    0.30    0.18    0.01    0.00    0.02    8.09    9.56    0.47    0.15    0.05    1.44    1.18    5.10    3.10    1.71    0.19    0.02    0.89    9.32   11.12   10.85    3.74    3.63    0.88    1.79    0.44    1.18    0.43    0.99    0.55    1.40    5.82    7.85    0.24    0.03    0.00    0.01    0.01    0.01    0.12    1.97    6.72    5.75
PSATSAC    -19.64  -42.85    6.61    6.92    0.12    0.12    0.01    0.00    0.02    6.23    0.60    0.14    0.41    0.13    1.04    2.54    9.05    4.83    1.53    0.10    0.00    0.20   10.06    1.73    9.42    5.37    5.88    1.90    1.25    0.90    1.52    0.66    0.65    0.71    0.32    0.51    3.34    0.22    0.08    0.00    0.03    0.16    0.09    0.44    1.44   18.28   10.50
PSATPES    -19.12  -42.66    0.84    3.74    0.00    0.05    0.01    0.02    0.04    0.71    0.06    0.13    0.09    0.09    0.21    8.64    2.74    2.36    4.94    0.02    0.00    0.00    0.24    0.04    3.19    5.15    2.10    2.63    2.59    0.49    0.84    0.57    1.54    0.13    0.27    0.79    0.42    0.13    0.05    0.00    0.07    0.20    0.21    0.16    0.24   13.66   12.55
PSATMAS    -19.50  -40.92    4.58    1.57    0.01    0.26    0.15    0.03    0.05    2.67    0.35    0.14    0.12    0.06    0.07    2.29    0.79    0.50    0.28    0.05    0.00    0.06    3.44    0.82    9.89    3.73    2.54    1.94    2.58    1.02    1.65    1.08    0.89    0.20    0.08    0.23    0.17    0.10    0.07    0.03    0.05    0.07    0.10    0.11    0.42    3.62    8.55
PSATSBR    -23.37  -45.87   44.68   13.09    1.45    1.09    0.03    0.01   11.50   15.20    6.04    2.25    4.11    2.23   10.63    6.56    3.51    2.36    1.57    5.62    2.52   28.35    5.15    9.86    4.92    2.34    0.62    3.66    2.75    1.46    0.84    2.96    3.43    6.07   19.31   26.57   28.47   20.68   17.80    4.94    2.91    0.11    1.24    1.12    2.01    0.58   24.92
PSATJAG    -23.20  -46.03   27.77    2.57    4.46    0.19    0.00    0.06   11.41   10.15    1.54    0.77    4.43    6.41   12.00    5.66   10.07    4.81    3.75    3.75    1.54    9.17    1.56   10.88    2.47    0.87    0.58    2.62    1.91    0.58    0.98    3.30    3.60    9.19   21.21   26.06   29.08   19.84   17.82    1.31    1.13    0.03    0.24    1.22    0.12    0.27   16.14
PSATFUNI   -22.53  -44.57   22.07    3.89    3.09    0.19    0.00    0.02    6.44   10.51    1.91    1.16    3.02    4.33   11.99   12.02    6.23    5.89    1.58    3.70    3.46    9.02    3.47   15.46    3.09    1.01    0.85    1.93    1.93    0.89    0.62    3.01    2.14    5.15   15.81   32.55   41.22   18.91   13.53    2.27    1.05    0.05    0.60    0.89    1.90    0.58   16.14
PSATSACE   -22.48  -43.84    7.92   23.65   12.58    0.08    0.03    0.00    0.94   23.33    7.07    3.35    6.57    3.44    9.88   16.33    6.04    7.25    0.04    2.93    2.66   24.60    5.54   23.37    6.55    3.95    3.97    1.90    1.75    0.49    0.14    2.00    1.28    2.73   16.05   39.28   32.64   11.03    2.88    1.50    0.03    0.11    0.29    0.78    4.26    1.08   26.96
PSATPIC    -21.91  -43.54    2.69   38.26    7.85    0.00    0.00    0.00    0.42   46.06    4.72    4.36    3.24    1.43    6.94   17.01    7.29    9.86    0.23    1.13    0.35    4.88    6.07   25.74    6.88    3.01    8.06    0.61    0.95    0.95    0.09    1.04    0.55    0.31   10.07   24.60   39.49   11.29    1.07    0.15    0.00    0.06    0.21    0.58    3.20    0.31   12.94
PSATSOGI   -21.94  -43.36    7.57   36.83    4.38    0.00    0.00    0.00    0.47   33.58   26.12    5.04    0.53    0.15    2.92    9.49    7.05   13.27    7.01    9.10    0.21    2.49   12.33   17.17    6.92    5.48    4.91    0.93    1.93    0.66    0.31    0.40    0.35    0.27    7.16   17.24   40.22    4.79    0.34    0.05    0.02    0.03    0.05    0.66    5.22    1.60   16.27
PSATIPSI   -21.84  -42.58    9.63   47.95    3.81    0.00    0.00    0.00    1.14   36.38   30.94    3.03    1.18    0.40    4.54    9.32    5.26    7.12    2.88    2.76    0.31    7.07   10.35   20.13    6.36    2.34    3.19    1.05    1.37    0.62    0.18    0.51    0.66    0.19    6.06   18.24   30.05    4.29    0.27    0.11    0.06    0.07    0.13    0.85    1.08    0.53   10.28
PSATTCLJ   -22.69  -43.83   20.07   17.88   10.95    0.10    0.00    0.00    1.22   18.49   11.95    1.71    1.88    0.22   10.76    4.41    6.01    1.50    0.26    1.33    5.36   30.75    9.55    7.60    4.87    1.60    1.19    0.67    0.09    0.12    0.27    1.98    0.43    0.06   17.88   35.25   18.52    9.64    0.09    0.46    0.00    0.03    0.00    0.92    1.22    4.27   20.75
PSATBIGU   -25.51  -53.67   17.18   26.54    2.01   17.72   18.91   61.02    6.84    0.34    0.49    0.02    2.63   15.32    4.74    9.42   21.50    6.21    4.12    0.64   22.65   10.27    4.43    2.37    1.16    1.37    0.75    8.15    0.49    0.51   23.22   11.57    3.77   17.11    0.72    0.05    0.16    1.26   10.39   13.96    4.62    9.26    5.50    6.60    5.12    5.68   11.88
PSATBRAU   -21.45  -42.41   24.23   30.12    0.36    0.00    0.00    0.00    0.21    5.13   36.31    2.84    0.10    0.04    0.44    3.04    2.83    2.43    2.25    0.32    0.14    2.23   13.15   16.40    7.14    4.71    2.75    1.45    4.59    1.42    1.65    0.15    0.92    0.31    0.43   11.32   24.51    1.07    0.43    0.15    0.10    0.08    0.16    0.13    0.61    3.04    9.64
PSATSUIC   -20.08  -40.58    2.07    0.05    0.01    0.62    0.40    0.00    0.21    0.90    0.15    0.47    0.68    0.11    0.02    0.15    0.70    0.11    0.06    0.24    0.00    0.08    0.20    2.08    9.38    3.69    8.41    1.65    4.35    1.68    4.30    2.47    2.50    2.01    0.58    0.43    0.95    2.26    0.55    0.31    0.67    0.43    1.37    0.34    0.82    1.83    1.53
PSATJRI     -9.30  -64.70   12.30   14.66    7.36    4.08    2.87    3.54   19.82   11.08    7.81    6.86    6.02    2.97    7.52    6.81    3.52    3.60    3.49    6.65   23.40   29.55    1.77    6.43    5.73    1.20    2.69    8.56   14.77   17.83    6.47    9.79    7.74   15.61   10.43    6.57    5.57    5.60    4.42    2.46    4.08   14.04   13.74    7.12    3.50    3.08   11.94
PSATBENI   -14.59  -67.53   21.81    7.30    8.83    7.57    8.60   23.63   12.43    3.60    4.42    6.06    4.47    6.48   12.49   13.57   10.52    4.41    7.13    8.93   29.00   31.82    1.24    2.92    2.50    4.11    5.73    9.10   11.35    8.47    6.28   11.34    9.53   14.04    3.56   13.61    5.38    5.77    4.71    3.85    3.89   11.52    5.86    5.19    8.41    7.60   11.17
PSATEPB    -12.42  -64.42    9.62    6.62    5.88    2.78    6.94   17.85    7.96    2.76   10.33    9.61    5.71    4.25    5.79    8.99   11.87    5.09    3.02    0.82   17.31    3.04    1.09    2.34    2.91    0.60    1.12    6.46    9.76   15.50    8.17    7.77   11.51    8.56    7.60    4.55    4.13    4.17    2.94    3.31    9.08   14.85   12.42    1.26    0.91    0.96    5.43
PSATEGM    -10.79  -64.35   16.81    6.74    8.77    8.05    7.48   24.63    8.26    3.36    5.95    4.68    2.85    9.54   13.81   12.17   19.41    6.69    4.13    3.39   28.83    9.07    0.63    2.02    2.21    0.97    2.06    9.64    9.45   10.30   10.48    5.62   12.85    9.62    1.99    3.09    3.39    5.01    3.74    4.28    5.55   12.83    8.83    5.00    2.24    5.76   16.66
PSATSTOA    -8.79  -63.95    2.08    5.64    5.26   16.37   14.78    3.51    6.28   10.50   10.26   19.28    9.05    2.65   11.76    1.93    5.60   12.97    4.04   16.09   49.62   24.05   16.36    4.25   10.92    0.42    4.47    5.92    4.59   13.16   13.45    3.97    6.90    7.75   11.52   12.51    9.53    5.96    4.63    2.77    8.52    5.05    9.01    9.56    2.27    3.38   10.05
PSATENC     -9.90  -66.62    3.45   17.47    4.69    4.10    3.14    4.68    6.62    5.37    5.25   11.00    6.47    5.24    1.35    6.58    2.89    3.18    0.63    2.46   15.89   27.15    1.07    0.84    9.91    0.27    1.54    6.77   17.20   16.06   10.86    4.55   11.17   10.65   10.04    2.27    5.73   10.01    5.20    3.19    3.88    6.30    6.24   13.44    8.92    0.75    9.51
PSATAMY1   -11.71  -70.63    8.90    6.70    3.60    3.82    1.53    0.47   30.94    7.10    5.77    7.21    5.45    4.19   10.90    4.15    3.42    2.92    2.95    3.81   36.08   37.15    0.13    6.42    4.81    5.93   14.26   10.99    7.68   26.22   11.47   13.19    6.89    9.78   12.58   10.48    1.01    4.54    6.34    4.74    1.47   21.03   14.24    8.74    5.42    2.59    4.69
PSATAMY2   -12.37  -71.17   10.99    8.70   10.97   17.18    6.07    5.34   41.07    9.82   11.16    8.44    7.08    6.90   15.81    9.90    7.70   10.05   11.20    8.68   27.20   27.11    0.62    3.00    5.58    8.66   13.56   17.45   15.55   12.02   13.84   16.35    9.59   11.90   13.10    6.85    2.17    6.33    8.20    5.99    1.82   14.35   12.92    8.63    9.47    6.63   12.97
PSATAMY3   -13.75  -70.18   33.60   27.98   26.51   18.94    7.91   13.80   31.17    9.43   16.08    5.89    7.21    3.89   16.46   16.43   14.48   21.56   16.06   12.91   27.02   11.01    5.15    2.63    1.92   10.91   22.86   33.51   23.78   14.54   12.09   28.19    9.48   17.01   10.04   15.74   15.58   11.56   12.21    3.29    2.41   19.61    8.73    5.31    7.72   16.25   18.09
PSATAMY4   -13.45  -69.47   17.77   12.85   14.08    9.33    4.73    5.58   27.54   12.28    6.39    7.33    5.99    3.68   10.57   13.46   14.30    9.05    3.98    6.15   33.69   22.14    1.60    1.26    1.91    5.40   11.90   15.12   49.85   13.97   12.61   16.43    8.31   11.06    8.15    6.31    3.44    4.28    5.46    3.64    1.69   14.20    9.12   10.18    8.93    7.57   10.71
PSATJRN    -13.37  -59.01    1.61    2.50   26.70   10.23   10.84    1.84    6.90    4.21    6.82   17.05   10.10   10.11    7.83   10.62    2.68    8.43    6.21    0.63    1.28    9.54    2.88    4.30    0.99    0.80    4.45    9.88   12.15    8.01    3.88    5.25   10.83   14.63    5.83    4.41    8.58   17.50    2.47    4.35    3.46    3.74   12.24    0.98    0.82    2.79    6.01
PSATAPI    -10.34  -56.98    6.27    5.46   35.38   10.88   12.73   11.62    5.21   15.36    7.41    8.79    5.97    5.93   12.01    3.47   42.10   13.48   16.27    1.21    0.17    1.44   20.08   22.03   10.83    6.28    6.18    6.60   10.28   11.35    9.16    1.58    1.01    7.37   11.87    8.09    9.09    0.70    8.83    3.36   12.28    3.43    3.11    3.88    2.63    7.85    0.61
