PSATAGV    -19.89  -50.35   19.00   33.45   17.83   35.38   11.62   14.09    3.36   15.28    8.04    6.15   11.76   10.20   16.65   18.33   10.83   13.15   23.11   26.29    4.74   14.02    8.59    7.64    9.64    0.26    0.28    0.08    0.04    0.08    4.92    4.71    2.72   21.58   21.74   16.92   18.93   13.43    7.08    7.87    0.03    0.14    0.44    0.16    0.28    1.18    0.07
PSATCMG    -21.28  -44.63   32.42   39.69   13.61   37.38   13.94   25.70    7.86    9.57   12.05    2.99   17.29   14.05   13.04   12.88    5.42    4.87   12.34   19.53   21.46   24.49    4.42   15.12    0.22    0.16    0.11    0.00    0.23    3.19    5.44    0.73    1.44    5.02   12.79   12.67   11.02    1.70    0.59    0.05    0.20    0.12    0.05    0.07    0.04    0.36    1.55
PSATCES    -20.25  -48.16   14.27   26.90   12.64   28.37   30.50   10.52    7.29   14.95    5.86    9.34    9.14    7.68   18.17    9.78    8.63    8.42   21.08   26.69   15.38    7.49   10.45    6.34   10.35    0.23    0.08    0.00    0.08    0.46    0.61   12.50    1.09   14.66   11.98   11.60    6.08    2.82   10.43    0.25    0.06    0.08    0.49    0.56    0.01    1.37    0.60
PSATELC    -21.60  -46.95   15.94   13.63   21.34   10.71   22.56   10.89   14.63    9.96    5.07    3.16    7.85   15.03   20.07   14.22    9.10   11.18   15.16   36.22   61.15   15.25   21.63   13.78    7.65    0.38    0.31    0.01    0.16    1.98    2.18    3.14    1.27    9.60   16.09   16.00    2.11    3.08    8.83    0.28    0.02    0.10    0.03    0.12    0.02    0.13    0.50
PSATFUN    -21.14  -45.04   28.86   43.58   14.84   37.59   18.41   26.11   20.20    6.85   19.92    5.99   17.50   14.73   16.01   14.32    5.23    7.19   18.39   23.40   21.32   13.65    2.25   14.05    0.16    0.52    0.07    0.02    0.16    1.93    3.39    0.80    1.23    5.29   12.62   14.11   11.04    2.07    0.54    0.03    0.86    0.11    0.17    0.16    0.02    0.43    0.24
PSATFUR    -20.67  -46.32   35.31   34.95   29.13   20.07   33.93   19.28   13.92    9.28   14.47    7.51   18.04   12.05   11.52   11.38   11.53   10.32   13.23   29.23   41.87   14.14    8.53    9.61    1.61    0.53    0.31    0.07    0.11    2.27    2.41    2.19    0.59    7.47   13.79   12.57    5.64    1.77    3.88    0.02    0.26    0.52    0.15    0.44    0.05    0.23    0.34
PSATMRB    -20.30  -49.18   15.32   33.53   16.41   34.42   20.52   12.47    9.22   16.00    5.74    6.12   11.45    9.98   15.93    8.62    6.84    9.59   21.42   33.01   16.39   11.38   14.66    8.62   10.94    0.16    0.17    0.02    0.16    0.64    1.17    6.32    1.45   19.71   19.29   11.92   15.36    7.33    7.81    0.74    0.02    0.06    0.47    0.31    0.06    0.60    0.32
PSATPRG    -21.59  -45.67   26.36   22.31   25.08   16.28   21.43   16.66   11.25    5.24   19.01    7.17   17.73   15.95   18.33   17.15   12.57   12.18   16.03   28.79   41.69   16.78   13.77    6.84    3.44    0.44    0.31    0.02    0.03    2.80    3.47    3.63    0.84    8.52   12.70    9.99    6.58    2.34    6.11    0.06    0.10    0.05    0.13    0.20    0.02    0.02    0.22
PSATPAS    -21.02  -48.18   26.05   26.84   12.17   15.60   16.29    7.93   12.31    9.72    7.88    6.66    7.34   11.55   14.13   12.94    7.44   15.89   20.83   46.20   31.19    9.76   12.92   11.52   12.15    1.12    0.09    0.11    0.40    2.45    2.65    5.96    3.85   13.43   23.75   15.25   11.15    5.37    4.65    1.17    0.02    0.09    0.30    0.30    0.06    0.04    0.30
PSATPTB    -21.61  -45.49   29.66   27.83   20.43   22.53   15.62   22.05    8.74    4.10   25.79    5.33   15.53   15.95   19.34   14.17    7.38   10.34   19.68   27.47   29.34   20.34    4.84    9.49    0.59    0.35    0.36    0.01    0.07    2.29    2.76    1.60    0.70    6.59   10.81   10.71   14.19    1.98    2.83    0.01    0.03    0.03    0.18    0.26    0.02    0.02    0.48
PSATPTC    -20.00  -48.55   27.71   34.80   22.36   26.71   27.17   14.19    7.68   12.25    4.75    8.73    9.26    9.13   15.57    9.48    6.48   11.14   11.81   24.03   16.96   14.39    5.47    8.15    5.56    0.07    0.22    0.01    0.01    1.70    3.47    6.00    1.06   12.22   15.17   12.90    7.23    2.67    7.08    0.11    0.05    0.33    0.60    0.56    0.03    4.27    0.55
PSATFZA    -26.00  -51.65    0.01    0.43    0.54    0.44    2.59    5.73    4.49    8.06   19.63   18.83   20.94    3.32    2.55    1.50   11.60   11.90    2.07    2.94    0.16    0.15    0.60    1.49    4.97    6.12    2.31    1.42    8.28    7.43    1.55    0.83    7.88    8.52   10.54   14.16    9.95    5.27    8.15    8.53    4.94    3.33    4.78    4.20   12.04    1.01    0.61
PSATJSG    -25.78  -52.00    0.00    0.08    0.08    0.14    6.86    6.20    3.29    4.02   17.76   16.60   14.62    2.12    1.95    1.72    9.15   16.35    1.68    0.79    0.04    0.05    0.28    2.80    5.67    6.49    1.90    0.89    3.36    8.59    2.24    0.96    4.91    8.94   14.71   10.96   10.03    2.67    5.87    3.26    3.65    2.42    2.24    2.55   10.30    0.62    0.63
PSATSCX    -25.53  -53.48    0.00    0.00    0.00    0.15    6.57    4.41    1.21    5.70   17.16   12.69   13.52    1.62    1.39    1.09    9.24   15.25    4.24    0.76    0.04    0.09    0.34    1.37    3.44   10.35    2.49    0.90    3.61    8.49    3.82    0.74    4.70    9.29   22.13   11.43    4.77    2.68    4.42    2.52    2.03    2.68    1.10    3.73    7.23    0.89    0.21
PSATSCL    -25.49  -51.74    0.00    0.01    0.03    0.06   13.47    6.05    3.21    7.63   22.54    9.24   19.67    1.88    1.64    1.82   12.88    7.69    2.01    2.59    0.02    0.09    1.13    5.42    6.88   10.58    2.49    2.75   13.02    4.88    1.17    1.17    4.99    6.39    8.59    5.91    9.18    5.44    5.78    6.74    4.07    4.96    2.87    7.10    8.71    1.10    0.17
PSATUVT    -26.23  -51.08    0.05    1.02    1.56    1.52    1.01   11.24    3.82    4.29   23.24   12.93   24.51   10.04    5.27    3.23   10.79   19.11    4.84    4.84    0.56    0.39    3.79    0.62    7.15    9.12    1.96    2.34    4.82    4.80    1.09    1.44    8.46   12.84   16.11   14.77   15.43    9.39   11.02   13.39    5.78    2.03    3.38    7.53    3.56    1.63    1.07
PSATBSM    -24.19  -53.74    0.00    0.00    0.00    1.12    7.91    4.20    1.34   13.60   16.68    8.76   11.62    1.27    1.26    2.90   14.02   13.15   10.52    1.30    0.21    0.17    0.92    1.34    4.62    9.36    2.06    0.88    2.47    6.15    0.92    1.35    6.92    6.93   13.59   12.30    2.57    3.06    3.88    5.73    2.17    2.21    0.46    3.73    3.32    0.46    0.01
PSATFLE    -22.97  -54.56    0.00    0.00    0.03    0.31    1.08    3.77    1.97   18.25   16.53    8.05    3.42    0.50    0.24    9.35   15.85   27.81   15.22    0.88    0.89    0.98    3.41    0.15    5.94   15.02    2.83    0.67    0.95   11.55    0.16    0.30    1.07   12.12   31.48   11.06    2.54    1.15    3.45    2.45    2.69    2.73    0.00    0.25    0.75    1.15    0.00
PSATITP    -25.42  -54.58    0.02    0.00    0.03    0.45    3.36    4.19    1.27   15.11   19.09    8.56    5.61    0.67    0.85    6.37   12.53   23.05   17.68    5.44    0.67    0.09    1.89    0.44    6.36   14.11    1.67    0.57    0.71    5.26    0.59    0.79    4.02   11.67   19.83   12.09    2.69    3.26    2.90    4.46    1.30    1.69    0.07    3.66    2.14    0.27    0.00
PSATIVM    -22.38  -53.53    0.09    0.00    0.05    0.32    0.68    4.00    3.53   18.49   32.23    8.76    2.73    0.65    3.20   13.22    5.99   20.76   30.06    9.55    2.15    3.16    3.44    0.72    6.79    8.33    2.31    0.52    0.63    5.00    0.04    0.58    3.07    7.52   16.42    4.57    6.66    3.62    5.38    6.55    5.33    1.00    0.12    1.93    1.66    0.96    0.06
PSATPTQ    -23.18  -53.17    0.02    0.02    0.24    0.79    4.16    6.84    2.56   13.19   17.90   10.92    8.36    1.69    1.06    5.46   12.48   19.02   27.66    5.78    0.93    0.18    1.89    1.99   11.81   10.50    1.48    1.49    2.97    3.43    0.83    2.33    8.14    9.33    8.21    9.98    7.52    6.34    4.28   10.92    4.64    1.82    0.65    4.45    1.59    0.59    0.09
PSATCBI    -17.99  -48.54   16.13    7.42   20.66   22.58   13.50    6.03    4.36   14.02   10.32   11.45   15.40   11.30   10.99    8.97    5.05    6.37    2.51    0.90    5.36   11.65   10.66    9.89    0.60    0.62    0.89    0.22    0.08    0.21    5.42    3.24    1.26   16.01   28.37   13.72    8.86   12.42   10.15    0.44    0.66    0.69    0.45    0.80    0.45    3.17    0.16
PSATCBIV   -16.15  -48.67   11.59    2.46   12.26   19.46    8.87    3.59    3.66    9.47    9.52   12.24   16.64    9.80    6.68    2.40    4.99    2.98    3.52    0.99    3.65    7.40    7.58   10.83    0.79    0.16    1.83    0.38    0.15    0.30    5.79    5.65    2.80   18.41   27.10   14.25    9.00   11.81    5.83    1.02    0.56    0.46    0.73    1.66    0.71    3.96    0.03
PSATEMB    -18.45  -47.98   24.84   21.76   24.83   33.11   21.97   17.18   11.03   19.12    7.56   10.57   15.45    7.33   12.81    9.75    4.50    5.88    8.08    6.10   10.31   12.86    7.46    6.15    0.71    1.52    0.44    0.05    0.02    0.63    2.34    3.86    0.24    9.22   11.37    7.68    7.16    2.23    5.81    0.18    0.25    1.23    0.82    0.92    0.21    2.54    0.47
PSATIMBR   -18.42  -49.10   19.93   23.86   19.14   21.82   18.24   16.91    6.50   20.42    4.83   14.92   12.42   10.64   14.69   13.77    4.44    6.45    5.27    6.45   11.42   15.78    3.96   13.49    2.02    0.11    0.41    0.05    0.01    0.08    3.00    2.19    0.67   16.11   17.46   14.82   11.57    9.92    6.61    0.41    0.09    0.57    0.33    0.41    0.08    2.54    0.30
PSATNPTE   -19.13  -47.70   23.57   34.84   21.87   41.85   21.64   13.74    7.81   14.77    4.91   12.25   14.17    8.88   13.99    7.91    4.53   12.65    4.24   15.06    9.81   12.57    1.83    9.62    4.16    0.69    0.54    0.02    0.01    0.69    2.79    5.30    0.46    7.74    6.64    9.89    5.35    1.14    5.40    0.08    0.19    0.87    1.26    0.73    0.04    2.79    1.01
PSATARV    -18.07  -50.16   19.83   18.20   25.68   18.06   14.07   12.94    5.47   10.01    9.55   11.44    9.31    7.56    9.40    7.64    2.20    7.19    6.42    1.22   10.30    6.98    6.74   13.36    2.78    0.10    1.41    0.45    1.25    0.09    5.13    2.91    2.03   15.05   18.43   15.40   28.47   14.75   10.20    6.15    0.11    0.49    0.58    0.82    0.24    3.72    0.19
PSATSFC    -18.05  -47.68   18.60    8.55   25.36   22.56   16.42   11.43    9.61   17.61    6.46   17.10   16.87    8.23   12.85    4.97    3.75    5.19    5.82    0.77    5.69   13.93    7.30    5.30    0.53    1.66    0.50    0.15    0.05    0.44    3.39    2.98    0.29   12.35   23.44   10.07   11.47    4.19    6.32    0.37    0.88    0.79    0.61    0.93    1.29    1.23    0.22
PSATSSM    -19.02  -50.50   23.24   22.27   23.72   23.07   16.96   15.32    5.61   18.21   10.73   13.44   10.83    9.62   16.68   11.13    3.46    7.98    6.51    9.37    8.24   12.75    7.28   12.79    6.29    0.04    0.90    0.18    0.06    0.03    3.63    4.07    1.16   19.99   18.76   14.37   19.63   14.52   10.07    2.74    0.06    0.52    0.28    0.36    0.17    2.79    0.18
PSATCNI    -22.94  -50.52    0.04    0.46    0.91    3.67    2.73    4.95    3.52   13.68   19.77   13.11    7.05    3.34    8.88   14.64   18.38   32.90   45.98   27.30    6.77    2.21    8.61    4.79   12.67    7.17    0.95    0.18    0.10    0.24    1.30    2.35   14.84   22.45   16.29   10.66   10.76   12.59    2.29    8.06    0.20    0.02    0.27    3.74    0.91    0.57    0.07
PSATCPV    -22.65  -51.33    0.02    0.01    0.47    0.99    2.24    3.07    4.36   13.91   20.64   19.45    5.17    1.39    1.95   13.66   26.77   28.34   42.06   20.10    3.89    0.57    5.42    8.08   16.15    7.74    1.09    1.51    1.06    1.34    1.90    4.19   13.01   14.90    6.79   10.94   14.15   13.81    8.15    9.26    1.24    0.82    1.84    1.97    1.42    0.83    0.19
PSATCHT    -23.01  -49.73    0.02    0.11    0.63    0.62    1.28    4.10    4.17    8.71   15.44   18.19    8.79    3.47    2.57    8.07   25.03   23.14   37.40   12.69    1.83    2.42    4.24    2.66   15.65    5.98    1.75    1.47    0.62    0.72    0.85    3.78   17.72   18.90    6.92   11.06   16.85   17.62   10.83   11.68    1.96    0.20    0.24    0.76    1.09    0.60    0.31
PSATJUR    -23.22  -49.23    1.13    1.16    2.64    2.29    1.28    2.03    9.37    6.32   12.28   13.20    5.67   16.64    6.97   14.43   26.50   39.61   49.07   23.27    5.09    7.19    6.56    1.77   11.88    6.42    2.35    0.93    0.21    0.85    0.97    5.52   14.04   10.39   14.90   11.50   16.88   20.60    7.78   13.05    2.98    0.00    0.17    1.01    1.99    3.53    0.89
PSATMAU    -24.06  -50.71    0.03    0.06    0.16    0.47    1.76    6.56    3.62   14.59   15.11    9.60   13.57    2.05    2.30    3.54   22.10   15.28    7.60    2.19    1.29    1.57    3.77    2.35   12.00    8.10    2.06    2.01    2.76    4.73    1.14    3.95   10.70   11.29   10.61   12.90   10.74   12.51    5.98   13.92    9.80    2.80    1.01    1.06    4.38    1.50    0.60
PSATROS    -22.50  -52.87    0.05    0.08    0.31    0.40    1.17    5.25    1.54   15.08   28.68   17.86    3.42    1.08    1.84   15.55   21.00   26.98   44.82   18.74    3.44    0.26    4.59    1.77   13.67   10.80    1.41    1.11    0.47    0.20    0.67    1.79    8.58    8.43    5.13    5.36   12.14    7.20    4.61    8.20    0.78    0.37    4.13    2.04    1.54    0.15    0.08
PSATQMD    -16.21  -47.33    8.16    4.85   12.77   12.09   12.36    2.84    3.58    8.86   12.16   12.27   20.68    9.25   11.25    0.94    1.50    4.17    0.95    0.80    5.39    7.32   13.73    5.78    0.76    2.53    0.83    1.27    0.46    0.40   12.29    2.46    0.22    6.91   26.06   10.39    7.29    5.58    7.07    0.63    0.98    0.64    1.25    0.85    0.67    0.23    0.58
PSATRBX    -18.95  -44.76   21.27   33.25   16.40   24.11   22.64   29.13   34.99   11.86   21.89    5.49   14.69    6.99    7.92    7.08    2.73    7.27   16.11   19.32   13.84   13.45    5.36    4.01    0.15    0.94    0.01    0.06    0.31    1.53    2.80    0.29    0.90    7.43   11.03   12.85    7.07    1.82    0.25    0.03    2.22    1.52    0.64    0.22    0.95    1.05    0.19
PSATSFR    -15.93  -44.86   14.94   19.13   11.90   16.30    5.87    7.53    4.83   12.89    9.53   12.01   12.21    3.11    9.13    2.35    2.18    1.25    1.60    4.18   10.36    9.53    3.44    2.39    0.09    1.17    0.29    1.20    0.54    2.07    6.90    1.10    0.34    6.74   14.84    6.54    5.06    2.72    2.23    0.24    0.77    0.76    0.95    0.59    1.01    0.10    0.28
PSATSRM    -16.37  -45.07   25.92   26.41   15.47   20.98   12.37   11.65   11.38   18.99   13.12   10.85    9.92    6.03    9.81    6.22    5.70    3.67    8.95   11.57   10.46   14.77    4.95    3.51    0.25    0.74    0.22    0.27    0.27    1.05    4.11    0.80    0.48    7.72    9.04    5.71    3.73    1.97    1.60    0.10    1.38    0.96    0.76    0.55    1.14    0.86    0.40
PSATTMR    -18.16  -45.27   28.08   43.74   26.46   27.20   21.48   21.76   18.63   17.29   19.34   10.45   16.60   11.62   13.14    9.79    7.44    5.77   13.76   21.74   20.06   11.66    3.74    5.97    0.41    0.76    0.31    0.10    0.14    1.46    2.42    1.87    0.60   10.14   15.20   14.37    6.64    1.27    1.45    0.01    2.30    1.01    0.32    0.64    0.53    1.67    0.52
PSATBOQ    -11.35  -43.83    6.06    8.14    5.67    7.40    0.47    0.47    3.09   10.15    6.44    6.09    7.53    4.74    3.05    4.88    2.96    3.05    3.74    0.70    9.65    4.80    3.46    1.40    0.54    2.70    5.22    1.61   15.02   16.72    9.80    3.73    0.81    1.68    9.40    7.13    4.87    3.27    0.97    1.07    2.37    2.95    2.53    1.91    0.97    0.84    0.37
PSATBBO    -22.52  -48.55    9.47   10.39    5.85    3.88    7.58    6.48   10.94    4.45   13.31   10.68    7.97   13.64   22.43   18.74   15.06   19.74   47.82   46.45   10.28    7.39   12.29    5.91   11.47    5.17    0.51    0.19    0.29    1.13    2.35    6.20    8.42   12.27   21.41   13.00   14.31   12.13    6.05    3.64    0.40    0.03    0.07    0.55    2.34    2.24    0.60
PSATESZ    -23.46  -46.91   16.79   16.33    5.38    7.39    3.03    3.90   15.06    1.95   16.21    5.20   11.94   15.14   21.61   21.03   10.37   16.92   85.06   40.27    4.98    3.61    8.44   10.20   17.52    3.63    0.47    0.22    0.51    3.86    1.76   10.37    7.00    9.70   17.27    9.95    6.32   16.17    4.52    3.13    0.74    0.06    0.00    0.93    8.28   10.19    3.36
PSATIBT    -21.76  -48.99    7.00    5.99    3.86    9.45    6.48    4.41   10.78   14.54   16.42   12.13    6.88    9.88   13.12   13.01   16.83   23.64   19.08   46.19    9.67   12.35   16.08   10.21    6.42    3.31    0.37    0.09    0.22    0.72    1.61    7.05    4.79   13.55   17.85   13.96   22.57   13.82    2.98    4.23    0.03    0.04    0.29    0.31    0.88    0.26    0.18
PSATNAV    -21.12  -50.20   16.37    7.73   10.76   20.01    5.76    9.99    7.40   14.55    9.87   10.17    7.04    6.78   21.27   16.85   14.40   18.82   14.75   39.32    6.39   10.30   18.80   11.46    9.98    4.27    0.08    0.03    0.11    0.40    3.07    4.24    5.51   14.81   16.85   22.87   18.09   10.91    5.24   12.50    0.01    0.01    0.89    0.27    0.47    0.32    0.12
PSATSME    -13.40  -48.30   15.81   12.66   15.15   18.77    5.53    1.33    2.49   12.36   10.84   11.22    9.82   11.22    9.49    7.57    6.81    5.03    2.44    0.86    6.51    9.16    7.69   10.61    0.49    0.71    1.46    0.26    1.26    8.78    6.51    4.89    1.72    9.99   18.34   20.80    8.29    7.82   13.33    1.81    0.95    1.94    1.76    1.20    0.38    3.40    0.10
PSATBGR    -27.78  -51.20    0.00    0.65    1.24    0.99    0.29    5.73    0.78   10.53   18.94   14.10   19.67    8.05    3.62    4.52    3.02   11.56    1.59    1.47    0.24    0.03    0.09    0.37    6.52   12.78    1.98    1.65   12.39   16.89    2.83    0.08    4.94    9.81   11.22   12.78    4.28    3.98    4.94    2.39    1.34    2.09    1.26   12.08    2.38    0.70    0.36
PSATCNV    -27.60  -51.33    0.01    0.43    1.17    1.12    0.34    7.14    0.61    7.25   24.52   10.16   21.80    5.31    2.61    3.89    4.92   14.19    0.72    3.88    0.38    0.15    0.23    0.27    7.06   14.90    2.32    1.10   10.14   13.32    0.40    0.37    7.41   11.94   16.15   11.61   10.46    3.87   17.66    4.85    2.55    2.35    2.61    5.82    3.93    0.86    0.52
PSATFCH    -27.14  -53.04    0.00    0.00    0.00    0.00    0.18    6.00    0.10    4.75   17.36    3.81   10.58    0.60    0.95    0.66    4.07   15.74    0.22    0.06    0.00    0.00    0.11    0.31    0.34   10.60    0.87    0.42    6.16   16.30    3.33    0.49    3.68   14.47   30.97    7.04    0.84    0.63    3.19    1.53    1.14    2.03    0.87    8.59    0.47    2.18    0.31
PSATITA    -27.27  -52.38    0.00    0.09    0.08    0.02    0.14   11.08    1.06   10.12   17.27   17.48   19.79    2.06    2.60    2.27    3.86   16.60    0.52    0.68    0.03    0.03    0.13    0.28    4.23   10.51    1.06    1.38    7.53   14.14    1.01    0.27    9.41   12.38   26.33   13.97    6.08    4.05    9.67    3.97    1.48    2.62    2.29   10.72    5.45    1.03    0.88
PSATMCD    -27.52  -51.78    0.00    0.00    0.01    0.00    0.30   10.38    0.07    9.99   18.75    4.65   21.22    0.87    1.98    1.02    4.43    9.25    0.41    0.31    0.00    0.00    0.02    0.13    0.66    9.27    0.40    0.78   13.08   13.42    0.69    0.10   10.55    9.05   31.07    5.70    0.90    2.09    4.76    1.62    1.24    2.11    1.24   11.61    0.60    0.44    0.49
PSATMOJ    -27.35  -52.73    0.00    0.00    0.00    0.00    0.29   15.40    0.07    8.36   11.65   14.58    6.28    0.95    1.59    0.98    6.00   14.24    0.24    0.01    0.00    0.00    0.11    0.19    1.48    5.26    0.76    0.57    2.61   15.11    3.49    0.32    7.79   27.53   35.06    6.73    0.88    1.26    2.44    1.81    1.59    2.70    0.75   15.20    0.18    1.36    0.50
PSATQQX    -26.66  -52.54    0.00    0.01    0.01    0.00    0.60   11.89    1.13    4.43   19.03   16.39   18.75    2.24    1.70    2.01    6.39   19.39    1.06    0.38    0.03    0.00    0.05    1.04    3.97    6.26    1.82    0.80    4.78   12.05    4.16    0.45    7.40    9.76   24.02   13.99   14.05    5.49    8.42    3.56    1.54    2.85    2.37    7.61   11.86    1.27    1.63
PSATPSJ    -28.14  -55.05    0.00    0.00    0.00    0.00    0.18    2.98    0.00    8.68    4.67   10.51    2.37    0.41    1.00    0.07    8.11    1.50    0.13    0.11    0.00    0.11    3.45   14.44    2.93    2.73    0.61    0.45    0.43    1.52    4.52    0.59    1.43    5.61   35.88    1.79    1.63    0.11    1.41    1.21    0.57    1.53    9.41   12.51    0.02    0.77    0.54
PSATESP    -18.68  -51.87   14.58   24.98   26.36   28.92   13.64    5.87    6.18    6.23   12.83   11.98    1.43    9.40    9.16    6.12    5.95    5.08    8.82    6.04    6.09    9.08    4.49   14.04    0.79    1.74    0.18   11.02    4.18    1.56    5.19    1.62   14.34   15.05   13.35   17.11   36.01   37.60    5.58   11.76    5.98    0.03    2.99    8.70    0.52    0.40    0.55
PSATSRC    -19.16  -50.76   12.99   33.11   23.08   22.81   12.96    6.90    6.57   10.31   12.74    6.34    1.80   16.32   22.67   14.73    1.45    7.32    5.25    4.23    7.97   12.60    6.12   17.69    1.26    5.01    0.06    6.92    4.43    0.24    4.13    2.87    6.03   15.05   11.45   22.21   27.15   21.91    3.92   14.90    2.28    0.10    2.45    8.01    0.35    0.73    1.09
PSATFRCL   -19.12  -50.64   16.42   27.75   24.13   25.78   16.10   10.51    4.87    8.05    8.12    3.71    2.67   11.32   19.08   12.04    1.52    9.62    5.22    2.48    9.36   10.90   11.84   19.77    1.83    2.61    0.35    4.22    2.78    0.14    4.98    2.34    4.12   17.46   13.00   12.97   25.61   10.96    3.60   13.25    0.50    0.38    2.35    6.26    0.45    1.69    0.56
PSATISOT   -20.40  -51.35   18.05    9.80   12.01   18.50    7.26   13.01    2.61   14.26   18.91    8.53    5.00   14.34   19.69   22.41    8.49   12.32   23.27   17.20    3.60   14.95    9.80   13.63    7.69    6.19    0.14    0.51    0.47    0.15    3.42    5.72    9.21   14.99    5.32   16.33   20.74   11.17    7.44   13.85    0.12    0.18    0.37    5.32    0.95    0.97    0.71
PSATJUP    -20.86  -51.63   15.48    2.47    3.71    7.09    8.56   11.06    2.22   14.36    9.78    7.05    2.70    8.28   18.35   18.02   10.10   14.46    7.79    8.74    3.39   10.76   10.14   15.45    5.10    6.99    1.65    4.08    2.55    0.36    0.27    6.00   10.64   13.00    4.62   17.11   24.51   24.89   13.30   13.71    3.11    0.13    1.94   16.10    1.45    0.41    1.10
PSATSDG    -20.06  -53.18   12.43    0.14    0.84    1.54    4.91    8.86    2.72   12.85   11.24    4.83    5.79    8.86   22.59   15.69   14.97   13.13    4.08    8.15    3.35    2.52    8.57    9.98    7.62    2.09    6.61    3.40    1.51    0.44    0.01    2.64    9.05    4.87    9.14    7.79   16.07   38.97    9.01   15.18    6.66    0.07    6.16   12.12    2.11    0.46    1.21
PSATFZBT   -21.66  -52.87    1.48    0.01    0.17    0.32    1.02    5.87    2.45   16.09   24.88   10.33    7.82    0.80    6.70   19.38    8.25   17.14   13.10   19.21    2.50    4.67    4.76    4.24   12.97    5.34    6.11    1.01    0.85    0.29    0.00    0.89    4.27    6.55   10.56    2.74   13.73   16.29    8.28    9.18    3.01    0.27    0.31    7.71    4.26    0.08    0.21
PSATPPRA   -22.46  -52.91    1.33    0.80    0.31    0.87    2.22    9.01    1.55   14.25   25.27   18.18    6.10    1.96    9.82   25.39   15.86   24.95   19.01   25.50    3.22    2.21    7.65    7.51    9.68    8.50    1.27    0.60    0.16    0.17    2.00    3.59   12.93    9.23    5.70   13.89   17.66   15.18    5.19   11.33    0.44    0.17    4.72    5.86    1.79    0.13    0.10
PSATBTE    -13.69  -50.80   22.95   21.52   24.25   22.39   12.34    9.25    3.12   11.04    9.34   10.98    2.06   13.71    9.65    8.48    5.05    5.33    4.89    3.63   14.12   12.41    9.51   15.80    2.69    1.05    1.42    3.86    2.34    2.79   10.00    2.01    1.16   13.42   11.79   26.12   27.29   17.77   12.84    6.27    3.36    1.59    5.24    3.05    0.33    4.20    0.30
PSATARAG    -8.27  -49.26   20.85   13.22   11.52    9.72    3.26    0.95    8.19    9.01    8.29   12.25    6.84   14.29    8.21    7.48    5.09    3.38    1.02    6.64    9.66    6.81    8.55    7.45    6.09    1.98    6.90    9.04   12.14   12.40    9.45    4.76    1.14   11.26   13.65   18.34   12.09   13.78   16.40   13.01    6.58    9.63    8.48    5.01    3.16    8.63    2.60
PSATLAJ     -9.76  -48.37   10.77   14.40    9.53   10.40    2.65    0.79    9.04   11.88   11.80   10.90   12.12    3.90    9.00    7.99    9.04    4.62    0.78    2.26    9.85    4.41    4.75    5.66    5.07    5.01    5.38    1.70    9.90   11.70    9.04    3.88    0.77    4.60   18.11   13.09   12.24   10.16    7.39    4.74    3.24    4.14    4.28    3.66    1.35    3.29    0.57
PSATPTRL    -9.31  -47.39    9.74   11.05    9.03    6.72    0.44    0.14    8.65    9.54    4.20    8.93    7.21    4.96    3.97    6.91    3.59    3.50    1.19    6.62   10.72    4.72    8.17    4.36    6.12    4.50    8.63    2.51   21.17   12.28   12.54    5.21    0.43    8.26   19.15   15.54   10.72   14.19    5.13    3.61   12.23    6.93    9.74    2.89    2.61   10.63    1.25
PSATLJET    -7.33  -47.48   12.10    7.25    5.20    2.19    0.08    1.09   11.30    9.43    0.87    3.63    6.90    9.07    9.05    3.88    5.17    4.35    0.88    6.77    5.05    6.25   11.63    5.29    9.63    3.00   10.57   13.46   15.77   24.36   11.96    3.01    0.91   14.24   10.83    7.44    5.58   13.35   10.95    8.26   32.95   12.82   15.39    3.62    1.80    9.98    5.99
PSATUCR     -3.83  -49.65   10.12    9.42    3.62    0.90    0.82    2.98    8.63   10.80    1.07    3.90    3.92    8.62   17.76    9.75    4.89    4.39    1.01    9.79    6.91    6.61    9.03   11.64    4.83    5.85   16.83   17.63   17.88   21.16    7.99    2.42    5.44    4.92    8.96    8.63   10.11   16.25   18.21   19.48   17.76   32.74   17.12   17.56    3.02    6.58   13.30
PSATXIVJ   -29.07  -51.67    0.00    0.00    0.00    0.00    0.55   11.93    0.09    9.65    9.80    9.97   28.45    2.30    1.25    3.74    3.99    9.01    0.48    0.08    0.00    0.00    0.02    0.03    0.24   12.22    1.37    0.97   11.62    9.96   10.56    0.14   14.34   14.63   22.66    7.68    0.61    1.81    4.11    2.37    1.10    1.72    1.50   16.92    0.44    0.93    0.72
PSATDFRC   -29.45  -53.28    0.00    0.00    0.00    0.06    2.09    6.22    0.02    8.82    1.24    7.03   14.85    0.92    1.32    0.47    4.15    0.92    0.06    0.07    0.00    0.02    0.35    7.00    1.17    6.69    0.67    0.42    4.55    3.60    7.80    0.53    1.84   12.80   50.99    7.87    3.74    0.06    0.43    0.81    0.51    1.60   12.29    8.00    0.11    0.41    1.13
PSATREAL   -29.02  -53.19    0.00    0.00    0.00    0.01    1.36   15.52    0.04    7.45    7.11   12.30   12.41    1.39    1.78    0.41    3.23    2.31    0.20    0.00    0.00    0.00    0.03    8.08    0.57    6.93    0.21    0.36    3.48    6.17    6.93    0.77    5.36   11.70   36.58    4.31    1.06    0.23    2.59    1.40    1.34    1.32    6.99   12.57    0.09    1.10    0.48
PSATCTAV   -29.01  -51.39    0.00    0.57    1.59    1.32    0.50    6.91    0.52    6.49   14.16   10.09   14.29    8.31    2.81    4.60    2.74   10.88    1.59    0.55    0.18    0.04    0.20    0.55    4.28   14.17    3.85    4.10   13.88   18.43   12.34    0.01    3.15   18.73   19.13   27.17    3.04    3.15    4.69    3.48    1.37    1.64    1.09   15.47    1.14    0.46    0.12
PSATERNT   -28.56  -52.54    0.00    0.00    0.00    0.00    0.24   11.63    0.03   12.07   14.37   29.89    8.46    1.34    1.02    0.55    3.91    4.81    0.43    0.02    0.00    0.00    0.05    0.94    0.76    8.69    0.26    0.67    5.37   13.14    5.17    0.14   10.38   16.56   29.53    2.22    0.21    1.37    2.87    1.12    1.05    1.77    1.43   14.82    0.12    0.79    0.85
PSATSTPL   -27.14  -49.52    0.05    0.66    1.45    3.27    0.39    8.69    2.52    1.80   30.54   12.61   12.40   11.28    3.57    3.74    3.60   15.32    1.79   10.89    1.00    0.24    0.37    0.48    5.47   20.00    4.14    1.53    4.31    8.37    1.08    0.95    6.25    8.81   12.75   16.19   12.06    2.21   19.14    7.11    2.85    3.08    3.96    5.34    1.74    0.75    0.51
PSATCVCH   -25.14  -48.87    0.06    1.77    2.37    1.42    0.90   12.91    5.78    1.68    8.10   12.73   12.34   15.90    3.77    3.89   23.09   21.74   25.33    6.06    2.03    1.69   10.27    4.03   12.82   12.77    3.89    2.67    0.89    4.67    0.43    1.92   12.05   10.97   18.54   16.43   26.72   21.18   17.62   14.82    6.88    0.49    1.40    2.72    1.92    2.50    1.65
PSATAMY    -12.60  -69.12    5.84    0.85    2.55   23.12   16.32    6.38    9.84    6.34   11.12   27.43   20.90    7.64   15.72   26.49   15.62   26.43   12.04   12.15    6.35   14.56   15.30    4.62   11.98   11.84    5.95    6.68    9.97   10.16   11.06    9.87    3.46    5.30   13.62   21.73    4.39   11.67   12.45    5.27    6.99    9.15   12.81   19.54   13.26    5.96   10.20
PSATGJR    -10.73  -65.35    0.64    0.13    1.71    8.92    3.67    4.48   10.03    7.29   31.05   20.82   11.21   12.55   18.34   13.40   16.33   19.66    7.05    6.12    3.60    7.97    7.63    4.89    4.70    5.90    2.19    1.88    3.25    5.35    9.68    7.66    6.15    9.20   24.35    6.18    1.01    1.49    2.83    1.11    3.24    7.37    3.81   14.70   11.66    6.63   11.14
PSATPRNC   -12.43  -64.43    0.95    0.06    0.04    1.26    3.24    4.41    6.27    4.76    4.49   12.21   10.43   11.17    9.30   11.12   12.29    9.85   11.20    1.18    6.61    1.56    4.27    2.73    3.41    6.33    1.94    0.86    3.54    5.61   11.44    8.45    6.68    1.61    8.79    5.43    0.12    0.20    0.61    1.35    9.14   15.09    5.22   10.77   10.73    9.81    9.58
PSATSANT    -8.87  -63.97    9.00    6.22   10.66    6.45    8.22    8.97    5.48    8.00    1.52    5.91   16.46    3.74   11.05   15.39    8.73    9.15    6.83    4.32    3.75    5.00    7.89    3.59    5.75   12.53   11.17    6.45    5.36    6.32   14.70   23.57    5.59    2.28    4.41    7.38   11.05    3.41    2.91    7.26    6.70   19.54   11.26   13.75   16.77   14.47   14.14
PSATDARD   -10.16  -59.46    6.75    0.89    9.70    6.31   15.15    8.48    1.28    1.47    6.24    1.22    8.48   14.75   12.05    8.80   17.61    5.26    3.29   11.76   12.25    3.34    6.12    3.44    7.68    3.16    3.05    3.70    7.30    8.68   22.58    6.69    3.92    3.07    7.18   12.82    4.00    1.45    1.42   18.74   20.18   14.40   18.81    8.82   20.47   10.27   11.64
PSATGUAP   -15.12  -58.96    2.83    1.46    0.58    0.09    0.72    6.79   19.47    1.48    0.98    9.35   13.63   15.91    2.08   28.78   12.76    8.29    6.71    1.92   22.69    2.24    4.33    4.65   15.38    3.22    0.69    1.40    4.46    5.14   21.73    2.15    6.45    8.22   14.71    4.94    0.05    0.05    0.55    1.91    2.23   20.94   10.83   11.96    4.70    9.86    4.70
PSATJIRA    -9.25  -64.65    6.10    1.21    4.92    8.77    8.93    5.58    8.27    8.39    4.79    8.93   11.95    8.02   11.02   12.05   12.34   17.43   11.99    5.20    4.53    8.01    9.57    4.77    9.17    9.60    4.29    4.69    6.00    7.16   11.64   10.66    4.80    5.08   15.55   16.62    5.16    5.87    9.95    3.87    6.99    9.57    5.66   14.69   11.46    9.24   13.00
PSATROND   -11.99  -60.70    0.32    0.34    0.13    1.40    2.73   11.46    1.31    2.38    4.81    1.79   17.88   14.65    5.49    4.33   10.27   10.19    4.10    5.45    8.76    1.48    1.66    1.50   10.62    5.87    1.19    0.99    5.10   18.14    9.12    3.31    6.09    2.96    2.75    8.18    1.46    0.14    0.66   16.62    3.88   28.87    9.92    3.81   10.47   16.30   10.13
PSATSAMU    -8.75  -63.45   10.59    1.39    6.29    9.21    4.97    6.20    2.79    2.50    1.76    2.05    6.57    8.58   14.95   10.07    5.60   13.37    2.79    4.46    1.86    6.45    5.82    5.39    2.77   16.38    6.82    2.16    9.06    3.86   24.35   18.21    1.37    4.43    2.12    9.43   13.60    4.56    3.19    9.73    3.76   15.09    2.81   13.38   18.98   12.58    8.92
PSATBALB    -1.92  -59.47    4.05    7.48    2.68    2.48    5.13   10.53   10.95    7.20   10.55    5.94    3.71   20.86   11.42    3.58   10.16   12.35   19.47   13.93   10.55    9.38    2.70    1.44    1.42    5.65   11.23   29.61   16.65   34.82   22.08    4.45    1.61    4.29   10.69   14.48    9.04    3.08   14.62   23.32   28.70   24.09   21.57    5.68    0.44    1.50   18.64
PSATCUNA    -2.82  -54.30    6.82   14.85    9.94    0.30    4.54    4.16   14.80    1.49    1.72    1.04    1.17    9.82   13.90   10.23    3.14    7.24    4.82   20.24    9.09    5.20    6.48    1.79    0.92   11.11   15.47   28.25   11.93    4.20    7.39    1.64   13.68    3.45    5.68   14.84   17.95    4.35    6.89   22.39   19.84   30.54   35.78    7.32    8.21   22.23   23.11
PSATJARI    -0.65  -52.52    3.80    2.89    2.70    3.08    8.25    2.99    7.59    3.05    9.56    8.00    3.82    6.20    9.64   13.48    5.25   15.53    8.63   12.61    3.78    4.70    9.37    3.20    3.60    7.05   13.07    5.27    7.72    4.63    1.78    0.81    7.97   12.74    6.87    3.08    8.46   13.92    1.31    6.53    7.15   16.74    4.53    1.08   11.17    6.74   10.74
PSATFGOM     0.86  -51.20    6.86    2.39   15.94    7.51   12.23    5.05   22.09    3.63   19.29   10.03    8.38   12.42   11.72   11.93    8.30   13.78   13.98   13.00    5.39    8.00   13.70    2.92    7.90   11.03   12.39    9.47    6.86    5.93    1.33    1.51    9.65   20.67   13.59    6.77   11.56   12.65    2.75   12.27   15.56   20.59    3.76    2.88   15.85    5.51   11.92
PSATUBE     -6.75  -43.57   15.13    3.70    2.30    0.76    0.08    2.11    9.94    4.40    2.78    2.65    9.58    8.54    5.39    5.91    4.11    2.34    0.93    4.71    9.09    9.64    9.38    5.30    3.51    7.01   13.75   10.18   20.58   22.97   10.52    3.02    0.72    6.72    1.56    6.00    4.36    9.84    3.06    3.55   16.67    6.18    4.80    1.62    4.28    7.72    1.95
PSATBSOR    -6.74  -52.00   18.15   12.46   11.00   10.77    2.41    1.92    7.44    6.09    6.66    7.68    7.33   15.97   12.23    8.60    6.18    2.72    2.27    7.86   13.05    7.80    8.40   10.02    3.50    2.77    4.02   10.87   12.74   12.55   14.30    4.98    1.33    7.63    8.94   19.91   18.52   16.57   15.12   14.34    5.24   16.29   12.09    9.12    2.64   10.28    5.97
PSATBESP    -6.75  -51.77   12.18   15.07   11.05    1.04    0.30    3.77    8.17    8.20    3.23    8.16    4.04    8.09   14.24   13.14    3.55    4.10    1.94   20.51    8.41    4.46   12.75   10.49    5.21    2.63   10.14   16.24   11.48   20.46    8.12    2.58    1.27    2.35   12.60   11.76   14.85   15.06   21.59   15.37    8.79   35.66   23.22   26.30    2.68    6.95    9.49
PSATPIME    -3.41  -51.91   15.94   14.79    9.86    2.87    3.05    2.19   11.61    6.41    3.09    3.66    4.81    9.66   15.92   11.92    5.33    3.01    3.80   10.84   10.18    5.48    6.59    6.78    4.48    7.21   10.28   15.76   11.53   12.45   10.74    1.93    3.79    4.46    5.03   17.40   14.67   12.92   15.13   12.94   18.20   27.53   28.63   25.46   13.06   10.72   13.32
PSATIRAP   -16.74  -42.57   11.10   14.08   11.98   17.88   11.73    8.91    6.74   13.62   15.01   11.50    6.20    5.69    3.19    4.07    3.03    1.69    1.75   10.82    6.55   21.95    2.43    0.60    1.67    0.28    0.30    0.53    0.49    2.51    6.18    0.39    1.65    9.56    3.06    2.59    0.87    1.27    0.09    0.54    1.56    1.59    1.70    0.47    2.26    0.19    2.00
PSATITBI   -15.97  -39.59   13.01   18.29    6.60    9.31    5.04    5.48    7.56   12.62    9.55    9.44    8.90    2.87    1.02    1.72    1.19    0.64    3.51    4.66    9.92    6.82    1.52    0.42    1.71    0.43    0.84    2.53    1.97    6.81    3.79    0.85    6.91    3.37    2.12    1.50    1.23    1.44    0.61    1.36    2.79    3.34    1.72    2.03    2.04    1.43    2.65
PSATCOLI   -10.98  -55.77   18.15   15.76   19.76   14.46    7.64    3.75    5.46    2.31    8.79    7.00    4.26    9.29   14.28    6.58   11.75    2.80    3.16    4.97   14.65    4.57    7.42   11.71    4.00    7.84    1.35    4.89    5.69    4.05   15.71    2.51    1.07    4.67    9.65   14.23    8.03    9.50    9.26   15.12    5.07   13.43   13.41    4.82    2.21    7.27    4.17
PSATSAEL    -9.19  -57.04   23.61   14.61   15.67   15.18    3.46    1.63    4.56    8.42    5.09    8.23   10.25   19.26   15.35    9.44   17.75    1.76    8.46    9.10    7.77    4.79    7.18    5.00    5.07   13.60    3.19    4.46   17.06   11.52   11.78    3.82    1.07    6.19   10.66   17.86   12.56    9.69   15.87    6.56   10.25   20.65   18.86    6.95    6.85   12.84    7.27
PSATITQ    -17.09  -54.83   21.83   15.41    9.43   15.07   13.62    5.56    4.75   12.13    8.45    7.90    3.50   15.21   11.41   11.95    8.27   11.92    6.78    5.65   12.05    6.86    8.59   13.31    1.59    1.67    0.76    5.27    1.29    4.39    1.45    2.28    0.38   13.37    9.05    4.45    5.08    1.00    5.29    5.28    4.55    0.03    1.72    7.74    1.79    0.92    0.85
PSATJAU    -15.24  -58.73    4.37    1.04    0.58    0.18    0.68    9.77   13.80    3.96    1.00    5.08    8.50   13.51    5.35   19.79   11.60    8.53    5.68    2.23   20.58    2.63    6.50    3.54   13.87    3.16    0.70    1.08    4.41    4.93   19.53    2.30    8.45    7.39   12.01    3.98    0.02    0.04    0.98    2.07    4.73   19.87   12.27   11.49    5.98    6.38    5.53
PSATMAN    -14.87  -55.78   16.96   17.27   19.94    6.19    7.42    3.25    2.92    3.43    9.97   10.72    5.56   10.50   11.15   11.57    8.80    2.61    1.84    3.50   14.83    2.62    4.69   13.93    2.98    1.25    0.49    3.79    6.62    9.99    2.93    1.85    1.39    4.85    7.27    4.98    0.64    0.13    2.18   11.92   17.61    6.77    9.01    5.12    2.51    7.17    2.24
PSATPTP    -17.61  -54.83   21.13    9.00    7.73   16.59    9.53    5.44    3.25    9.99    8.87    7.97    7.00   14.31    7.21   13.82   10.24   18.92    3.89   10.47    6.23    6.58    8.74    8.87    2.73    0.91    1.81    5.07    1.44    4.77    0.97    3.60    3.49    9.98    6.76    3.84    0.70    1.37    1.21    7.39    2.11    0.07    0.46   17.29    3.59    0.63    1.17
PSATSTCL   -17.90  -40.20   13.51   19.03   11.69    9.94    5.65   10.48    9.81    9.15    5.92   16.32   14.50    0.95    0.13    0.38    0.95    0.18    1.08    8.25   20.06    0.98    1.37    0.84    2.02    0.39    2.44    3.68    2.51    5.29    0.84    2.69    7.84    0.80    2.03    1.05    1.76    1.44    1.28    3.60    2.25    7.77    2.17    2.87    1.91    2.41    4.57
PSATPDC    -12.58  -39.00    0.98    1.44    1.48    0.57    0.42    1.28    1.45    1.73    1.56    1.37    1.78    1.15    3.49    1.03    0.56    0.74    1.06    0.56    0.67    2.45    1.90    0.51    3.10    7.43    4.99    2.15    6.07    7.46    5.48    1.25    5.97    3.01    1.45    1.32    2.62    2.07    2.97    5.28    2.18    3.07    2.39    3.20   10.52    1.73    1.87
PSATROSA   -20.92  -41.72   17.42   41.82   13.84   29.14   13.25   13.93   14.80    9.27    5.89    4.43    8.14    4.26    7.32    4.23    4.85    1.61    3.20   21.95   30.54    4.68    3.59    0.08    1.57    0.08    1.19    0.78    1.77    5.74    0.80    1.82    0.98    1.57    3.57    1.91    0.02    0.06    0.16    0.46    1.74    2.38    1.01    0.01    1.16    0.75    2.91
PSATCAN    -20.21  -42.85   21.69   41.29   12.61   29.40   17.13   13.69   16.30   16.44    9.81    5.94    9.63   14.36   10.46    4.28    4.16    3.03    6.77   14.41   24.49   10.21    6.94    2.39    2.01    1.19    0.32    0.50    0.68    2.55    1.99    0.38    1.37    3.31    4.75    3.37    1.69    0.77    0.12    0.47    2.63    0.93    0.88    0.08    1.10    2.87    0.89
PSATSAC    -19.64  -42.85   26.04   38.59   18.07   24.30   16.38   14.94   20.65   20.30   18.22    4.61    8.67    9.78   10.06    3.86    5.91    3.26    5.01   14.50   13.48   28.57    7.31    1.17    2.07    1.56    0.36    0.57    1.70    1.79    2.91    0.48    1.55    5.36    4.49    6.46    2.66    2.01    0.29    1.09    3.56    1.80    1.13    0.10    2.70    4.72    1.60
PSATPES    -19.12  -42.66   29.76   30.93   21.81   27.84   14.81   15.21   16.89   14.20   19.34    6.14   11.18    4.52    8.23    3.29    5.39    7.54    7.33   18.64   11.46   19.12   11.41    0.89    2.92    0.57    1.27    1.37    2.36    2.32    4.26    0.78    2.44    4.39    3.95    5.27    1.11    1.64    0.34    3.10    6.14    2.82    0.66    0.17    2.66    1.48    2.76
PSATMAS    -19.50  -40.92   20.09   34.30   21.99   25.06   11.06   14.68   13.74   14.59   18.70    9.14    7.39    5.52    4.04    4.89    4.74    5.40    7.00   18.68   22.37   11.78    4.66    0.59    1.76    0.47    1.82    2.15    1.42    2.62    1.67    1.22    1.58    2.21    2.24    2.10    1.28    1.01    0.54    2.62    2.13    2.54    0.84    0.27    2.00    0.76    2.76
PSATSBR    -23.37  -45.87   20.78   20.11   20.09   22.59   12.32   11.94   18.39    4.74   16.50    5.70   22.30   20.00   26.37   21.94   15.24   11.81   51.19   33.92   23.76    6.28    9.40   25.25   10.54    0.30    0.18    0.01    0.33    3.06    4.33    9.86    3.15    6.83   17.83   14.68    7.48    5.01    3.86    1.03    0.23    0.01    0.00    0.01    0.63    3.29    2.60
PSATJAG    -23.20  -46.03   11.99   16.15   16.69    8.80    8.59    9.22    9.32    4.07   31.59    2.96   17.18   18.80   24.40   27.45   11.66    9.58   44.71   40.91   16.69    4.97    5.74   15.08   11.25    0.67    0.21    0.06    0.15    3.56    3.39    7.66    6.09    7.25   19.12   10.70    6.21   10.70    8.54    1.59    0.41    0.00    0.00    0.09    0.49    2.01    1.62
PSATFUNI   -22.53  -44.57   28.90   27.36   23.85   20.42   13.30   16.86   16.25    5.79   15.93    2.36   23.12   20.60   21.48   19.54   12.77    8.38   29.29   30.90   29.87   10.37    7.07   14.18    5.57    0.26    0.19    0.02    0.13    4.14    6.00   10.43    2.88    7.92   16.37   10.21    5.29    5.50    8.29    0.55    0.23    0.00    0.03    0.04    0.17    0.54    1.27
PSATSACE   -22.48  -43.84   42.10   30.77   17.79   24.36   22.45   27.24   29.87    6.41   22.12    0.94   19.33   29.59   27.08   21.54   25.62    3.06    7.17   17.74   33.73   20.16    4.81   19.54    0.21    0.00    0.05    0.01    0.01    1.75    6.18    0.96    0.54    7.94    9.93   12.94    7.48    2.20    1.12    0.01    0.04    0.00    0.02    0.03    0.00    0.03    1.57
PSATPIC    -21.91  -43.54   50.03   42.64   11.20   26.48   14.18   23.33   14.24   16.33   12.92    0.40   16.75   27.27   25.18    8.61    9.98    1.95    5.57    9.75   22.81   22.49    3.25   14.11    0.23    0.08    0.05    0.00    0.20    2.49    8.26    0.52    1.98    4.17   15.81   11.17    5.65    1.04    0.24    0.00    0.09    0.09    0.03    0.06    0.00    0.15    2.72
PSATSOGI   -21.94  -43.36   40.90   32.67   12.16   30.63   36.09   20.43   17.43   13.16   11.97    1.83   21.42   19.79   17.90   17.08    6.16    3.97    7.55    6.23   23.54   20.20    5.26   10.51    0.47    0.74    0.11    0.05    0.37    3.41    5.97    0.79    1.26    3.65   20.19    5.99    3.88    0.59    0.09    0.11    0.69    0.61    0.99    0.09    0.06    0.56    3.72
PSATIPSI   -21.84  -42.58   41.77   33.72    8.63   31.27   20.28   23.82   18.60   11.30   10.10    5.22   18.70   17.03   19.26   16.31   17.46    4.39    6.26   15.44   15.81   12.51    4.53    4.39    0.21    0.42    0.06    0.05    0.19    1.11    3.52    0.49    1.08    2.30    9.00    6.22    2.54    0.45    0.17    0.11    0.36    0.35    0.67    0.09    0.23    0.97    2.87
PSATTCLJ   -22.69  -43.83   24.56   28.92   15.91   18.81   17.76   23.36   28.69    6.29   21.04    7.37   20.81   18.30   31.49   26.78   23.13    7.72   27.71   22.84   16.49   14.27    9.25    6.93    0.00    0.00    0.00    0.00    0.00    0.46    0.56    0.06    0.60    3.46    8.70   15.06    4.90    0.20    0.89    0.03    0.14    0.06    0.03    0.00    0.00    0.67    1.19
PSATBIGU   -25.51  -53.67    0.00    0.00    0.00    0.13    6.14    4.14    1.12    6.17   16.19   11.71   12.47    1.51    1.23    0.99    8.43   15.81    4.56    0.80    0.06    0.08    0.31    1.17    2.82   10.23    2.36    0.79    2.92    9.07    4.41    0.75    4.30   10.09   21.77   10.34    4.09    2.68    4.20    2.39    1.91    2.59    0.92    3.08    7.39    0.95    0.16
PSATBRAU   -21.45  -42.41   28.69   32.11   11.75   21.68   16.28   21.10   21.69   14.74   10.94   13.04   22.14   15.13    8.42   12.04    8.73    4.87    8.56   14.16   29.99   10.79   12.79    1.35    1.21    1.53    1.09    0.53    0.62    2.09    1.85    1.58    1.02    1.89    4.18    5.95    1.01    0.26    0.26    0.33    2.28    1.05    0.79    0.07    0.14    1.83    2.59
