PSATAGV    -19.89  -50.35    1.71    2.91    6.88   20.49   11.18    1.94    0.03    0.07    0.14    0.77   12.15    5.16    9.82   15.91    7.98   20.34   10.46   13.45    1.51    0.56    0.52    1.18    3.41    2.62   18.04    7.19    1.08    2.63    5.99   28.70    0.35    0.16    5.05   10.16    2.21    4.35    7.33   13.43    1.95    0.40    0.03    0.00    1.00    7.62    5.63
PSATCMG    -21.28  -44.63    0.90    0.27    0.31   24.61   19.34    0.39    0.07    0.09    0.14    0.18    1.55   14.35    3.13    8.90   25.70   15.47   16.62   17.53    2.73    1.93    4.68    2.04    3.11    8.87   14.66    5.20    0.40    2.28    3.27   10.73   10.38    2.14    2.84    3.68   49.08   16.08   32.04    9.55   19.08    9.17    2.17    0.39    4.48    5.84    6.75
PSATCES    -20.25  -48.16    0.98    0.37    1.26   15.24    9.18    0.80    0.00    0.01    0.13    0.15    5.15    4.22    3.22   11.12    6.04   14.99    7.74   11.45    4.86    1.45    0.77    1.07    1.89    5.97   14.69    2.78    0.63    1.69    3.43   22.54    5.55    2.90   22.46   17.27   12.01    0.96    4.45   23.65    6.48    0.92    0.03    0.04    1.03   12.08    2.88
PSATELC    -21.60  -46.95    0.29    0.15    0.50    9.74   12.46    0.32    0.00    0.01    0.16    0.20    0.70    6.32    4.41   10.77    3.12   18.43    9.62   11.86    2.35    3.65    3.23    1.57    2.43    7.62   16.27    1.79    0.34    0.90    5.07   26.61    4.45    5.44   13.87   23.53    3.93    1.03    1.29   14.00   16.48    1.08    0.09    0.24    5.80   19.96    3.70
PSATFUN    -21.14  -45.04    0.93    0.36    0.41   23.77   17.53    0.19    0.08    0.01    0.13    0.26    0.93   14.83    1.90    6.00    8.47   15.62   15.61   16.42    4.25    0.39    2.01    1.42    1.90    9.22   10.82    2.84    0.89    1.03    4.11    9.89    9.81    3.66    5.00    3.85   21.37   22.31   23.44    7.92   12.53    2.25    1.14    0.29    3.31    7.41    3.33
PSATFUR    -20.67  -46.32    0.76    0.29    0.26   11.94   12.38    0.50    0.00    0.02    0.24    0.32    0.91   10.43    3.03    7.83    5.66   14.78   10.32   10.62    6.70    2.00    3.16    1.08    2.71    8.12   13.51    2.74    0.80    0.85    4.60   13.05    5.51    6.66    7.87    8.69   21.69   11.58    8.94   15.20   18.44    1.64    0.30    0.51    3.63   15.44    4.40
PSATMRB    -20.30  -49.18    1.00    2.02    2.71   16.18   12.32    0.97    0.00    0.04    0.12    0.36    4.55    6.98    6.16   13.84    3.93   16.08    7.60   11.98    3.04    0.63    0.83    0.88    2.37    4.05   15.83    3.67    0.57    1.42    2.99   24.67    3.72    2.05   22.84   13.65    5.41    1.06    2.31   22.35    4.70    0.74    0.04    0.03    1.37   11.72    3.50
PSATPRG    -21.59  -45.67    0.64    0.38    0.37   12.08   13.12    0.23    0.00    0.00    0.11    0.32    1.13   14.04    4.00    6.21    9.73   12.10    8.11   10.49    0.80    3.16    2.75    1.27    2.25    7.30   11.63    0.89    0.16    0.48    1.49   15.92    9.41    1.59   11.97   10.94   16.36    1.20    8.70   11.09   11.67    2.28    0.10    0.34   11.65   13.55    2.59
PSATPAS    -21.02  -48.18    0.36    0.21    0.92   14.36   14.22    0.35    0.00    0.00    0.09    0.27    3.48    7.62    4.43   12.91    3.73   14.89    6.87    8.32    0.59    0.74    1.51    1.37    2.82    6.64   10.08    1.34    0.39    0.94    4.49   23.39    6.79    2.07   19.55   12.22    2.06    0.47    2.17   14.23    4.55    0.49    0.04    0.10    4.71   17.40    2.01
PSATPTB    -21.61  -45.49    1.02    0.69    0.69   13.99    9.71    0.39    0.00    0.01    0.23    0.41    1.65   15.61    3.52    4.85   16.46   12.43    7.77   13.14    1.27    2.21    2.98    1.25    2.15    7.98   14.24    2.29    0.12    0.46    1.82   11.80    6.01    2.19    7.12    9.11   22.55    3.01   12.23   10.39   21.55    4.05    0.22    0.24    5.44    8.66    2.78
PSATPTC    -20.00  -48.55    3.71    1.41    3.42   19.07   10.10    1.64    0.00    0.01    0.14    0.30    2.57    5.36    5.81   12.09    7.40   13.72    9.70   14.33   10.72    1.38    1.50    1.31    2.86    4.93   14.95    7.19    1.26    1.98    5.98   20.36    2.17    2.63   18.06   13.48   24.47    6.46    3.10   18.62   16.31    1.82    0.12    0.07    0.84    9.24    2.90
PSATFZA    -26.00  -51.65    1.90   16.39   16.60    2.24    1.33    1.55    0.16    0.00    0.03   20.25   20.80    1.76   12.98   24.08   26.50   13.20   12.40    1.84    0.20    0.08    0.05    0.03    0.87    4.94    0.05    0.14    0.12    4.65   14.64    1.72    0.00    0.13   10.03    2.66    1.76    1.17    1.79    5.89    1.54    0.14    2.27    2.91    0.88    2.03    2.77
PSATJSG    -25.78  -52.00    0.30    5.16   12.47    2.83    1.24    0.37    0.04    0.00    0.02   15.25   20.01    2.36   19.07   19.75   23.43   15.07    8.57    1.16    0.03    0.14    0.18    0.02    0.99    1.42    0.02    0.11    0.02    4.27   14.03    0.23    0.00    0.23   13.08    2.48    0.84    0.43    0.99    2.76    1.20    0.21    1.72    2.13    0.38    0.62    0.80
PSATSCX    -25.53  -53.48    0.18    0.77   12.77   11.33    1.56    0.54    0.00    0.00    0.03   11.72   16.10    7.50   18.36   21.25   18.86   16.42    5.18    0.48    0.00    0.08    0.16    0.05    0.31    1.31    0.01    0.04    0.03    3.62   15.47    0.09    0.01    0.18    3.17    2.10    0.25    0.13    0.51    1.53    0.87    0.59    1.12    1.07    0.19    0.15    0.37
PSATSCL    -25.49  -51.74    0.80    8.40    6.62    3.95    1.07    0.75    0.01    0.00    0.00   17.83    5.95    2.30   17.85   15.75   13.31    7.56    7.72    1.52    0.02    0.01    0.03    0.01    0.48    5.88    0.01    0.34    0.15    3.63   13.70    1.83    0.00    0.09   10.10    3.37    1.92    0.90    1.85    2.24    1.66    0.47    2.35    2.01    1.46    0.92    1.92
PSATUVT    -26.23  -51.08    2.99   21.10   11.64    5.08    3.17    2.09    0.39    0.00    0.04   13.49   28.65    1.04   17.75   25.16   13.91   10.76   13.47    1.48    0.79    1.04    0.55    0.28    1.30    8.22    0.74    0.20    0.29    5.85   10.12    7.11    0.41    0.31    6.88    4.02    7.73    2.92    5.42    2.75    1.24    0.25    0.91    6.34    2.37    3.58    6.19
PSATBSM    -24.19  -53.74    0.06    0.16    4.85   17.38    2.53    0.55    0.00    0.00    0.00   11.02   11.30    8.45   16.87   25.68   12.89   10.98    5.29    0.20    0.14    0.08    0.02    0.02    0.70    1.63    0.08    0.04    0.02    3.60   12.15    0.46    0.00    0.15    2.40    1.21    0.38    0.33    0.69    1.47    0.61    0.43    0.62    0.31    0.23    0.18    0.62
PSATFLE    -22.97  -54.56    4.31    8.59    5.81   22.35    3.99    0.26    0.00    0.01    0.07   11.42    8.44    4.44    8.33   24.27   25.98   15.35    0.32    0.23    0.55    0.24    0.00    0.01    1.18    0.22    0.02    0.00    0.02    1.87   22.40    0.00    0.00    0.00    0.00    0.00    0.00    0.00    0.00    0.14    0.48    0.28    0.12    0.32    0.40    0.95    0.50
PSATITP    -25.42  -54.58    0.79    0.72    9.29   26.10    3.00    0.21    0.00    0.00    0.11   11.25    9.92    8.79   17.25   21.27   16.88   13.36    1.68    0.20    0.21    0.08    0.01    0.06    0.34    0.28    0.01    0.00    0.05    3.95   17.86    0.51    0.01    0.00    0.01    0.12    0.02    0.00    0.02    0.55    0.35    0.31    0.17    0.26    0.04    0.32    0.12
PSATIVM    -22.38  -53.53    4.73    8.90    3.73   22.12    5.03    0.18    0.00    0.00    0.18    8.63   12.56    4.17    9.43   11.37   13.83   14.22    3.57    0.10    0.85    0.15    0.00    0.03    0.48    1.12    0.40    0.04    0.06    0.72   49.65    1.41    0.00    0.00    0.00    0.01    0.00    0.01    0.00    0.38    0.50    0.59    0.15    0.67    1.79    1.30    1.25
PSATPTQ    -23.18  -53.17    0.29    0.14    4.86   14.50    2.13    0.73    0.00    0.00    0.00    4.01    6.67    2.77   11.81   20.11   10.76    6.63    6.25    0.51    0.14    0.02    0.02    0.05    0.49    2.15    0.11    0.08    0.15    2.09    7.69    4.46    0.02    0.23    2.98    1.38    0.68    0.76    1.24    1.90    0.42    0.35    0.69    0.65    0.91    1.08    1.61
PSATCBI    -17.99  -48.54    7.82   16.57   15.55   11.03   18.55   22.13    3.81    0.26    0.77    1.16    2.02    3.01    7.70   13.85   19.45   16.86   13.91   21.07   20.96   23.09    4.92    4.99    5.81    6.66    9.02   14.94    8.62    5.15    4.99   17.67    2.99   17.61   16.41   12.13   14.83   11.52    4.24    6.59   13.06   11.80   13.12    4.96    2.90    4.58    5.87
PSATCBIV   -16.15  -48.67    8.54   20.25   26.51    9.28   11.51   24.23    7.50    0.43    0.92    1.60    4.84   10.95    8.15   11.58   24.92   16.12   17.98   13.00   17.76   29.25    8.85    4.27    7.16    3.16    4.09   11.17    6.35    5.26    4.46   15.00    5.30   15.89    8.52    7.98   12.63    1.64    0.82    2.90   11.72   10.74   11.34    5.47    3.94    6.40    6.55
PSATEMB    -18.45  -47.98    3.87   14.69    6.22    9.75   17.18    6.60    0.32    0.18    0.37    0.61    0.94    3.56    9.19    3.77    8.93   14.40   12.12   20.77   15.35    1.03    0.87    1.75    7.86    7.31    6.72   10.25    4.89    2.87    6.86   26.54    0.58    3.66   12.11    3.50    8.95   17.69   12.05   15.29   23.58    6.88    3.41    0.52    0.30    3.82    5.65
PSATIMBR   -18.42  -49.10    8.22    9.36    5.96   15.53   16.93   11.60    0.60    0.06    0.37    0.42    0.67    1.88    7.74    8.77    9.61   19.05    9.91   24.77   14.59    7.33    1.14    1.32    6.83    6.63   13.55   16.04    6.36    3.08    3.75   22.64    0.38    5.09   15.44   13.93   14.27   22.74    7.12   13.20   19.22    6.24    3.41    1.15    1.33    4.40    6.14
PSATNPTE   -19.13  -47.70    6.88    2.92    6.42   12.09   11.83    4.23    0.05    0.06    0.32    0.31    0.84    4.93    6.90    4.37    4.25   10.65   10.01   12.59   12.17    1.59    1.58    1.79    4.43    7.43   10.79    7.71    3.05    2.34    8.15   23.86    0.71    1.75   13.16    6.70   20.03   23.02    3.52    8.79   22.67    3.07    0.52    0.05    0.30    4.97    4.87
PSATARV    -18.07  -50.16    6.07   11.88    9.10   22.85   20.77    9.63    2.01    1.04    1.24    2.13    1.13    1.12    3.40   13.11   12.50   10.05   13.26   30.98   14.84    3.79    2.08    2.45    4.88    8.66   13.46   19.46    7.73    3.81    8.32   14.64    0.88    3.33   10.40    6.57    6.43   20.40   11.37    8.82   12.85   16.29   13.40    1.85    3.15    4.04    4.66
PSATSFC    -18.05  -47.68    8.29   12.41   11.73   12.31   16.96   31.98    0.66    0.38    0.47    1.20    0.96    2.40    9.08   10.25   20.03   15.89   17.66   16.06   29.94   18.80    4.10    5.05    6.45   10.75    9.55   14.92   11.97    4.03    4.96   18.69    4.11   12.95   13.88    3.79    6.34   10.35   11.02   17.43   17.61   13.13   11.36    4.35    2.36    3.60    4.73
PSATSSM    -19.02  -50.50    7.58    8.22    4.99   22.69   16.18    7.35    0.84    0.12    0.39    1.37    5.15    1.01    7.03   10.82   11.65   15.17    8.18   26.11   10.22    4.18    1.36    1.52    4.25    6.16   16.39   14.07    4.76    3.03    5.05   21.59    0.27    3.25    8.50    9.15    9.67   19.85   22.56   14.66    9.19    4.94    2.57    0.87    1.60    5.92    6.36
PSATCNI    -22.94  -50.52    0.23    0.03    5.94   22.03    1.35    0.01    0.00    0.00    0.02    0.14    7.20    3.76    6.97   12.33    3.27    6.05    2.58    6.59    0.14    0.07    0.86    1.23    0.98    8.82    3.65    0.19    0.09    0.85   11.25   14.09    6.22    3.87   14.96    1.17    0.93    3.37    1.89    5.27    0.26    0.00    0.00    0.08    6.94    4.90    3.88
PSATCPV    -22.65  -51.33    0.23    0.10   18.86   20.21    0.74    0.19    0.00    0.00    0.01    2.36   12.15    5.62    7.21   16.76    2.71    1.70    2.96    1.69    0.14    0.07    0.34    0.39    0.79    2.94    0.93    0.08    0.18    1.95   12.60   10.34    0.76    2.02    4.90    1.00    1.61    2.92    3.94    2.64    0.32    0.30    0.25    1.52    4.94    4.64    5.21
PSATCHT    -23.01  -49.73    0.16    0.02    9.41    8.04    0.85    0.22    0.00    0.00    0.00    2.14    5.60    2.33    1.60   26.36    1.28    1.43    3.32    1.50    0.29    0.34    0.56    0.54    1.61    6.47    1.38    0.24    0.18    0.70   11.75   11.90    1.72    0.65    8.40    1.57    3.78    7.73    2.24    1.97    0.22    0.11    0.10    3.49   11.65    5.08    7.80
PSATJUR    -23.22  -49.23    0.07    0.02    4.38    6.42    2.05    0.50    0.06    0.00    0.01    0.74   13.01    8.90    1.62   18.90    0.89    2.71    2.56    3.36    0.66    1.04    1.35    1.14    2.63    7.10    1.85    0.61    0.09    0.30    9.89   14.93    1.98    0.75   16.68    3.44    2.55    5.62   11.34    4.20    0.65    0.04    0.01    1.99   15.07    4.76    1.38
PSATMAU    -24.06  -50.71    0.39    0.21    8.79    7.85    0.69    0.51    0.01    0.00    0.00    3.36   12.38    1.48    7.25   18.74    5.58    5.84    5.73    0.75    0.20    0.10    0.17    0.07    1.19    4.33    0.26    0.10    0.20    1.77   10.71    4.57    1.25    0.49    6.60    2.89    2.57    1.16    2.49    1.49    0.80    0.10    0.85    5.04    5.78    3.55    6.25
PSATROS    -22.50  -52.87    0.09    0.10    5.24   25.41    1.08    0.19    0.00    0.00    0.00    1.46   12.50    8.85   14.10   14.77    5.70    2.55    2.90    0.91    0.21    0.05    0.10    0.26    0.22    1.90    0.14    0.04    0.11    6.05   10.39    7.84    0.00    0.60    1.17    0.56    0.31    0.42    1.73    3.66    0.27    0.13    0.50    0.30    0.74    2.85    3.99
PSATQMD    -16.21  -47.33    5.71   11.79    4.75   10.77   11.00   25.50    4.14    0.50    1.45    2.10    1.48    4.55    8.83    7.88   10.94   18.73   14.66   10.80   24.72   64.67   16.75    8.67    5.70    7.57   11.98   12.47    7.95    8.09    8.74   13.26   15.70   24.83   10.85    1.42    1.02    0.87    3.78   12.50    7.48   11.38   16.46    9.63    4.58    8.91    8.18
PSATRBX    -18.95  -44.76    1.90    1.25    2.81   16.12   22.93    0.21    0.02    0.00    0.08    0.43    0.66    9.50    2.99    9.90    8.85   10.03   15.26   17.23    9.60    0.62    0.50    1.37    5.89   12.98   13.19    9.61    2.79    3.01    2.65    6.85    8.36   11.85    9.78    0.24    2.92   13.41    8.78   14.14   25.09   13.05    1.50    0.66    1.89    7.67    4.75
PSATSFR    -15.93  -44.86    8.61    5.50   11.45   10.10   16.24   32.44    2.62    1.24    1.25    2.43    3.01    2.72   10.25    4.34    8.64   18.20   14.62   18.51   40.99   51.58   25.19   11.83    8.23    9.25    8.90   30.84   16.29   10.79    6.02   10.33   26.05   14.80    7.17    0.25    0.23    0.14    0.43   17.59   21.32   14.11   23.90   16.07    7.70    6.61    9.99
PSATSRM    -16.37  -45.07    6.99    6.13   10.46   16.39   19.99   15.65    0.34    0.25    0.64    0.91    1.82    3.77    7.43    6.88   12.27   15.14   15.84   28.02   40.49   28.25    7.50    6.95    8.62   11.10   13.87   27.76   14.18    5.54    6.61   16.36   13.79   15.84    6.57    0.64    0.82    3.50    4.87   19.39   26.11   22.95   25.29    5.02    1.51    4.06    4.33
PSATTMR    -18.16  -45.27    1.99    3.97    5.38   12.99   14.08    0.95    0.01    0.03    0.39    0.43    1.41   10.80    5.69    6.58    7.86   13.21   14.91   17.01   12.69    1.47    0.94    1.15    5.29    9.17   15.53    9.17    2.47    3.41    6.15   13.90    4.23   10.83    8.53    3.98   10.85   10.60    7.31   15.59   27.14    6.84    2.74    0.48    1.43    9.45    5.09
PSATBOQ    -11.35  -43.83    0.85    1.22    0.21    4.23    4.89    4.87   30.93    9.39    1.79    2.69    0.97    0.66    0.07    0.08    0.10    0.13    0.12    5.65   13.12   18.37   19.58   19.52    2.65    0.22    0.20    6.25   15.11    8.36   11.57   13.41    9.96    6.24    2.91    0.05    0.01    0.05    0.47    0.28    0.76   15.53   10.44   15.47   16.97   12.49   10.60
PSATBBO    -22.52  -48.55    0.25    0.02    0.88   14.07    3.77    0.08    0.00    0.00    0.04    0.17    4.41   16.96    4.51   14.70    1.98    7.94    4.47   10.29    0.29    0.59    2.01    1.81    3.39   14.83    1.91    0.31    0.05    0.28    5.07   33.77    7.11    1.25   17.73   11.61    2.22    0.64    4.82    5.63    1.56    0.05    0.02    0.36   14.25    7.11    1.22
PSATESZ    -23.46  -46.91    0.17    0.01    0.59    6.06    4.53    0.70    0.17    0.01    0.00    0.31   10.30   27.35    2.31   19.08    1.69    5.10    5.98   24.22    1.88    1.95    3.86    3.24    6.55   16.74    3.00    0.99    0.07    0.12    1.81   40.83   23.79    0.63   13.01   15.29    4.34    4.27   12.51    8.81    4.28    0.13    0.02    0.73    7.41    6.56    2.04
PSATIBT    -21.76  -48.99    0.25    0.05    2.08   23.60    5.47    0.17    0.00    0.00    0.04    0.21    5.26    3.12    4.53   10.83    5.35   10.07    6.95   12.44    0.13    0.38    0.98    0.99    1.72    7.64    3.61    0.40    0.19    1.03    8.38   21.31    9.01    2.61   18.56    6.74    0.98    0.46    2.42    7.45    0.86    0.13    0.02    0.03    5.31   10.12    1.59
PSATNAV    -21.12  -50.20    0.74    0.95    9.09   22.73    7.49    0.72    0.00    0.01    0.02    2.12   13.13    9.36   13.00   14.13    6.34   15.85    8.41   12.55    0.32    0.26    0.49    0.77    2.58    4.84    9.54    1.20    0.21    3.03   10.12   21.83    3.70    1.91    3.35    6.01    0.76    0.74   13.11    7.28    0.90    0.14    0.00    0.01    3.14    7.64    3.05
PSATSME    -13.40  -48.30    2.07   10.81   12.93   10.89   12.99   13.71   10.29    4.40    3.59    5.00    4.66    3.76    4.78    6.72    5.95   11.15   13.03   21.77   20.94   24.04   13.21    9.66    4.61    7.62    2.71   28.97    8.86   20.52    5.02   11.61    6.81    7.88    7.50    6.20    6.98    0.92    0.57    5.12   13.15   13.34   10.47    5.99    7.50    6.57    7.01
PSATBGR    -27.78  -51.20    5.32   37.02   31.92    2.03    3.38    1.66    0.04    0.00    0.99   11.21   30.66    5.79   14.01    8.21   67.76   75.79   13.90    0.57    0.35    0.78    0.25    0.29    9.83    7.99    0.93    0.11    0.35    8.67   15.05    0.16    0.05    0.13    1.85    5.01    1.67    1.38    3.69    3.07    0.23    0.06    0.29    0.31    0.41    0.37    0.71
PSATCNV    -27.60  -51.33    2.96   27.18   26.54    3.91    2.72    1.01    0.44    0.03    0.16   18.82   34.55    4.62   19.22   24.34   40.14   44.58   15.23    1.80    0.31    0.51    0.15    0.22    6.38   11.03    0.42    0.12    0.04   11.81   17.65    0.19    0.00    0.25    5.94    7.10    2.95    1.81    6.07    4.47    0.49    0.14    0.54    0.75    1.02    1.61    0.95
PSATFCH    -27.14  -53.04    0.19   18.20   18.63   15.88    7.38    0.35    0.00    0.00    0.81   20.13   15.06   25.40   21.57   32.46   41.71   16.08    0.64    0.06    0.00    0.05    0.05    0.28    3.81    1.34    0.03    0.00    0.02    3.85   16.28    0.02    0.00    0.00    0.15    0.08    0.00    0.00    0.05    1.17    0.34    0.12    0.34    0.00    0.00    0.00    0.06
PSATITA    -27.27  -52.38    0.75   36.53   25.05    4.52    2.92    0.62    0.04    0.00    0.31   18.91   27.51   15.07   15.97   24.44   43.90   25.24    7.23    0.89    0.08    0.08    0.05    0.09    7.64    5.48    0.04    0.01    0.04    8.88   14.80    0.26    0.00    0.08    7.15    2.18    0.58    0.48    0.99    4.17    0.56    0.07    0.20    0.53    0.08    0.52    0.43
PSATMCD    -27.52  -51.78    0.32   32.29   24.20    3.43    1.94    0.58    0.00    0.00    0.54   14.82   30.01   15.60   16.90   25.63   63.19   61.85    2.04    0.55    0.00    0.00    0.06    0.07    6.86    4.34    0.03    0.00    0.03    4.85   15.08    0.02    0.00    0.03    0.53    0.72    0.14    0.26    0.21    1.63    0.29    0.02    0.20    0.00    0.00    0.11    0.17
PSATMOJ    -27.35  -52.73    1.60   41.46   17.31   17.68    3.31    0.16    0.00    0.00    1.47   14.88   11.46   22.95   13.28   41.40  101.30   27.50    0.53    0.09    0.01    0.02    0.26    0.50    6.81    2.11    0.02    0.00    0.00    1.39   13.11    0.06    0.00    0.00    0.03    0.00    0.00    0.00    0.00    1.31    0.60    0.06    0.06    0.00    0.00    0.00    0.08
PSATQQX    -26.66  -52.54    0.67   10.66   21.85    4.04    2.18    0.81    0.00    0.00    0.06   21.26   35.33    7.79   21.36   20.75   26.41   19.10    6.84    1.70    0.00    0.28    0.12    0.05    4.14    2.41    0.00    0.02    0.02   10.57   12.21    0.18    0.03    0.21    9.37    2.75    0.29    0.18    0.34    4.15    1.11    0.29    1.22    1.97    0.03    0.29    0.21
PSATPSJ    -28.14  -55.05    8.28   39.26   19.98    2.13    0.95    0.12    0.00    0.00    1.17    3.69    0.02   47.38    8.53    1.19   16.83    0.64    0.48    0.02    0.01    0.01    0.75    0.70    4.04    0.30    0.00    0.00    0.18    0.45   13.19    0.11    0.00    0.00    0.00    0.00    0.00    0.00    0.00    0.07    0.51    0.08    0.00    0.00    0.00    0.00    0.00
PSATESP    -18.68  -51.87    5.04    5.54    3.31   11.49    5.08    2.11    0.65    0.56    1.69    0.91    0.92    0.53    2.20   11.40    5.51    8.54    7.74   13.05    1.62    1.17    0.23    0.32    0.11    7.52    5.94   19.68    7.35    2.11   29.27    7.60    0.21    0.49    2.38    3.91   10.74   29.63    9.12    6.62   14.40   10.56    0.76    0.95    3.27    2.96    2.29
PSATSRC    -19.16  -50.76    7.39    5.48    8.54   10.85    6.64    3.78    0.72    0.54    2.24    2.12    0.43    3.70    1.24    9.86   10.66   11.63    6.38   18.79    2.33    1.57    0.42    0.40    0.13   13.61    8.46   19.97    4.79    2.77   22.25   13.34    0.16    0.56    2.66    7.00    5.02   16.21   17.55    5.39   12.27    7.15    0.72    0.32    1.44    3.29    4.82
PSATFRCL   -19.12  -50.64    4.63    7.55    8.83   14.48   12.86    3.66    1.10    0.74    1.89    1.92    0.51    3.50    2.05   11.60   12.68   11.71    5.97   22.92    5.01    2.43    0.84    0.97    0.94   17.35    9.78   15.52    5.63    3.07   15.63   18.92    0.15    0.91    4.46    7.08    7.82   16.71   23.31    7.84   12.08   14.13    2.24    0.45    1.40    3.55    4.86
PSATISOT   -20.40  -51.35    1.79    2.34   14.28   24.19   16.32    2.34    0.19    0.06    0.50    8.43   15.94    6.74   13.60   15.76   14.37   13.38    8.88   15.13    0.94    0.68    0.67    0.65    1.53    3.37   11.82    6.78    1.09    2.24   22.37   31.44    0.02    0.03    0.63    5.28    2.43   11.23    8.83    6.84    3.53    0.90    0.06    0.00    3.35   13.62    4.90
PSATJUP    -20.86  -51.63    2.80    2.67   15.14   21.15   11.10    1.56    0.37    0.14    2.25    7.15   11.41    8.22    6.49   14.09   13.05   10.41    3.33    9.05    0.91    0.71    0.32    0.33    0.30    4.54    6.00    8.54    1.81    1.34   42.76   10.55    0.09    0.18    0.95    2.70    1.63   10.06    5.11    5.34    4.31    1.38    0.08    0.16    5.22    8.55    4.51
PSATSDG    -20.06  -53.18    0.68    1.93    7.62   13.01   13.00    0.98    0.16    0.11    1.63    5.84    5.95    3.02    2.81    4.71    5.77   15.80    3.52    4.83    1.05    0.39    0.04    0.12    0.22    9.56    3.29    9.84    2.18    1.67   40.18    3.06    0.06    0.02    0.23    0.75    0.61    3.68    0.67    6.65    4.09    0.80    0.10    0.21    4.32    5.05    3.31
PSATFZBT   -21.66  -52.87    2.18    3.58    8.31   16.92   10.60    0.31    0.00    0.01    0.16    0.86   19.43    7.11    6.94    9.58    9.15   13.10    6.62    0.41    0.50    0.12    0.01    0.10    0.09    2.80    5.37    1.33    0.14    1.01   54.60    6.78    0.00    0.00    0.03    0.08    0.31    0.22    0.03    1.33    0.95    0.24    0.06    0.41    3.45    4.18    3.36
PSATPPRA   -22.46  -52.91    0.21    0.45   16.21   23.95    8.00    0.34    0.00    0.01    0.02    3.78   24.30    9.94   11.67   15.85    6.62    7.37    3.20    2.99    0.31    0.29    0.29    0.45    0.77    6.41    3.58    0.94    0.43    2.96   35.72   12.81    0.55    1.23    0.59    0.52    0.43    0.65    5.60    4.06    0.68    0.08    0.00    0.11    3.99    8.49    3.53
PSATBTE    -13.69  -50.80    1.76    5.53    6.82   15.74   21.73   11.16    3.29    4.49    2.47    1.82    0.95    1.23    1.91    5.52   11.49   12.47   11.37   21.82   11.97    7.32    2.51    2.74    3.34   12.16    9.60   19.35   10.51    8.82   14.77   11.96    0.86    4.61    8.02    5.08    7.42   16.05   15.15    7.64   13.12   15.83    7.82    5.56    4.57    4.68    5.10
PSATARAG    -8.27  -49.26    1.57    8.96    8.02   10.37    8.86   15.75   13.00   13.07   17.47    5.82    1.05    0.78    1.07    2.54    2.92    9.65    9.13   14.88   19.65   16.04   16.15   13.92    5.42    5.00   11.85   15.42   24.50   17.06   15.29   14.37    6.95    6.80    5.02    5.86    3.05    4.36    3.75   11.28   11.57   22.79   10.32    8.69   15.77    9.99   11.30
PSATLAJ     -9.76  -48.37    3.57    8.25    5.36    9.57    8.57   10.65   21.40   16.10    9.79    8.10    3.12    2.40    2.51    1.11    0.43    8.32    4.45   11.25   11.50   22.60   17.38   14.56    7.99    4.28    4.29   14.26   18.45   22.45   12.88   12.82    9.88    8.84    8.96    2.16    0.40    0.03    0.51    8.59   10.96   13.90   12.84    7.90   16.21   11.76   10.23
PSATPTRL    -9.31  -47.39    0.57    3.33    2.79    8.07    3.41    3.83   12.75    6.68    6.12    0.81    0.02    0.89    0.01    0.09    0.19    3.16    1.63    7.02   10.40   11.56   12.58   17.91   12.13    1.02    3.23   17.95   18.29    8.42   11.34   13.11    9.14    8.05   10.17    1.09    0.09    0.10    4.90    1.99    5.65   16.26   14.11    6.02   29.03   23.76   10.11
PSATLJET    -7.33  -47.48    0.33    5.34    5.89    9.46    7.40   10.14   11.37    5.45    9.65    7.36    0.11    0.75    0.30    2.64    3.37    4.04    2.74    7.24    6.46    5.90    8.06   19.63    9.18    4.50    5.57    9.75    6.66    8.12    5.96    6.25    9.14   13.64   13.50    6.08    0.88    9.18    4.13    7.22    8.10    7.34    9.08    6.69   16.63   21.11   14.94
PSATUCR     -3.83  -49.65    1.76    2.64    8.41    1.93    6.94    7.93    6.11    8.83   14.52    8.92    0.40    1.37    1.14    2.34    3.81    7.73    6.27   10.20    7.70    6.63    7.05   13.03    4.65    2.75    8.84    7.12    5.07    6.79   11.26    6.85    8.59   10.00   12.67   10.74    7.88    8.02    9.82   12.65    9.79   12.42    9.93    8.02    8.90    7.59    5.35
PSATXIVJ   -29.07  -51.67    6.52   31.95   23.29    1.52    4.72    0.46    0.00    0.00    1.54    4.62   17.21   14.87   15.89    1.69   75.80   47.36    2.14    0.48    0.02    0.01    0.01    0.99    7.71    3.44    0.05    0.00    0.00    1.27   13.75    0.08    0.06    0.02    0.43    0.31    0.14    0.21    0.35    0.95    0.21    0.00    0.09    0.00    0.00    0.00    0.03
PSATDFRC   -29.45  -53.28   16.40   37.18    6.58    0.97    0.42    0.16    0.00    0.00    3.26    0.06    0.02   35.08    8.06    0.01    5.12    0.57    0.47    0.16    0.02    0.00    0.45    2.39    8.08    0.99    0.00    0.00    0.79    3.75    9.13    0.30    0.00    0.00    0.00    0.00    0.04    0.02    0.01    0.03    0.26    0.03    0.00    0.00    0.00    0.00    0.01
PSATREAL   -29.02  -53.19    7.88   24.15   19.92    4.63    0.82    0.16    0.00    0.00    0.67    1.58    0.64   39.43   13.04    1.75   82.03    6.68    0.88    0.05    0.01    0.00    0.16    2.45    5.93    0.55    0.01    0.00    0.44    0.92   12.05    0.15    0.01    0.01    0.00    0.00    0.00    0.02    0.01    0.17    0.27    0.05    0.01    0.00    0.00    0.00    0.00
PSATCTAV   -29.01  -51.39    8.83   28.42   38.62    3.03    1.57    1.49    0.03    0.00    4.47    1.32    1.48   10.04   16.11    0.22   50.90   39.11   11.54    1.46    0.90    0.49    0.43    0.53   12.35   11.42    0.67    0.03    0.18    6.32   14.69    0.27    0.21    0.05    0.55    2.29    1.15    3.42    3.99    1.56    0.42    0.02    0.13    0.07    0.29    0.05    0.30
PSATERNT   -28.56  -52.54    0.92   32.35   15.21    7.72    5.13    0.09    0.00    0.00    0.27   10.93   17.47   31.96   13.57   17.02  130.55   36.03    1.52    0.24    0.00    0.00    0.05    0.79    7.91    2.24    0.02    0.00    0.09    2.00   11.86    0.14    0.00    0.00    0.06    0.00    0.03    0.03    0.05    0.89    0.37    0.03    0.08    0.00    0.00    0.00    0.06
PSATSTPL   -27.14  -49.52    5.60   18.29   15.31    3.58    4.63    1.35    1.27    0.19    0.03   11.86   38.63    2.53   16.73   19.78   33.64   30.35   16.76    0.93    0.20    1.29    0.59    0.70    2.27    9.67    1.79    0.37    0.07   13.75   17.32    0.55    0.00    0.32    7.97   11.88    8.16    5.07   14.04    3.01    0.33    0.18    0.77    1.58    2.57    5.23    3.49
PSATCVCH   -25.14  -48.87    0.24    0.60    5.64    9.69    4.20    2.43    0.89    0.00    0.02    2.59   41.08    1.71   11.75   20.98    7.37    5.00   11.86    2.00    1.31    1.82    2.18    0.82    3.85   12.27    1.74    0.40    0.06    2.84   13.43   12.94    2.62    0.79   10.47    1.74    9.89    2.66    9.98    2.93    0.98    0.21    0.43   15.93    3.30    5.62    9.37
PSATAMY    -12.60  -69.12   19.02    7.05   14.13    8.92   11.72    7.92    7.37    1.96    1.79   17.89   24.85   11.52    6.65    7.09   13.84    9.46   12.94   12.86    1.67    1.33    8.56   13.54    8.87   14.01   32.03   16.22   16.31    8.69   10.20   21.34    1.75    1.06    2.91    2.14    3.51    6.17   11.31    9.46    5.39   11.48    7.49    5.89   22.20   17.42   17.56
PSATGJR    -10.73  -65.35   20.56    9.79   16.68   18.22    4.19    0.89    0.74    1.64   13.02    9.32    4.62    2.83    3.83    7.49    7.89   10.07    5.18    1.38    0.38    0.66    3.41    7.40    7.02   19.57   11.63    9.41    8.08    8.24   24.62    2.74    0.21    0.69    0.68    0.65    0.49    1.01    3.23    4.36    7.32    5.84    4.51    3.03   10.68   14.40   29.97
PSATPRNC   -12.43  -64.43    7.33    2.23   16.04   17.58   11.58    3.46    2.13    2.00   14.51   15.35    6.13    2.87    3.39    1.88    3.37    4.58   10.32    1.80    0.00    0.05    1.43    7.61   10.03   19.48    8.28    6.72    5.06    2.24   21.32    1.74    0.00    0.00    0.08    0.03    0.02    0.19    5.29    7.78   12.89    9.14    9.08    4.02    7.63   12.75   17.10
PSATSANT    -8.87  -63.97    0.16    5.23   14.56    8.34   18.36    4.81    2.02    0.70   10.95   13.70   30.64   17.53    5.52    4.12    5.48    4.36   25.00   11.48   10.68    3.64    5.39   20.21    7.01    5.95   16.52    8.20   15.87    8.07    7.14    9.25    1.10    0.93    6.85   17.61    6.06    8.39   13.02   48.27   16.07    9.86    2.54   10.19    5.64    3.22    8.32
PSATDARD   -10.16  -59.46    0.05    4.96   14.10    7.60   22.99    0.31    2.90    9.19    7.61    9.81   15.02    9.27    4.80    3.15    5.62    5.95   28.65   15.77   14.04    4.74    6.63    4.24   20.08    4.88   22.23    1.05   11.76    6.72    6.52   18.65    0.37    0.60    1.18    2.36   10.56    7.90    7.10   10.40    9.37    8.39    2.90    9.87    9.98    6.95   25.54
PSATGUAP   -15.12  -58.96   16.12   13.61   14.88   52.28   30.58    1.47    1.41    6.39    4.15   10.93    1.58    4.97    5.77    3.48    5.33   10.65   24.66    1.11    0.05    0.00    0.70    3.23    9.64   17.62   16.36    7.32   10.83    1.56   23.53    0.15    0.00    0.00    0.00    0.00    0.06   10.53    8.54    4.36    2.99   30.03   26.31    4.09   11.57    4.06    8.06
PSATJIRA    -9.25  -64.65   16.58    7.54   15.00   13.61   10.63    5.71    3.36    0.82    2.92   20.01   12.97    8.58    4.57    4.24    7.22    7.89   16.69    6.64    1.80    1.03    3.13   11.66    9.85   14.96   16.19    9.34    7.08    3.61   18.25   12.60    0.64    0.40    0.87    0.78    2.76    4.56    7.57    9.42   10.52   12.88    5.62    5.21    7.17    7.57   13.53
PSATROND   -11.99  -60.70    0.00   16.86   24.09   16.27   19.44    0.84    3.88    2.27    6.81    6.74    6.20    1.22    7.17    5.65    3.05    6.58   40.62   26.20    0.43    1.08    6.36    3.54   13.31   13.53   13.02   21.39    6.44    7.45    2.69   12.18    0.00    0.09    0.70    0.82    0.34    6.87   26.00   12.18    4.30    0.64    0.89    1.53   11.90    6.99   12.73
PSATSAMU    -8.75  -63.45    0.71   11.24   10.96    6.56   22.87    0.81    2.86    2.80   11.91   14.05   26.87   12.45    3.43    4.34    1.87    3.80   20.13    8.15    9.34    7.43    7.01   27.24   11.54    9.79   18.79    3.45   13.92    7.37    3.05    7.35    0.23    1.89    1.97   16.21    2.25   10.03   10.19   22.12   11.22    5.65    4.74    6.57    2.76    4.74    6.65
PSATBALB    -1.92  -59.47    0.02    6.01   15.78    0.72    3.18   31.44   11.77    2.95    2.42    1.93    0.80    1.00    1.95    5.75   16.74    9.05   12.26    8.58   11.91    4.54    1.55    4.65    2.39    1.57   35.29   20.94    4.60    6.06   10.85    4.39    9.33    6.58   14.49   35.96   18.19    4.65   13.10   11.42   11.38    3.80    4.81    5.21   11.53   12.68    0.67
PSATCUNA    -2.82  -54.30    6.63    1.08    0.37    0.00    0.37    2.05    1.12   18.18    2.96    6.16    0.36    0.34    0.13    4.53    0.70    6.91   11.97   10.53    7.39    3.75    1.21    3.37    2.94    0.79    2.96    3.96    5.14    3.06   13.82    8.99    5.38    3.54    5.68    8.35    7.51   12.84   11.44   15.72   21.10    7.76    5.14    4.65    5.82    6.46    4.49
PSATJARI    -0.65  -52.52    1.04    0.06    0.21    0.16    2.08    3.17    5.43    4.42    0.73    0.04    0.05    0.30    0.43    0.38    0.45    0.65    1.33    3.53    3.58    1.37    1.53    1.95    3.51    4.26    4.24    4.50    2.98    1.82    5.39    3.87    3.54    1.76    2.53    1.56    3.01    3.19    4.68   10.44    9.11    4.41    2.49    3.86    5.68    1.66    0.13
PSATFGOM     0.86  -51.20    1.22    0.03    0.83    1.61    6.60    4.09    9.49    4.17    1.38    0.10    0.31    0.85    0.76    0.61    1.85    1.44    3.02    9.70    7.53    7.17    1.58    3.84    5.31    6.75    9.54    9.44    2.61    3.69    6.07    3.88    5.14    2.62    5.09    6.77    8.07    7.11   10.61   15.06   12.40    5.29    5.18    4.88    4.66    2.12    0.30
PSATUBE     -6.75  -43.57    0.18    3.00    1.23    7.25    4.13    5.13    9.90   15.37    3.34    0.21    0.13    0.46    0.28    1.19    0.35    0.88    1.02    7.53    6.20    4.83    7.95   11.60    4.56    0.68    4.96   10.74    6.98    8.73    2.56    6.56    7.65   11.98    8.38    1.43    0.50    2.61    3.97    1.96    4.56   11.67    6.51    5.67   22.61   41.35   18.12
PSATBSOR    -6.74  -52.00    3.84    6.45    9.43    9.98    8.80   11.83   14.34   14.10   15.82    8.21    2.55    1.34    1.32    2.07    2.82    5.56   13.04   12.94   17.52   13.15   14.92   11.26    4.13    9.81   16.95   11.14   11.91   14.71   15.05   11.02    4.35    4.75    7.24    5.44    7.84   10.46    8.18   13.00   11.78   17.55    8.60    7.51   11.13    9.13   17.12
PSATBESP    -6.75  -51.77    5.10    3.11   10.82    3.89    5.71   15.14   16.53    8.02   19.00    7.95    0.35    1.20    1.02    1.39    2.00    5.36    8.41    9.32    8.00    9.73   11.68   21.05    6.51    1.69   17.20   11.99    7.86    3.47   14.55   12.21   10.80    6.72    6.46    5.56    9.00    5.49    8.10   11.01    9.21    8.16   14.74    4.60   10.81    8.37    7.04
PSATPIME    -3.41  -51.91    6.59    3.87    6.33    2.20    3.68    6.90    6.17   12.72   10.37    7.55    7.25    2.59    2.92    3.01    2.23    3.96    8.91   11.91    9.07    7.79    5.78   14.25    4.24    2.42   14.11    5.61    6.19    4.16   15.19    8.59    6.05    7.14    8.69    5.10    8.26   10.80   15.07   18.59   14.78   11.96    9.94    3.72   10.93    6.95    6.51
PSATIRAP   -16.74  -42.57    8.36    7.57   10.58   19.06   19.51   17.45    1.01    0.14    0.23    0.85    1.45    3.43    4.81    5.51    4.53    3.39    5.52   32.06   46.77   56.68   34.79   18.00    9.16    4.81    9.73   30.52   10.55   10.73    9.10   12.70   16.40   11.98    2.04    0.01    0.05    0.21    3.02   10.35   25.57   25.76   30.34   10.09    3.18    4.52    5.00
PSATITBI   -15.97  -39.59    1.97    1.63    4.13   14.51   17.36   21.40    1.23    0.26    0.52    0.55    2.09    2.69    1.76    1.25    1.24    0.56    1.18   12.33   56.64   46.37   28.56   13.91    1.88    0.88    3.51   19.81    8.79   17.57   15.28   10.25   10.29    9.52    0.96    0.39    0.40    0.19    0.58    3.83   13.44   11.23   23.81   25.17   12.06    5.84    4.32
PSATCOLI   -10.98  -55.77    5.06    3.79   13.24   16.38   15.18    7.82    7.74   17.81   10.14    4.79    2.15    2.76    1.94    1.02    6.68    3.37   21.83   15.64    7.46    6.58    7.83    6.28    7.77    9.86   17.97   14.60   12.42   17.66   16.40   11.64    0.18    0.05    0.63    3.38    6.19    9.27    5.62   10.87   12.91    6.19    8.22    9.95    9.51   13.03   33.17
PSATSAEL    -9.19  -57.04    4.80    6.31   11.12   11.98    5.40    1.44    7.20   11.98   18.12   19.76    7.03    8.10    2.11    3.27   12.22    1.56   14.51   15.23   14.71    5.74    7.95   11.27   15.22    4.88   22.60   10.11   12.19    8.89   14.05   13.18    8.92    6.64   10.78    9.65    4.29   16.19    6.27    3.43   16.59    8.38    5.60    7.65   13.01    8.41   27.03
PSATITQ    -17.09  -54.83    4.94    4.37    5.62   19.93   11.16    2.88    0.43    0.13    0.20    0.87    0.73    1.63    7.27    6.22    5.41   14.82    7.98   11.21    0.71    0.54    0.35    0.16    0.28   16.05    8.84   13.37    2.56    5.25   31.78   10.99    0.12    0.20    1.81    2.27    5.83   14.18   10.03   13.28   12.75    4.36    3.75    4.74    5.74    5.79    7.63
PSATJAU    -15.24  -58.73   18.42   17.36   14.76   43.95   31.57    2.08    0.90    6.03    6.22   11.54    1.82    5.42    4.72    3.85    5.57   11.01   21.51    1.37    0.07    0.01    0.66    1.82    8.41   18.42   15.80    9.77   11.13    1.26   24.71    0.12    0.00    0.00    0.00    0.00    0.04   10.09    8.27    4.14    3.54   22.60   19.62    4.25   13.46    4.94   12.57
PSATMAN    -14.87  -55.78    2.69    2.45   15.03   19.05   29.81    8.35    5.88    1.20    0.84    0.56    0.62    0.74    3.59    0.82    6.85   10.20   12.15   21.68    0.35    1.17    1.66    2.22    2.13    7.47    5.88    8.18   31.51   15.22   27.09    3.22    0.07    0.14    0.15    0.83    1.75    6.96    5.24   10.36   11.31    3.72    5.91    4.08    4.60    4.72   13.36
PSATPTP    -17.61  -54.83    6.96    2.79    6.92   18.94   10.17    2.25    0.13    0.02    0.03    0.81    0.57    0.90   12.95    5.55    9.30   11.33    5.32    3.04    0.52    0.32    0.25    0.15    0.04   18.45   10.04   11.03    3.90    2.98   31.01   13.21    0.12    0.11    1.39    1.52    6.73    6.60   11.32   22.23   13.65    5.67    2.81    2.98    9.65    6.55    9.20
PSATSTCL   -17.90  -40.20    0.75    0.05    0.40   20.77   20.61   19.21    0.39    0.24    0.38    0.19    3.29    0.84    3.02    0.47    1.25    0.22    0.21   12.76   54.18   52.51   33.81   13.52    0.30    0.22   10.57   11.42   14.33   23.62   11.59    9.20    9.50   10.00    1.28    0.41    0.44    0.45    0.52    1.94   20.10   13.25   39.90   29.23    5.26    4.64    5.03
PSATPDC    -12.58  -39.00    0.53    0.69    0.58    2.63    2.24   22.82    7.38    4.88   12.13    8.45    2.28    1.43    1.09    0.55    0.29    0.27    0.40    0.41    1.66    4.13    2.13    0.37    0.15    0.26    0.19    0.57   15.88   13.51   23.59   12.14    1.05    0.42    0.41    0.42    0.23    0.19    0.19    0.03    0.17    0.37    1.71    6.52   25.12   20.78   19.83
PSATROSA   -20.92  -41.72    4.30    0.49    1.36    4.94   60.04    3.41    1.30    0.64    0.20    0.32    1.03   12.71    4.38    4.11    7.65    7.45    6.12   36.61   18.95    6.85    3.19    7.97    9.40   14.01   16.56   27.66    9.02    7.92    5.94    4.66   23.42   21.28    1.23    0.02    0.19   28.50   10.31   21.53   64.61   87.48    4.55    3.46    4.19   10.78    5.12
PSATCAN    -20.21  -42.85    5.30    5.63    0.76   12.21   21.95    3.39    0.14    0.41    0.03    0.10    1.25   20.20    3.11    9.05   12.00    5.85   16.71   24.90    8.46    1.72    2.12    2.32    5.11   24.82   13.60   16.24    3.28    3.60    2.26    5.50   17.69    8.63    3.18    0.05    2.00   44.35   21.91   24.24   13.48   10.23    1.64    1.21    2.40   10.83    6.68
PSATSAC    -19.64  -42.85   14.43    5.67    1.10   12.61   34.38    1.12    0.09    0.10    0.05    0.40    1.90   12.43    1.69   10.19   16.76   13.26   21.58   26.23    9.34    2.18    1.33    3.42   13.12   28.54    9.59   15.51    5.76    5.62    2.59    7.19    8.13   16.20    6.01    0.00    2.37   29.80   19.28   20.90   23.93   17.26    2.95    2.23    2.31    5.70    4.91
PSATPES    -19.12  -42.66    8.05    3.02    4.08   13.52   39.02    0.92    1.74    0.32    0.08    0.33    2.76   18.06    2.92   13.10   14.02    5.69   14.89   28.28   33.72   19.94    1.29   18.92   18.77   28.22   16.97   20.78    3.77    6.14    4.48   12.97   11.73   22.67    3.65    0.01    0.03   13.67   19.38   29.90   42.09   41.69   15.21    3.25    2.02    8.96    3.28
PSATMAS    -19.50  -40.92    2.66    1.01    1.89   12.91   33.10    4.08    0.45    0.30    0.17    0.41    2.14    8.40    5.27    7.16    6.14    2.52    5.20   42.14   34.52   27.42   22.46   21.46    5.57   11.17   23.32   21.70    7.95    5.99    4.90    8.58   23.08   17.62    2.52    0.10    0.13   14.52    8.77   23.97   34.54   56.40   27.63    5.59    3.90    8.42    3.14
PSATSBR    -23.37  -45.87    0.23    0.14    0.70   10.44   24.01    1.62    0.02    0.00    0.01    0.10    4.79   16.38    2.91   20.13   10.94    3.82   10.20   23.07    3.93    3.02    4.94    3.04    3.69   15.36    5.57    1.75    0.08    0.11    0.08   34.43   38.98    0.84    8.28   21.72   11.99    4.14    7.31   10.92    6.48    0.76    0.78    0.42   13.06    8.04    3.11
PSATJAG    -23.20  -46.03    0.23    0.04    0.72   12.57    5.76    0.59    0.02    0.00    0.01    0.01    5.26   16.14    2.70   15.87    1.82    2.72    6.52   19.50    1.97    1.62    5.58    2.88    7.83   20.25    3.74    1.04    0.03    0.00    0.76   53.47   34.70    0.27   12.45   20.97    5.10    2.32    8.12    7.29    5.92    0.24    0.00    0.43   11.75    8.67    2.69
PSATFUNI   -22.53  -44.57    0.31    0.13    0.42   12.10   17.82    0.65    0.01    0.00    0.00    0.05    2.69   11.33    3.85   16.11   12.22    6.26    8.77   18.73    1.71    1.69    5.92    2.40    4.09   13.09    5.78    1.72    0.04    0.10    0.51   26.67   22.44    0.83    7.94   16.27   15.88    1.88    9.19    9.38    7.97    1.37    0.37    0.36   15.30    8.30    2.20
PSATSACE   -22.48  -43.84    0.30    0.42    0.22   18.86   18.56    3.85    0.06    0.00    0.00    0.00    3.25   14.38    5.07   17.88   22.51   10.82   16.17   28.82    3.40    3.72    7.52    3.85    4.27   10.09   15.29    3.34    0.35    1.10    0.67    6.58   14.66    1.07    0.78    4.09   70.34    4.12   14.63   12.88   11.31    9.95    2.72    1.63   11.58    6.24    9.84
PSATPIC    -21.91  -43.54    0.30    0.36    0.08   19.17   13.68    2.02    0.02    0.12    0.05    0.02    4.84   19.13    2.98   11.75   28.76   13.11   15.81   25.70    3.02    2.66    7.02    2.96    3.52    8.33   15.88    5.31    0.52    3.45    5.40    5.16    9.70    1.16    1.86    2.11   73.15    3.14   24.38   18.89   16.11   18.40    2.59    1.74    8.64    8.58    9.22
PSATSOGI   -21.94  -43.36    1.21    0.16    0.08   20.69   14.55    1.09    0.35    0.20    0.08    0.12    3.96   26.54    4.89   11.12   24.68   11.48   16.04   22.53    2.00    3.26    8.93    3.73    2.50   11.55   16.49    2.99    0.58    2.73    3.42    4.01   15.69    1.83    3.10    1.05   63.54   19.59   23.74   16.65    8.36   17.91    5.23    1.65    5.57   12.04    7.54
PSATIPSI   -21.84  -42.58    1.28    0.67    0.10   16.77   17.05    2.83    0.02    0.15    0.04    0.24    2.01   19.11    6.34   10.75   17.36   10.29   19.35   21.51    2.22    2.95    8.01    3.04    3.05    9.69   12.29    4.00    0.30    0.93    2.23    6.08   22.83    1.70    1.54    0.95   59.17   13.21   17.35   23.58    6.82   12.39    2.04    1.65    3.43   12.23    4.39
PSATTCLJ   -22.69  -43.83    0.30    0.02    0.14    8.06   18.38    6.08    0.04    0.00    0.00    0.01    2.82   18.43    3.77   14.89   29.71   12.91   23.83   23.32    4.29    4.59    4.49    2.87    1.43   10.24    3.72    2.50    0.00    0.21    0.00   11.17   41.35    0.06    0.06    5.31   47.82    2.84    6.65    8.27    3.23    2.81    0.00    0.24    2.38    6.99    4.55
PSATBIGU   -25.51  -53.67    0.16    0.64   12.29   15.06    1.54    0.52    0.00    0.00    0.05   13.15   17.04    9.49   20.40   20.94   19.05   15.41    4.27    0.41    0.01    0.09    0.13    0.05    0.27    1.10    0.01    0.03    0.04    3.43   15.18    0.07    0.00    0.14    2.59    1.80    0.20    0.10    0.43    1.41    0.91    0.63    1.01    0.96    0.16    0.12    0.29
PSATBRAU   -21.45  -42.41   10.57    2.70    0.43   26.43   32.94    2.94    0.25    0.23    0.07    0.25    1.88   19.23    7.02   16.10   13.13   13.76   20.10   27.17    4.37    2.07    5.56    2.04    2.85   25.42   17.25    4.55    0.90    1.62    1.14    8.59   16.45    6.57    2.95    0.11   22.50   48.03   22.14   27.28    6.96   10.17    3.40    1.90    3.29   11.08    5.79
PSATSUIC   -20.08  -40.58   12.25    0.84    0.18    4.32   50.32    2.35    0.38    0.12    0.74    0.18    1.03    1.02    2.67    3.14   10.62    2.99    1.66   35.40   47.07   41.56   15.43   31.83    4.15    7.13   25.24   50.29   12.76    7.48   20.97   10.83   19.93   15.59    0.64    0.12    0.21    7.02    4.91   12.08   55.39   66.59   64.42    5.98    4.49    4.76    6.32
PSATJRI     -9.30  -64.70   17.56    4.78   15.53   12.82   12.22    6.75    3.88    0.74    1.68   21.67   13.72   10.59    3.80    4.01    6.84    7.51   16.37    6.13    0.51    0.18    1.51   10.77   10.87   15.79   16.43    7.79    5.93    2.61   11.01   12.99    0.12    0.03    0.90    0.50    1.83    4.06    7.37   10.42    8.87   13.14    6.70    5.82    5.96    6.09   12.04
PSATBENI   -14.59  -67.53   14.44   15.45   15.13   13.54    5.99    2.83    2.14    1.01    6.66   17.26    9.88    4.93    6.12    5.62   10.30    9.20   18.43    8.49    5.88    3.55    6.98   12.79    7.22   13.06   15.96   12.76   10.76    6.44   38.50   11.99    2.16    1.44    1.48    1.80    2.50    4.82    7.25    6.45   15.05   12.87    2.78    3.96   12.58   11.53   19.87
PSATEPB    -12.42  -64.42   15.34    3.65   14.21   16.24    8.14    2.39    1.48    1.70   15.57   12.24    4.17    2.16    3.10    2.82    4.17    5.73    7.37    1.27    0.00    0.03    1.14    5.71    9.04   21.28    8.55    7.89    4.25    3.90   20.28    1.16    0.00    0.06    0.11    0.03    0.01    0.20    3.75    5.48    9.65    6.89    8.14    3.05    7.17   12.77   21.30
PSATEGM    -10.79  -64.35   15.53   10.87   19.19   20.13    5.82    1.24    1.02    1.87   10.95   11.00    6.50    3.71    4.29    8.28    8.42   10.56    6.98    1.83    0.51    0.86    4.30    9.51    7.05   17.41   12.70    9.02   10.21    8.32   27.29    3.82    0.28    0.83    0.82    0.86    0.64    1.29    4.39    5.79    9.04    7.63    3.99    3.79   12.09   14.88   29.13
PSATSTOA    -8.79  -63.95    0.14    5.75   14.93    7.85   18.49    3.81    2.08    0.72   11.49   14.19   31.79   16.21    5.17    4.01    4.89    4.58   25.94   10.97   10.08    3.52    5.58   19.87    6.16    5.79   16.29    8.69   16.67    7.87    7.71    9.03    0.95    0.92    4.92   18.95    6.63    8.20   13.13   47.87   14.74    9.32    2.36   10.11    6.03    3.46    8.63
PSATENC     -9.90  -66.62   13.62    1.35    5.81   18.46   16.97    9.88    3.84    1.02    1.03    9.54   19.54    6.77    8.09    1.57    3.10    5.26   13.23    6.94    0.01    0.02    4.98   16.11    9.48   12.97   18.00   13.27    5.63    3.94    2.76   13.69    0.00    0.01    0.52    0.19   15.53   10.59   10.46   16.67   10.00    7.01    5.38    5.52    0.99    6.91    4.75
PSATAMY1   -11.71  -70.63   20.42    5.37   14.08    7.73   13.63    7.26    9.22    1.81    1.50   13.26   28.02    8.54    6.45    3.27   13.51    7.94   17.33   10.07    0.00    0.07    0.21    3.50    7.94   12.78   25.07   10.45    7.26    6.38    3.13   21.52    0.29    0.00    0.79    0.52    0.27    6.47   10.98   10.55    5.01   14.03   12.12    7.02   28.88   16.64   18.78
PSATAMY2   -12.37  -71.17   20.71    9.58   10.67   10.36   13.15    7.74    7.48    2.90    2.02   16.94   28.51   11.65    7.97    7.23   14.03   10.76   12.00   14.70    0.48    0.23    4.18   12.45   12.14   13.65   36.07   20.11   20.42   12.92    9.58   21.61    1.23    1.01    3.02    2.28    1.93    4.07    8.88    8.62    3.80    8.04    6.63    3.84   25.95   21.13   15.82
PSATAMY3   -13.75  -70.18   12.62    8.21   17.94    8.09    8.26    7.20    5.75    1.37    1.19   18.84   22.39   14.13    6.50   11.97   16.11    9.96   10.35   15.92    4.99    3.64   26.55   25.71    6.26   15.42   35.87   19.88   22.43    7.93   16.92   23.08    4.35    2.63    5.61    3.98    9.93   10.16   17.26   12.28    7.46   11.98    6.40    6.20   16.62   15.84   17.77
PSATAMY4   -13.45  -69.47   21.92    1.76   14.91    8.59   10.37   11.33    7.06    1.02    2.55   26.19   14.66   11.88    4.14    4.91    7.94    8.67   12.29    8.71    2.15    2.58    4.53   14.17    7.35   14.00   25.36    9.74   11.61    3.82   11.44   17.92    1.39    0.46    2.03    1.69    2.64    4.53    9.21    5.46    6.47   15.00    4.14    8.70    8.55   12.08   14.42
PSATJRN    -13.37  -59.01    2.70    2.33   32.91   20.61   20.56    5.09    9.55    1.12    4.68   11.64    2.22    4.68    5.42    1.86    4.15   17.97   12.48    6.65    0.02    0.01    2.08    9.73   10.02    5.61    6.10    7.78    4.53    5.42   23.42    0.12    0.00    0.00    0.11    0.06    0.24    4.18   10.99   11.52   13.11   18.45   28.43    3.51   17.96    6.77    6.52
