PSATAGV    -19.89  -50.35    3.90    2.25    7.22   19.17   18.64    0.02    0.00    0.39    2.81    4.20   13.46   22.21   14.30   15.82   19.88   18.12    9.88   15.54   22.92   13.54   12.93    6.34    5.28    5.71    5.93   12.47   14.61   17.65    8.74    1.43    2.38    7.41   12.50   20.52   18.35   23.91   37.71    3.47    1.19    2.74    4.92    9.10   13.28   13.82    3.33
PSATCMG    -21.28  -44.63    3.11    6.64    2.41   24.25    5.85    0.87    0.82    0.09    0.23    0.53    4.14    5.60   12.11   61.14   10.14   23.81   77.17   27.72   14.38    8.86   10.72   12.49   10.06   13.07   11.68   25.55   20.12   14.50   13.12    0.64    1.90    4.47    1.73    7.69    8.28    8.72    1.87   14.71    2.64    2.81    7.39    4.78    3.51    3.51    6.22
PSATCES    -20.25  -48.16    4.84    3.52    3.88   19.92   27.65    0.01    0.00    0.06    0.68    2.08   13.74   20.20   22.70   18.87   12.60   23.49   12.27   17.75   14.87   12.29    3.77    4.91    5.33    2.38   16.31    4.70   11.34   16.87   11.29    5.21    2.29    3.46   11.25   25.00   13.35    5.74   57.36   33.41    0.97    1.50    7.12    4.94    1.08    6.44    4.36
PSATELC    -21.60  -46.95    1.76    3.51    4.88    6.94   11.26    0.00    0.02    0.01    0.24    2.35   16.61   24.05   18.00    7.45    4.10   12.80    9.57   25.07   25.45   19.98    3.56   14.43   10.03    3.31    9.59   10.01   10.29   22.60   21.84    0.47    1.59    7.16    1.31   24.00   11.90    2.36   22.51   25.66    1.05    1.52    4.81    3.40    2.14    3.35    4.00
PSATFUN    -21.14  -45.04    3.27    3.35    2.40   18.78   12.83    0.19    0.35    0.01    0.27    0.88    5.67   16.35   19.66   62.63    8.90   15.71   13.76   13.35   13.44    6.67   10.91   10.94    9.55    8.83   14.64   17.36   19.35   18.71   14.01    0.35    1.14    3.39    1.29    4.97   12.63    8.93    4.03   27.85    0.36    0.84    5.82    7.03    1.37    4.88    5.06
PSATFUR    -20.67  -46.32    3.08    2.50    2.85    9.81   22.85    0.05    0.08    0.00    0.19    2.13   12.09   27.99   28.24   44.84    9.42   11.68    7.05   11.31   14.31   12.62   10.30   14.17    5.04    9.66    9.63   10.35   11.45   15.32   12.42    0.52    1.47    4.23    2.46   11.39   10.39    5.72   17.50   38.75    0.61    1.74    6.60    5.81    1.46    3.48    6.38
PSATMRB    -20.30  -49.18    3.62    4.18    6.61   18.01   20.63    0.01    0.00    0.07    0.82    2.43   17.35   25.13   22.38   17.39   17.95   20.70    9.83   16.52   17.58   18.20    5.59    7.14    6.32    3.97   11.20    4.95   13.39   16.34    9.99    1.83    1.23    5.68   13.34   25.70   11.67    7.18   53.77   21.81    0.80    1.52    3.76    4.20    4.06    7.60    4.26
PSATPRG    -21.59  -45.67    0.94    2.41    3.38   11.46    3.10    0.15    0.08    0.01    0.08    2.22   12.21   21.74   25.14   10.73   10.46    9.83    7.39    9.24   21.15   18.07    9.18   10.19    9.43    8.60    6.69   15.49   18.81   21.74   14.34    0.18    0.98    3.92    0.86    6.02    9.55    1.23    3.63   13.10    3.34    2.62    4.35    4.56    1.51    4.10    1.93
PSATPAS    -21.02  -48.18    1.45    3.59   10.94   13.64    3.19    0.00    0.02    0.00    0.38    1.83   16.80    4.40   10.34    5.36   12.40   19.49   11.70   16.47   28.56   19.76    3.27   10.45   16.37    4.90    8.83   11.70   17.60   23.39   10.44    0.29    0.84    3.20    3.90   11.11    5.35    0.97   34.96   17.32    1.08    1.05    3.07    3.78    1.72    2.26    1.86
PSATPTB    -21.61  -45.49    1.62    3.54    3.49   14.47    7.31    0.18    0.10    0.01    0.22    2.05    8.84   25.61   24.45   36.35    8.14   13.07   18.35   10.98   18.27   15.54   10.26   10.56    8.05   11.98   12.63   17.72   16.97   24.83   28.73    0.41    1.57    4.12    0.95    8.60   10.35    1.90    2.90   16.51    2.88    3.26    5.13    5.72    3.60    4.10    5.26
PSATPTC    -20.00  -48.55    5.20    2.58    3.10   13.04   24.82    0.30    0.01    0.37    1.07    1.69   16.47   22.79   26.10   19.88   15.25   12.40   11.57   12.48   10.62   11.40    8.56    7.51    6.52    6.92   12.57    9.12   12.55   14.39   14.46    2.92    2.86    8.74   10.60   18.77   16.82    9.53   37.22   26.93    2.35    3.05    7.79    9.66    7.56   10.31    5.48
PSATFZA    -26.00  -51.65    8.74    5.41    7.26    2.05    0.91    0.28    0.17    0.00    0.19   11.66    4.05    0.10    0.18    4.80    8.12    9.11    3.05    6.10    4.01    0.62    0.05    0.17    0.21    7.59    2.79    8.58   17.58   12.51    0.10    0.04    0.06    0.11    0.04    0.00    4.43    0.07    0.07    0.18    0.12    0.02    1.03    1.56    0.03    0.90   10.05
PSATJSG    -25.78  -52.00    2.92    4.70    8.71    3.36    0.78    0.05    0.04    0.00    0.23   13.40    1.70    0.02    0.35    5.94    5.09    5.51    1.68    9.67    5.83    0.45    0.00    0.10    0.51    8.08    7.57    6.91   17.24    9.53    0.02    0.13    0.01    0.01    0.01    0.00    2.82    0.03    0.15    0.03    0.00    0.00    0.51    0.33    0.11    1.03    8.59
PSATSCX    -25.53  -53.48    0.40    2.27    9.43    7.28    1.72    0.01    0.00    0.00    0.13   23.07    2.20    0.04    3.76    5.73    5.55    4.30    7.32    6.15    8.04    0.32    0.00    0.17    1.18    9.29   11.94   10.98   15.95    9.48    0.03    0.24    0.00    0.00    0.00    0.12    1.46    0.64    0.29    0.05    0.00    0.08    0.10    0.04    0.19    0.41    2.74
PSATSCL    -25.49  -51.74    2.62    0.66    5.22    2.77    0.78    0.02    0.00    0.00    0.50   18.96    7.18    0.02    0.26    4.94    8.59    8.49    5.65   10.60    5.36    0.70    0.05    0.56    0.28    8.32    7.17   12.27   20.51   15.53    0.00    0.12    0.02    0.00    0.00    0.02    2.72    0.05    0.27    0.47    0.03    0.03    0.32    0.53    0.14    0.64    7.42
PSATUVT    -26.23  -51.08    4.47    5.04    4.38    2.97    1.92    0.90    0.43    0.02    0.06    5.32   10.70    1.09    0.16    2.24    8.68    8.28    3.00    3.41    5.59    1.40    0.38    0.47    0.25    4.01   14.39    4.47   10.82    7.07    1.04    0.09    0.23    0.28    0.05    0.01    7.79    0.69    0.16    0.69    0.61    0.05    0.44    0.57    0.30    0.14    8.73
PSATBSM    -24.19  -53.74    0.46    2.13    3.74   10.72    1.03    0.01    0.00    0.00    0.28   26.72    5.43    1.18   11.06    5.41    4.81    6.31    2.19    3.68    6.95    0.75    0.07    0.44    8.32    6.59    8.45   14.25   14.34   19.79    0.02    0.48    0.01    0.00    0.06    0.52    1.46    3.38    0.58    0.36    0.12    0.04    0.09    0.07    0.21    0.10    1.13
PSATFLE    -22.97  -54.56    1.14    7.08    5.20   10.32    1.01    0.04    0.00    0.00    0.31   31.53   13.73   22.07   15.31    9.33   14.92    6.92    5.79   16.37   10.61    0.84    0.00    0.01   31.93    8.66    8.75   16.48   21.74    8.83    0.00    0.01    0.06    0.00    0.26    0.59    2.53    5.46    0.12    0.37    0.69    0.93    0.17    0.03    0.30    0.10    0.57
PSATITP    -25.42  -54.58    0.22   11.92    7.96   12.36    0.51    0.05    0.00    0.00    0.36   32.62    9.76   11.64   16.80    8.79    9.44    7.87    5.49   12.58    8.05    0.59    0.01    0.29   16.85   10.70    9.64   13.39   16.66   17.17    0.02    0.32    0.06    0.01    0.08    0.49    2.82    5.02    0.25    0.13    0.29    0.37    0.17    0.10    0.30    0.30    0.67
PSATIVM    -22.38  -53.53    2.15   14.24    6.51   13.91    1.59    0.01    0.00    0.04    1.10   18.27   15.89   20.79    7.17   13.95    9.80    5.25    3.88   12.59   10.88    4.33    0.28    1.74   17.52    6.80   16.51    9.99   19.85   12.10    0.01    0.04    0.06    0.42    0.47    1.87    5.21    5.21    0.06    0.31    0.65    0.88    0.30    0.03    0.42    1.10    1.15
PSATPTQ    -23.18  -53.17    0.65    2.10    3.94    9.89    0.22    0.01    0.00    0.00    0.51   22.93   13.57    4.35    4.52    5.65    6.36    5.92    3.49    6.91    6.54    0.60    0.24    0.58   10.92    8.52    8.96   14.20   16.00   16.97    0.07    0.30    0.00    0.01    0.26    0.43    4.07    2.57    0.20    0.41    0.44    0.18    0.11    0.12    0.05    0.27    1.19
PSATCBI    -17.99  -48.54    4.23    6.16    5.81    6.89   15.67   25.35    8.55    5.76    8.29    8.97    7.56    8.25   16.48   21.41   11.52    4.37   13.27    6.53    7.20    6.03    7.30    0.43    1.41    5.78    4.53   10.72    1.83    8.16   11.90   10.13   14.58   14.66   19.19   15.99   13.38    6.57   10.13   16.52    9.85   14.82   12.83    8.48   10.22   10.14    6.64
PSATCBIV   -16.15  -48.67    4.07   10.78    7.87    6.48    5.97   22.50   13.77    8.66   11.32    8.32    3.26    4.32    7.45   12.18    2.33    3.80    9.43    6.23    8.83   10.77    1.55    0.76    1.63    5.40    6.33    5.13    0.76    9.75   10.60   12.56   23.03   16.45   16.08    9.11    6.08    4.77    4.78   12.05    8.87   11.40    9.14    7.94    3.69    6.35    6.22
PSATEMB    -18.45  -47.98    8.40    2.04    6.90    6.84   24.11    7.80    0.43    0.92    1.83    3.16   14.58   13.16   28.33   45.22   24.10   12.83   10.65    3.37   10.18    5.90   11.54    1.85    1.36    6.23    4.94    9.82    8.08   10.48    7.43    6.07   10.37   10.42   10.79   12.46   17.51   30.22   23.04   19.33    2.90    6.25   26.68   23.86   25.53   12.97    7.74
PSATIMBR   -18.42  -49.10   11.20    4.34    2.83    8.60   26.42   11.55    0.62    1.82    3.39    5.61   12.56   15.85   20.45   35.36   20.96    8.95   14.92    6.55    8.96    6.89    8.80    1.08    4.62    8.23    4.42    7.89    7.36   12.79    9.19    5.33    6.81    9.09   11.22   20.78   22.84   24.76   28.45   19.62    4.06   10.51   20.98   22.68   19.50   10.63    7.55
PSATNPTE   -19.13  -47.70    8.16    2.57    4.13    5.96   20.75    0.79    0.01    0.50    1.62    1.10    6.96   13.03   24.22   28.10   16.41    9.14   10.16    5.93    8.60    9.49   11.47    4.28    3.56    8.84   12.17   12.33   10.79   11.68   10.82    4.59    4.48    4.80   10.74   12.78   15.66   20.04   34.65   28.99    2.91    5.31   11.67   18.97   15.08   10.04   10.69
PSATARV    -18.07  -50.16    4.22    6.10    6.04   12.47   24.88   19.13    8.00   14.37   17.94   10.56    7.27    8.92   15.97   25.22    9.98    8.75   10.67    7.97    7.34   13.81   13.79    1.24    3.57    7.00    6.42    7.78    3.95   10.31   14.03    7.95   10.60    7.06   11.11   15.31   14.01   14.92   23.67   11.26   12.03   11.53   13.27    7.69    5.74    7.25   10.10
PSATSFC    -18.05  -47.68    6.94    5.04    5.62    8.36   17.46   33.61    9.90    2.02    5.21    8.94    6.20    9.54   20.46   30.02   14.17    7.20   12.03    3.83    6.61    6.78    7.59    0.34    3.25    7.16    6.31    8.74    3.46    8.42   13.16   11.02   16.82   17.44   14.64   12.60   10.06   10.74   14.82   16.96   12.83   17.98   13.59   12.37   12.22   11.51    7.66
PSATSSM    -19.02  -50.50    6.66    5.21    5.53   14.23   17.20    7.79    1.28    3.54    9.69   11.65   14.94   17.76   21.81   29.57   18.82   11.45   11.28   10.52   13.41    7.75   11.98    2.55    5.50    5.65    5.19   12.81    8.25   12.55   14.73    3.58    5.38    6.22   15.92   21.47   25.72   27.01   34.75    9.53    4.10   10.58   14.12   22.13   16.55   14.55    9.93
PSATCNI    -22.94  -50.52    0.70    1.07    4.69   16.58    0.21    0.00    0.03    0.00    0.77    3.39   22.48    2.03    1.95    1.21    9.70    6.55    1.24   11.32   20.26    5.67    0.64    5.81   18.47    8.04   11.19   15.83   23.63   21.83    1.68    0.08    0.67    0.60    1.33    2.60    4.01    0.42   16.29    0.45    0.76    0.94    1.38    1.07    1.19    1.45    0.48
PSATCPV    -22.65  -51.33    0.51    1.23    7.90   19.01    0.19    0.00    0.01    0.00    2.49   11.81   26.68    0.36    1.83    3.74    7.15   10.12    2.14    4.88    6.02    1.11    0.65    2.63    8.85    6.87    8.83   19.30   20.59   19.52    0.71    0.12    0.21    0.24    0.51    0.59    2.46    1.33    2.30    0.26    0.61    0.50    0.18    0.18    0.44    0.81    0.83
PSATCHT    -23.01  -49.73    0.09    0.06    8.21    6.35    0.35    0.06    0.01    0.00    0.63    7.16   20.80    0.39    0.26    1.35    4.64   23.94    0.93    2.90    6.48    2.30    0.80    0.27    5.37    2.28    7.87   24.44   28.59   11.95    0.94    0.02    0.19    0.04    0.24    0.78    2.12    0.84    0.31    0.60    0.77    0.45    0.11    0.19    0.20    0.73    0.34
PSATJUR    -23.22  -49.23    0.14    0.04    5.79    8.37    2.22    0.71    0.21    0.00    0.10    3.03   21.13    0.42    0.31    0.54    4.25   11.44    1.29    3.79   26.16   10.46    0.50    0.39    6.98    1.60    9.10   18.61   20.63   14.61    3.00    0.14    0.40    0.32    0.25    3.42    3.52    2.09    0.84    0.67    1.25    1.13    0.60    1.09    0.48    0.90    0.20
PSATMAU    -24.06  -50.71    0.42    0.27    3.88    2.97    0.61    0.04    0.02    0.00    0.26   10.02   17.77    0.11    0.02    6.31    5.72   12.40    6.23    1.67    8.86    0.75    0.12    0.50    0.35    5.66    8.78   12.70   16.78   11.07    0.17    0.07    0.02    0.00    0.12    0.34    5.40    0.38    0.04    0.36    0.48    0.04    0.02    0.07    0.10    0.27    0.70
PSATROS    -22.50  -52.87    0.53    4.72    7.82   15.49    0.22    0.00    0.00    0.00    0.93    9.90   22.87   12.12    5.04    7.33    5.32    3.68    2.89    5.95    5.25    0.72    0.35    2.84   17.86   16.62    9.27   20.35   18.33   16.48    0.60    0.14    0.05    0.30    0.24    0.75    3.52    8.09    0.48    0.27    0.51    0.58    0.23    0.09    0.37    0.80    0.71
PSATQMD    -16.21  -47.33    9.50    5.69    9.27   10.81    3.31   24.72   30.69    3.76    8.02    4.44    6.02    4.81   18.10    9.61    3.04    6.92    3.93    5.00    0.39    3.36    0.24    0.19    0.66    5.68    1.68    1.14   11.03    2.20   10.04   27.53   22.87   18.51   14.56    7.97    8.36    4.10    4.49   12.21   12.36   18.43    6.90    8.56    7.08    3.62   14.14
PSATRBX    -18.95  -44.76    2.82    2.73    4.05   11.23   26.41    0.19    0.02    0.02    0.12    0.44    2.99   22.53   28.51   28.58   26.78   19.82    9.93    5.41    7.37    4.68    8.02    8.81    7.72    9.57   19.72   21.50   20.49   19.47   14.76    1.46    1.96   10.80    4.10    6.85   13.05   12.49   11.47   63.72    3.14    4.15   22.62   26.30   15.10    7.01   11.36
PSATSFR    -15.93  -44.86    6.88    5.04    5.85    5.74   11.96   29.48   21.10    7.04    4.91    3.89    3.63    6.57   12.06   20.20   10.41   14.62    3.66    3.98    0.14    0.82    0.04    0.19    1.85    2.64    3.82    0.84    4.95    5.89    9.88   21.31   14.16   25.24   14.55    6.54   11.69   11.05   14.89   13.61   19.15   19.06   15.87   13.93   12.07    6.53   10.48
PSATSRM    -16.37  -45.07    4.47    2.63    5.01    6.81   23.83   14.57    3.58    2.52    2.91    1.26    5.11   12.71   27.67   29.42   21.11   13.21    6.15    3.98    2.74    3.50    3.69    0.78    1.63    7.93    6.19   10.53    9.38   16.59   18.05   13.15    8.70   19.05   11.81    7.06   17.36   20.62   11.02   20.06   10.56    8.28   27.36   33.48   23.03   11.31    9.77
PSATTMR    -18.16  -45.27    5.14    3.13    2.33    9.48   31.38    0.11    0.03    0.09    0.67    1.45    6.32   19.81   34.50   42.36   25.40   14.60    9.07    5.78   10.54    7.17    9.19    8.79    4.98   12.03   11.51   15.24   12.29   10.02   13.28    3.40    5.47    9.02    8.30   12.58   13.00   12.34   17.81   57.78    2.87    5.02   20.38   22.40   12.93   11.72   10.67
PSATBOQ    -11.35  -43.83    0.92    1.49    2.17    9.66   12.10    5.36   24.96   14.55    7.31    2.11    2.99    7.33    5.40    2.67    4.37    9.81    2.58    0.15    0.14    0.42    0.20    0.32    0.77    0.90    0.39    1.19    4.34    4.29    6.51    7.18   19.36    5.02    0.54    4.57    8.34    4.16    2.23   13.66   15.57   14.47   19.20   11.32    2.54    1.11   13.96
PSATBBO    -22.52  -48.55    0.53    0.62   14.18   17.93    0.71    0.27    0.10    0.00    0.06    1.78   13.40    1.48    2.65    3.59    5.83   11.21    2.70   10.22   45.20    8.22    0.90    1.38   16.61    7.49    6.91   13.38   22.21   34.70    5.71    0.05    0.58    0.88    0.59    6.21    4.03    1.87    3.75    2.93    1.50    1.28    1.81    2.78    1.17    1.98    0.48
PSATESZ    -23.46  -46.91    1.11    0.36    7.66   26.41    5.79    4.69    1.03    0.00    0.00    0.46   23.15    1.99    3.28    1.07    8.42   13.07    4.88   14.14   80.39    4.27    0.87    0.31    8.65    7.16    4.13   10.98    9.30   50.54   18.48    0.89    2.25    2.70    1.09    3.16    9.08   10.20    1.67    3.08    3.31    2.40    2.87    2.19    1.92    1.11    0.90
PSATIBT    -21.76  -48.99    0.55    2.31    9.29   13.99    0.23    0.00    0.02    0.00    0.44    2.61   13.68    1.13    1.16    0.78    7.15    8.85    6.58   14.76   27.35   10.20    1.00    9.20   14.47    4.61    7.88   19.26   20.53   25.10    3.51    0.08    0.43    0.75    2.03    5.62    3.50    0.50   37.45    7.36    0.90    0.94    1.93    2.20    2.23    1.98    1.27
PSATNAV    -21.12  -50.20    0.98    2.31    8.67   20.81    2.24    0.00    0.00    0.02    1.32    3.16   17.53    5.10    2.10    2.73   13.22   11.64   11.65   20.56   24.50   11.61    4.25    9.03   11.43    3.65    5.77   13.36   15.80   25.05    3.85    0.15    0.51    1.74    8.49    8.06    4.06   10.64   73.03    4.20    0.48    0.60    1.74    3.61    2.02    2.49    2.67
PSATSME    -13.40  -48.30    1.98    9.03    9.70    4.62    5.65   18.88   20.33   18.66   11.70    9.92    6.47    4.53   11.53   18.01    5.88    6.11    9.52    5.64    2.81    4.67    0.19    1.16    3.42   15.61    2.01    3.46    3.19    7.80   13.54    9.43   18.26   13.39   15.27   15.89   10.48    8.42    7.79   15.91    8.93   12.26   10.05   10.13    4.71    6.25    4.88
PSATBGR    -27.78  -51.20    4.63   21.13   19.44    2.74    1.40    0.31    0.07    0.02    0.01   48.98    0.50    0.51    0.15    6.72    5.32    5.91   10.31   12.05   14.48    0.50    0.31    0.10    0.65   15.48   10.70    2.42    3.94   10.29    0.16    0.01    0.16    0.09    0.01    0.60   14.23    0.02    0.00    0.01    0.02    0.06    2.28    2.54    0.03    0.35    7.56
PSATCNV    -27.60  -51.33    4.97   18.03   16.26    2.15    1.07    0.74    0.49    0.12    0.00   18.73    0.47    0.70    0.04    7.45    4.39    7.42    5.93   15.54   10.91    0.38    0.47    0.29    0.65   21.19    6.67    2.64    7.19    6.62    0.29    0.01    0.24    0.30    0.07    0.00    8.44    0.07    0.02    0.06    0.11    0.03    1.76    1.57    0.12    0.40   14.03
PSATFCH    -27.14  -53.04    0.60    9.63   16.85    0.87    0.06    0.00    0.00    0.00    0.01   33.33    0.00    0.00    0.03   10.95    1.81    4.99   12.83   10.16    7.75    0.40    0.02    0.00    0.12   15.72   10.59    0.70   10.83    6.50    0.00    0.00    0.00    0.00    0.00    0.00    3.81    0.00    0.00    0.00    0.00    0.00    0.03    0.02    0.00    0.38    5.83
PSATITA    -27.27  -52.38    3.78   16.89   13.51    2.81    0.52    0.15    0.08    0.00    0.02   20.10    0.23    0.04    0.32   11.88    2.92    5.49   10.45   11.28   10.21    0.19    0.04    0.08    0.56   14.57    7.08    2.00   17.72    7.84    0.10    0.01    0.00    0.02    0.01    0.07    5.65    0.02    0.00    0.01    0.02    0.01    0.31    0.27    0.01    0.78    7.40
PSATMCD    -27.52  -51.78    1.39   13.83   17.45    1.80    0.12    0.00    0.00    0.00    0.02   32.09    0.01    0.00    0.55   20.15    2.69    2.28    7.84   12.60   16.10    0.30    0.00    0.00    0.05   19.62    4.30    1.14    8.12    4.73    0.00    0.00    0.00    0.00    0.00    0.23   10.09    0.00    0.00    0.00    0.02    0.02    0.44    0.08    0.00    0.49    7.13
PSATMOJ    -27.35  -52.73    1.35    8.28   15.49    0.70    0.28    0.00    0.00    0.00    0.17   40.34    0.00    0.00    0.89   24.04    1.53    0.43   16.82   15.81   19.33    0.20    0.00    0.00    0.02   12.79    7.60    0.73   11.44    0.72    0.00    0.00    0.00    0.00    0.00    0.46    5.75    0.00    0.00    0.00    0.02    0.00    0.02    0.03    0.00    0.55    6.87
PSATQQX    -26.66  -52.54    2.04   10.83   13.24    8.06    2.64    0.00    0.00    0.00    0.05   21.13    0.42    0.00    0.90    6.80    2.89    6.45    4.60   14.57    7.93    0.08    0.00    0.08    0.82   10.86    6.88    3.65   19.88   11.17    0.08    0.18    0.00    0.00    0.00    0.02    3.71    0.37    0.00    0.00    0.00    0.00    0.20    0.15    0.15    1.08    5.89
PSATPSJ    -28.14  -55.05    4.97   17.26    6.74    0.47    0.01    0.08    0.00    0.00   13.95   40.49    0.00    0.00    1.71   15.13    0.49    0.06    9.94   53.32    5.89    0.06    0.00    0.00    0.69   21.40    0.31    0.05    2.28    0.15    0.00    0.00    0.00    0.02    0.00    4.27    5.67    0.00    0.06    0.00    0.00    0.00    0.02    0.00    0.01    0.46    2.81
PSATESP    -18.68  -51.87    5.78    1.38    5.15   13.45   13.71    4.39    1.89    3.08    2.49    2.00    8.61   15.15   17.09   25.54    6.39    3.27   20.03   10.35   17.24    7.20   23.71    2.47    1.43    1.80    2.87   11.90    9.92   11.35    8.36    8.85    3.63    5.43    5.31   10.99   10.07   64.27   15.44    5.19    5.22    8.27   16.51    7.02    8.58    7.32    3.66
PSATSRC    -19.16  -50.76    5.47    2.95    6.95   18.50   19.63    3.20    1.99    4.37   10.14    4.60    9.56   12.09   14.59   17.79   14.52    6.60   21.63    9.71    9.36    7.73   27.03    8.20    2.00    3.41    2.45   13.14    9.89    9.70   10.46    6.67    3.11    6.76    8.97   17.93   19.89   53.04   22.13    3.78    3.26    7.30   17.44   11.97   13.99   11.11    8.11
PSATFRCL   -19.12  -50.64    4.86    3.07    7.37   17.64   21.68    7.06    4.44    6.63   11.82    6.00    8.12   10.37   16.62   18.38   22.45    6.38   15.97   13.66    7.86    9.27   22.10   10.27    1.15    5.41    2.02   17.73    8.51    7.89   11.46    2.79   10.20    7.67   11.45   13.96   16.22   42.63   32.18    6.52    6.04    7.31   16.51   14.85   10.97    8.72   11.97
PSATISOT   -20.40  -51.35    3.48    3.97    6.67   24.35   12.66    0.24    0.15    0.88    5.02    4.69   19.27   15.86    7.74    9.83   22.73   21.06   15.60   19.29   21.83   10.46    9.28   12.13    7.79    7.66    5.09   21.51   15.18   17.88    8.37    1.33    2.17    5.81   10.02   17.28   26.26   37.90   24.24    1.26    0.80    2.37    5.57    9.43   14.72   13.57    3.69
PSATJUP    -20.86  -51.63    3.57    7.23    4.86   24.65   13.97    0.59    0.10    1.57    2.89    3.65   14.22    9.96   11.07   13.98   18.48   14.18   10.31   10.87    8.59   10.31    9.05   12.93    4.33    9.03    8.56   17.96    6.63   10.94    6.40    2.56    2.83    4.34    6.19   17.37   26.24   45.02   14.09    0.76    1.10    3.24    6.12    6.29   13.48    9.61    3.32
PSATSDG    -20.06  -53.18    3.50   13.41    3.81   22.45    6.05    0.11    0.02    1.39    1.64    2.41   11.82    7.62   10.22   17.45   12.07   13.06    6.67    7.41   10.05    8.61    4.57    7.12    4.74    9.13    9.36    9.07    4.88    9.45    8.49    0.25    1.16    3.10    7.21   10.83   20.17   36.29    6.35    0.85    1.34    4.31    2.95    4.66   10.12   10.58    3.83
PSATFZBT   -21.66  -52.87    4.15   16.77    4.21   20.30    3.17    0.02    0.00    0.21    1.19    3.13   18.59   17.08    4.17   14.57   12.25    8.30    6.21    6.30    8.74    7.29    2.50   11.09    4.92   12.58   16.88   10.47    9.17   11.20    0.90    0.07    0.16    1.36    3.29   11.45   18.24   12.05    1.23    0.23    0.60    2.36    0.77    1.13    3.07    3.77    3.22
PSATPPRA   -22.46  -52.91    1.20    7.38    5.33   20.13    3.44    0.00    0.00    0.09    1.06    3.71   19.69    7.79    1.70    5.39   14.51   10.69    6.62   12.75   20.42    6.95    3.26   14.11   14.68   14.67    9.97   16.80   12.76   17.58    0.82    0.24    0.63    1.38    2.41    6.49    7.51   14.51   22.54    0.43    0.37    0.76    1.13    1.61    2.53    2.37    1.38
PSATBTE    -13.69  -50.80    1.28    7.49    8.07    7.19   17.38   18.51   13.26   32.25   25.68   12.58   13.45    8.03   10.99   20.66   13.63    8.29   11.02    8.55    9.67    9.25   11.64    1.53    3.81    5.19    3.37   10.26    9.10   16.11   13.61   11.68   13.80   12.00    8.39   19.12   10.63   23.50   18.73   14.18   12.23   15.52   15.13    8.10    6.53    4.22    5.59
PSATARAG    -8.27  -49.26    3.08    7.46   10.07    4.91    8.53   18.61   19.60   20.06   11.14   13.87    8.85    4.19    7.36   10.87    7.07    7.49    5.73    3.20    2.58    1.35    3.02    2.42    2.17   10.45    2.07    7.82    6.26    7.23   15.19   15.72   14.51   12.71   11.64   14.86    8.75    8.63    4.20   16.43   20.81   17.60   15.86    9.48    6.82    3.24    6.86
PSATLAJ     -9.76  -48.37    4.91    8.70   10.72    7.60    5.98   12.54   15.40    6.81    8.33   10.12    6.15    3.71    9.74   13.23    7.63   10.90    6.08    2.67    0.37    0.14    0.25    1.18    1.59   11.45    1.72    4.92    9.14    4.18   12.56    8.45   19.67   20.81   10.44    9.44    6.97    9.02    6.85   18.03   13.77   17.55   16.53   10.40    3.37    5.43    9.95
PSATPTRL    -9.31  -47.39    1.18    3.76    5.07    5.29   11.70   10.38   12.71   12.96    9.45    6.47    3.57    8.17    7.51    7.61    6.98   12.50    5.70    0.94    0.18    0.18    0.41    1.59    1.75    2.99    7.25    8.63    9.85    6.39   11.17    6.12   15.24   17.83    8.46   12.41   11.59    9.69    5.99   13.97   26.08   15.75   14.17   10.68    4.34    1.60   20.88
PSATLJET    -7.33  -47.48    1.17    4.30    4.34    3.74    4.12    5.32   13.88    8.50    6.09   10.57    3.25    2.04    8.57   11.44    9.85   12.09    6.19    2.51    1.22    0.88    1.71    3.05    1.50    8.06    8.37    6.67    3.12    6.23   12.40    5.51    8.56   13.82    7.94   10.32   14.38    8.45    7.23   11.91   18.41   18.52   11.53    5.92    6.05    6.66   14.05
PSATUCR     -3.83  -49.65    4.11    3.84    3.66    6.39    2.52    2.91   13.58    8.54    5.69   15.28    8.09    4.02    1.84    5.78    4.73    5.97    2.74    1.56    0.34    0.36    0.84    1.25    1.89    6.05    6.94    9.36    3.44    8.52    7.83    6.87   10.56   10.56   12.36    7.79    6.74    7.89   12.64   12.72   22.22   21.90   12.80    4.90    8.92    4.90   11.82
PSATXIVJ   -29.07  -51.67    3.55   24.06   18.25    0.93    0.05    0.03    0.00    0.00    0.38   51.17    0.01    0.00    0.14   10.76    3.05    4.46   14.27   15.08   13.13    0.77    0.00    0.02    0.12   13.14    1.05    1.43    7.78    5.42    0.02    0.00    0.02    0.00    0.00    3.97   11.66    0.00    0.00    0.00    0.00    0.02    0.50    0.06    0.00    0.21    2.11
PSATDFRC   -29.45  -53.28    9.88   15.63    6.92    0.07    0.00    0.04    0.00    0.00    5.07   34.36    0.00    0.07    2.68   28.88    0.60    0.91    7.73   44.28    3.11    0.14    0.00    0.00    0.24    5.88    1.50    0.38    0.85    1.43    0.00    0.00    0.02    0.05    0.00    7.59    3.54    0.02    0.01    0.00    0.00    0.00    0.05    0.00    0.00    1.14    1.22
PSATREAL   -29.02  -53.19    3.40   11.00   15.28    0.23    0.04    0.00    0.00    0.00   12.20   62.58    0.00    0.00    0.57   28.06    1.12    1.41    8.37   33.05    9.06    0.29    0.00    0.00    0.28   13.29    0.82    0.24    4.08    1.07    0.00    0.00    0.00    0.01    0.00    6.63    7.15    0.00    0.00    0.00    0.00    0.02    0.05    0.00    0.00    0.62    4.75
PSATCTAV   -29.01  -51.39    8.09   24.38   23.81    3.76    1.68    0.19    0.00    0.00    0.00   54.77    0.38    0.43    0.54   13.48    4.95    4.50    7.20   12.96   11.66    0.99    0.04    0.06    0.60   17.09   15.61    2.44    8.58   15.76    0.20    0.00    0.12    0.06    0.00    6.10   12.24    0.09    0.00    0.00    0.00    0.05    1.51    0.65    0.03    0.20    7.67
PSATERNT   -28.56  -52.54    1.63   12.97   18.37    0.93    0.17    0.00    0.00    0.00    5.06   69.90    0.00    0.00    1.67   26.94    1.27    1.48   14.72   19.25   16.81    0.31    0.00    0.00    0.05   19.01    4.73    0.40    8.54    1.05    0.00    0.00    0.00    0.00    0.00    1.57    7.81    0.00    0.00    0.00    0.02    0.00    0.09    0.02    0.00    0.56    4.50
PSATSTPL   -27.14  -49.52   10.00   10.84    9.11    0.50    3.82    1.81    1.37    0.45    0.00   12.54    2.25    1.12    0.12    6.88    5.21    5.71    5.11   11.76    6.63    1.84    0.64    0.66    0.83   19.35    7.02    1.40    7.66    5.25    1.41    0.04    1.19    1.33    0.42    0.00    9.42    0.23    0.04    0.26    0.46    0.16    2.83    1.45    0.69    0.14   21.33
PSATCVCH   -25.14  -48.87    0.31    0.78    2.70    2.95    2.03    1.40    0.71    0.01    0.01    3.11   15.82    2.24    0.45    0.71    3.50    6.99    1.79    3.98    3.85    1.51    0.50    0.26    0.03    1.83   12.73   11.81   21.48    7.51    2.96    0.37    0.67    0.31    0.00    0.40    6.59    1.71    0.55    1.31    2.29    0.06    0.03    0.18    0.52    0.03    1.07
PSATAMY    -12.60  -69.12   14.23    8.80    6.74    6.48   12.04   10.58   13.88    4.85   11.76    9.55   16.71    9.85   12.02    6.19   13.25    4.44    9.94    6.90   18.05    8.54    3.87   13.59   11.98    8.87    7.79   17.23   12.47   16.74   19.71   21.40   26.49   27.72   13.10   27.37   49.51   45.70   13.08    7.17    3.49    3.60    8.79    6.45    8.99   17.15    9.58
PSATGJR    -10.73  -65.35   10.65    8.62    6.77    9.94    3.58    3.05    4.76    2.43    2.82    9.33   22.79    4.18   11.42   12.44   10.91    5.30    2.11    3.00    7.60    6.06    3.43    5.58    9.66   13.90    9.22    8.41   13.44   19.33   10.11   22.37   33.11   16.77   13.09   28.17   40.48   31.14   20.83   10.71    9.42    8.67   12.07    9.50    9.50   12.76    8.76
PSATPRNC   -12.43  -64.43   11.40    8.02    7.41   19.63   12.70   11.55   10.16    5.30    1.73    2.34   15.46    3.71    4.83    8.40   17.55   11.01    5.58    9.55    8.96   10.93    4.33   10.30   14.36   15.62    3.34    7.81    9.44   19.00   13.89   12.55   20.58    8.25   17.59   24.78   34.01   25.35   15.57    6.45    4.00    7.26    8.16   11.51   10.53    9.83    4.40
PSATSANT    -8.87  -63.97    7.61    3.70   10.74   11.60    7.30    8.43   12.53    4.58    3.15   12.69   13.32    2.72    7.53    2.24    6.63   14.50    3.18    8.96    8.49    4.30    4.78    7.52    2.96    3.84    7.81    9.82    9.99   11.23    4.19    1.58   13.99   11.07   11.92   12.49   20.76   10.75   20.73    3.51    8.90    2.45    7.19   10.73    4.89   10.21   13.03
PSATDARD   -10.16  -59.46   11.49    7.25    5.14    5.55   12.44   13.33   18.48   11.00    6.43    8.95   15.50    6.34    5.19    6.82    9.67    8.47   15.40    9.67   14.49    2.51    0.83    1.36   25.43    5.00   13.44   29.12    6.98    6.18    6.86   20.39   18.04   30.82   27.37   13.26   12.89    7.84   12.92   13.90   10.76   11.93   17.44   13.32   14.73    4.05   11.25
PSATGUAP   -15.12  -58.96   15.39    7.70    3.57   26.06    2.99   17.88    3.44    3.33    1.32    4.90   13.24    0.42    8.15    9.22   19.73   24.20    2.29   19.09   10.27   18.89    4.09   16.53    1.46   14.95    8.03    8.67   21.48   13.76    5.37   34.82   19.01   22.13   42.36   27.65   28.44   15.99    2.04    5.98    2.41    5.16    8.70    9.00   12.54    9.16    9.03
PSATJIRA    -9.25  -64.65    8.82    4.42    7.57    9.97    9.82    6.93    8.52    4.31    4.09    4.32   13.26   14.44    5.68    4.33    7.80    6.74    4.48    5.14    9.77    8.11    4.92    9.82    9.71    6.62    9.59    6.68   11.49   11.11   11.04   13.58   20.63   25.21   12.47   17.70   31.34   30.07   13.62    9.49    5.16    4.20    8.52    6.99   13.50   12.61   10.96
PSATROND   -11.99  -60.70    3.16    4.44    4.47    8.33   19.52   11.03   14.65    4.92    4.47    3.91   15.64    7.96    0.82    4.09   14.09    9.92   16.19   10.15   10.80    5.05    1.91    2.06   19.15   12.42    5.34   21.73    0.73   10.56    7.45   10.99   16.66   16.33   17.85   13.95   16.02    8.54   13.89    9.28    2.26    8.45    5.37   14.68    4.61    6.77    2.44
PSATSAMU    -8.75  -63.45    3.00    4.25    8.91   10.33    8.08    7.62   19.02    7.55    6.29    9.92   17.37    4.71    2.68    2.17   15.69   13.07   10.42   16.78   10.65    8.46    1.38    5.03   12.19    4.19   11.17   15.53   16.52   13.46    6.92    5.02   15.67   10.18   12.25   13.28   21.33    7.72   17.31    5.48    7.30    3.94   11.32    8.98    2.27   14.90    7.70
PSATBALB    -1.92  -59.47    8.39   16.65    6.86    5.69    7.53   14.80    7.37    7.32    1.30    4.36    3.77    1.83    8.15    5.71    3.74    2.34    3.17    3.42    2.98    3.22   49.46   23.00    2.76    8.92    2.35    7.27   20.85   21.01   13.66   10.99   10.75   16.80   21.66   16.87    5.45    3.74    4.77    7.61   13.75    9.47    6.26    7.21    2.05    7.52    7.32
PSATCUNA    -2.82  -54.30   15.32    2.21    0.75    7.64    2.66   12.62    9.95    2.52    2.70    3.49    9.13    5.24    1.94    1.91    1.61    0.43    1.43    1.41    0.93    0.93    0.97    1.28    1.10    2.69    3.64    0.73    0.39    2.74    9.06    1.81   16.27   14.23    4.69    4.84    4.79    6.39    6.33   18.69   20.29   15.25   22.72    4.37    8.70    7.69   10.83
PSATJARI    -0.65  -52.52    0.37    0.45    0.25    0.59    0.73    1.23    4.91    2.39    0.69    0.70    0.86    1.06    1.74    1.43    2.18    1.85    1.02    0.43    0.40    1.07    2.00    0.69    1.61    1.45    1.53    1.36    8.99    4.51    1.62    1.77    2.12    1.22    1.11    4.20    4.57    1.72    1.38    7.10    7.48    8.91    1.70    6.37    5.53    7.47    6.07
PSATFGOM     0.86  -51.20    1.43    1.41    0.99    1.27    1.77    1.24    6.89    7.30    1.01    1.95    1.53    3.90    2.74    1.47    2.23    2.07    1.82    1.00    0.66    0.98    1.44    0.66    2.86    2.12    1.74    2.01   10.46    5.04    2.28    2.02    1.52    1.92    1.79    7.88    5.54    7.25    2.97    6.66    9.67    6.80    1.78    9.95    9.25    9.33    8.31
PSATUBE     -6.75  -43.57    0.61    2.90    1.64    2.42    5.69    2.38   13.00    9.45    7.61    3.25    1.53    8.10    5.14    8.04    6.53    8.76    5.10    0.89    0.51    0.31    0.58    0.76    0.64    2.03    2.29    3.08    2.30    6.40    8.83    6.39   10.62   12.00    4.39    9.51   10.49    8.58   11.78    4.35   15.46   19.79   14.92    6.73    3.27    3.34    2.93
PSATBSOR    -6.74  -52.00    4.29    5.12    8.15    4.35    6.53   17.37   20.28   24.95   14.56   10.78   15.03    2.42    8.64   10.42    8.65    9.83    5.85    2.72    1.83    0.69    0.69    0.88    3.06   10.61    5.47    8.07    8.55    8.99   14.37   18.99   19.91   13.50   14.38   16.48    9.36    8.50    3.91   15.63   16.05   15.14   16.35    9.65    7.63    4.62    6.80
PSATBESP    -6.75  -51.77    4.03    5.24    6.85    4.78    3.54    6.53    9.26    9.98    6.62   13.17   11.59    5.51    1.54    5.18    4.02    6.78    4.61    1.31    0.30    0.23    0.50    1.38    4.79    9.28    4.59    8.57   12.84    4.33    8.05    9.04   14.20   13.40   16.27    7.88    6.67    8.48    8.36   19.66   17.81   23.84   20.72    6.41    6.99    4.85    6.90
PSATPIME    -3.41  -51.91    7.31    5.20    4.12    5.38    4.69    7.27   10.64    8.35    4.11    8.51    9.83    3.34    3.84    3.76    2.83    2.43    2.67    2.28    1.15    0.49    0.60    2.33    2.60    7.60    5.09   12.77    5.78    5.88    7.38    7.70   17.60   13.40   12.05    9.29    6.83    8.13    7.11   15.01   20.05   16.13   17.24    6.83    9.40   12.03   10.06
PSATIRAP   -16.74  -42.57    4.88    2.06    2.43    5.67   22.04   16.48    1.29    0.43    0.48    0.12    1.29   12.14   29.33    7.99    2.79    8.52    4.87    0.93    1.70    1.95    0.99    0.22    0.75    2.24    3.22    5.39    3.82   15.35   13.97   18.70    9.70    9.23   10.51    8.76   14.41   17.49   10.39    4.52   12.69   10.08   23.93   20.22   17.30    7.10    6.31
PSATITBI   -15.97  -39.59    3.60    1.01    0.75    4.18   19.87   15.93    1.74    0.15    0.09    0.01    0.13    4.39   14.07    1.30    0.26    4.54    2.01    0.25    0.58    0.67    0.14    0.20    0.56    1.38    2.13    3.14    1.90   12.55   15.96   33.55   14.45    6.84    8.81    3.62    8.75   12.30   11.47    1.75   14.55   23.35   27.41   13.92    8.94    6.36    6.78
PSATCOLI   -10.98  -55.77    5.12    6.15    8.66    9.86    9.10   23.95   13.24   13.10   20.09   12.56   27.25    2.10    6.42   13.06   11.93    6.39    9.23    7.63    8.62    5.68    1.13    0.92    8.21    6.02   10.55    6.53    7.88   12.25   14.36   27.13   25.93   16.51   11.36   10.98   12.92   17.02    2.95   11.21   15.05   10.72   27.01   12.55    8.32    3.67    3.74
PSATSAEL    -9.19  -57.04   11.92    7.75    7.93    5.89    7.16    8.96   10.86   13.50   11.91   10.06   14.54    5.94    6.86    8.00   13.87    7.00    8.65    3.92    4.50    0.83    0.50    2.81    7.87   13.44   12.83    8.40    9.69    6.15   13.95   22.23   21.80   16.65   17.78   15.11   14.37    6.07    3.72   12.50   18.65    9.97   11.70   25.04    6.71    3.50    6.97
PSATITQ    -17.09  -54.83    5.35    5.77    6.21   18.03    8.94   11.10    2.18    2.45    7.76    5.86   16.59   18.27   11.35   16.74   18.63    4.88    9.70   13.78    3.33   13.76   18.60    5.95    5.94    2.59   10.04   18.24    7.75   15.46    6.90    6.39    7.26    8.86    6.88   12.60   29.43   56.49    7.57    8.28    8.00   13.08   21.90    5.36    8.14    5.91    5.18
PSATJAU    -15.24  -58.73   17.79    5.86    5.48   27.18    2.87   18.89    4.33    2.96    1.27    4.24   12.14    0.34    6.38   10.17   20.62   26.17    3.35   21.00    9.51   14.72    6.99   12.33    1.38   14.48    5.12    9.08   21.94   13.26    5.82   29.96   16.97   24.95   46.79   35.99   26.78   19.92    3.27    9.62    2.14    5.45    8.53   13.74   15.22    9.67    8.54
PSATMAN    -14.87  -55.78    5.91    6.24   11.48   11.28    5.36   25.51   10.98   11.56   20.47   10.04   14.11    5.17    2.31   17.65   11.89    4.09   11.86   15.99   10.64    7.89    3.27    1.14    7.37    5.25   14.23   10.26    6.85   17.77    4.29   14.25   16.01   10.91    7.50   16.69   28.70   14.25    4.12   10.13    7.70   11.77   22.41   12.61    5.47    2.67    3.45
PSATPTP    -17.61  -54.83    4.43    5.26    4.47   24.52    9.43    4.94    0.67    1.49    3.66    4.49   31.16   16.85    9.95   19.71   22.69    4.65    4.70   10.52    3.35   11.55   20.82    4.06    4.91    4.90   11.00   11.71   10.13   16.60    8.18    6.17    4.09    7.05   12.30   12.23   35.52   51.75    4.61   11.59    9.11   14.07   20.37    7.62    7.20    9.19    4.74
PSATSTCL   -17.90  -40.20    1.71    0.79    0.63    4.90   27.65   11.35    0.86    0.04    0.00    0.01    0.01    2.54   11.67    0.22    0.01    1.08    2.09    0.02    0.09    0.51    0.09    0.07    0.34    0.18    0.35    4.86    9.39   10.79   26.60   38.26   14.73   17.02   15.20    3.79    5.24   22.31    8.34    2.00   16.09    7.46   30.20   10.31    2.07    5.97   11.91
PSATPDC    -12.58  -39.00    0.45    0.37    0.46    1.17    5.03   22.20    8.65    5.75    0.80    0.46    0.94    1.10    1.04    1.06    0.52    0.17    0.28    0.73    0.75    0.11    0.09    0.54    0.31    0.02    0.00    0.09    0.14    0.86    1.16   30.35    2.73    0.88    0.64    0.66    1.06    1.85    6.38    8.31    9.08   22.71   12.34   15.59    3.55    0.99    0.70
PSATROSA   -20.92  -41.72    1.93    1.68    1.61   18.20   32.29    3.92    0.21    0.02    0.00    0.02    0.09   17.62   12.50    5.46    1.59    8.91   17.12    4.76    4.45    4.91   14.02   20.58   18.59   19.05   23.54   26.96   31.84   10.17   16.41    3.26    4.94    7.52    6.24    2.14    5.73   15.62    1.21   13.29   10.36    1.40    7.54   36.13   21.73    7.38   15.14
PSATCAN    -20.21  -42.85    3.70    2.33    6.23   17.72   22.89    0.95    0.06    0.12    0.06    0.02    1.02   17.03    9.56   17.68   14.13   18.37   14.37   10.48    6.64    3.81    9.30   15.73   19.76   15.84   33.59   36.07   25.43   12.74   18.35    0.48    3.89    6.63    2.09    6.87    8.62   13.90    4.48   30.79    6.18    0.98    2.86   23.99    7.38    5.64    8.62
PSATSAC    -19.64  -42.85    3.43    4.02    6.39    8.26   28.77    0.35    0.00    0.17    0.06    0.00    0.92   23.85   25.58   19.36   20.57   15.51    9.97    5.56    8.68    2.07    6.18    5.00   10.49   15.19   23.21   28.39   23.76   18.06    9.87    1.51    3.00   22.72    3.67    5.33    6.76   16.11    6.50   71.48    8.82    0.65   10.07   41.40   14.46    3.91    8.91
PSATPES    -19.12  -42.66    2.62    1.45    4.45    8.97   23.55    4.10    0.63    0.35    0.03    0.00    0.34   25.43   33.92   13.60   11.15   13.90    8.73    2.63    6.30   10.15    8.42    2.20    3.04    9.98   15.99   23.76   18.62   16.60   14.00   12.71    3.62   21.44    7.29    8.60    7.83   18.40   10.35   35.57    8.87    4.31   22.33   34.57   27.28    7.34   10.46
PSATMAS    -19.50  -40.92    2.83    1.01    2.68    9.86   25.93    3.56    0.16    0.09    0.07    0.03    0.05   18.38   15.02    2.07    1.79    9.01    6.68    0.84    1.77    4.29    2.28    3.05    4.79    7.44   14.77   32.04   18.42   22.07   17.39   13.71   10.49   16.25    6.35    4.99    8.29   14.49    4.21   20.53   13.86    2.27   17.97   35.93   20.49   11.90   14.58
PSATSBR    -23.37  -45.87    1.83    0.88    5.71   32.72    7.75    6.42    2.16    0.02    0.00    0.10   16.11    4.70   14.38    7.97   12.29   15.74    9.57    7.39   34.98   44.05    2.90    3.70   10.14    6.74    5.07   11.56   14.84   47.78   48.07    1.54    3.11    3.61    1.89    1.79   11.38   10.25    1.82    4.43    4.18    2.12    3.46    3.74    1.80    1.15    1.61
PSATJAG    -23.20  -46.03    1.03    0.27    7.19   26.99    3.39    2.20    0.86    0.00    0.00    0.60   16.56    4.11    6.48    5.31   11.31   17.24    2.26   12.24   51.36   16.20    0.73    1.24   12.08   10.44    3.78   16.11   14.37   48.58   31.13    0.76    1.86    2.56    0.89    5.10   10.04    5.16    1.37    2.32    2.99    1.71    2.75    3.14    1.28    1.19    1.13
PSATFUNI   -22.53  -44.57    1.18    0.72    4.29   26.09    3.00    2.06    0.83    0.00    0.01    0.55   13.41    5.97   15.84   11.12   13.47   17.07   11.53    8.72   31.83   31.33    4.90    7.05   11.99    9.53    8.70   18.38   19.73   30.37   25.18    0.54    1.74    2.53    1.14    2.70   12.17    4.34    0.97    3.12    5.49    3.27    4.55    4.08    2.46    1.97    1.68
PSATSACE   -22.48  -43.84    2.54    2.05    1.96   43.86    7.36    4.89    1.26    0.00    0.00    0.03   11.95    8.13   16.91   58.02   13.06   30.04   75.94   35.37   18.62   51.64   15.03   13.62   15.81    9.14   12.65   22.74   26.84   17.85   31.49    2.55    1.72    3.36    0.70    4.99   15.75    3.77    1.54    4.00   12.82    4.79    6.52    5.45    6.26    0.92    3.25
PSATPIC    -21.91  -43.54    1.95    5.84    0.71   30.22    4.25    1.99    0.37    0.06    0.04    0.05    3.67    5.04   13.78   58.46   11.96   36.88  124.13   52.06   18.49   13.89   13.60   14.56   14.24   12.18   15.56   28.17   19.29   15.11   14.04    0.49    2.32    4.43    1.95    8.18    8.58    3.14    1.40    7.54    4.09    3.51    8.58    4.88    3.66    1.37    3.51
PSATSOGI   -21.94  -43.36    7.88   12.98    1.91   23.12    3.80    1.29    1.63    0.10    0.05    0.01    3.79    4.09    8.37   18.44   15.66   30.49   90.65   41.44   21.07    9.15    7.79   21.29   12.99    9.90   10.79   24.41   14.50   11.84   11.11    1.27    2.69    8.94    2.59    4.55    9.19    3.92    1.53    9.20    1.50    0.93    3.63    9.37    5.23    5.71    2.37
PSATIPSI   -21.84  -42.58    2.71    4.35    3.89   22.93    6.45    1.93    0.50    0.07    0.03    0.01    8.09    5.31    7.41   28.96   19.70   25.93   57.67   49.51   13.91   41.10   10.31   10.41   14.31    9.86   11.83   19.96   23.15   14.54   27.39    0.91    1.73    5.10    1.07    3.59   12.58    3.09    1.37    4.16    4.46    1.11    3.45    9.38    5.02    1.98    2.74
PSATTCLJ   -22.69  -43.83    1.90    1.13    3.51   33.37   19.60    8.38    2.44    0.00    0.00    0.00   30.70    4.98   12.69   58.07   16.27   16.04   51.51   42.16   11.90  112.56    2.96    2.82   11.57    4.64    2.72    4.00   22.13   20.48   48.92    2.29    2.14    2.99    0.55    1.80   12.33    9.61    3.85    1.31    8.88    1.28    1.95    9.31    4.30    0.46    0.58
PSATBIGU   -25.51  -53.67    0.35    3.31    9.64    8.03    1.51    0.02    0.00    0.00    0.11   24.48    1.94    0.03    4.41    5.45    5.46    4.84    7.88    5.07    7.89    0.28    0.00    0.14    1.44    8.57   12.27   10.80   16.43   10.27    0.03    0.26    0.01    0.00    0.00    0.20    1.33    0.73    0.29    0.04    0.01    0.13    0.09    0.04    0.19    0.37    2.49
PSATBRAU   -21.45  -42.41    4.16    4.17    5.87   25.14   10.23    3.15    0.73    0.01    0.02    0.00    6.12    5.27    7.22   11.58    7.18   17.96   26.73   14.78   14.03    6.88   11.60   27.31   17.06   15.37   25.99   34.26   20.75    7.30   11.43    1.72    1.37    4.36    1.01    6.00    8.70   10.80    1.50   11.54    2.13    0.30    1.36   16.53    7.91    9.48    4.07
PSATSUIC   -20.08  -40.58    6.17    1.26    1.45   18.25   32.22    0.68    0.02    0.24    0.14    0.08    0.00   13.96    3.18    1.34    0.47    2.75    3.23    0.03    0.17    0.67    3.81    7.29    6.29   12.15   11.87   33.87   16.91   18.65   13.92    1.13    2.66   20.81    5.89    1.80    3.39   13.67    0.43    8.64   17.58    3.51   14.50   64.18   15.66    7.42   13.79
PSATJRI     -9.30  -64.70    9.05    3.98    7.64    8.14    9.00    6.42    8.62    4.79    4.18    3.07    6.63   15.16    6.64    4.06    7.87    7.77    5.63    6.15   10.03    8.64    5.31   10.41   10.55    6.07   10.55    5.65   10.16    9.26   10.16   10.82   12.02   17.05   12.62   15.24   36.21   38.21   15.95    8.87    3.90    2.05    6.16    7.34   15.81   12.87   11.38
PSATBENI   -14.59  -67.53    9.71    5.50    8.12   14.16   11.46    8.99    8.07    2.35    4.19    8.60   31.47   11.41    3.97    4.98    7.45    3.84    1.74    2.40    9.04    7.03    4.15    8.07    7.43    7.94    8.33   10.72   15.83   17.32   15.10   22.48   46.29   49.29   12.21   24.13   23.91   11.32    9.31   10.38    8.83   10.45   15.38    6.86    8.84   13.89   10.18
PSATEPB    -12.42  -64.42   10.76    8.86    6.31   15.01    8.88    8.99    7.97    4.02    1.46    5.70   13.49    2.74    6.00   10.53   14.84    8.43    4.29    7.52    7.98    9.43    3.94    8.20   13.20   14.36    4.09    7.28    8.99   16.65   11.05   15.11   21.39    6.64   14.62   25.72   35.47   24.89   17.26    8.62    5.33    8.05    7.42    9.67    8.54    9.41    4.95
PSATEGM    -10.79  -64.35   11.11    7.76    7.86   12.00    4.88    3.13    5.45    2.98    3.53    7.55   27.77    5.74   12.35   11.20   11.88    6.47    2.42    3.14    8.42    6.33    3.65    6.50    9.13   14.68   10.47    9.17   15.51   22.18   12.22   22.94   36.20   21.98   15.22   28.33   41.04   33.71   20.29    9.88    9.77    8.02   14.38   10.95   11.70   14.45    9.77
PSATSTOA    -8.79  -63.95    6.79    4.03    9.93   12.13    7.12    8.17   12.70    4.69    2.61   12.23   13.44    2.71    7.53    2.26    6.55   14.37    3.05    9.61    8.58    4.20    5.02    7.44    2.98    3.84    7.58   10.52   10.09   11.72    4.10    1.18   13.11   10.64   12.11   12.78   19.61   10.14   20.49    3.44    8.95    2.38    7.27   11.34    5.33   10.46   13.65
PSATENC     -9.90  -66.62    5.57    4.75    5.15    8.68    9.48    3.35    9.89    7.75    4.39    2.70    1.84   18.21    2.09    4.97    7.87    8.31    5.61    8.08    9.09    4.91    3.96   10.22   11.92    8.24    5.04    1.41    4.19    2.65    2.52    3.20    4.08    9.65   11.13   11.21   14.47   31.69    8.55   11.78    2.66    1.94    1.50    2.58    3.89    4.32    8.77
PSATAMY1   -11.71  -70.63   12.03    7.95    5.23    4.64   16.81    7.29   15.73    2.58    7.80    3.22    9.46   10.35    8.78    1.53    6.47    3.47    9.01    7.93   13.02   10.97    5.44   15.22   13.00   10.81    6.63    9.76    5.33    8.66   11.99   11.09    7.28   17.48    9.92    3.77   30.29   83.19   16.24    3.96    1.66    1.19    0.75    2.27    6.97   18.41   12.20
PSATAMY2   -12.37  -71.17   14.87   10.61    5.10    7.96   10.40   12.74   15.64    5.11   11.65    9.07   21.21    9.30    9.33    4.16    8.41    5.35   11.27    7.03   23.11    8.99    2.19   14.73   11.95    8.30    8.79   15.61   11.15   13.74   20.94   19.61   16.65   27.63   13.73   20.52   46.69   46.97   12.79    5.91    3.28    4.15    4.84    4.61    5.98   16.57    7.22
PSATAMY3   -13.75  -70.18   16.76    8.75   11.25    6.88    9.10   12.22   10.41    7.13   17.90   16.00   20.92    7.94   21.56   12.76   29.50    4.92   11.75    8.32   15.76    6.46    3.50   12.46    8.98    7.57    7.72   29.14   19.66   32.58   29.54   24.71   50.62   32.73   15.12   48.61   51.95   13.58   12.03   11.37    4.71    3.93   15.20   12.71   12.32   20.29   11.33
PSATAMY4   -13.45  -69.47   11.09    6.14    5.67    5.55   14.11    8.21   12.23    4.24    8.79   10.62   10.65   12.21    7.55    8.11    9.77    1.92    3.94    1.75   17.04    7.17    5.28    9.82   13.78    8.85    6.22   13.63   15.93   10.81   10.37   37.99   44.03   35.46   13.27   50.65   73.71   18.95    9.38    7.95    4.79    4.57   22.15    7.05   11.33    7.41    6.15
PSATJRN    -13.37  -59.01   11.35    6.72    5.17   15.09    8.45   13.74    8.86    3.28    3.65    2.92   22.37    0.74    4.52    6.69   20.21   10.69    7.49   14.79   15.81    8.16    8.21   11.41    1.69    8.33    7.52   15.93   12.50   11.95    8.26   24.51   19.87   19.78   48.80   16.22   23.64   13.60    8.99    9.80    3.78    8.58   19.20   17.17    6.15    7.02    4.14
