PSATAGV    -19.89  -50.35   31.48   17.63    9.26    0.89    3.16    1.58    1.25    1.66    5.26    2.64    6.98    2.76    0.14    0.03    0.15    0.78    1.37   14.30   10.35    8.60    5.16    6.84    9.23    0.98    1.20    1.48    4.05    0.63    0.45    2.46   13.27    2.82    0.64    1.36    1.10   10.08   31.24    8.51    2.04    4.56   10.75    9.02    6.20    7.52    3.22
PSATCMG    -21.28  -44.63    8.81   18.79    2.25    0.00    0.00    0.45    0.66    7.44   17.82    7.03    8.48    1.35    1.11    3.69    3.40    7.04    0.94    2.58    5.13   12.43    6.64    4.92   16.62    5.37    1.53    2.00    7.03   14.24    5.72    1.77    9.06   21.30    6.16    7.70    6.35   22.45    0.56    1.51    0.93    2.68    3.06    0.57    0.46    0.03    0.33
PSATCES    -20.25  -48.16   17.94   23.18    3.54    0.29    0.09    0.13    0.35    3.07    6.90    2.17    9.36    3.75    0.71    0.55    0.25    0.91    0.62    3.00   20.07    8.94   15.16    8.01   11.90    1.81    1.26    0.26    2.42    3.77    2.15    0.63   12.52    3.73    0.96    1.48    3.17   21.49   10.13    3.52    7.36    4.54    6.42   10.69    1.64    6.04    2.69
PSATELC    -21.60  -46.95   16.65   16.68    3.35    0.83    0.07    0.92    0.18    0.69    5.03    2.78   10.51    2.42    0.27    0.94    0.29    2.07    0.30    4.74   12.74   13.22    6.29    5.12    9.12    0.91    4.03    0.47    3.93    2.16    0.99    0.24   14.51    5.13    1.51    5.60    6.09   22.85    7.31    3.61    5.32    3.04    4.65    4.69    6.32    5.95    5.30
PSATFUN    -21.14  -45.04    9.99   20.53    1.69    0.00    0.00    0.19    0.34    3.84   10.04    6.91   10.02    3.16    3.18    3.32    5.13    5.09    0.96    2.73    3.50   10.30    8.64    4.55   15.74    2.00    2.93    0.73    8.34    6.33    7.79    0.98    6.72   11.19    2.37    6.70    8.57   21.16    0.69    0.59    0.44    3.01    2.63    0.68    0.32    0.05    0.20
PSATFUR    -20.67  -46.32   13.54   21.60    2.17    0.08    0.01    0.51    0.37    4.74    3.73    3.45   15.31    2.34    1.60    1.58    2.12    3.66    0.90    3.18    6.92    7.25    9.78    2.27    9.53    2.51    3.03    0.40    6.38    6.24    3.90    0.62    9.03    4.75    2.04    6.50   10.53   23.33    2.23    1.04    1.19    1.56    2.30    0.96    1.32    0.84    0.70
PSATMRB    -20.30  -49.18   19.55   22.13    5.71    0.43    0.59    0.25    1.12    2.97    5.90    2.02    7.70    3.29    0.19    0.19    0.18    0.68    0.32    6.13   18.75    7.68    9.51    6.86   11.71    1.11    1.08    0.43    2.50    1.60    1.52    2.34   14.40    1.93    0.58    1.89    2.41   19.49   17.26    6.05    8.17    2.15    9.08   11.54    4.26    6.46    3.39
PSATPRG    -21.59  -45.67   16.52   17.32    4.01    0.14    0.12    1.95    0.18    1.83    6.22    2.90   13.84    1.80    0.19    1.97    0.68    7.89    0.29    0.69    7.98    9.18    0.74    1.73    6.25    1.47    1.67    0.78    4.40    5.29    2.80    0.27    6.04    6.92    1.18    7.62    5.71   20.41    2.58    1.96    5.00    2.89    3.83    1.26    2.03    2.60    3.08
PSATPAS    -21.02  -48.18   23.55   14.92    3.72    0.57    0.83    1.50    0.48    0.61    7.17    3.16   15.51    1.71    0.10    0.18    0.20    1.27    0.09    3.92   14.09    7.70    3.20    4.85    5.02    0.74    1.55    0.44    3.64    1.31    1.33    0.39    9.60    2.57    0.40    3.14    3.03   19.57   11.68    4.24    7.26    2.94    3.82    4.77    3.45    7.83   12.72
PSATPTB    -21.61  -45.49   10.95   17.51    3.94    0.00    0.01    0.38    0.47    2.93    6.70    5.01   12.14    0.83    0.41    4.45    1.24    4.18    0.42    1.15    5.69    7.69    3.20    1.92    7.70    2.27    2.23    1.03    5.04    9.62    3.14    0.37    5.20    5.30    1.94   10.00    5.68   24.96    0.71    1.45    1.36    1.92    3.22    0.81    1.13    0.35    0.61
PSATPTC    -20.00  -48.55   19.94   23.24    3.45    0.29    0.08    0.20    0.33    4.43    2.04    1.79    9.59    5.29    1.70    1.49    0.41    2.04    3.51    3.14   16.65    8.31   18.77    7.72   10.70    4.08    2.99    0.75   10.17    2.27    2.84    2.25   12.17    4.84    2.21    3.87    6.44   21.24    7.87    2.70    3.87    3.16    6.09    5.27    2.01    2.28    0.78
PSATFZA    -26.00  -51.65   17.62    2.27    2.12   16.12   22.46   13.03   10.12   25.80    3.13    6.75    1.70    0.01    0.00    0.42    0.02    0.00    0.26    9.96   34.52    9.00    0.76    1.36    1.76    0.85    0.31    0.33    0.14    0.02    0.07    0.27    0.27    0.26    0.29    0.82    0.41    0.00    0.43    3.85    5.07   14.54    8.86   10.74   24.29   13.62   14.83
PSATJSG    -25.78  -52.00    8.51    3.29    1.79   17.39   27.98   13.90   12.92   23.35    3.54    9.78    1.35    0.40    0.00    1.20    0.00    0.00    0.07    7.09   34.50    6.26    1.64    1.60    1.86    0.58    0.04    0.05    0.02    0.01    0.14    0.17    0.15    0.05    0.13    0.72    0.40    0.09    0.09    2.20    4.60    9.12    7.87   13.45   33.26   14.77   11.07
PSATSCX    -25.53  -53.48    4.13    4.65    1.47   22.38   28.63   17.15   13.17   20.53    5.85   13.73    2.13    0.69    0.06    0.92    0.00    0.00    0.97   13.53   47.00    4.74    1.50    1.15    1.36    0.59    0.01    0.00    0.00    0.00    0.34    0.04    0.10    0.03    0.03    0.28    0.09    0.02    0.03    0.61    5.65    8.29    9.63   25.17   30.83   13.64    9.96
PSATSCL    -25.49  -51.74   10.22    2.79    1.58   11.19   22.23   15.42   11.47   17.61    4.06    9.49    1.45    0.53    0.00    0.41    0.00    0.00    0.37    7.64   17.72    2.32    0.33    1.91    1.95    0.75    0.01    0.02    0.01    0.00    0.44    0.14    0.24    0.10    0.05    0.53    0.53    0.02    0.49    1.62    4.07    9.38   10.03   12.36   13.15    8.99   19.44
PSATUVT    -26.23  -51.08   13.85    2.01    1.95   11.88   21.46   12.88    8.92   18.69    1.39    3.95    2.63    0.16    0.00    0.28    0.13    0.01    0.11   20.24   21.78    9.09    1.19    1.39    1.55    2.51    1.80    1.48    1.04    0.23    0.31    0.50    1.55    1.01    0.79    1.76    1.38    0.77    1.08    3.99    6.98   15.05    3.98   11.26   15.30   11.09   18.29
PSATBSM    -24.19  -53.74    9.27    2.74    1.45   11.37   24.35   11.42    7.19    4.51    4.66   11.20    0.64    0.15    0.00    0.25    0.07    0.00    2.70    5.54   19.16    2.75    0.46    0.50    1.21    0.50    0.05    0.00    0.00    0.01    0.43    0.09    0.10    0.12    0.04    0.22    0.04    0.00    0.05    0.17    0.75    5.83    9.17   25.88   24.25   14.07   10.01
PSATFLE    -22.97  -54.56   14.42    6.37    1.90    9.64   21.41    2.91    4.47    1.58    5.34    8.68    1.03    0.01    0.01    0.25    0.32    0.12   11.39   19.15   22.33    3.25    3.26    1.51    2.05    0.06    0.08    0.00    0.00    0.04    0.79    0.21    0.00    0.09    0.01    0.02    0.18    0.01    0.00    0.02    2.10    7.08    9.35   21.82   17.22   21.91   74.99
PSATITP    -25.42  -54.58    4.28    6.24    1.22   14.02   22.60    6.41    7.08    2.91    7.55   10.73    0.95    0.00    0.00    0.14    0.33    0.12    8.45   20.55   23.79    2.04    0.98    0.69    1.24    0.31    0.09    0.00    0.02    0.07    0.24    0.15    0.01    0.07    0.02    0.03    0.01    0.00    0.02    0.10    0.74    8.45    6.89   30.99   29.58   17.49   21.91
PSATIVM    -22.38  -53.53   15.63    4.59    2.41    8.18   10.10    3.53    4.44    1.22    5.74    5.47    4.65    0.15    0.03    0.21    0.35    0.26    4.16   13.71   17.09    3.58    5.45    3.16    4.22    0.51    0.09    0.01    0.00    0.05    0.71    1.65    0.28    0.24    0.25    0.10    0.09    0.02    0.02    0.28    3.17    7.24    8.75   21.07   13.03   29.71   46.51
PSATPTQ    -23.18  -53.17   13.17    2.36    1.72    9.54   27.26    7.58    5.25    5.43    5.20    9.44    0.26    0.02    0.00    0.15    0.32    0.02    1.06    9.05   10.05    2.77    0.55    0.54    1.05    0.36    0.13    0.01    0.06    0.07    0.25    0.15    0.10    0.14    0.01    0.13    0.09    0.00    0.25    0.67    2.11    7.80   11.17   22.57   15.06   15.59   17.82
PSATCBI    -17.99  -48.54   14.26   15.28    4.06    0.43    0.01    0.01    0.03    0.18    0.10    0.01    0.90   13.71   11.62    7.89   11.80    6.36    5.60    8.42    5.25    8.96   17.34   15.42   16.97   21.55   25.69   21.61   29.93   47.86    4.65   11.33   12.82   20.05   17.14   18.93   26.22   39.02   27.63    6.46    0.30    3.04    4.28    5.99    1.25    0.36    0.14
PSATCBIV   -16.15  -48.67   14.12   13.20    3.63    0.73    0.03    0.05    0.02    0.28    0.13    0.06    0.82    6.03   15.03    7.88   13.53    3.94    5.86    7.17    8.59    7.72    9.90   14.61   12.12   23.35   16.26   15.43   20.66   73.23    3.73    8.39   10.77   19.95   17.70   14.97   24.20   49.75   29.34    3.39    0.94    5.94    4.88    2.14    1.75    0.92    0.22
PSATEMB    -18.45  -47.98   16.56    9.99    1.38    0.01    0.00    0.01    0.13    0.44    0.03    0.47    7.23   11.10    6.92    5.31    4.99    6.70    2.28    2.71    5.42    7.65   14.56   10.00   10.84   20.16   22.28   24.59  112.53   21.48    2.12    7.91   14.64   18.40   14.25   10.81   22.13   21.32   10.30    1.92    1.17    1.14    1.09    1.37    0.64    0.23    0.02
PSATIMBR   -18.42  -49.10   23.72   15.21    5.95    0.38    0.03    0.01    0.12    0.70    0.29    0.29    1.16    9.80    8.44    5.83    4.31    5.10    5.53    4.05   10.76    5.80   18.73    7.76   17.65   18.69   26.51   28.92  102.98   23.45    3.06    8.09    8.80   14.35   12.27   11.35   16.57   26.54   18.28    8.54    1.03    2.14    5.21    5.66    6.43    0.63    0.08
PSATNPTE   -19.13  -47.70   18.12   14.67    3.11    0.02    0.05    0.03    0.50    1.88    0.32    1.06    8.68    7.71    5.69    2.83    2.49    8.55    7.25    2.32    6.61   11.55   18.36    7.44   13.58   15.80    9.77    4.94   63.66    2.97    3.44    5.00   11.31   19.26    7.22    5.68   12.02   21.69    4.43    0.94    3.71    3.81    1.98    3.34    1.34    0.80    0.05
PSATARV    -18.07  -50.16   13.55   16.83    8.41    0.84    0.59    0.98    0.75    1.36    2.63    0.49   10.46    8.07    8.26    3.23    2.62    1.72    3.74    8.71   12.78    8.01   23.65   14.40   12.93   17.16   31.45   33.29   63.84   36.17    4.90    7.13    7.91   25.88   21.18   11.41    4.88   17.03   25.87   22.98    6.37   10.69    4.57    7.09   12.01   16.15    1.85
PSATSFC    -18.05  -47.68   13.79   11.90    2.63    0.15    0.01    0.02    0.01    0.07    0.01    0.01    0.32   13.46    9.09    7.35   14.36    7.90    6.00    5.53    4.17    8.61   21.52   13.10   23.31   15.55   25.11   21.86   45.14   49.65    3.95   12.83   14.46   16.29   16.55   16.19   33.72   24.82   18.59    7.26    0.36    1.34    2.08    2.76    0.93    0.03    0.16
PSATSSM    -19.02  -50.50   21.11   20.07    8.03    1.03    0.65    0.36    1.07    2.48    2.36    0.77    5.86    6.63    5.75    2.01    1.26    3.81    4.54    9.67   11.80    6.32   17.48   10.18   12.51   14.37   16.70   26.53   54.04   11.49    2.28    4.39    9.51   11.70    8.89    7.46    7.34   22.68   44.74   15.94    2.46    6.03   10.66    6.13   11.30    8.13    0.97
PSATCNI    -22.94  -50.52   23.61   12.96    7.14    3.79   10.01    2.99    2.70    1.98    1.89    0.46    0.39    0.00    0.03    0.01    0.92    0.41    0.12   12.82   20.53    0.45    0.29    0.74    0.17    0.61    0.61    0.05    0.44    0.71    0.13    2.51    1.36    0.38    0.15    0.37    0.24    6.95    9.63    1.03    3.02    8.00    8.86    6.23    9.68    9.73   14.29
PSATCPV    -22.65  -51.33   18.89    4.46    5.35    6.72   18.20    2.26    7.11    2.92    3.04    2.62    0.17    0.01    0.00    0.01    0.69    0.09    0.07   13.91   11.68    0.99    0.30    1.14    0.66    0.66    0.47    0.02    0.39    0.33    0.08    0.80    1.94    0.28    0.00    0.13    0.21    0.53    3.74    1.25    2.52   10.85    9.12   15.43    9.97   13.01   10.33
PSATCHT    -23.01  -49.73   22.11    0.53    7.74    5.60   12.80    1.77    4.55    6.68    2.05    0.41    0.47    0.00    0.03    0.00    0.20    0.07    0.08    0.87    6.38    0.80    0.08    0.89    0.60    1.19    1.00    0.11    0.31    0.39    0.09    1.26    1.65    0.11    0.04    0.46    0.52    1.95    6.94    0.95    6.87    8.47    8.50    5.17    7.42    9.48   13.71
PSATJUR    -23.22  -49.23   26.92    2.79    8.60    2.21    7.37    4.73    2.45    3.31    1.63    0.28    0.72    0.03    0.05    0.01    0.64    0.16    0.05    0.68    6.53    1.56    0.70    0.72    1.51    1.98    1.60    1.55    0.57    1.29    0.15    0.91    0.66    0.35    0.39    1.64    1.36    8.40   15.09    1.29    3.60    7.25    9.78    6.26    6.23    6.52   19.84
PSATMAU    -24.06  -50.71    9.07    0.61    4.41   15.74   15.67   12.41    5.49   12.28    2.98    3.09    0.62    0.01    0.00    0.19    0.01    0.00    0.07    9.77   11.29    2.38    0.51    1.07    0.75    1.11    0.92    0.07    0.47    0.02    0.15    0.28    0.44    0.28    0.02    0.34    0.22    0.11    0.98    2.13    2.69   11.63    3.05   12.13    6.90    9.76   16.95
PSATROS    -22.50  -52.87   13.20    5.00    1.99    8.11   23.02    4.40    5.13    1.87    3.70    5.85    0.06    0.00    0.00    0.00    0.83    0.12    0.27   14.19   12.36    1.07    0.28    0.38    0.86    0.33    0.11    0.01    0.33    0.27    0.21    0.52    1.11    0.22    0.00    0.01    0.04    0.00    0.83    5.03    0.89   12.43   11.36   22.80   10.69   22.56   11.21
PSATQMD    -16.21  -47.33    8.96   10.74    2.20    0.47    0.08    0.01    0.02    0.09    0.00    0.00    0.01   13.06   13.90   11.01   23.64   17.55   10.63    2.65    4.36    3.97   14.72   14.15   18.23   22.88   13.58   10.65   13.81   28.45   17.64   12.02   14.78    6.30   25.95   26.51   29.78   21.90   14.13    1.40    0.40    3.10    2.01    0.85    0.66    0.00    0.70
PSATRBX    -18.95  -44.76   13.69   15.65    0.82    0.00    0.00    0.30    0.36    1.36    3.74    4.05   14.72    8.36    3.56    3.14    6.14    3.11    2.34    1.66    2.69   10.67   10.21   17.33   16.55   12.81    4.86    4.00   47.11   27.35    4.97    4.48    8.37   14.04   10.10   14.09   28.41   16.61    0.84    0.65    0.60    2.74    1.41    0.74    0.01    0.10    0.09
PSATSFR    -15.93  -44.86   12.13    5.97    1.87    0.10    0.06    0.03    0.00    0.01    0.00    0.00    0.35   20.77   14.30    4.45   13.77   16.80   11.29    4.82    6.05    4.12   12.25   13.91   33.16   20.69   19.71   41.56   20.95   24.96   20.83   11.91   15.01   13.44   31.05   32.54   28.62   23.89    5.49    0.51    0.40    1.66    2.89    0.43    0.57    0.08    0.50
PSATSRM    -16.37  -45.07   13.32    7.34    0.64    0.01    0.02    0.05    0.08    0.15    0.10    0.46    8.28   15.32    8.54    4.67   12.62   11.74    3.54    3.24    3.64    4.37   15.63   15.58   26.57   22.65   25.31   34.87   76.90   82.19   12.00    9.57   14.43   18.70   22.09   19.94   27.12   15.66    3.97    0.91    0.46    1.89    1.63    0.64    0.50    0.03    0.13
PSATTMR    -18.16  -45.27   20.08   14.58    1.25    0.03    0.02    0.07    0.23    1.92    1.72    1.11   20.05    9.46    4.10    2.53    4.28    5.39    2.90    2.55    2.93   12.61   20.25    9.81   11.43   12.44    6.90    7.48   54.04   23.64    3.05    5.29    7.76   17.35    9.44   14.69   21.06   17.44    2.98    0.55    0.47    1.17    1.49    0.65    0.42    0.33    0.05
PSATBOQ    -11.35  -43.83    9.01    8.34    1.08    0.02    0.13    0.71    0.11    0.83    0.72    0.07    0.05   13.11    7.56    6.80   15.00   13.67   22.37    8.59    5.28    6.67    7.33    8.98    6.20    1.71    3.41   14.28    9.61   12.47   18.53   18.56   33.52   22.94   14.02   27.47   33.13   11.84    4.15    0.41    0.48    0.73    3.31    0.01    0.30    1.14    1.80
PSATBBO    -22.52  -48.55   24.43   10.78    6.53    1.47    1.84    7.40    1.47    1.27    3.98    0.98    3.92    0.72    0.05    0.10    1.24    1.05    0.02    1.38   12.23    1.68    0.61    1.08    1.98    1.67    1.14    1.44    1.90    1.17    0.88    0.22    3.67    1.40    0.70    3.27    3.01   15.79   15.67    2.51    6.61    6.51    4.38    3.14    6.11    6.61   16.88
PSATESZ    -23.46  -46.91   31.71   10.29    5.22    1.09    0.82   12.04    1.15    4.04    5.37    1.73    5.00    1.02    0.13    0.04    2.20    2.82    0.14    1.37   20.11   10.98    5.03    2.65    9.18   10.23    4.45    8.76    6.81    4.54    1.19    0.28    1.72    3.72    3.37    7.21    7.36   15.97   12.27    5.07    8.72   11.59   10.37    3.56    6.10    7.29   17.89
PSATIBT    -21.76  -48.99   29.16   19.67    6.70    1.69    2.51    4.54    0.89    1.35    4.09    3.15    5.38    0.22    0.04    0.03    0.42    0.79    0.08    4.16   18.84    2.05    0.78    0.75    0.45    0.27    0.69    0.19    1.73    1.07    0.41    0.51    4.02    0.62    0.23    0.78    0.52   11.21   14.83    1.22    9.14    2.97    4.10    4.46    5.95    6.40   15.19
PSATNAV    -21.12  -50.20   34.69   14.36    6.99    2.75    3.78    3.90    1.19    1.81    6.28    8.52   11.12    0.22    0.08    0.02    0.13    0.16    0.06    8.60   13.14    5.23    0.71    2.61    1.97    0.16    0.45    0.33    2.35    1.08    0.19    1.48    7.76    0.71    0.06    0.39    0.34    8.78   12.43    3.49    5.61    5.23    7.11    4.30    9.37    7.62   13.33
PSATSME    -13.40  -48.30   10.22   11.89    7.20    0.75    0.33    1.05    0.79    0.28    0.71    0.46    0.45    6.60   15.85    9.31    7.66    7.59   10.76    6.04    8.70   13.57   12.60   11.10   12.80   16.37   13.27   12.14   13.33   29.38   18.59    8.74   24.40   18.98   22.63   23.18   40.56   59.17   30.19    5.36    4.89   11.13    6.85    2.98    2.92    4.11    0.34
PSATBGR    -27.78  -51.20    0.71    1.93    1.15    6.54    1.68   17.73   32.58    1.11    1.95    9.09    1.92    0.14    0.40    0.94    1.70    0.00    0.04   18.97   19.95    0.34    0.84    1.69    2.30    0.52    0.30    0.25    0.83    0.44    1.20    0.50    0.18    0.45    0.76    2.89    1.49    0.06    1.58    2.89    8.47   11.16    4.30   19.86   22.50    6.01    4.92
PSATCNV    -27.60  -51.33    2.44    3.87    1.87    8.39    4.65   15.39   15.71    3.58    3.02    6.65    2.38    0.29    0.05    0.53    0.42    0.00    0.02   32.10   23.83    3.42    1.52    1.62    2.54    0.56    0.32    0.21    0.64    0.21    0.47    0.60    0.29    0.39    0.45    2.43    1.48    0.07    0.89    4.10    9.12   15.13    8.63   16.70   31.40    9.58    5.48
PSATFCH    -27.14  -53.04    0.48    2.19    1.78   20.96    2.88   15.38   15.21    0.96    5.05   14.22    2.30    0.31    1.34    4.31    0.00    0.00    0.01   23.42   27.99    0.31    1.39    1.11    1.07    0.05    0.00    0.00    0.00    0.00    0.04    0.09    0.00    0.00    0.00    0.15    0.08    0.00    0.00    0.14   18.60   10.49    4.57   26.95   17.41    1.16    8.38
PSATITA    -27.27  -52.38    1.32    5.43    1.71   14.01    6.93   23.16   17.41    5.60    3.35   12.03    1.56    0.22    0.47    1.32    0.00    0.00    0.02   25.86   22.27    3.77    1.18    2.02    1.46    0.22    0.11    0.07    0.14    0.00    0.22    0.13    0.03    0.06    0.08    0.48    0.54    0.01    0.37    2.67   12.80   16.31    6.15   18.68   32.27    7.31    9.77
PSATMCD    -27.52  -51.78    0.14    1.61    1.00    5.93    1.82   27.46   20.97    0.16    4.68    8.60    0.84    0.31    0.95    1.45    0.01    0.00    0.00   19.11   16.70    0.11    0.28    1.40    1.14    0.00    0.01    0.00    0.00    0.00    0.53    0.00    0.00    0.03    0.07    0.24    0.18    0.00    0.04    0.19   13.40   11.51    4.23   31.61   11.69    2.49   18.28
PSATMOJ    -27.35  -52.73    0.38    1.28    1.14   12.40    1.51   31.67   20.66    0.27    5.80   18.78    1.91    0.34    3.81    2.37    0.00    0.00    0.00   27.75   10.18    0.05    1.01    1.94    1.11    0.16    0.00    0.00    0.00    0.00    0.18    0.00    0.00    0.01    0.10    0.09    0.31    0.01    0.00    1.51   14.57    9.61    7.78   22.90    3.74    1.85    6.03
PSATQQX    -26.66  -52.54    2.33   11.71    2.32   29.32   22.19   17.40   16.38   24.44    4.76   12.49    3.63    0.86    0.23    1.99    0.00    0.00    0.06   19.17   37.71    6.91    2.30    2.78    1.82    0.56    0.02    0.02    0.01    0.00    0.23    0.09    0.01    0.03    0.12    0.51    0.46    0.08    0.04    1.67    8.45   10.91    6.84   16.75   31.86   12.42    7.69
PSATPSJ    -28.14  -55.05    0.00    0.02    3.52   16.31    3.04   49.50   29.38    0.05   21.46   15.54    1.32    0.32    9.85    0.06    0.00    0.00    0.08   10.40    0.22    0.01    0.86    1.76    0.43    0.50    0.00    0.00    0.00    0.00    0.00    0.00    0.00    0.00    0.00    0.00    0.04    0.05    0.00    0.31    9.19   25.80   31.39   24.10    1.42    0.29    0.01
PSATESP    -18.68  -51.87   23.98   28.84    6.41    1.66    0.63    2.30    1.01    1.18    2.73    3.88    5.49   18.32    1.40    0.07    0.99    0.56    4.23    4.93    8.90   15.43   23.38    6.55   15.08   17.94   24.11   24.87   22.34    3.56    5.48    9.14    9.86   10.82    5.63    1.40    0.66    2.59    4.84    8.33    5.89    5.10    1.88    6.23    9.16    2.38    1.28
PSATSRC    -19.16  -50.76   20.26   18.59    4.89    1.16    0.55    4.98    3.95    1.85    5.74    3.43   15.21   14.77    1.53    0.36    0.67    0.56    2.34   15.87   14.97   12.98   22.51    7.00   12.21   10.64   16.49   27.44   12.64    1.66    3.71    5.75    8.54   10.24    4.38    1.47    1.42    3.51   12.12   25.88    9.31   11.93    2.85    6.16    9.69   10.25    3.16
PSATFRCL   -19.12  -50.64   17.50   19.53    6.64    1.09    0.98    3.42    2.30    1.81    6.26    1.83    8.91   11.17    3.65    1.41    1.18    0.56    2.08   11.39   14.48   12.19   29.07   10.38   13.56   17.35   21.97   47.89   29.41    4.71    2.82    6.36    8.69   11.02   10.41    4.86    1.72    6.50   17.35   29.36   11.52    9.88    3.17    4.15   10.36   12.87    4.83
PSATISOT   -20.40  -51.35   32.96   12.19    6.03    1.32    2.22    2.87    3.12    2.17    3.75    2.77    9.73    3.20    0.20    0.04    0.12    0.63    3.34   16.17   21.24   10.52   11.80    6.37    6.17    2.13    1.41    2.34    3.29    0.46    0.60    1.15   12.05    2.90    0.60    0.41    0.56    2.30   19.31   12.59    3.16    8.33   11.55   10.23    9.33    9.10    1.78
PSATJUP    -20.86  -51.63   23.84   11.75    6.02    1.74    1.63    4.85    3.32    1.76    2.88    5.95    9.55    4.15    0.25    0.01    0.34    0.50   10.38   12.46   14.39   11.06    9.02    9.17   11.80    4.65    3.66    1.98    2.39    0.92    1.92    2.80    9.84    3.43    1.12    0.23    0.27    0.69    3.96    7.63   10.70   11.01   11.58   15.68   23.69   11.18    4.52
PSATSDG    -20.06  -53.18   29.01    7.93   13.32    6.48    3.49    3.92    2.16    1.44    3.01    7.78    9.17    3.29    0.06    0.01    0.14    0.27    8.19    8.07   13.10   10.05    9.81   12.10   16.62    5.18    1.69    0.45    0.50    0.62    2.23    3.74    8.03    4.29    0.56    0.18    0.09    0.37    0.52    1.88    2.82   12.04    8.86    5.07   13.41    9.93    4.03
PSATFZBT   -21.66  -52.87   18.71    9.89    7.06    5.49    6.07    3.57    3.08    2.33    5.14    6.10    7.48    0.54    0.02    0.01    0.60    0.35    3.74   14.42   18.23    9.10    7.36    7.00    5.83    1.04    0.13    0.05    0.21    0.51    1.07    7.71    2.44    1.08    0.19    0.14    0.04    0.09    0.14    0.70    1.51    6.13    9.84   13.34    5.97   14.05    9.80
PSATPPRA   -22.46  -52.91   25.94   10.33    4.99    5.81    8.32    6.10    3.32    1.90    5.44    7.04    1.80    0.03    0.02    0.00    0.19    0.27    0.43   14.40   17.93    3.65    0.82    3.10    1.98    0.10    0.22    0.14    0.93    0.76    0.38    1.72    4.73    0.36    0.04    0.05    0.09    2.07    3.66    4.44    3.55    9.75   11.72   17.57   14.44   15.88    9.98
PSATBTE    -13.69  -50.80   15.42   20.94   11.95    2.59    1.35    4.76    1.37    1.29    1.54    0.52    1.86    7.17   17.21    6.74    4.90    7.45    9.11    6.88   13.68   10.69   16.87   17.17   14.70   19.04   23.90   23.26   25.27   28.06    9.79   11.61   10.48   16.77   17.22    8.13    4.59   10.53   24.84   23.82    7.84   18.93    6.01    8.78    7.71    6.14    1.98
PSATARAG    -8.27  -49.26   10.67   16.68   10.60    2.81    1.28    3.76    2.80    2.41    3.27    0.94    0.82    7.57   17.22    6.73   13.26   19.11   18.16   14.25   14.78   17.15    9.58   14.98   23.80   17.07   16.83   12.77   14.95   15.01   18.95   23.35   24.51   15.73   15.62   21.77   25.03   23.99   18.24   11.82    8.36   14.25    6.22    2.45    2.10    2.07    3.46
PSATLAJ     -9.76  -48.37    9.00   10.40    5.17    0.91    0.36    1.97    1.71    0.62    3.12    0.44    0.32   11.05   12.12    5.49   11.43   15.06   19.21    9.58    9.99   13.66   12.81   14.50   18.92    8.35   10.53   16.96   13.72   13.76   20.77   20.76   33.72   45.61   17.65   30.75   38.00   31.24   11.01    3.64    3.24    9.28    3.45    1.10    0.77    0.33    3.57
PSATPTRL    -9.31  -47.39    8.21   14.92    2.64    0.78    0.11    4.01    0.20    3.03    2.79    0.29    3.93    8.88   11.89    5.57   12.29   16.96   18.08   11.01   20.44   14.08   11.72   23.38    7.47    5.87    5.52    6.61    8.77    9.78   16.73   18.95   31.24   22.00   15.32   29.11   32.84   21.19    1.84    0.60   12.44    7.37    6.52    0.06    0.01    2.45    8.38
PSATLJET    -7.33  -47.48    7.09    6.91    3.15    1.60    1.27    0.93    0.03    7.29    2.47    4.03    4.02    7.06   13.67    4.45   11.98   19.22   11.96   18.39   28.35   17.91    7.73   27.26   11.87    9.40    6.50    3.06    6.14    7.18   18.89   19.01   18.19   17.35   13.93   19.36   40.70   13.92    2.31    5.69    9.16   19.49    5.31    0.28    0.09    9.22    7.56
PSATUCR     -3.83  -49.65   12.70   11.85   12.80    5.20    0.90    0.64    0.83   11.99    5.90    5.57    2.69    9.45   16.12    5.44    7.50   13.89   13.64   10.57   18.85   20.78    7.26   15.53   17.03   12.57   11.57    1.64    4.32    8.04   20.73   15.78   12.20   16.03   13.85   21.28   24.21   21.23   15.74    5.59   33.41   10.31    8.52    5.57   12.02    8.37   23.68
PSATXIVJ   -29.07  -51.67    0.11    2.57    0.38    8.92    4.21   46.20   46.62    0.86    1.65   19.32    1.19    0.64    2.30    0.90    0.11    0.00    0.00   21.74    4.90    0.00    0.14    1.21    0.97    0.01    0.00    0.00    0.00    0.00    0.58    0.00    0.03    0.00    0.39    0.51    0.38    0.00    0.04    0.37    5.91   10.96    7.37   24.83    6.87    1.25    0.95
PSATDFRC   -29.45  -53.28    0.00    0.00    3.05   28.40    2.79   39.42   19.50    0.07    7.99    7.89    1.37    0.35   10.70    0.07    0.01    0.00    0.53   14.99    0.08    0.00    0.29    1.49    0.58    0.02    0.00    0.00    0.00    0.00    0.10    0.00    0.00    0.01    0.00    0.13    0.16    0.02    0.00    0.83    6.91   19.12   15.49   12.52    1.35    0.09    0.00
PSATREAL   -29.02  -53.19    0.01    0.20    0.86   33.71    4.94   61.82   45.76    0.04    9.16   19.35    1.04    0.27    6.98    0.23    0.01    0.00    0.02   17.79    0.81    0.00    0.58    0.98    0.80    0.03    0.00    0.00    0.00    0.00    0.07    0.00    0.00    0.01    0.04    0.18    0.28    0.02    0.00    0.25    7.61   12.96   11.13   26.85    2.48    0.46    0.03
PSATCTAV   -29.01  -51.39    0.08    0.71    0.98   10.56    6.66   35.85   54.08    1.24    1.67   13.20    2.50    0.85    1.30    0.90    2.97    0.00    0.02   26.89    8.48    0.23    1.54    2.03    2.71    0.70    0.16    0.26    1.06    0.25    1.72    0.26    0.34    0.20    1.58    2.39    0.78    0.02    0.38    2.23    8.82    8.95    3.81   16.23   11.83    5.82    0.42
PSATERNT   -28.56  -52.54    0.10    1.32    0.55    8.30    1.76   49.86   32.80    0.05    6.02   20.78    0.99    0.42    3.72    0.70    0.00    0.00    0.00   23.88    5.84    0.02    0.53    1.14    0.85    0.01    0.00    0.00    0.00    0.00    0.27    0.00    0.00    0.00    0.08    0.15    0.24    0.00    0.00    0.24    9.38    8.06    9.85   24.49    4.09    1.05    3.46
PSATSTPL   -27.14  -49.52    7.54    5.71    1.05   14.65    6.80   11.25    8.91    4.95    3.45    6.08    3.79    1.34    0.00    0.08    0.08    0.00    0.01   27.07   19.37    7.58    2.72    2.58    4.43    1.43    0.70    0.37    1.31    0.47    0.88    1.29    1.04    0.73    1.16    4.07    2.76    0.39    2.39    5.08    6.02   11.32    7.85   14.52   29.72   21.47    3.59
PSATCVCH   -25.14  -48.87    4.73    1.72    2.01    3.85   10.94   10.22    7.00   12.04    1.46    1.57    2.15    0.08    0.00    0.05    0.12    0.02    0.17   13.24    7.25    5.10    1.82    1.83    1.60    2.66    2.35    0.66    0.96    1.17    0.05    0.55    3.42    1.46    2.08    4.01    2.69    0.69    1.54    3.66    7.06   13.44    2.96   12.34    6.77   10.10   29.08
PSATAMY    -12.60  -69.12   11.41    8.28   20.10   14.02    6.62    6.46   16.02   10.14   10.00   12.86    6.12    3.21    8.40   13.79    3.35    8.18    6.42   16.32    6.29    2.76    4.40    7.88   10.54    5.48   15.68   11.40   16.46   24.91   23.52   24.61   17.54   36.56   15.27    9.44   15.48    4.86   15.44    5.39    5.93    4.95    7.87   15.42    8.43    6.23   11.89
PSATGJR    -10.73  -65.35   18.70    7.38    8.33    9.77   35.26   10.86   15.35    6.45    7.67    4.85    1.44    0.90   11.32   13.32    3.79    1.18   20.74    8.24    0.97    0.67    1.58    1.99    6.45   14.04   15.70    6.94    4.93    9.68   22.96   47.26   22.42   15.18   12.89   11.35    7.35   11.66    8.15    7.47    9.04    8.28    8.19   12.67   14.92   22.05   10.76
PSATPRNC   -12.43  -64.43   28.23   24.51   15.35    7.21   19.60   14.75    8.14    7.48    4.52    3.53    1.79    4.03    9.73   19.06    4.60    2.60   12.66    7.03    0.04    0.02    0.51    2.30    6.65   14.07   24.86   15.15   11.62    9.91   11.87   27.59   23.17   19.54   13.66    9.12    5.14   12.82   12.38    9.11   11.71    8.17   11.81    6.79   14.40   17.55   12.74
PSATSANT    -8.87  -63.97   15.55   19.17   15.45    1.90   11.90    6.64    3.11    9.01   19.55    9.81    4.46    2.54    6.75   12.10    1.94    0.95    5.57   17.70    9.67    0.72    4.02    8.53    5.83    9.52   13.21   11.11   14.22   11.12    1.54   18.68    7.46   16.38   19.78   35.63   13.12   17.19   31.26   24.31   10.65   20.40   15.44   13.86   23.88   25.13   18.47
PSATDARD   -10.16  -59.46    2.46   22.24    9.67    9.83   16.78    1.45    3.14   11.89    9.55    6.36    1.06    1.36   14.60    7.04    6.25   12.93   13.34   10.17    9.19    5.09   10.91   12.15   10.00   28.02   13.09   10.03    7.46    5.08   12.10   10.76   17.55   17.88   11.08    6.23    5.70   12.21   15.56    9.91    9.08   14.06   13.98   21.11    6.66   11.63    6.22
PSATGUAP   -15.12  -58.96   14.72   18.04   20.43    4.40    7.41   12.34    3.62    7.17    3.11    6.90    2.62    7.56    6.00   18.10    5.07    8.64    4.97    8.76    0.35    0.66    7.63    5.14   15.18   18.48   26.79   23.24   20.78    6.20    5.16   13.32   52.34   13.61    2.24    2.44    9.29    3.01   16.51   10.88   24.40    8.15   11.05    5.14    4.18   11.60   23.50
PSATJIRA    -9.25  -64.65   16.48    8.60   11.72    8.23   17.55   11.57   15.95   12.85    8.08   12.50    2.29    0.79    4.35   11.21    3.89    2.42    7.05   21.88    4.68    2.14    1.83    3.19    5.75    7.03   23.41   17.64    9.97   15.57   11.80   15.00   13.13   27.36   20.53   17.62   17.27   12.93   15.78    8.78    7.67   11.91   11.45   12.17    9.59   16.98   11.17
PSATROND   -11.99  -60.70    4.43   26.91    8.88    3.27   14.47    8.13    4.94   13.35    8.91    5.73    1.62    1.37   17.34    3.64    1.27    1.82    9.95   11.80    0.06    0.70    1.85   19.71   21.44   29.85   17.03   10.10    6.41    1.65    2.84    9.98    7.51   11.37    7.58   10.53   10.86    3.01   14.54   13.72   16.17   10.38    5.49   10.85   24.35   18.37    2.38
PSATSAMU    -8.75  -63.45    6.77   18.75   10.02    2.43    9.29    4.09    4.62   17.32   16.96   17.29    2.19    2.64    5.43    9.49    3.37    0.97    3.37   15.81    4.32    1.23    6.25    6.40    5.91   25.72   13.60   10.01   10.26    9.38    2.66   13.09    6.98   15.13   12.72   35.35    8.01   22.71   14.53   25.16    7.66   18.72   10.65   17.62   14.23   27.89    8.41
PSATBALB    -1.92  -59.47   13.44    9.74   11.44    9.10   11.54   13.90   15.86   20.18   11.85    9.12    5.08    4.99    2.78    1.45   16.32    5.11    3.86    3.63    8.77    8.55    7.18   18.09   15.64   15.20    8.79    9.44    9.88   12.37    7.63    6.01    4.37    1.31    0.01    0.24    0.08    0.03    0.22    0.71    1.31    1.46    0.34    0.14    0.06    0.28    2.64
PSATCUNA    -2.82  -54.30    5.68   11.46   15.62    6.99    7.34    2.92   10.89   13.44    7.88    5.28    6.18    7.59    9.23   22.63    3.67    6.32   14.65    6.20   16.80    8.12    3.46   11.28   16.03   10.36    8.59    4.84    1.48    9.40   11.46    9.66   18.35   16.18    8.02   22.25   10.77   16.78   17.62   22.89   16.46   28.96   14.69   34.81   15.08   67.74   18.71
PSATJARI    -0.65  -52.52    5.00    4.15   10.22   13.27    4.64    1.49    3.81    1.68   15.05    2.98    2.77    1.04    4.40    2.19    7.99    4.23    1.66    2.31    5.75    2.50    2.09    2.92   16.29   13.22    6.58    6.26    3.16    8.58   12.58    5.56   10.12    1.99    0.69    0.34    1.10    1.99    2.23    8.27   11.61    3.90    4.68    4.57    1.26   28.90   24.18
PSATFGOM     0.86  -51.20    5.51    5.72    9.83   17.80   11.40    7.41    9.64    5.03   14.49    5.35    7.41    1.20    5.17    4.70   10.42    4.06    3.56    2.76    7.17    3.83    3.60    5.28   14.67   12.08    6.96    8.06    4.05   20.25   16.63    9.65   12.48    1.27    0.73    1.17    2.57    3.16    3.57   11.52   15.62    7.53    9.17    2.89    2.69   16.86   12.12
PSATUBE     -6.75  -43.57    7.74    8.13    1.29    0.65    0.57    0.22    0.06    7.82    1.28    1.67    2.39    6.89    9.93    7.82   14.95   21.46   10.91   14.22   15.75    7.56   14.74   18.41    2.38    4.19    4.49    1.92    2.95   11.42   11.77   14.73   18.39   17.38   18.41   25.97   34.88   13.35    2.70    1.24    2.55    4.49    3.27    0.18    0.94    8.47    2.50
PSATBSOR    -6.74  -52.00   14.44   19.40   21.52   10.71    1.63    1.31    2.21    2.93    3.70    1.69    0.67    1.66   11.89   13.02   11.93   12.36   18.84   18.45   14.27   15.56   14.14   17.68   20.11   17.67   19.48   12.24   14.09   13.78   15.58   18.90   19.59   13.34   20.16   19.80   19.76   19.08   17.15   22.46   23.13   13.99    4.46    8.98    5.30    1.63    7.03
PSATBESP    -6.75  -51.77   11.55   18.63   14.88    6.52    1.80    0.82    0.98   11.02    9.02    2.89    1.11    6.79   18.48    4.26    5.08   10.70   13.17   11.49   17.42   11.65   11.03   13.93   26.10    9.78    9.49    5.52    9.67   11.05   22.58   13.98    8.66    8.26    6.62   12.54   23.50   11.17   18.27    8.85   32.16   14.02    8.42    5.45    0.69    0.82   12.78
PSATPIME    -3.41  -51.91   11.65   13.13   20.55   10.33    2.30    4.11    5.24   11.50    9.12    4.45    3.15    4.08   12.64    6.10    8.57   11.14    9.66    7.69   13.18   12.82    8.55   15.88   19.15   12.50    8.01    6.25    5.98    9.74   15.86   18.04   10.12   11.68   11.51   17.96   21.53   18.86   19.88   15.85   17.94   17.74    6.25    8.93   23.40   16.90   23.92
PSATIRAP   -16.74  -42.57    7.22    1.46    0.05    0.04    0.00    0.01    0.05    0.00    0.00    0.01    3.31    6.83   15.46    4.71   13.36   17.42    7.36   12.98    4.03    3.24   12.65   12.36   36.17   20.49   16.57   23.63   37.14   60.15   25.51   13.85   14.82   14.23   20.68   24.27   30.23    8.28    1.67    1.16    0.90    2.37    0.69    0.41    0.25    0.08    0.41
PSATITBI   -15.97  -39.59    1.89    0.28    0.18    0.31    0.03    0.04    0.04    0.41    0.20    0.64    0.95    3.87   14.70   10.91   12.45   31.85   10.84   13.56    3.72    1.60    8.08   13.58   26.45   14.25   14.17   30.87   20.43   25.70   17.36   19.47   23.80   15.96   24.12   26.69   13.74    3.08    2.12    1.93    1.93    4.80    3.01    1.19    0.28    0.32    0.36
PSATCOLI   -10.98  -55.77    9.20   20.54   17.95    5.78    4.25    1.93    1.37    0.63    1.97    1.80    0.12    4.21   16.47   18.91   12.58   22.02   19.12   30.80   22.97   12.65   20.73   15.47   13.86   20.87   18.12   13.51   16.74    9.79   22.24   16.29   21.61   23.59   15.51   13.26   11.55   13.83   15.64   26.13   12.16   11.30    3.56   12.67    9.08    1.22    2.24
PSATSAEL    -9.19  -57.04   14.92   15.11   27.77    9.59    2.18    2.24    1.41    3.47    6.15    1.85    1.29    0.50   11.79   19.24    2.81   10.21    9.02   14.84   19.56   12.18   12.75   13.00   19.36   13.51   13.27   18.09   12.03   11.55    8.30   10.47   21.13   22.82   11.74   23.40   20.14   19.86   26.78   39.93   16.95   22.30   11.87    3.97    8.87    1.86    7.28
PSATITQ    -17.09  -54.83   16.91   19.73   20.84    6.94    3.66    5.02    0.87    1.11    3.77    3.35    0.10    5.18   15.68    1.97    1.00    2.25    9.76   12.34   10.17   23.41   17.75   12.55   11.25   18.05   13.42   31.11   21.22    4.19    2.39    7.02   11.31    5.44    8.94    1.53    0.19    0.60    7.13    7.98    8.16   16.83   13.20    4.53   21.54    7.80    1.33
PSATJAU    -15.24  -58.73   15.79   21.68   21.66    5.74    7.89   13.74    4.50    4.70    1.73    4.90    2.76    7.91    7.29   20.73    5.58   10.43   10.05    9.90    0.36    0.42    6.83    6.44   15.61   19.42   21.30   22.26   24.18    7.90   10.56   11.66   51.94   19.52    2.32    2.32    8.19    4.15   11.96    8.75   21.07    6.50   14.65    5.77    8.83   14.24   23.17
PSATMAN    -14.87  -55.78    7.22   17.07   23.49    7.66    3.69    4.03    1.27    1.09    1.26    3.95    6.64    3.27    9.91   11.49   10.90    6.77    7.24   12.74   15.84   25.18   24.17   15.36   15.97   15.73   24.99   25.26   28.71   10.28   20.29   31.37   15.90   13.04   10.73    4.37    3.15    5.63    4.68   16.47    4.18    9.79    2.66   21.22    6.01    2.55    0.96
PSATPTP    -17.61  -54.83   25.40   26.23   17.76   10.19    4.02    3.71    1.82    1.80    2.58    5.71    0.63    7.37   12.99    1.64    0.76    6.23   19.52   11.77   15.98   24.86   15.91   13.56   14.86   20.37   16.62   25.47   18.92    1.12    2.73    6.94   10.55    6.00    4.87    0.65    0.14    0.48    5.59    3.84    6.75   13.39   10.99    2.40   20.07   10.48    1.83
PSATSTCL   -17.90  -40.20    1.47    0.01    0.02    0.10    0.00    0.02    0.00    0.10    0.00    0.27    0.20    2.18   17.21   18.12   21.38   34.62    6.01   15.01    3.81    1.02    5.98   16.65   23.85   18.73   15.97   21.66   19.36   29.79   41.68   18.77   28.46   32.21   41.55   29.78   11.98    3.14    3.27    3.38    4.42    8.86    3.04    3.02    0.95    0.31    0.32
PSATPDC    -12.58  -39.00    0.91    0.32    0.56    0.41    0.35    0.07    0.15    0.23    2.27    0.89    0.07    1.04    7.99   13.86   12.68   10.38    5.80    3.43    1.00    0.56    0.78    1.53    5.87    0.79    0.52    0.25    0.95    2.71    7.15   20.84   27.11   10.12   12.79    4.82    0.99    2.42    2.28    1.58    1.11    3.85    0.47    1.90    2.02    1.14    1.00
PSATROSA   -20.92  -41.72   13.07    1.55    0.07    0.05    0.01    0.56    0.00    0.00    0.64   12.43   34.97   18.88    3.25    2.37    6.08   23.37    2.00    3.09    3.53    5.01   27.28   30.71   23.47   13.05    6.02    4.85   16.75   26.46   13.35    6.66    8.79   20.36   16.44   36.97   39.47    5.47    1.13    5.71    6.87   15.02    0.43    0.03    0.61    0.05    0.21
PSATCAN    -20.21  -42.85   18.52    8.25    0.43    0.09    0.00    0.22    0.02    0.33    2.41    8.76   25.78    4.58    2.68    1.72    8.84    6.15    2.91    2.44    3.09   14.44   15.74   16.40   16.21    9.16    3.89    1.95   24.80   17.42    6.21   11.50    5.90   15.06    7.89    7.17   31.32   18.23    2.40    4.13    1.60    5.15    0.25    0.41    0.29    0.11    0.23
PSATSAC    -19.64  -42.85   12.78    7.82    0.43    0.11    0.02    0.39    0.07    0.19    0.20    3.46   32.79    7.78    3.58    3.66   12.09    5.42    4.09    1.97   11.09   14.54   17.97   18.62   22.52   24.86    7.02    0.53   45.04   56.69    9.69   10.96   14.10   18.94   18.34   14.26   26.39   20.25    2.93    3.83    2.58    3.23    1.28    0.99    0.56    0.03    0.44
PSATPES    -19.12  -42.66   15.17    2.61    0.31    0.13    0.03    0.26    0.09    0.00    0.01    0.48   15.83   28.85    7.88    7.45   16.27   20.73    1.72    4.06    7.41    7.39   21.85   17.86   21.30   24.91   22.99    9.68   65.38  121.41   24.33    5.27   15.05   35.49   46.90   21.57   37.60   12.76    3.52    3.40    2.50    2.93    2.03    0.56    0.75    0.05    0.42
PSATMAS    -19.50  -40.92   11.30    1.26    0.30    0.34    0.10    0.39    0.06    0.00    0.07    1.04   14.55   13.66    6.73    5.73   10.87   19.51    6.53   15.59    4.48    4.13   20.80   23.28   25.78   21.59   22.39    5.97   31.55   74.23   28.64    6.67   12.47   25.38   37.04   29.89   38.03    9.42    2.70    5.02    2.52    5.00    1.27    0.68    1.27    0.20    0.71
PSATSBR    -23.37  -45.87   21.86   23.32    8.27    0.25    1.16    8.12    1.27    5.82   11.51    3.67    8.45    2.04    0.31    0.29    1.07   11.91    0.91    1.30    9.71   17.58    6.29    2.79   12.62   24.10    6.86   11.12    7.27    6.16    2.35    0.85    1.56    6.23    4.92    8.14    4.29   15.87    2.32    6.39    7.56    8.62    5.27    6.83    5.17    9.63   15.14
PSATJAG    -23.20  -46.03   15.92   15.07    9.48    2.62    0.69    4.75    0.99    3.59    5.78    2.40    3.61    1.38    0.02    0.05    1.80    5.04    0.11    1.75   11.96    3.27    1.30    1.36    8.94   11.95    3.85    5.68    5.65    2.88    2.67    0.44    5.26    3.13    2.94    9.77    9.25   12.02    4.10    5.77   13.37   15.44    7.39    4.64    9.61   12.21   17.82
PSATFUNI   -22.53  -44.57   14.68   20.45    6.89    0.66    0.64    3.93    0.83    4.92   11.60    4.06    8.98    1.52    0.04    1.22    0.99   11.16    0.23    0.91   11.85    7.73    1.63    2.34   10.01   10.38    3.25    3.67    4.96    5.37    4.23    0.75    5.81    6.71    2.85    8.37    4.55   16.02    1.75    5.66   10.23    9.76    4.53    3.04    3.59    5.48    9.67
PSATSACE   -22.48  -43.84   14.23   31.10    6.15    0.03    0.06    4.53    1.31   10.54   16.78    4.15   12.01    1.29    0.40    1.87    2.17   10.06    1.52    3.01    9.61   24.18    1.24    3.68   14.25   13.66    5.07    6.15    7.55   24.02    4.33    4.65    5.05   14.98    5.78    6.20    7.32   20.51    0.15    1.71    1.82    5.10    4.75    0.32    0.92    0.32    1.36
PSATPIC    -21.91  -43.54    6.96   23.17    4.05    0.01    0.01    0.36    0.37    6.81   20.58    4.24   10.95    0.34    0.39    3.90    2.13    5.08    1.22    2.38    5.57   19.71    3.08    3.81   13.00    9.37    2.24    2.93    8.10   21.35    2.46    2.87    4.73   20.42    7.29    3.34    5.65   26.35    0.26    1.57    1.10    0.81    1.27    0.20    0.21    0.03    0.34
PSATSOGI   -21.94  -43.36   14.08   20.82    2.72    0.00    0.00    0.43    0.02    6.70   19.14   10.46   21.31    0.89    0.44    2.94    6.24    3.43    1.50    3.17    5.52   19.97    5.26    4.33   13.98    6.42    2.21    2.76    7.90   18.85    2.46    5.81    4.20   15.27    6.33    7.22   13.82   23.10    0.62    1.14    0.70    1.56    0.14    0.27    0.00    0.05    0.21
PSATIPSI   -21.84  -42.58   21.58   19.76    3.90    0.00    0.01    1.08    0.14    6.98   15.08    4.50   20.79    1.32    0.51    3.06    4.96    4.72    1.77    2.85    5.93   18.80    6.99    4.92    7.79    8.77    4.99    4.26    7.79   23.60    1.87    1.92    3.98   15.40    6.08    3.51   20.98   21.51    0.40    0.76    0.70    0.96    0.35    0.09    0.13    0.12    0.56
PSATTCLJ   -22.69  -43.83   17.49   21.07    7.20    0.00    0.00    1.33    0.09    5.75   12.61    4.76   14.63    3.76    0.89    2.05    1.28    8.90    1.16    0.84    3.75   30.12   12.48    2.61    8.59   16.43   10.96   14.42    4.58   21.74    1.86    0.43    1.01    8.22    6.97    5.13   14.19   17.70    0.00    0.78    2.21    0.34    0.24    0.11    1.46    0.12    2.20
PSATBIGU   -25.51  -53.67    3.96    5.08    1.44   23.52   28.23   17.35   13.46   18.43    6.34   14.55    1.97    0.63    0.05    0.85    0.00    0.00    0.94   16.01   49.51    4.71    1.41    1.16    1.39    0.57    0.02    0.00    0.00    0.00    0.32    0.03    0.08    0.05    0.03    0.24    0.08    0.02    0.03    0.49    5.01    8.29    9.23   27.18   31.57   13.59   10.17
PSATBRAU   -21.45  -42.41   17.66   14.65    0.54    0.00    0.00    0.03    0.00    1.38   10.55   19.40   24.23    2.14    0.58    1.02    9.49    8.76    4.40    1.61    4.91   22.41    7.08   14.20   12.05   13.23    2.31    2.28   13.57    8.86    3.20    5.98    6.34   18.89    8.65    2.75   31.59   15.71    2.99    3.28    2.82    6.46    0.17    0.10    0.03    0.05    0.05
PSATSUIC   -20.08  -40.58    9.95    0.81    0.27    0.47    0.08    0.37    0.00    0.00    0.06    1.07   30.00   11.36   10.71    6.42    4.14   37.25    7.74   14.71    5.55    1.86    9.25   26.35   26.37   32.29    8.76    2.47   21.22   58.67   39.05    6.42    9.32   29.14   37.32   41.61   55.65    3.51    2.75    6.39    5.10    5.34    0.32    1.08    6.47    0.79    0.55
PSATJRI     -9.30  -64.70   17.57    9.88   14.25    7.31    9.02    9.05   15.22   12.80    8.99   14.57    2.92    0.66    1.99   10.93    2.63    0.92    1.74   21.93    3.11    0.06    0.27    2.05    5.06    6.79   28.77   20.74   10.63   18.40   11.61   10.85   14.12   31.27   21.74   21.57   20.67   14.00   17.81    9.35    8.73   14.62   12.20   12.58    9.60   18.07   12.29
PSATBENI   -14.59  -67.53   14.65    5.24    6.96   10.86   40.41   17.83   17.93   12.90    5.94    7.00    1.25    1.31   11.30   13.73    7.16    6.87   21.40   23.08    9.05    7.91    6.36    6.48    7.38    7.59   10.59    8.59    5.74   10.45   14.21   27.78    9.77   22.20   17.41    5.18    3.42    9.67    8.53    9.51    5.75    5.05    9.15   11.71   10.04   16.13    8.46
PSATEPB    -12.42  -64.42   23.47   18.68   11.58    7.62   23.54   11.25    8.34    5.61    4.03    3.30    1.63    3.13   11.26   16.85    4.68    1.97   14.20    5.05    0.03    0.02    0.41    1.68    7.19   13.59   20.21   11.24    8.39    8.99   14.51   26.77   22.06   14.96   10.13    6.65    4.23   12.06    9.50    7.27   10.63    7.04    9.84    8.74   15.41   16.11   12.36
PSATEGM    -10.79  -64.35   20.89    8.11   10.41   10.14   35.68   13.64   17.81    8.51    9.49    5.75    1.49    0.82    9.74   13.80    3.37    1.43   21.47   11.38    1.30    0.87    1.95    2.47    5.54   14.50   18.04    8.76    6.57   10.85   23.72   55.19   23.53   19.01   16.71   15.34    9.34   12.05   10.35    9.10    9.43    9.69    9.22   12.61   13.60   25.41   10.59
PSATSTOA    -8.79  -63.95   14.84   19.57   14.01    1.95   11.23    6.32    3.05    8.82   18.74   10.25    3.95    2.68    7.45   12.04    2.02    0.98    6.09   18.15    9.39    0.67    3.61    8.14    5.90   10.04   12.99    9.02   15.04   11.70    1.62   19.03    7.55   16.08   19.22   36.39   13.04   15.86   31.90   19.78   11.01   19.35   15.81   13.60   23.69   24.51   19.25
PSATENC     -9.90  -66.62   10.49    7.87    8.29    7.32   11.61   11.76   11.34   10.53    9.11   13.22    1.52    0.60    1.02    2.73    3.43    0.47    3.62   11.94    5.09    0.00    0.15    3.68    8.16    6.01   15.22   28.81   21.36    8.99    7.00    2.24   12.63   12.45   22.82   26.64   43.05   16.12   18.58    1.86    2.81   16.03   11.94   12.70   12.32    6.51   11.85
PSATAMY1   -11.71  -70.63    6.77    3.81   10.27    6.05    0.60    3.81   13.49    8.57    9.83   14.20    3.09    3.29    5.66    7.39    2.96    2.13    2.50   17.82    2.86    0.00    0.00    4.62    7.33    2.79   18.90   17.07   10.41   18.94   21.69   13.64   17.10   35.63   17.53   11.51   15.89    5.17   12.45    4.56    4.38    2.21    6.62    9.36    8.87    4.49   12.57
PSATAMY2   -12.37  -71.17   10.58    6.89   21.84   17.96    6.80    6.29   18.31   11.57   12.28    9.70    3.93    2.84    7.97   15.09    4.66    8.87    6.71   16.37    6.31    1.24    2.84    8.25   11.30    4.39   14.79    6.77   19.11   25.77   17.55   25.76   17.65   34.47   15.48    7.90   19.91    3.09   14.13    5.33    5.34    5.35    7.83   17.93   10.31    4.40   11.43
PSATAMY3   -13.75  -70.18   17.30   14.27   26.82   18.49   12.98    9.21   15.43   10.18    8.13   12.90    8.41    4.58   10.63   19.35    2.58   14.22   11.16   10.65    9.84    7.91   12.84   13.58   15.77   10.15   12.95   13.11   19.91   32.53   31.12   34.23   17.50   40.49   14.29   10.86   14.85    5.08   17.14    5.18    8.19    5.17   11.22   22.08    7.01   10.33   12.90
PSATAMY4   -13.45  -69.47   10.76    9.38   19.45   11.01    6.26    6.96   15.66    8.50    8.73   18.27   12.35    1.57    9.29   10.46    2.32    6.42    5.12   22.06    6.55    2.93    2.11    3.75    5.64    5.47   15.28   10.74   15.94   15.38   24.33   23.61   18.71   28.77   11.97    5.84    2.24    8.39   21.72    7.98    5.85    5.02    4.58    7.37    5.61    5.45    7.71
PSATJRN    -13.37  -59.01   23.47   15.44   22.67    6.45   20.55    6.38    4.71    8.91    2.29    4.22    1.23    9.87    8.60   15.28    3.47   16.15    2.61    4.21    0.29    1.86    4.28   10.51   26.74   18.86   32.36   23.54   23.81    6.03    5.84   12.83   29.43    9.80    2.80    2.66   14.94   19.75   23.05   11.89   11.42   11.85   11.77    4.60    8.10   11.14    8.32
PSATAPI    -10.34  -56.98   10.83   12.58   13.02   11.53    5.76    3.09    2.31    5.01    6.50    1.44    0.45    1.06    6.25   16.36    5.97    1.91    8.92   13.16   16.96   17.33   15.01   11.49   22.49   17.61   10.17    6.23   14.57   14.66   13.84   13.82   27.71   28.87   14.78   21.80   21.23   14.71   19.43   27.58   10.30   31.79   14.11    2.44   18.37    3.59   10.84
