PSATAGV    -19.89  -50.35    3.53    4.81    4.69   18.61   21.19   10.96    0.61    0.36    8.14   13.01    8.27    6.64   13.28    6.50    4.03    0.05    0.00    0.01    0.00    2.24    5.79    9.09    4.09    7.18    2.97   11.21    4.45    2.69    4.78   15.96   25.63   21.22   27.83   37.12   33.88   21.05   13.10    8.56    5.07    2.46    2.08   11.57    0.96    5.26    8.41
PSATCMG    -21.28  -44.63    8.15    6.77    2.93   17.92   38.57    3.51    0.37    0.76    0.00    6.02    3.21    3.65   17.07    4.12    0.84    0.02    0.02    0.03    0.09   22.53   15.30    9.89   15.24   12.67    6.77    3.27    5.94    4.83   14.13   27.95   25.09   44.07   31.23   20.17   27.44   14.38   12.40   13.78    1.51    2.10    6.09    1.40   33.03    8.84    4.93
PSATCES    -20.25  -48.16    3.93    3.73    5.05   16.39   11.43    7.72    0.16    0.01    2.20   12.11    5.19    9.33   10.45   15.82    5.11    0.05    0.01    0.00    0.01    7.14   18.78   14.39    5.33   11.32    6.22    6.11    3.04    3.80    6.68   22.63   24.26   26.57   22.49   36.26   36.28   13.38   16.24    9.23   18.33    2.59    1.46   10.31   10.42    2.65    5.07
PSATELC    -21.60  -46.95    1.58    5.40    3.29    8.78   15.24    5.26    0.00    0.01    0.04    6.31    6.06   11.29   11.77    8.45    7.01    0.93    0.13    0.01    0.01    4.66   16.19    9.89    6.13   11.34    6.94    6.44    3.00    6.41   16.28   18.49   20.99   26.05   34.88   34.02   33.81   24.60   16.25    7.57    7.57    1.73    3.90    1.37    8.63    6.30    9.11
PSATFUN    -21.14  -45.04    4.74    2.66    3.35   20.28   37.94    2.54    0.37    0.04    0.03    4.48    4.86    2.78   14.34    5.65    0.85    0.01    0.02    0.09    0.16   24.96   16.71    6.97   17.43   12.89    9.00    3.29    3.11    7.03   11.22   28.08   34.80   38.94   24.88   16.82   22.51   13.62   17.19   15.43    1.10    2.69    3.72    4.17   27.11   11.57    2.06
PSATFUR    -20.67  -46.32    2.86    2.78    3.63   15.67   16.35    5.12    0.00    0.05    0.12    5.41    5.12    5.54   12.93    9.61    1.36    0.20    0.02    0.05    0.11   15.84   18.24   10.61   11.16   13.34    8.89    4.92    2.85    4.15    9.27   21.48   32.37   33.65   28.88   17.93   31.26   15.39   15.11    9.77    2.77    3.30    8.48    6.20   18.79    9.56    6.09
PSATMRB    -20.30  -49.18    2.88    2.92    5.39   20.09   11.64    9.18    0.14    0.15    3.30   14.43    8.81    8.45   12.03    8.03    5.05    0.07    0.02    0.01    0.00    3.58   13.26    8.33    4.61    7.63    6.54    8.09    3.47    3.44    9.05   24.09   27.09   27.30   24.82   38.59   29.17   20.11   15.28    8.25   12.11    2.71    1.87   13.87    4.47    4.43    6.23
PSATPRG    -21.59  -45.67    1.71    2.96    4.31   12.97   15.70    5.96    0.01    0.01    0.01    7.54    3.88   12.80   13.10    7.84    2.06    1.36    0.01    0.00    0.04    5.47   15.77    9.87   10.77    9.18    9.16    4.01    2.73    2.19   12.96   27.72   24.06   29.55   45.25   28.85   30.84   17.79   16.39    6.77    2.23    2.15    6.70    3.10   17.43    6.57   10.04
PSATPAS    -21.02  -48.18    1.04    2.19    4.70   12.53   11.93    4.24    0.02    0.00    0.53   10.13    5.37   13.78    8.78    7.84    4.92    0.78    0.10    0.01    0.01    2.60    9.58    9.56    6.69    6.72    8.13    5.40    2.72    1.49   15.41   16.98   20.44   34.61   30.17   35.78   21.99   26.07   17.58    5.61    8.18    2.73    5.31    5.36    3.02    4.40    7.89
PSATPTB    -21.61  -45.49    3.99    4.10    3.62   11.50   17.22    4.22    0.00    0.03    0.02    5.40    3.33    6.82   16.12    7.95    2.12    0.20    0.00    0.01    0.02    8.92   12.04   13.77   18.79   13.92    9.12    3.76    3.97    3.82   15.41   29.82   22.38   38.57   53.51   29.96   43.28   15.87   16.23    7.92    0.43    1.89    5.00    6.39   36.34    7.60    9.21
PSATPTC    -20.00  -48.55    5.95    3.62    5.94   15.83   10.78    9.35    0.36    0.15    2.30    7.34    7.49   12.07    9.27   13.94    3.63    0.00    0.01    0.00    0.08   14.11   14.64   12.09    6.86    8.68    5.21    6.82    2.67    6.77   11.35   17.08   26.78   22.33   16.01   29.33   38.18   12.02   15.81   10.12   14.42    5.65    1.66   11.33   10.44    5.88    2.94
PSATFZA    -26.00  -51.65    2.98    7.35   12.67   17.27    2.92    0.82    0.04    0.02    0.02    1.88   14.97    7.30    3.31   14.21    7.88   17.30   26.35   32.17   20.89   12.25    2.20   10.47    5.16    2.44    5.86   11.96    5.91    1.13    4.40    1.20    4.68    0.98    1.03    1.88    5.62   33.72   19.20    3.36    0.08    0.28    0.26    0.37    4.88    9.15    9.12
PSATJSG    -25.78  -52.00    1.60    4.62   15.43   14.17    1.94    1.88    0.01    0.01    0.00    1.44   28.57    6.60    5.85   10.42   15.59   19.29   30.85   48.78   25.94    9.77    3.34   11.87    5.40    3.37    6.74    9.40    4.01    4.45    4.08    0.92    5.52    3.81    1.46    1.32    3.49   27.12   14.77    2.24    0.01    0.06    0.03    0.50    3.65    7.03    7.86
PSATSCX    -25.53  -53.48    0.12    2.76   23.45   35.72    2.87    1.18    0.05    0.00    0.13    1.50   39.13    3.81    9.82    8.87   23.98   31.69   30.23   52.57   22.66    6.07    3.57    9.23    4.36    3.74    8.04   14.61    4.84    6.50    3.32    2.50    4.25    2.56    2.32    1.61    6.64   24.48    7.84    1.89    0.02    0.00    0.00    0.47    1.61   15.84    8.54
PSATSCL    -25.49  -51.74    0.86    3.09   16.41   14.09    1.50    1.57    0.00    0.00    0.00    2.34   15.28   10.36   16.53   14.13    6.44   10.57   22.64   35.04   28.31   10.12    3.11   11.76    5.40    2.27    5.60    8.22    3.39    4.27    2.66    2.91    4.30    1.27    1.89    1.29    5.74   17.88   12.45    4.93    0.02    0.03    0.02    0.49    2.81    7.48    6.45
PSATUVT    -26.23  -51.08    3.46    9.45   13.79   15.46    5.34    2.43    0.16    0.05    0.03    1.67    9.87   12.74    1.49    9.33    4.39   26.45   32.39   16.71   29.69    9.09    0.79    1.60    3.94    4.52    5.21    9.06    5.87    0.28    4.65    9.28    1.19    0.99    0.30    4.65    4.68   27.32   14.03    1.43    0.54    0.60    0.71    0.94    1.42   12.06    8.15
PSATBSM    -24.19  -53.74    0.07    2.87   16.39   53.91    2.11    0.42    0.00    0.00    0.40    5.56   35.23   17.19   35.42   16.64   25.31   20.98   11.78   43.98   26.05   16.42    3.71    4.20    2.50    2.25    6.15   18.85    6.75    5.21    1.66    5.39    2.84    1.71    2.46    1.85   16.31   20.22    7.20    3.31    0.06    0.00    0.19    0.51    1.11    9.97    3.53
PSATFLE    -22.97  -54.56    0.17   17.18   39.24   14.83    7.30    0.65    0.00    0.00    0.58    4.36   22.30   15.60    3.89    6.99    8.51    8.19    7.43    7.57   24.62    0.66    9.85    4.51    2.94    1.53    6.58   36.11    8.65   11.09    4.12    7.03    4.02    3.46    1.06    4.58   44.68   11.80    4.39    2.18    0.01    0.01    0.71    1.02    0.98    9.90    0.98
PSATITP    -25.42  -54.58    0.05    8.48   25.14   22.42    4.47    0.61    0.01    0.00    0.39    3.74   32.92   11.54   10.63    9.00   18.91   15.61    9.73   29.66   22.42    3.40    6.68    3.96    2.01    2.78    9.06   22.60   13.19    5.99    1.31    7.30    4.97    3.14    1.19    3.89   39.56   17.51    5.52    1.84    0.03    0.04    0.36    0.66    0.98   15.38    2.99
PSATIVM    -22.38  -53.53    1.11    4.29   11.02   15.10    6.68    1.68    0.08    0.02    1.70    4.93   15.45    6.10    3.59   12.06    6.32    3.15    5.82    4.26   23.94    6.77    5.65    3.39    2.54    2.31    4.71   12.97    8.69    6.55    4.54    8.67    8.48    6.66    2.20    8.94   35.91   18.19    3.39    1.80    0.02    0.11    0.88    0.84    0.55    1.55    1.12
PSATPTQ    -23.18  -53.17    0.29    3.10   14.02   47.77    6.68    0.76    0.00    0.00    0.42    4.66   24.13   27.12   27.18   18.55   11.77   18.83   10.81   25.42   24.84   19.88    3.08    5.09    4.54    2.63    5.01   11.73    5.42    2.41    1.36    6.54    3.88    2.84    2.13    3.05   20.32   23.98    8.54    3.11    0.22    0.43    0.23    0.50    0.89    6.46    3.80
PSATCBI    -17.99  -48.54    5.49    4.77    4.46    4.86   20.24   30.06   24.84   13.10    8.25   13.78   12.25   13.48   10.27    7.39    0.54    0.02    0.00    0.02    0.13    2.75    2.91    2.41    1.79    3.60    3.23    3.69    6.12   16.84   24.95   13.93   11.10   10.30   16.41   10.94   13.73   15.15   11.77   19.72   14.40   22.94   17.13   18.49   16.32    8.88    0.14
PSATCBIV   -16.15  -48.67    8.03    5.45    4.38    2.41   12.01   41.67   35.07   12.83    6.43   11.12    8.40   11.08   11.03    7.24    0.47    0.13    0.00    0.00    0.04    5.23    2.22    1.06    2.67    4.96    3.85    1.74    7.08   15.10   22.25   12.47    8.42    4.06   10.01    8.30   12.47   19.76    6.08   12.50   15.72   10.64    9.57    5.59   11.02   10.07    0.15
PSATEMB    -18.45  -47.98    4.81    4.16    3.78    8.90   16.44   16.91    1.19    0.70    1.29    3.26    5.84    6.37    6.42    3.23    0.22    0.00    0.01    0.07    1.17    4.02   13.99    8.20    4.44    6.45    3.53    5.25    5.71   10.22   15.25    6.56   36.81   29.64   17.25   13.51   24.14   10.55   22.96   15.72   18.30   12.62   12.40   14.32   24.21    3.71    0.15
PSATIMBR   -18.42  -49.10    6.69    4.38    5.38   13.38   25.51   15.14    3.97    3.09    5.48    9.86   11.96   11.56   10.08    5.09    1.34    0.00    0.00    0.00    0.12    4.70    7.41    8.30    4.96    3.03    3.04    8.11    4.82   11.38   16.48   14.75   19.34   24.65   17.37   16.31   27.79   11.85   24.83   12.55   14.12   13.74    6.73   15.69   10.35    9.19    0.50
PSATNPTE   -19.13  -47.70    8.29    3.52    4.96   16.49   13.16    9.77    0.18    0.26    0.74    2.77    6.22    9.57    6.08    7.17    0.37    0.00    0.01    0.03    0.97    7.80   15.95   16.31    7.59    5.47    2.05    7.51    4.79   11.03   14.51   12.71   20.94   27.67   15.89   14.54   19.71   13.38   14.49    6.52   12.38    6.59    4.29    8.39   14.09    6.44    0.53
PSATARV    -18.07  -50.16    7.98    6.64    6.06   12.01   21.89   17.36   11.67   10.93    8.89    9.76    6.76   10.22   13.12    5.03    3.90    0.45    0.57    0.00    0.00    1.67    6.09    3.93    1.26    1.26    1.47   10.95    8.94    9.59   19.62   12.55    8.80   16.92   17.14   14.48   11.82    6.83   18.50   21.52   10.09    4.13    5.60    5.10    6.69    8.41    4.11
PSATSFC    -18.05  -47.68    5.21    5.20    4.62    4.31   20.55   33.71   18.33   13.81    6.62    7.96    9.70   11.76    7.31    4.14    0.30    0.00    0.00    0.05    0.54    1.39    4.72    3.80    2.77    6.84    3.88    5.33    7.79   14.62   30.22   10.17   18.80   12.85   20.49   11.26   25.18   13.61   14.72   26.24   17.09   29.16   19.92   29.69   18.25    2.43    0.13
PSATSSM    -19.02  -50.50    6.94    4.16    6.74   14.77   25.21   17.31    4.94    3.13    6.12    7.71    8.86   10.15   13.05    5.28    2.95    0.05    0.08    0.00    0.01    4.51    5.44    5.54    2.82    3.09    1.50   13.23    5.92    8.37   11.14   13.82   20.44   20.64   16.46   20.27   21.12   12.58   19.65   11.84   10.61    4.42    7.20   20.49    4.13    8.99    5.08
PSATCNI    -22.94  -50.52    0.60    3.57    8.61   38.07   10.35    0.85    0.00    0.00    0.51    9.41   14.79   41.94    7.37    4.51    7.18    7.03    3.39    0.05    0.61   24.97    0.58    5.73    8.47    7.40    3.74    7.24    4.20    0.23    2.19    7.89    5.97    6.47   33.90   13.33   14.48   25.51   11.86    5.33    9.66    0.80    1.60    0.43    0.92    6.13    7.59
PSATCPV    -22.65  -51.33    0.30    1.75   10.15   45.69   16.63    0.57    0.00    0.00    0.46    6.61   15.27   40.63   20.98   13.36   17.83   12.81    7.81    2.19    6.33   25.17    1.32    5.10    7.06    4.58    4.15    8.74    4.89    0.47    0.85    5.59    6.76    3.06   10.66    8.50   16.60   19.72   10.31    2.38    1.22    0.55    0.33    0.33    0.65    7.46    6.43
PSATCHT    -23.01  -49.73    0.39    0.26   12.81   28.27   13.65    0.87    0.00    0.00    0.01    6.30   14.26   35.74    8.28    6.77   15.62   14.80    7.77    0.37    3.32   14.36    0.66    1.87    7.61    5.59    2.41    5.47    5.80    0.10    1.51    6.55    2.91    3.03    7.98    7.84    7.50   18.77   14.79    1.12    0.84    0.27    0.11    0.24    0.68    3.49    9.72
PSATJUR    -23.22  -49.23    0.51    0.27   12.14   21.71   10.89    2.03    0.04    0.00    0.03    7.94    9.59   32.71    7.61    3.07   12.34   16.27    8.30    0.08    4.17    7.25    0.37    1.47    4.66    6.91    2.85    3.42    5.72    0.61    2.65    7.37    3.16   16.12   25.92   31.85    6.81   20.88   17.04    2.54    2.32    0.70    0.40    0.37    0.78    5.74   11.43
PSATMAU    -24.06  -50.71    0.72    0.55    8.83   31.67    2.49    1.51    0.00    0.00    0.01    2.98    8.45   23.90   15.35   12.36    4.81   16.67   10.94   10.28   16.36   15.33    3.57    6.15   11.27    3.79    3.97    6.75    6.89    2.08    1.85   11.70    1.83    1.72    0.74    6.15    3.91   27.55   18.19    0.53    0.21    0.51    0.28    0.47    0.98    3.32    3.24
PSATROS    -22.50  -52.87    0.26    2.90   16.70   42.97   32.22    0.36    0.00    0.01    0.90    3.77   14.42   27.05   43.39   17.17   10.98   12.43    7.22    9.97   15.59   17.45    1.40    7.29    3.83    2.86    5.46    9.90    6.32    1.75    0.33    2.26    6.67    4.54    2.95    5.17   31.59   27.08    6.03    1.91    0.05    0.44    0.36    0.48    0.56   15.39    3.99
PSATQMD    -16.21  -47.33    4.53    5.28    3.70    5.07   11.02   34.89   24.67   12.32    3.10    7.20    7.84    9.23    3.31    3.75    0.49    0.00    0.00    0.07    0.48    0.74    0.87    0.26    0.11    2.47    1.01    3.52    8.63   11.75   33.94   19.43    0.72    5.62   22.42   18.32   21.13   11.63   12.74   11.89   11.89   21.27   17.56   33.69    5.62    1.43    0.40
PSATRBX    -18.95  -44.76    4.89    2.37    3.47   15.87   27.14    8.20    0.06    0.02    0.05    1.88    4.28    3.30   12.48    5.82    0.20    0.00    0.01    0.15    0.39   15.78   14.72    9.69    6.37    6.93    6.88    6.13    4.27    5.77   14.95   18.95   26.32   25.50   14.42   16.31   20.09   11.84   19.17   33.67    1.97    4.21    4.36    8.46   20.65    3.28    0.19
PSATSFR    -15.93  -44.86    6.29    5.18    3.00    4.07   22.08   52.54   24.52    8.11    4.55    3.36    4.00    9.86    3.91    2.61    0.08    0.08    0.00    0.06    1.08    0.32    0.18    0.92    0.29    0.97    2.40    8.47   12.33   11.48   33.46   17.65    0.77   12.30   12.01   12.11   19.96    6.12   20.11   13.25   30.05   18.14   26.42   30.69   11.28    1.00    0.14
PSATSRM    -16.37  -45.07    6.34    5.13    3.73    6.88   19.06   24.24    3.14    2.75    2.16    2.51    3.63    6.23    4.30    2.62    0.08    0.01    0.02    0.11    0.77    5.12    3.66    7.17    1.69    3.71    5.40    5.63   10.49   11.02   16.01    6.75   11.57   15.87   17.64   11.73   23.51    8.17   17.76   25.14   28.16   12.07   15.39   16.91   13.64    1.13    0.08
PSATTMR    -18.16  -45.27    4.63    2.82    3.54   15.82   14.45   10.14    0.05    0.12    0.36    2.82    4.63    6.21    9.26    7.53    0.34    0.01    0.01    0.07    0.95   11.14   14.18    8.10    9.54   14.64    7.33    7.62    4.78    6.70   10.97   20.67   32.59   25.84   19.71   15.60   19.89   15.76   17.65   15.17    7.30    6.58    6.56    9.37   23.42    5.42    0.71
PSATBOQ    -11.35  -43.83    1.09    0.48    0.21    1.48    6.64   18.65   16.22   12.78    1.55    3.57    2.61    4.90    2.04    1.20    0.22    0.18    0.32    1.37    0.21    0.02    0.03    0.01    0.00    0.20    2.31   14.95   12.74    4.76    6.13    0.48    0.04    0.13    2.44    4.17    0.44    0.93    3.03   11.87   13.45   11.60   15.78    8.37    4.83    0.22    0.30
PSATBBO    -22.52  -48.55    0.70    0.67    7.75   27.35   10.81    1.71    0.00    0.00    0.09    6.34    6.99   24.53    4.70    5.33    4.74    7.36    1.12    0.15    0.19    3.77    3.15    5.16    5.07    6.53   10.03    3.46    3.64    1.57    5.88   12.88   22.15   50.38   29.53   31.69   13.42   30.62   16.57    6.40    3.41    1.15    0.99    0.60    5.27    3.64   11.77
PSATESZ    -23.46  -46.91    1.59    0.87   10.40   28.10   20.96    4.25    0.53    0.01    0.19    3.53    4.02   20.13   10.34    2.42    0.62    3.91    0.95    0.14    2.08    8.61    4.10    2.00    4.22    5.88    9.91    4.27   10.23   11.99    3.16   12.80   24.35   56.15   14.41   13.27    6.92   11.20   23.34   25.46    2.48    4.08    3.99    1.13    5.39    2.56   18.64
PSATIBT    -21.76  -48.99    0.85    3.71    3.18   22.44   10.12    0.68    0.00    0.00    4.30   12.65   10.77   22.52    5.90    4.09    7.15    3.13    0.14    0.07    0.02    8.64    1.19    8.84    7.08    7.67    5.71    2.84    1.78    0.42   10.38    6.58   15.77   21.71   35.20   39.16   15.38   33.08   13.69    7.65    8.80    1.93    5.50    1.37    0.93    5.20   15.97
PSATNAV    -21.12  -50.20    1.50    4.24    3.05   22.08   19.29    3.12    0.06    0.06    4.71   14.25   10.54   10.23   12.93    6.74    6.67    1.19    0.03    0.01    0.01    4.57    4.71    9.21    7.57    8.72    5.64    6.34    3.47    0.30    4.12   11.83   17.33   33.89   37.04   31.01   32.48   30.40    7.26    6.77    1.97    2.74    1.37    8.12    1.16    7.27    9.93
PSATSME    -13.40  -48.30    4.95    5.73    2.61    2.63   17.66   34.03   28.20   15.12    7.35    9.50    7.69   10.98    9.17    5.35    4.30    0.16    0.10    0.01    0.58    2.56    3.07    0.48    0.95    0.82    1.98    5.35    5.60   12.73   30.08   18.02    9.03    6.00   16.28   13.87   17.51   12.79   12.26   16.53   21.95   13.14    8.95    4.85   12.55    3.42    0.25
PSATBGR    -27.78  -51.20    6.65   29.56   16.52   16.88    2.33    2.23    0.06    0.01    0.00    0.62   29.03    2.98    0.01    1.32    9.80   32.85   26.55   37.11   41.45    0.14    1.18    2.67    6.27   10.28    5.52    6.44    3.10    0.39   10.02   11.26    2.15    0.31    0.08    3.70    2.67   14.87    5.49    0.62    0.03    0.04    0.31    0.04    0.72   13.42    8.50
PSATCNV    -27.60  -51.33    4.33   23.89   17.32   20.36    4.99    1.83    0.20    0.07    0.01    0.62   23.67    4.55    0.12    2.17   11.44   45.66   34.05   40.76   37.33    2.33    2.60    2.01    3.50    7.98    4.71    5.59    5.58    0.29    7.34    8.61    1.01    0.52    0.17    2.34    2.10   14.85    5.38    0.82    0.16    0.35    0.81    0.23    0.95   15.45   10.67
PSATFCH    -27.14  -53.04    0.73    8.36   15.67   21.34    1.51    0.73    0.00    0.00    0.00    0.39   52.35    0.60    0.30    1.72   29.75   23.16   31.12   54.91   50.56    1.91    4.52    5.20    8.60    7.77    8.84   10.48    2.93    8.98    6.21    2.01    1.01    0.68    1.73    0.36    3.97   22.02    3.37    0.00    0.00    0.00    0.00    0.05    1.34   16.30   14.50
PSATITA    -27.27  -52.38    3.00   20.59   20.57   13.74    3.08    1.07    0.02    0.02    0.00    0.27   34.47    4.23    0.03    3.16   20.14   26.54   24.99   44.13   37.45    3.10    4.20    5.07    6.23    6.20    4.47    6.67    5.17    3.69    7.62    4.87    3.17    1.72    0.81    1.52    5.07   22.57    6.03    0.66    0.00    0.07    0.07    0.07    1.29   17.36    9.87
PSATMCD    -27.52  -51.78    2.47   24.23   17.78   19.12    2.26    1.67    0.00    0.00    0.00    0.16   41.43    0.20    0.00    1.70   17.17   21.16   27.21   52.92   48.07    0.33    1.53    2.33    7.62    9.12    6.28    6.20    3.83    3.56   11.15    7.28    1.72    0.79    0.97    0.83    2.01   10.96    4.04    0.00    0.00    0.02    0.00    0.00    0.95   20.52    5.68
PSATMOJ    -27.35  -52.73    2.19   27.21   16.44   32.57    1.47    1.43    0.00    0.00    0.00    0.36   40.71    0.05    0.04    0.89   30.82   20.10   31.80   44.40   48.93    0.20    1.26    5.42    6.78   10.68   11.02    7.31    3.07    8.66    9.71    5.15    1.32    1.12    0.37    0.67    5.17    9.57    1.14    0.00    0.00    0.00    0.00    0.12    3.39   24.00   14.33
PSATQQX    -26.66  -52.54    3.74    8.27   12.75   14.04    4.51    1.89    0.06    0.00    0.00    0.92   34.48    5.55    0.82    3.65   22.72   33.50   29.62   34.84   24.38    3.08    5.03    8.25    6.13    4.29    5.65   10.90    3.53    7.33    4.87    2.62    6.67    2.39    1.36    2.81    4.87   37.12    8.27    1.39    0.00    0.02    0.00    0.34    1.91   13.28   11.41
PSATPSJ    -28.14  -55.05    2.61   13.33   18.69   15.48    1.16    1.32    0.08    0.00    0.00    8.31   71.05    0.00    0.24    9.11   19.09    0.23    9.47   51.07    4.89    0.00    0.81    7.48   12.56    7.97   15.13    1.83    4.09   12.60   18.52    0.37    0.34    0.68    1.64    1.13    8.90    7.25    0.65    0.00    0.00    0.00    0.00    0.50    9.26   12.73    6.93
PSATESP    -18.68  -51.87   17.93    7.17    7.55   14.22    6.81   17.62    3.75    4.81    3.36    9.54    8.41    9.49   10.45   14.11    1.54    1.42    1.30    1.05    2.84    2.06    0.34    4.30    0.84    2.96    0.17    1.42   12.62    5.91   23.30   11.78   11.05   16.24   17.85   19.53   10.80   10.65   15.11    4.06    5.37    0.49    0.31    0.09    0.70    2.56    3.45
PSATSRC    -19.16  -50.76   13.61    7.65    8.09   15.57    9.07   12.39    6.01    4.72    7.69   10.98   10.67   11.02   17.42    7.58    1.14    1.96    0.60    0.41    0.19    0.86    3.21    4.79    1.21    3.47    0.49   10.38   10.62    3.73   17.51   19.19   13.06   16.77   19.29   17.08   11.99   10.98   11.88    6.88    3.88    0.94    2.37    0.45    0.39    2.20   10.65
PSATFRCL   -19.12  -50.64   12.58    8.23    6.48   15.80   10.15   14.80    7.30    6.08    6.57   11.32   10.52   13.31   17.43    4.39    1.06    1.63    0.95    0.06    0.00    0.35    6.73    7.72    1.56    3.15    0.36   11.74    8.90    5.66   15.37   17.09    9.48   18.02   17.84   16.69   14.00   10.09   15.79    7.88    3.56    1.73    2.80    1.79    1.12    3.86   10.64
PSATISOT   -20.40  -51.35    3.07    4.10    6.57   15.23   21.51   12.01    1.18    1.10    5.06    9.03   12.60    6.11   18.48    8.15    3.39    1.36    0.04    0.05    0.05    1.53    4.35   11.06    3.68    8.04    2.73   13.24    5.89    2.05    6.65   12.45   21.62   23.30   33.09   23.66   30.66   18.49    7.97    6.22    1.35    1.77    2.93    4.06    0.68    2.91    5.58
PSATJUP    -20.86  -51.63    5.00    4.08    6.26   15.16   15.18   11.49    1.91    2.94    3.32   13.26    8.11    3.94   12.37   10.95    3.42    1.04    0.44    1.08    3.45    7.76    1.70    9.17    2.64    4.84    2.39    6.58   10.07    4.59   11.26   11.46   18.18   19.64   22.86   15.55   19.27   17.09    8.32    6.13    1.08    0.85    0.95    0.57    0.64    1.88    2.14
PSATSDG    -20.06  -53.18    6.15    2.62    4.60    7.84   15.74   10.31    2.09    2.45    4.99   11.37    7.75    2.41   11.56    7.46    2.94    0.91    1.75    7.17    3.42   15.73    1.47    7.15    2.11    5.50    1.55    6.63   12.49    5.74    9.78   10.52   13.29   14.30   13.10   17.52   12.47   21.65    6.16    5.20    0.40    0.55    0.87    1.37    0.56    0.51    1.32
PSATFZBT   -21.66  -52.87    5.78    1.57    7.24   21.49   12.57    4.03    0.34    0.36    1.79    8.08    8.69    1.01    8.67   13.53    7.33    1.33    2.43    6.08   12.45   16.39    4.82    5.75    2.27    3.71    3.33    4.77    9.55    3.98    6.20    4.85   10.89   14.98    5.29   11.86   23.17   21.62    5.87    2.66    0.04    0.34    1.00    1.14    1.43    0.64    0.69
PSATPPRA   -22.46  -52.91    0.56    2.12   13.43   33.31   33.55    2.54    0.12    0.17    2.87    9.97   12.96   10.00   21.24    9.80    7.60    2.97    2.38    2.37    5.04   16.83    0.70    8.08    4.63    4.80    3.62    8.38    7.72    1.58    1.38    7.72   13.35   16.50   17.57   10.97   34.65   23.73    6.61    5.13    1.53    1.11    0.75    1.17    0.78    8.47    2.69
PSATBTE    -13.69  -50.80    3.20    5.39    4.02    5.43   14.20   20.09   11.42   14.69   10.73    7.71    4.98   14.33   11.48    5.65    1.98    1.32    1.49    0.46    0.66    1.53    3.06    2.44    0.82    1.05    1.13    4.23   10.33    7.95   19.88   12.61    9.32   18.06   26.15   17.53   15.45    8.04   14.48    8.47   10.89    3.75    2.86    2.37    1.88    5.51    2.58
PSATARAG    -8.27  -49.26    4.52    5.30    2.76    2.57   14.61   18.87   18.48   12.83    7.34    6.58    6.99   16.96   12.63    4.44    4.32    5.20    3.58    3.37    9.42    6.78    3.30    2.75    0.29    0.97    2.05    8.85    6.44    8.46   17.53   12.23    9.76   24.93   13.58   12.36   15.08    4.86    9.80   18.93   18.22   14.95    9.26   10.68   12.93    3.85    1.64
PSATLAJ     -9.76  -48.37    4.12    5.88    1.33    2.24   15.62   22.64   27.26   14.68   12.94    5.54    6.74   14.70    8.45    5.31    2.36    0.38    0.23    0.42    3.32    2.00    0.93    0.61    0.07    0.45    2.60   13.88    5.70    8.16   29.35   20.45    6.95    8.34   12.18   16.66   11.63    3.63    6.97   18.98   19.52   13.89   11.40   15.71   13.87    1.08    0.42
PSATPTRL    -9.31  -47.39    0.99    2.73    1.98    1.69    5.40   16.02    6.44   10.14    6.61   10.38    5.76   10.02    7.35    6.08    1.10    0.49    0.41    2.65    1.56    0.10    0.67    0.45    0.02    0.73    7.93   20.51   10.94   12.82   18.64   27.72    1.04    8.56    6.96    7.89    3.05    3.90    2.51   15.07   17.27   17.59    9.18   19.47   16.96    0.29    1.23
PSATLJET    -7.33  -47.48    0.99    1.72    3.42    3.65   13.35    8.23    3.72   10.60    8.75    5.81    2.56    8.82    8.68    6.71    2.83    2.05    4.01   12.30    5.52    2.12    4.55    3.09    3.38    4.12    3.10   15.12    6.56    6.33   16.53   20.07    1.93    6.97    9.96    7.16    2.15    4.61    4.13    4.38    7.98   10.23    8.91   16.38   18.64    0.59    2.13
PSATUCR     -3.83  -49.65    3.99    3.01    6.65   10.83   12.22    3.24    1.67    8.22    9.04    6.48    7.38    5.65    7.18    4.40   10.87   12.89   11.15   13.20    5.52    6.68    5.74    8.92   13.33    9.19    3.81    7.19    8.82    4.11   11.23    9.77    3.49   12.13    8.45    8.63    1.68    2.88    4.88    3.87    7.31    9.36    6.74    8.12   17.65    3.09    2.58
PSATXIVJ   -29.07  -51.67    8.00   34.34   14.88   10.28    1.21    1.77    0.00    0.00    0.15    0.44   51.16    0.58    0.00    1.75   12.25    6.34   11.46   55.17   25.39    0.02    0.69    1.79   10.47   11.18    7.87    5.48    0.60    3.90    9.45    8.16    0.21    0.20    0.27    1.85    0.53   10.86    3.65    0.03    0.00    0.00    0.00    0.02    1.31   16.39    4.27
PSATDFRC   -29.45  -53.28    9.71   14.24   10.01    8.40    1.25    2.87    0.03    0.06    0.10    5.57   76.17    0.02    0.05    5.18   17.84    2.96    0.56   22.52    2.17    0.00    0.07    4.72    9.22    8.90   15.69    2.67    1.20   11.54   28.53    0.56    0.00    0.11    0.91    0.44    3.06   11.18    2.41    0.01    0.00    0.00    0.00    0.22    5.27   14.02    1.40
PSATREAL   -29.02  -53.19    4.42   20.91   18.75   20.23    1.68    1.40    0.00    0.00    0.05    1.45   65.52    0.08    0.08    4.53   22.35    0.27    7.75   56.01    8.65    0.00    0.57    5.49    7.21   12.43   15.27    3.70    0.70    9.77   35.25    4.61    0.21    0.34    0.44    0.22    2.78    9.15    1.58    0.01    0.00    0.00    0.00    0.20    4.32   20.09    5.27
PSATCTAV   -29.01  -51.39    8.88   30.72   24.05    8.47    1.47    1.57    0.05    0.07    0.06    1.03   37.87    1.05    0.00    1.91   13.69    4.36    8.10   69.40   23.66    0.02    1.46    3.20    8.49   11.25    9.13    7.95    0.72    0.82   11.44    6.68    0.16    0.02    0.13    2.81    3.59   16.59   10.54    1.32    0.01    0.05    0.31    0.08    0.56   16.89   13.41
PSATERNT   -28.56  -52.54    3.68   35.14   20.38   22.58    2.45    0.73    0.00    0.00    0.00    0.42   43.39    0.06    0.00    1.01   22.87    9.61   20.21   51.24   36.22    0.00    1.17    2.46    6.60   11.94   12.02    5.78    1.68    8.74   23.43    7.33    0.47    0.50    0.34    0.40    2.24    6.94    1.25    0.02    0.00    0.00    0.00    0.05    1.16   18.66    5.48
PSATSTPL   -27.14  -49.52    9.33   19.10   11.74   20.49    6.39    2.60    0.54    0.26    0.07    0.69   17.28   12.02    0.62    1.40    6.77   71.44   32.53   20.55   45.16    4.32    2.18    0.89    1.69    6.34    7.33    7.10    1.68    0.00    6.00   15.48    0.21    0.01    0.01    2.05    2.79   20.44    8.16    1.10    0.54    0.94    2.13    0.68    0.93    8.65   16.30
PSATCVCH   -25.14  -48.87    0.59    1.24   16.13   20.11    8.26    5.00    0.20    0.13    0.01    6.14    6.09   13.93    8.47    5.81    6.42   28.70   20.63    6.04   23.15    4.52    0.89    0.87    2.61    4.41    4.03    4.67    6.15    0.56    5.40    8.83    0.92    1.11    0.27    2.98    4.52   62.99   20.81    1.37    1.22    1.04    1.62    1.19    0.95    8.15    6.84
PSATAMY    -12.60  -69.12   26.45   10.07   10.53   11.60   14.60    7.49   11.69    7.11   12.55   10.63   10.65    7.05   13.33   18.71   20.07   11.38   16.19   10.15   24.38   14.17    2.04    3.65    4.55    1.94    1.20    4.71    7.85   10.47    7.27    6.73   11.33   15.27   11.37    3.98    7.48   11.58    8.59   20.60    5.88   10.02    3.94    7.13    3.78   10.39   21.02
PSATGJR    -10.73  -65.35   18.78    8.37   13.61   14.69    5.11    6.77    6.51    6.01    5.63    6.50   13.07    9.80    6.31    4.74   12.92    9.55    5.72    4.82   11.81    1.92    1.73    1.55    1.11    0.96    1.08   14.40    6.44    6.81   11.02   14.15   10.78   12.05    5.27    8.64   15.71   26.26   17.24    6.61    3.73    8.48    3.99    4.63    4.15    3.99    7.83
PSATPRNC   -12.43  -64.43   17.81    6.83    6.17   10.56   11.15    8.69    6.94   10.46    7.10    8.63    5.97    6.96    2.02    6.82   17.86   10.19    4.61    4.44   13.39    3.32    4.02    2.15    0.76    0.59    0.63    4.16    7.06    6.08   10.41   11.96   17.43   16.96   11.24    1.98    3.86    8.19   14.45   12.29    4.40   14.78    5.67    4.02    0.55    1.31    6.89
PSATSANT    -8.87  -63.97    6.19    5.44   11.48   10.52    8.12    4.10   12.34    7.00    7.10   20.22    4.70    7.41    9.12    8.07   17.97   13.24   18.17    6.22    4.44   22.92   11.21    2.86    1.88    0.88    0.84    0.72    9.35   10.79    2.67    6.73   17.04    8.31   20.29    5.43    5.43    1.82   10.06    1.49    1.68   10.49   10.71   22.10    3.37    2.83   20.85
PSATDARD   -10.16  -59.46    8.74    4.52   11.10    5.95    8.05    3.55   10.93   14.19    8.75    2.62    2.78    7.09    5.38   22.50   11.31    9.03    4.15    5.54   10.92    7.37    7.22    1.20    0.57    2.44    3.28    6.59   10.46    7.68    6.92   11.16   13.05   14.49   12.08    3.01    3.30    9.59   15.98    9.00   11.62   15.63   18.51   10.07    2.57   10.13   10.68
PSATGUAP   -15.12  -58.96   19.61    5.82    8.23    8.73    6.20   10.76   15.59   18.30   13.15    3.60    5.05   10.60    3.33   21.18    9.19    3.54    3.49    9.06    9.70    5.63    7.78    1.42    0.93    2.88    4.06    0.52    4.09   10.88   25.94   14.88    8.06   11.57    3.43    1.21    6.50    7.75   20.32    2.47    1.25   11.78    1.74    1.19    0.73    0.58    1.40
PSATJIRA    -9.25  -64.65   16.59   11.33   12.11   14.67    8.47    5.59    8.97    7.67    6.61    9.38   10.53    7.45    7.37    8.02   15.05   15.51   12.48    6.58   20.79    7.72    5.93    3.11    2.07    1.29    0.83    4.26    6.12    7.66    3.26    8.15    8.87   10.10    5.13    2.33    3.97    7.76   11.51   15.27    2.93    8.80    7.37    8.23    5.50    5.71   12.34
PSATROND   -11.99  -60.70   10.87    4.83    5.78    4.46   15.96    5.04    9.83   20.78   11.66    2.75    2.64   10.13    3.25    3.74   23.54    8.87    1.02    4.09   10.04    3.43    6.65    1.74    1.33    1.53    2.50    0.81   19.91    9.72   11.11   12.10   41.56   19.10    5.65    4.87    1.95    2.93    9.06   18.19   42.94   21.27   17.21    6.90    1.77    1.10    2.04
PSATSAMU    -8.75  -63.45    4.15    6.76   11.07    6.38   22.52    1.74   15.97    7.39   12.31   10.02    6.33    1.87    4.90   11.39   17.36   19.76    8.35    8.81   10.58   19.48    4.03    3.36    2.42    0.34    0.57    2.49    2.32    7.67    5.65    4.83   21.13    8.66   14.49    2.64    4.40    1.60    3.02    3.56    3.33   18.04   15.83   21.29    1.57    1.94   25.23
PSATBALB    -1.92  -59.47    2.07    9.83    2.72    6.81   12.05   13.27   20.30    6.64   16.11    4.64    2.16    2.94    6.26   13.14   20.86   17.81    8.77    5.28   22.16   16.60    3.08    4.88    5.14    3.84    2.35    5.28    8.67    4.94    6.07    5.89    6.73    3.33    2.24    5.66    8.05    5.20   24.44    9.81    1.03    0.12    0.23    2.89    7.23    7.41    8.31
PSATCUNA    -2.82  -54.30    2.43    0.69    0.85    1.68   12.19   11.36    8.38    1.30    9.68    7.21    3.84    0.90   12.11    8.71    2.89    3.95   23.36   18.41    7.28    5.65    8.81    2.73   11.58   12.41    4.12    5.94    4.79    7.42    7.28    2.12    3.00    2.33    4.17    6.56    4.17    1.26    2.76    9.34    2.51    5.86    6.20    2.08    2.09    3.02    4.50
PSATJARI    -0.65  -52.52    1.30    0.11    0.48    2.23    1.83   10.56    9.15    5.81    6.15    2.32    0.84    2.21    0.77    1.54    5.45    0.86    7.94    2.78    3.11    1.89    1.55    3.47    7.36    7.67    5.45    9.89    5.88    2.48    1.40    2.84    7.59    3.08    2.67    4.41    6.04    6.85    7.51    6.59    0.19    0.26    3.27    1.54    1.87    5.51   11.80
PSATFGOM     0.86  -51.20    3.65    0.10    1.00    1.56    3.23   13.63    9.94   13.43    7.11    4.01    2.73    6.45    1.47    3.11    4.15    4.53   11.32    6.22    6.22    3.10    2.07    2.91    5.70    8.51    5.53    7.04    4.69    1.46    1.81    5.35    7.01    3.95    2.92    5.34    6.39    6.48   12.92    2.82    0.09    1.97    6.60    3.03    5.06    7.68   13.06
PSATUBE     -6.75  -43.57    0.70    1.52    4.93    1.69   11.65    5.26    4.78   14.47    4.42   11.20    3.47    4.85    6.37    7.89    1.76    1.05    2.22    2.32    0.68    0.16    0.73    2.16    2.05    3.14    4.15    9.26   10.06    6.02    8.78    6.53    1.57    7.93    9.95    8.08    1.11    4.89    1.91    5.23    6.69    7.43    9.08   14.27    5.88    0.45    1.40
PSATBSOR    -6.74  -52.00    4.10    2.45    4.07    6.74   11.22   14.84   16.12   11.96    6.88    2.89   15.12   16.79   15.96    7.76    5.10    8.86    6.01    6.56    9.44   12.47    5.73    3.76    1.56    1.48    1.34    5.52    9.05    6.83   10.36   14.46    8.45   17.07   14.61   10.21   14.35    9.03    8.50   14.15   18.68   16.47    6.31    6.76   10.25    4.58    1.94
PSATBESP    -6.75  -51.77    5.40    2.97    7.21    4.36    3.52    5.79    4.72    2.24    5.08    5.98    8.37    6.21    9.81    5.03   10.72   17.96   12.97   13.47    7.23   11.09    7.26    5.82    5.15    7.06    2.63    5.48   13.19    1.42   12.74   13.24    9.25   22.68    6.27    7.34    2.77    9.78    1.59    4.49   11.88   14.88   13.40    6.99    9.51    3.44    1.71
PSATPIME    -3.41  -51.91    5.78    1.40    2.51    8.23    8.90    4.13    9.26    4.17    9.49    4.81    9.60    8.25   11.46   10.97   11.38   12.21   13.14   13.55    9.78    9.36    7.63    3.06    4.21    8.58    2.56    4.53    6.68    3.57    8.67   10.66    4.37    9.38    5.30    7.88    8.44    4.83    2.89   12.47   16.46   13.33    7.10    4.25    6.64    4.16    3.30
PSATIRAP   -16.74  -42.57    3.52    4.32    3.13    4.78   20.95   28.54    3.02    0.83    0.34    1.25    1.46    1.11    3.68    0.84    0.34    0.08    0.47    0.47    0.53    1.25    0.88    1.91    0.26    0.25    9.17    5.12   11.85   18.31    8.67    0.18    0.07    2.15    7.17    7.70    2.70    7.18    7.98   22.28   31.77    9.17   19.30   17.55    7.03    0.26    0.11
PSATITBI   -15.97  -39.59    5.68    1.07    1.44    5.80   23.66   41.53    5.06    0.24    0.13    0.92    0.53    1.24    1.75    0.46    0.25    0.36    0.76    0.76    0.79    0.59    1.00    1.43    0.62    0.50    4.77   11.24   16.48   21.74    2.27    0.07    0.09    0.17    1.18    2.99    0.46    1.59    3.30   16.14   42.93   13.01   17.96   11.42    2.74    0.31    0.16
PSATCOLI   -10.98  -55.77    5.01    3.69    6.95   12.47    8.16   17.73   13.58   14.23    8.80    1.97    6.20   16.26   20.11   16.23    2.30    7.24    3.76    6.54   10.95    7.53    4.60    1.73    0.96    1.03    1.76   10.01   10.37    7.58    9.68   24.84   19.98    6.98   18.19   12.03   14.04    9.99   13.85    5.97   17.10   10.92    2.45    3.28    4.84    4.70    7.04
PSATSAEL    -9.19  -57.04   10.24    2.30    7.21   15.50    9.55    8.33   11.81    7.56    8.57    0.79    5.08   11.63   20.48   16.69    4.28    6.41    7.86    5.21   12.56    6.47    4.84    2.07    3.72    1.47    0.92    4.93    8.44   10.10   11.13   15.92   10.32   15.17    4.70    8.49   13.07   13.55    3.86   17.76   18.23   19.85   13.03   12.29    9.24    4.01    5.93
PSATITQ    -17.09  -54.83    8.84    6.48    4.80   15.67    6.42   16.50    7.98    7.26    7.33   11.90    6.27   10.19    9.95    8.84    0.98    0.66    2.55    1.62    2.30    2.35    2.48    3.03    0.52    0.95    0.87    2.43   10.36    6.77   15.30   21.63    9.93   16.60   30.20   22.67    7.30   13.40   26.69    3.33    2.46    0.41    0.32    0.21    0.64    0.87    2.11
PSATJAU    -15.24  -58.73   21.68    6.71    8.57   11.37    8.96   13.65   17.52   21.44   14.15    4.81    3.80    9.06    4.46   18.37   14.64    4.64    2.57    9.38   13.30    5.86    6.57    1.58    1.01    2.86    3.64    0.39    3.81   11.74   21.98   15.17    9.94   14.77    3.39    2.84    6.03    6.14   18.06    2.64    1.00    8.67    1.25    0.70    0.56    0.56    0.96
PSATMAN    -14.87  -55.78    3.98    4.47    5.10    6.75   12.79   17.07   12.14   10.18    5.50    2.19    5.51   12.91   18.63    9.84    4.75    2.27    2.58    7.94   10.93    5.41    4.94    2.46    0.51    1.89    3.67    5.44    8.71    7.51    7.83   25.98   17.91   14.33   12.56    8.46    9.55    7.12   12.95    5.71   14.39    1.70    0.66    0.37    0.99    0.66    3.39
PSATPTP    -17.61  -54.83    8.67    5.68    3.08   21.02    2.82   12.10    4.13    6.50    5.62    7.70    2.99    6.03    8.10   15.09    1.25    0.96    1.05    1.91    4.78    2.62    0.73    1.33    0.21    1.01    0.46    0.84    5.17    6.66   21.09   18.93   17.20   18.26   27.15   23.55    5.74   12.07   29.40    3.95    1.54    0.30    0.18    0.37    0.51    0.74    0.62
PSATSTCL   -17.90  -40.20    2.39    0.36    1.33   11.64   32.81   32.28    0.33    0.22    0.32    0.17    0.02    0.34    1.39    0.17    0.09    0.15    1.12    0.80    0.35    0.14    0.77    0.86    0.06    0.01    0.92    8.95   25.97   29.15    0.65    0.02    0.03    0.01    0.20    3.54    0.50    0.62    2.09   21.48   35.80    5.95   12.80   10.61    2.32    0.18    0.03
PSATPDC    -12.58  -39.00    0.37    0.32    0.14    0.29    4.50   17.01   29.82    3.72    0.87    4.04    2.77    0.92    0.32    0.96    1.80    1.62    2.29    2.42    1.34    0.85    0.58    0.94    1.47    1.01    1.36    1.97   10.13    3.26    0.43    0.36    0.32    0.46    0.69    0.15    0.16    0.07    0.12    5.03   14.63   35.33   10.74    4.03    1.00    1.30    0.94
PSATROSA   -20.92  -41.72   13.40    1.62    5.54   24.02   39.11    9.28    3.30    0.34    0.06    0.19    0.42    0.42   26.30    5.05    0.01    0.01    0.08    0.28    0.86   10.04   26.88   15.38    2.95    2.28    2.19   10.80    9.93   25.73    8.74    0.04    0.35    6.80    4.90    6.55    5.04    9.10   11.11   17.04    9.29    2.76    2.65   11.09   11.01    0.13    0.35
PSATCAN    -20.21  -42.85    5.46    3.51    6.84   19.90   30.33    3.08    0.17    0.11    0.13    0.66    1.66    3.26   21.74    3.82    0.14    0.00    0.04    0.14    0.24   11.31   19.98   19.06    3.71    2.96    8.57   10.81    8.65    6.30    5.03    7.13   15.79   38.50   11.59   15.25   16.27   15.76   12.06   25.29    4.80    1.81    2.77    4.80    9.17    2.08    0.13
PSATSAC    -19.64  -42.85   11.04    4.68    6.58   22.03   25.88    4.93    0.02    0.78    0.19    0.69    1.48    2.70   16.44    3.35    0.04    0.00    0.02    0.19    0.45    8.47   19.31   19.40    0.46    2.16   14.54    7.66    6.60   10.48   14.94    4.00    2.52   36.77   12.06   11.77   26.45   14.56   15.69   33.51    5.28    3.52    4.78    8.49   14.13    1.32    0.07
PSATPES    -19.12  -42.66    6.11    2.50    5.40   11.86   32.84   12.04    0.92    0.35    0.24    0.57    0.98    2.56    9.64    2.34    0.03    0.00    0.21    0.48    1.52    8.53    5.76    8.67    0.26    0.16   19.52    7.89   12.31   13.60   15.14    0.25    0.10   13.73   13.28    8.88   20.16   14.02   13.09   23.26   15.09    3.87    7.66   10.63   10.75    0.59    0.08
PSATMAS    -19.50  -40.92    5.26    1.20    3.79   15.79   36.66    9.20    0.16    0.29    0.12    0.10    0.13    1.12    7.57    2.50    0.11    0.11    0.44    0.63    0.89    9.16    6.83    8.17    0.54    0.46    9.49   17.38   10.72   16.61    6.76    0.15    0.13    3.60    5.02   10.33    7.73    8.55    7.50   28.97   13.05    3.06    7.63   10.38    7.04    0.54    0.44
PSATSBR    -23.37  -45.87    2.80    1.58    6.70   31.52   23.90    5.36    0.44    0.09    0.15    4.47    3.76   12.71    7.56    0.79    0.56    6.17    0.92    0.26    0.40   31.33    7.13    4.57    5.94    5.74   11.22    4.99    6.62    9.29    5.73   21.02   31.40   29.93   24.44   13.39   10.78   12.63   22.21   27.66    4.36    2.56    4.55    2.49   11.72    1.91   14.46
PSATJAG    -23.20  -46.03    1.42    1.77    4.90   31.59   13.16    5.26    0.13    0.00    0.00    7.95    1.45   15.44    7.55    6.70    3.56    8.16    0.47    0.00    0.23    5.04    3.17    3.83    4.20    5.40   11.87    4.18    6.09    6.99    5.26   21.94   35.20   68.60   15.84   17.73   21.58   10.62   27.95   14.86    3.27    3.11    2.04    1.68   11.14    1.13   18.49
PSATFUNI   -22.53  -44.57    3.31    1.52    4.38   24.63   17.98    4.62    0.08    0.04    0.02    8.14    2.66   13.63    8.93    5.00    1.65    4.81    0.14    0.03    0.13   10.24    9.60    6.82   11.35    5.71    9.85    3.55    6.29    5.87   10.41   33.02   29.79   40.70   56.15   28.95   21.71   11.31   21.80   15.56    2.88    1.91    3.59    1.17   17.77    4.46    8.81
PSATSACE   -22.48  -43.84    7.65    3.58    5.20   23.72   36.62    6.79    0.68    0.19    0.00    2.14    5.02    5.62   19.88    1.09    0.65    0.52    0.06    0.00    0.33   40.34   30.59   12.63   10.89    6.33    6.26    9.93   11.31    6.68   11.95   36.32   28.54   29.02   78.45   18.52   11.09   11.40    8.85   13.15    2.50    1.94    4.01    0.95   24.54   12.50    9.38
PSATPIC    -21.91  -43.54    8.64    9.28    4.26   18.90   40.76    3.48    0.14    1.09    0.00    3.72    2.30    2.04   16.88    1.77    0.35    0.00    0.02    0.00    0.02   15.24   25.97    8.62   11.43   10.24    5.43    5.23    6.09    2.66   12.21   24.15   29.60   44.10   31.45   15.21   21.51   17.97    6.47    9.49    2.44    2.81    8.73    0.85   27.19   11.69    6.56
PSATSOGI   -21.94  -43.36    9.39    7.95    4.60   19.12   41.68    7.71    1.96    1.74    0.01    2.15    8.79    2.43   18.04    0.69    0.25    0.00    0.01    0.02    0.14   13.36   35.64   10.03    7.44   11.08    5.57    7.12    3.94    9.35   12.44   26.98   36.20   69.11   27.55   16.40   20.05   15.64   10.30    7.28    2.30    3.77    8.93    0.69   22.54   13.46    2.73
PSATIPSI   -21.84  -42.58    4.10    5.38    5.40   19.91   34.77    4.62    1.63    1.03    0.04    1.03    6.81    3.84   21.27    0.76    0.42    0.02    0.00    0.01    0.34   37.89   59.62   10.74   12.24    5.06   10.37    6.75    6.58    4.52    9.54   20.92   24.29   46.97   31.00   13.64   10.63   18.05   14.98    8.51    1.14    2.23    7.17    1.38   15.05    6.84    5.02
PSATTCLJ   -22.69  -43.83    2.20    0.97    2.36   15.27   33.64    9.73    3.30    0.18    0.02    0.34   15.27    3.65   13.21    0.29    5.16    1.59    1.05    0.00    0.21   92.53   33.78   13.00    5.98    5.66    6.45    6.06    3.66    2.69    2.32   18.40   26.66   25.57   81.73   14.24    4.67   10.13   14.53   18.37    5.22    0.61    2.69    0.67   13.82   10.01    8.91
PSATBIGU   -25.51  -53.67    0.10    2.51   25.39   38.74    2.84    1.05    0.09    0.00    0.18    1.88   38.14    3.31    9.00    8.87   23.49   34.31   30.33   54.72   21.45    5.34    4.40    9.19    3.81    3.82    8.76   15.70    6.29    6.54    2.99    3.20    4.33    2.27    2.32    1.52    7.57   23.51    8.07    1.75    0.03    0.00    0.00    0.48    1.50   17.47    8.76
PSATBRAU   -21.45  -42.41    2.56    5.41    8.69   22.12   26.11    7.46    2.24    0.52    0.02    0.47    7.37    3.30   21.63    0.56    0.16    0.02    0.00    0.01    0.14   12.42   21.96   17.25    8.70    4.39    6.17   15.24    9.54    8.46    5.94   12.30   38.14   61.33   15.66   14.40   12.15   17.10   15.34   10.83    5.37    2.32    2.26    0.86    8.13    3.49    0.05
PSATSUIC   -20.08  -40.58   14.30    1.08    4.14   28.85   41.46   11.48    0.55    0.74    0.04    0.02    0.09    0.05    8.27    2.62    0.05    0.15    0.50    0.84    1.39    7.13   11.72   10.42    3.04    7.89    2.04   22.45   19.36   44.45    3.85    0.35    0.20    0.29    5.05   10.82    7.66    3.36    5.00   26.28   10.10    1.92    2.72    7.78    3.45    0.43    0.24
PSATJRI     -9.30  -64.70   17.89   12.62   11.81   15.61    6.82    5.15   10.00    7.61    6.11   10.69    9.76    5.58    6.00    5.85   15.55   16.85   13.76    6.21   16.90    6.54    7.06    3.30    1.86    0.77    0.44    2.85    4.83    7.87    3.15    7.79    9.87    9.43    5.98    1.47    1.53    6.10    9.16   18.87    3.29    7.99    4.89    6.70    5.49    6.39   14.22
PSATBENI   -14.59  -67.53   13.85    6.82   13.68   12.22   13.07    6.65    5.88    7.64    7.62    5.06   12.22   12.96   11.59   13.63   14.02   11.85    9.07    8.07   33.05   10.15    1.75    2.50    2.54    2.82    1.92    8.22   10.07    8.17    3.99    8.91    6.25   11.29    3.85    4.94   10.86   12.64   18.14    6.69    2.27   10.97   14.74   13.16    5.16    4.13    9.78
PSATEPB    -12.42  -64.42   17.92    7.24    6.95    9.98    8.11    6.40    5.83    7.96    5.46    6.59    8.54    6.73    1.72    5.26   15.53    8.68    3.82    4.01   11.81    2.28    3.22    1.94    0.68    0.59    0.54    6.93    5.90    5.54    9.63   11.62   15.44   15.67    8.44    2.28    5.91   12.09   12.67    8.91    3.40   11.93    4.13    3.28    0.49    1.09    4.84
PSATEGM    -10.79  -64.35   19.00    8.38   15.50   16.87    6.49    8.85    7.65    7.54    7.13    8.22   12.81   11.06    8.10    5.94   13.78   11.32    7.18    5.54   13.20    2.68    1.85    1.57    1.32    1.08    1.33   14.79    7.56    7.81   12.11   15.24   10.73   11.62    6.39   10.58   17.42   27.93   20.38    8.91    4.68    9.55    5.17    5.70    5.66    5.44   10.77
PSATSTOA    -8.79  -63.95    5.91    5.00   10.94    9.89    9.02    4.19   12.57    6.98    7.39   20.79    5.09    7.53    8.84    8.36   19.04   13.83   17.20    5.91    4.27   24.25   10.67    2.80    1.87    0.80    0.80    0.76    8.76    9.84    2.74    6.44   17.50    8.94   20.36    5.21    5.41    1.84    9.49    1.51    1.75   10.54   11.45   22.82    3.12    2.69   19.51
PSATENC     -9.90  -66.62   11.39   17.79    7.18   14.92    7.05    3.35   14.66    7.52    9.49   13.47   12.58    4.58    5.48    9.76   13.52   13.72   16.54    4.74    9.26   12.42   14.43    3.93    2.87    0.87    0.55    1.07    4.39    3.77    1.79    6.38    6.83   14.97    4.55    1.03    1.16    3.60    5.62    5.56    1.19    8.83    2.66    5.26    6.15    2.71    4.72
PSATAMY1   -11.71  -70.63   31.85   12.34   11.04   14.61   18.61    6.71   10.37    2.64    8.65    6.93    8.59    2.87    1.99    5.49   14.64   12.11   14.12    8.28   21.05   10.66    0.30    5.41    5.32    1.59    0.42    2.42    2.60    8.68    2.92   13.53    8.28   20.29   12.42    0.75    0.97    2.97    6.95    8.96    3.17    6.45    1.86    6.71    1.38    9.55   14.42
PSATAMY2   -12.37  -71.17   31.65    9.18   10.12   11.41   17.48    9.05   11.86    7.28   14.58   12.54    7.73    6.74    9.88   21.94   23.60   12.53   19.92   11.86   25.01   11.03    1.17    2.37    5.17    2.22    1.38    4.40    7.46   11.52    9.68    6.65   10.20   16.02   13.04    3.97    5.80   10.62    9.83   23.02    6.06    6.84    3.35    7.21    3.02    9.71   21.88
PSATAMY3   -13.75  -70.18   17.68    9.35   12.13   11.43    9.10    7.98   12.80   11.92   13.63   12.23   14.70   12.41   29.72   29.61   21.17    8.41   14.60   10.63   20.18   19.36    4.85    2.89    2.27    1.73    1.56    7.52   13.74   14.15    8.51    2.73   13.60   10.35   10.95    6.53   15.75   21.14   11.10   31.93    9.21   15.37    8.15    8.58    7.31   11.15   24.18
PSATAMY4   -13.45  -69.47   20.50    9.67    8.32    6.66   10.06    4.75    9.85    5.81   12.07    9.69   13.52    6.60   14.74   14.52   18.52   11.63   11.14    6.83   34.54   20.64    2.73    5.33    5.96    2.14    1.50    4.37    8.18    4.51    6.78    2.77   15.80    9.63    6.43    5.69    9.70   11.53    4.34   13.72    4.44   13.84    1.70    4.05    1.83   10.93   23.57
PSATJRN    -13.37  -59.01    8.98    4.93    5.17   16.91   18.90   12.87   16.69    7.33   11.50    4.14    3.08   11.54    4.23   17.36   23.62    4.71    1.03    8.93   11.25    4.47    9.79    1.24    0.98    2.62    3.87    0.45    6.65    8.61   17.97    7.94   11.56   10.96   10.91    3.01   10.85   10.41   16.71    9.69    2.03   24.49    2.00    1.72    0.67    0.43    2.01
