PSATAGV    -19.89  -50.35    2.07    0.64    4.73   17.24    9.17    1.25    0.21    0.04    0.16    0.89    3.77   13.68   16.27   16.08    3.63    0.00    0.00    0.02   10.04   15.29   23.98   10.72    2.61    2.82    3.58    0.98    3.15    7.05    7.04   14.05    8.92    1.92    0.86    0.59    3.90    8.80    7.26   13.57   11.99   12.21   22.53    6.72    0.52    0.37    0.92
PSATCMG    -21.28  -44.63    0.97    0.44    1.58   23.11    7.89    0.95    0.45    0.17    0.07    0.17    1.33   20.17   27.04    6.35    0.04    0.01    0.01    0.20   14.35   21.86   27.37   21.37    8.96    5.96    9.52    2.52    9.51   21.73   63.49   56.77   12.43    2.43    3.92    5.13    5.90   25.33   19.40    1.95    7.69   26.98   21.78    2.40    0.28    0.13    3.13
PSATCES    -20.25  -48.16    1.30    0.76    1.83   15.69   15.25    1.71    0.02    0.00    0.03    1.29    1.23   10.78   20.94   15.69    0.00    0.02    0.09    0.02    1.39   23.77   18.28   22.83    2.32    2.72    4.30    1.28    1.91    7.24    7.74   18.01    8.75    1.42    0.77    0.67    2.45   13.45   12.94    5.02    7.82   13.75   15.86   15.18    0.83    0.30    0.37
PSATELC    -21.60  -46.95    0.32    0.60    2.98   12.82   11.83    1.96    0.07    0.00    0.07    1.17    2.21   15.11   15.01   16.91    0.22    0.06    0.93    0.77    3.11   18.16   17.85   24.51    3.27    2.13    5.06    1.87    4.18    8.03    9.11    7.03    6.18    1.72    0.49    0.19    3.12   14.55    6.13    2.67    8.02   13.92    3.87    3.38    2.03    0.42    0.20
PSATFUN    -21.14  -45.04    1.60    0.62    2.24   15.40    4.31    1.15    0.08    0.06    0.03    0.29    2.43    8.92   19.97    1.71    0.05    0.00    0.13    0.44   12.57   23.83   27.74   14.86   13.29    6.32    7.78    1.51    8.09   15.33   15.63   38.54   25.02    2.22    1.73    3.29   13.92   25.32   18.04    6.18    5.87   23.60   18.26    8.15    0.53    0.26    1.45
PSATFUR    -20.67  -46.32    0.76    0.65    2.08   13.95    4.69    1.26    0.02    0.08    0.10    0.57    3.88    9.64   14.89    5.07    0.14    0.02    0.29    1.23    7.81   24.41   26.15   22.69    4.51    3.53    4.34    1.59    4.12    7.36   15.20   15.65   12.52    2.18    1.35    1.26    5.77   22.99   16.81    3.75    5.01   16.33    9.78    9.27    1.82    0.23    0.52
PSATMRB    -20.30  -49.18    0.77    0.79    2.94   18.61   12.30    0.92    0.07    0.00    0.05    0.95    1.13   11.02   18.63   17.05    0.04    0.00    0.10    0.05    3.14   18.53   19.30   21.48    2.60    2.45    4.29    1.12    2.17    6.26    6.55   10.45    9.88    1.72    0.72    0.52    2.19   14.22    8.93    8.12    8.35   11.33   17.67    7.49    0.85    0.20    0.54
PSATPRG    -21.59  -45.67    0.32    0.37    2.37   18.66    7.76    1.39    0.02    0.00    0.10    0.64    2.57   10.24   19.18   10.53    0.44    0.05    0.47    1.83    9.64    8.24   28.82   25.82    4.67    1.90    7.06    1.64    4.91    9.30   10.02    8.62    3.69    1.50    0.87    0.17    1.92   14.80   12.07    2.14   12.49   15.49    5.53    1.78    1.20    0.01    0.41
PSATPAS    -21.02  -48.18    0.15    0.33    6.06   15.22    8.23    0.60    0.02    0.00    0.02    0.71    1.52   13.38   21.05   19.37    0.22    0.01    0.30    0.79    5.71   13.17   18.47   11.29    2.13    2.55    4.09    1.04    2.88    8.22    7.16   12.43    5.23    0.93    0.23    0.03    2.25    8.45    3.25    7.08   15.10   14.44    5.00    1.28    0.61    0.14    0.37
PSATPTB    -21.61  -45.49    0.55    0.45    1.69   17.19    5.76    1.28    0.00    0.01    0.06    0.78    3.50   10.37   23.87   11.57    0.45    0.05    0.23    1.09   10.44   18.03   47.61   29.30    4.09    2.90    7.69    2.07    6.26   14.21   10.49   23.58    5.74    1.97    1.44    0.65    2.56   20.76   13.33    2.54    2.76   18.50   11.45    1.18    0.85    0.03    1.18
PSATPTC    -20.00  -48.55    1.54    0.92    2.09    8.69    9.86    1.58    0.13    0.04    0.14    1.49    3.21   10.57   20.03   10.73    0.00    0.01    0.06    0.03    2.11   25.03   19.76   21.99    2.24    4.34    3.27    1.62    5.42    8.44    9.51   13.70   12.62    3.81    1.63    1.86    4.30   21.52   22.90    9.19    8.90   16.45   25.35   36.67    0.82    0.34    0.47
PSATFZA    -26.00  -51.65    3.96    6.26   12.39   10.01    6.39    0.23    0.04    0.00    0.00    6.19   19.83   30.83   18.20    9.87   12.92   27.60    6.07   17.31    4.39    1.18    1.43    0.04    0.44    5.63    1.08    1.46    8.64   16.82    2.95    4.53    4.33    0.50    7.55    4.26    9.22    1.02    0.82   13.48   12.16    5.39    3.20    1.51    0.81    0.14    1.91
PSATJSG    -25.78  -52.00    0.18    2.12   15.34   12.77    7.46    0.05    0.01    0.00    0.00   15.23   28.94   31.74   11.58   16.56   16.06   27.55   11.36   23.81    0.99    0.84    2.53    0.04    0.74    6.14    1.48    2.09   13.01   30.34    2.76    2.21    0.97    0.66    4.40    3.38    7.11    0.67    1.56   10.46    2.21    4.02    2.64    2.05    0.81    0.15    1.25
PSATSCX    -25.53  -53.48    0.04    1.02    9.51   14.92    5.37    0.29    0.00    0.00    0.00   23.04   27.26   23.41   13.03   13.64   20.76   30.37   14.63   23.52    0.19    1.01    2.05    0.17    0.60    7.78    1.60    3.01   12.30   27.02    5.92    1.60    0.78    0.56    3.37    3.20    5.13    0.74    5.57    7.71    1.96    3.70    1.94    1.45    0.90    0.25    1.77
PSATSCL    -25.49  -51.74    1.83    0.70   15.36    6.05    4.59    0.01    0.00    0.00    0.00    9.75   22.37   21.76    9.97   19.66   19.66   23.52    4.95   29.33    1.90    0.94    2.08    0.11    0.45    2.55    1.21    1.88    4.55   16.28    4.36    2.96    0.81    0.56    4.07    2.85   12.89    0.76    1.02   13.81    6.24    6.36    2.32    1.10    0.81    0.03    4.44
PSATUVT    -26.23  -51.08    1.59   10.87   12.72    4.23    3.92    1.31    0.12    0.02    0.00    1.62   13.01   13.58   10.46    3.53   19.18   16.63    3.57   17.13   12.57    2.71    3.11    0.23    0.17   11.22    3.27    0.69    6.44    7.96    2.96    5.31    2.68    0.34    4.94    3.14    9.77    1.23    0.38   21.00    8.15    3.06    3.04    3.51    1.85    1.03    2.09
PSATBSM    -24.19  -53.74    0.04    0.57    5.79   20.68    1.70    0.10    0.00    0.00    0.00   17.65   25.81   24.57   15.34    6.02   34.34   33.53    2.66   49.31    0.58    1.77    1.06    0.22    0.39    2.88    1.41    4.51    6.24    5.03    7.93    4.56    0.31    0.12    1.43    3.32    6.23    0.75    4.17   11.48    6.92    6.81    0.87    0.94    0.74    0.08    4.88
PSATFLE    -22.97  -54.56    0.16    7.40   13.38   10.96    4.41    0.13    0.00    0.00    0.03    0.66   43.05    3.05    3.79    3.81   25.61   20.92   15.99   10.52    0.08    0.45    2.69    0.63    1.39    4.98    0.92    0.58   14.79    7.28   17.01    6.77    0.78    0.10    0.05    0.03    3.70    0.59   12.36   16.22   10.76    9.01    0.75    0.24    0.57    0.05    6.72
PSATITP    -25.42  -54.58    0.01    4.63    6.31   25.77    2.34    0.04    0.00    0.00    0.01   12.01   29.72    8.74   15.93    6.39   27.35   21.69    6.71   23.72    0.20    0.55    1.14    0.19    0.18    4.28    1.05    7.59    9.90    4.70   17.34    3.93    0.47    0.03    0.30    1.56    3.49    0.95    8.83   14.27   13.44    4.98    0.65    0.52    0.28    0.02    2.32
PSATIVM    -22.38  -53.53    0.75    3.60    6.44   19.63    6.69    0.08    0.00    0.00    0.38    0.41   17.77    2.02    0.66    1.58   34.27   10.94    8.06    9.21    0.30    0.85    5.85    0.88    1.57    3.23    1.08    0.87    5.59    6.69   16.98    6.26    0.73    0.08    0.06    0.03    0.40    2.69    5.97   20.47   25.82   25.62    1.07    0.32    0.53    0.00    5.86
PSATPTQ    -23.18  -53.17    0.44    0.31    8.09   13.47    1.58    0.06    0.00    0.00    0.00    6.71   15.34   21.75    9.49    9.31   32.23   24.19    4.61   43.22    1.94    3.82    3.15    0.23    0.33    1.03    1.54    1.13    4.39    3.63    6.60    2.88    0.51    0.05    1.91    1.95    7.63    0.66    2.87   16.28   12.88    7.88    0.62    0.88    0.23    0.01    4.49
PSATCBI    -17.99  -48.54    4.64    8.60    3.67   11.08   15.94   21.03    6.92    1.28    8.85   10.85   11.16   15.72   13.64    4.89    0.00    0.09    0.00    0.00    5.20   14.85   21.48    8.27    9.36    8.27    7.34   10.87   12.41   14.59   15.06   20.26   16.18   16.09    7.74   20.68   24.59    7.51   12.80   10.55   16.34   11.11    8.39    9.70    9.25    9.29   13.90
PSATCBIV   -16.15  -48.67    5.84   11.89    5.07   11.08   13.65   19.99   13.73    1.76   13.08   13.53   11.88   13.61    9.74    2.31    0.00    0.13    0.00    0.00    2.31   12.42   15.28    5.12    8.09    5.80    6.46   12.29   13.94   18.72    9.54   17.07    5.54    9.22    4.47   16.22   13.42    8.81   10.00    5.21   10.86    9.32    4.84    6.31   14.02   23.71   23.75
PSATEMB    -18.45  -47.98    3.18    1.76    2.27    4.05   24.96    8.31    0.30    0.37    0.90    3.67    6.69    9.16   11.21    1.15    0.00    0.02    0.02    0.04    7.37   15.62   17.56    7.67    7.12    7.80    5.49    3.50    5.30   11.11   12.84   27.44   35.78   13.39    7.46    7.37   28.67   17.21   18.26   12.70   10.00   14.54   24.50   32.06    1.24    0.77    1.55
PSATIMBR   -18.42  -49.10    4.25    2.83    3.17    7.08   23.39   12.24    0.62    0.29    1.69    3.53    8.74    9.86   17.55    9.75    0.00    0.02    0.04    0.01    9.64   14.22   15.40   17.37    6.19    5.98    5.36    4.82    8.43    7.12   13.52   18.89   25.79   12.90    9.53   11.99   18.20   18.18   21.39   11.89   13.02   14.17   18.85   29.09    1.81    0.75    2.63
PSATNPTE   -19.13  -47.70    4.33    1.42    2.23    4.44   16.87    1.46    0.09    0.25    0.51    2.22    3.60    9.43   15.13    3.23    0.00    0.02    0.05    0.05    2.75   24.10   13.94   10.59    2.58    5.93    5.05    3.24    5.60    7.56   13.12   22.57   19.67    3.72    6.37    5.27    7.58   21.13   16.57   10.49   10.64   17.08   21.83   32.04    0.30    0.62    0.41
PSATARV    -18.07  -50.16    6.67    5.07    8.19   15.82   22.92   10.88    2.89    1.60    3.30    7.53    5.58    7.48   14.59   10.25    0.74    0.02    0.05    0.17   10.37   12.97   16.10   12.03    8.73    5.81    5.15    4.16    9.16    8.25   12.81   24.36   20.76    8.53    9.65    8.60   16.19   17.24    8.02   11.64   16.68   15.94   11.06   13.77    1.89    0.57   16.36
PSATSFC    -18.05  -47.68    3.33    3.72    3.72   10.74   15.69   24.73    6.57    0.98    4.26    9.03   10.49   12.47   11.64    0.74    0.00    0.17    0.00    0.01    3.38   15.39   26.46    7.04   13.63   10.10    5.55    7.18   10.64   13.07   15.75   13.89   30.01   19.41   12.37   17.33   23.74   12.61   12.22   12.63   15.98   17.53   15.60   13.31   10.11    5.34   14.21
PSATSSM    -19.02  -50.50    6.57    2.73    4.07    9.75   17.33    9.21    1.22    0.39    1.49    3.29    5.92   10.90   15.29   13.91    0.57    0.00    0.02    0.02   13.82   16.22   21.01   14.00    4.94    4.23    5.27    2.92    7.09    6.41   11.77   19.10   15.28    8.69    7.81    7.84    9.76   15.26   15.33   17.74   15.07   16.97   21.19   20.77    1.51    0.63    3.49
PSATCNI    -22.94  -50.52    0.07    0.08   15.51    8.09    0.03    0.00    0.00    0.00    0.01    1.15    8.95   13.46    5.96   19.45   11.56    4.08    0.65    8.41   24.46    7.47    9.32    1.08    0.70    0.88    2.23    1.26    2.48    3.81    1.41    2.94    0.33    0.15    0.17    0.05    2.19    1.02    1.52    9.44    6.88   15.94    6.00    0.03    0.11    0.01    1.83
PSATCPV    -22.65  -51.33    0.10    0.21    8.26    5.08    0.04    0.01    0.00    0.00    0.00    1.36    6.47   16.46    4.26   12.31   21.82   13.77    0.45   25.24    9.77    8.56   12.11    0.69    0.30    0.81    1.59    1.08    2.32    3.41    1.67    2.53    0.24    0.07    0.13    1.25    2.96    1.01    1.75    6.97    6.72    4.96    2.27    0.51    0.33    0.00    2.74
PSATCHT    -23.01  -49.73    0.04    0.05    6.90    0.81    0.18    0.08    0.00    0.00    0.00    1.88    9.05    7.81    8.26   11.94   17.33    8.88    1.33   13.48   14.79    5.44   13.05    0.84    0.15    0.71    1.64    1.00    2.08    1.51    2.25    1.85    0.14    0.10    0.15    3.33    2.19    2.00    1.68    6.59    4.51    3.42    5.07    0.63    0.51    0.03    2.08
PSATJUR    -23.22  -49.23    0.01    0.04   15.47    3.67    1.08    0.77    0.01    0.00    0.00    0.60   15.83    8.05   11.11   14.94    5.67    5.35    1.18    9.22   22.25    8.04   22.93    1.31    0.20    0.71    3.60    1.13    2.65    0.49    0.93    1.84    0.33    0.06    0.09    0.67    0.44    2.06    1.08    8.61    1.72    8.59    6.17    1.18    0.92    0.27    0.98
PSATMAU    -24.06  -50.71    0.38    0.28    5.94    1.56    0.20    0.14    0.01    0.00    0.00    5.78   15.65    8.05    3.49    5.41   22.34   11.08    1.86   30.09   14.91    2.54    9.31    0.58    0.06    3.17    1.00    0.92    1.77    6.38    3.10    2.28    0.51    0.09    1.43    3.89    9.50    2.08    1.63    9.56    6.95    1.19    1.15    2.65    0.80    0.09    5.76
PSATROS    -22.50  -52.87    0.07    0.26    5.71   17.67    0.67    0.07    0.00    0.00    0.00    0.58   10.61   34.16    6.07   10.20   23.53   11.51    1.65   29.23    1.45    4.33    9.78    0.50    0.38    0.23    1.28    0.63    3.27    0.94    3.40    3.99    0.37    0.04    0.02    0.13    1.82    0.25    6.23   12.66   15.43   10.75    0.92    0.40    0.17    0.00    2.03
PSATQMD    -16.21  -47.33    4.05    3.88    3.12    8.53   15.27   21.93   19.62    5.92    5.80    3.11   12.83    3.99    4.71    0.47    0.00    0.05    0.00    0.00    0.09    5.22   23.93    2.08    8.58    4.14    6.30    9.14    5.05   11.78    9.06   10.73    7.51   11.00    8.97   24.58   14.33    9.32    3.16    2.59   15.81   21.18    6.12    8.18   16.19   23.41   15.55
PSATRBX    -18.95  -44.76    1.77    1.54    1.91   13.13   14.54    4.71    0.01    0.03    0.07    0.25    2.52   10.78   12.82    0.32    0.00    0.00    0.01    0.26   13.83   16.16   13.41    5.49   19.63    6.02    2.86    1.85    6.02    9.95   17.54   52.68   53.79   13.92    4.87   13.89   29.05   13.08    6.30   10.90   21.70   30.78   36.76   26.09    5.09    0.61    0.43
PSATSFR    -15.93  -44.86    5.02    4.01    3.59    7.92   17.35   34.62   13.75    5.01    4.52    3.89   10.31    9.64    2.00    0.08    0.01    0.07    0.01    0.05    0.05    5.80    6.57    7.74    8.09    5.32    8.67    4.25    4.29   12.39   15.05   18.81   16.35   23.39   26.26   29.53   10.03    4.94    0.78    3.24   11.11   20.14   16.49   18.01   23.54   28.14   19.48
PSATSRM    -16.37  -45.07    3.34    1.89    2.42    8.10   25.91   23.66    1.75    0.52    1.27    2.43    7.48    8.10    5.98    0.17    0.01    0.07    0.05    0.13    2.64   11.52    9.35    4.03   12.98    9.32    7.88    3.71    5.00   12.48   17.37   30.96   35.44   30.06   24.94   29.09   28.42    7.73    2.94    4.74   16.73   26.88   33.47   30.40   14.70    1.29    5.33
PSATTMR    -18.16  -45.27    1.71    1.84    2.10    7.90   12.96    4.58    0.03    0.26    0.37    1.69    4.70   10.06   12.55    1.17    0.00    0.00    0.07    0.09    9.93   21.52   23.01   10.00    9.29    6.92    5.87    3.38    5.76    8.86   13.27   34.61   34.83    9.28    7.46   14.75   15.76   20.07   12.30   10.37   18.61   30.04   27.91   28.21    2.27    0.50    0.59
PSATBOQ    -11.35  -43.83    1.53    0.99    3.40    6.86    3.40    8.49   22.39   17.80    2.98    3.24    3.04    1.08    0.09    0.00    0.03    0.06    0.00    0.00    0.00    0.01    0.26    1.25    2.95    9.24    1.46    0.73    0.05    1.90    7.83   10.94   10.00    4.95    3.07    1.08    5.38    3.84    0.16    0.03    1.06   16.28   10.17    9.03   11.83   14.42   22.87
PSATBBO    -22.52  -48.55    0.10    0.03   14.94    6.84    0.71    0.23    0.00    0.00    0.00    0.35    6.13    9.79   14.20   22.25    4.36    0.14    1.61    1.35   14.38    3.67   20.61    7.63    1.88    1.88    4.31    1.03    4.65    3.89    2.49    7.45    1.52    0.30    0.22    0.11    0.55    6.09    1.86    9.00    6.18    8.02    1.68    0.36    0.15    0.01    0.15
PSATESZ    -23.46  -46.91    0.19    0.02    9.54   11.51    5.26    1.84    0.23    0.01    0.01    0.01    6.87    5.41   10.79   12.53    3.93    0.27    2.43    0.84   24.57    7.36   27.83   15.70    2.23    0.33    7.19    1.43    8.15    5.40    2.91    6.24    2.57    0.99    0.02    0.19    0.90    4.54    1.29    7.72    8.99   10.24    6.32    1.59    0.46    0.16    0.80
PSATIBT    -21.76  -48.99    0.08    0.08   15.46   12.91    1.54    0.04    0.00    0.00    0.02    1.26    4.33    8.67   20.44   18.69    4.66    0.19    0.43    1.26   26.20    4.16   18.94    5.14    1.71    1.90    2.21    1.21    2.19    5.94    3.68    8.79    1.44    0.27    0.19    0.03    4.86    3.09    1.45    9.35    9.64   16.11    4.39    0.15    0.16    0.04    0.84
PSATNAV    -21.12  -50.20    0.32    0.88   11.88   21.58    0.95    0.25    0.01    0.01    0.08    0.77    4.82   16.72   16.11   19.45    7.62    0.16    0.04    1.06   14.22   15.20   19.28    5.43    2.29    1.82    2.66    1.04    1.68    6.30    4.21   12.10    2.83    0.38    0.13    0.01    2.03    1.37    2.56    8.63    5.22   16.65   16.30    0.56    0.32    0.31    1.11
PSATSME    -13.40  -48.30    3.04    8.75    6.11    8.99   10.43   23.40   27.50   10.16   16.92   17.43   12.06   11.09   11.60    3.59    0.01    0.01    0.00    0.03    0.50    1.01    7.49    8.45    9.06    7.72    6.07    7.72    8.81    6.87   11.13   15.45   12.73   12.59    9.07   16.40   10.21   14.68   11.01    2.36    9.66   15.88   14.24   14.49   20.57   18.53   26.38
PSATBGR    -27.78  -51.20    7.80   27.44   16.26    1.99    1.59    1.33    0.03    0.01    0.00   22.01   13.43    0.33    0.41   12.21    8.88    8.98    8.98   18.03    0.19    0.25    0.73    0.08    3.43    4.89    1.50    2.16   17.62    0.73    1.50    3.30    4.06    0.29    0.97    1.35    2.69    1.27    3.73   11.38    0.14    2.32    5.62    3.18    0.43    0.39    0.40
PSATCNV    -27.60  -51.33    3.02   20.85   19.24    4.90    3.12    1.30    0.19    0.08    0.00    9.36    8.98    2.16    2.38    9.74   12.91   19.30    7.74   11.13    1.51    0.39    1.13    0.04    1.11    9.36    1.35    0.97   17.45    2.66    2.05    3.06    2.04    0.24    3.33    1.27    6.14    0.88    1.51   16.41    1.53    1.56    3.59    2.42    0.64    0.54    0.92
PSATFCH    -27.14  -53.04    0.07    7.18   19.27   14.97    1.50    0.11    0.00    0.00    0.00   27.98   12.50    0.37   20.93   24.91   11.56   16.43   14.43   21.96    0.02    0.35    0.70    0.03    6.21    1.88    0.37    7.45   23.32    0.69    0.35    0.02    0.52    0.63    7.26    1.40    2.53    0.23   10.09    6.50    0.20    1.33    0.90    0.43    0.27    0.05    0.46
PSATITA    -27.27  -52.38    0.73   23.44   15.66   12.47    2.51    0.16    0.01    0.00    0.00   19.40   12.64    5.69    6.66   15.13   15.90   19.30    6.76   19.52    0.55    0.30    1.97    0.05    1.71    4.73    0.73    5.29   12.83    4.63    1.18    1.63    1.56    0.30    3.90    2.24    3.18    1.00    4.19   15.97    0.99    1.86    1.83    1.78    0.67    0.04    1.77
PSATMCD    -27.52  -51.78    1.69   24.31   16.40    7.30    1.89    0.01    0.00    0.00    0.00   36.29    4.17    0.32    2.71   23.77    9.41   10.39   11.48   18.00    0.00    0.10    0.69    0.13    2.75    1.31    0.31    6.59   14.77    1.25    0.55    0.72    1.02    0.20    2.18    1.13    1.95    0.29    6.33    8.85    0.08    2.84    1.86    3.88    0.31    0.00    1.05
PSATMOJ    -27.35  -52.73    1.56   26.64   20.40   26.44    2.00    0.11    0.00    0.00    0.00   53.25    0.84    0.16    4.82   15.24    3.62    8.32   20.26    7.07    0.00    0.14    0.64    0.25    3.88    0.79    0.32   15.70   12.74    0.08    0.12    0.08    0.78    0.82    3.14    1.08    1.68    0.24   14.89    7.61    0.06    0.92    1.45    0.49    0.27    0.06    0.17
PSATQQX    -26.66  -52.54    0.18    5.84   12.39   13.66    3.82    0.32    0.00    0.00    0.00   14.99   23.49    6.83    6.08   12.20   15.53   22.67    5.04   32.32    0.07    1.32    5.54    0.11    1.57    7.98    1.50    2.29   15.03   25.48    1.21    1.24    1.16    0.63    5.36    3.30    6.88    0.93    3.59   10.65    1.21    6.30    4.41    3.28    0.73    0.23    0.70
PSATPSJ    -28.14  -55.05    7.05   21.91    7.99    1.75    0.48    0.12    0.00    0.00    2.25   49.22    0.00    0.00    0.64   21.86    1.31    1.69   41.43    1.23    0.00    0.07    0.51    0.39    4.81    0.16    0.11   38.54    1.41    0.00    0.00    0.01    0.50    0.40    3.05    0.44    0.02    0.54   13.66    3.54    0.00    0.18    0.72    0.79    0.57    1.19    0.31
PSATESP    -18.68  -51.87    8.06    3.88    2.61   13.89   15.41    2.97    4.62    1.23    1.05    1.72    6.32    4.43   16.16    9.20    4.71    0.41    0.35    4.46    7.48    4.75    3.14   10.24    1.57    4.43    2.78    0.58    2.47    4.88    8.42   18.92    3.97    4.33    3.81    6.04    1.86    1.37    7.14    6.20    7.39   19.13   25.60    2.26    0.52    0.06    2.62
PSATSRC    -19.16  -50.76    3.36    2.47    2.50   16.39   11.51    6.11    3.55    0.58    0.94    2.12    5.12    7.36   13.75   16.44    4.68    0.13    0.25    3.97   12.33   10.41   11.10   11.69    3.28    3.42    4.45    0.86    6.71    4.39    9.76   17.27    5.67    4.31    2.00    2.10    3.05    3.91    5.55    5.17   10.09   21.80   26.82    4.63    0.41    0.39    2.68
PSATFRCL   -19.12  -50.64    4.79    6.43    3.94   18.94   18.86    6.06    2.78    0.87    1.52    3.65    6.03    8.14   18.29    9.29    3.75    0.04    0.28    2.15   13.75   11.88   15.05    8.09    7.11    4.14    4.57    1.21    8.93    3.35   10.96   12.43    4.39    6.06    7.50    3.48    5.28    8.88    8.11    5.46    9.18   17.96   14.08    9.02    0.62    0.46    3.20
PSATISOT   -20.40  -51.35    1.16    1.31    7.25   19.97    9.93    2.18    0.78    0.14    0.32    0.87   11.50   15.72   16.18   22.61    7.18    1.17    0.02    3.02   15.91   21.35   18.41    5.32    2.11    2.60    2.62    1.13    5.38    5.33    9.33   15.56    6.11    1.51    0.79    0.49    1.45    3.52    6.24   11.16   17.05   23.49   31.24    2.35    0.24    0.32    2.39
PSATJUP    -20.86  -51.63    2.32    3.60    7.99   20.01   10.18    2.29    0.59    0.26    0.72    0.86   11.79   10.24   17.21   15.68   17.16    5.65    0.01    6.35   12.56   17.85   11.13    5.03    1.64    3.52    1.53    1.18    6.72    3.35    7.48   14.79    5.03    1.53    1.34    0.78    2.12    2.48    7.60   10.32   19.16   41.21   25.54    1.13    0.24    0.17    1.38
PSATSDG    -20.06  -53.18    3.31    6.85    4.82   21.47    6.19    1.85    0.06    0.14    1.33    0.45    6.20    1.82    2.43   10.59   11.72    9.77    0.08    5.70   12.63   14.08    9.61    3.50    1.97    2.61    1.00    0.73    4.55    5.56    8.82   12.54    2.24    0.99    0.43    0.16    0.04    4.49    4.61    8.21   29.12   30.15   15.61    1.15    0.38    0.08    0.47
PSATFZBT   -21.66  -52.87    2.82    4.59    8.98   15.89    5.06    0.20    0.01    0.04    0.30    0.23    9.03    2.15    1.98   11.10   22.70   11.49    3.33   15.49    3.83    3.71    5.82    1.61    2.36    2.43    1.03    0.80    7.16    4.71   13.88    4.53    1.12    0.21    0.05    0.02    0.08    1.25    6.20   20.25   34.51   24.44    3.47    0.51    0.28    0.01    1.88
PSATPPRA   -22.46  -52.91    0.29    0.75   10.40   21.21    1.80    0.16    0.00    0.02    0.05    0.39   12.16   19.26   13.93   16.21   21.20    7.34    0.20   14.95    8.94    7.72    7.39    1.31    0.76    0.81    1.56    0.92    4.54    3.37    7.12    6.20    0.80    0.13    0.07    0.01    1.48    0.83    5.57    9.46   18.01   21.70    4.12    0.38    0.21    0.05    1.89
PSATBTE    -13.69  -50.80    1.91    4.52    7.06   15.80   20.11   17.23    9.88    5.24    7.17   10.74    7.56   10.72   11.23    6.44    0.95    0.06    0.08    3.23    5.04    3.65    8.46   10.81    9.01    4.65    4.44    4.06    5.80    7.14   15.68   20.33   18.42   10.65    8.09   13.85   15.22   23.03   10.23    8.05   14.00   18.16   19.53   15.68   10.03    5.56   18.38
PSATARAG    -8.27  -49.26    5.08    6.24    6.40    7.34   12.99   12.26   16.86   13.36   14.06    9.24    6.88   14.63    8.55    2.80    0.63    0.39    0.10    2.73    1.50    1.27    5.41   12.83   10.96    6.82    4.03    8.47    5.56    8.67   10.90   11.67   17.94   14.85   13.38   14.50   14.61   11.70    5.21    8.97   11.76   16.84   18.55   15.92   22.57   22.78   22.86
PSATLAJ     -9.76  -48.37    4.87    6.25    7.26    4.69    7.88   10.69   20.31   18.53   13.05   12.71    9.56    9.66    4.58    0.27    0.01    0.04    0.00    0.01    0.03    0.12    2.26    7.46    9.69   11.80    5.41    6.43    3.73   10.25   14.07   10.54   14.45    6.33   11.09    8.99   19.33    4.98    3.06    2.01    9.61   13.98   13.66   18.99   23.17   19.66   17.34
PSATPTRL    -9.31  -47.39    0.97    5.34    7.79    6.50    9.91    5.10    8.54   11.06    9.61   10.23    3.04    6.25    0.84    0.17    0.01    0.04    0.00    0.06    0.03    0.20    5.56   13.45   10.91   11.88    3.69    4.09    2.54   11.37   12.07   16.75   11.10    6.67    9.69   11.78   18.13    4.69    2.73    1.47    8.15   12.84    8.59   11.79   13.14   15.73   11.58
PSATLJET    -7.33  -47.48    2.51   12.39    9.04    4.00    5.68    6.30    3.93    6.64   14.53    4.44    2.90    5.48    4.54    4.41    1.88    1.29    0.25    0.22    0.55    1.06    9.89   14.49    5.58   15.27    5.58    5.85    3.28    4.05    7.93   13.41    6.26    6.46    5.88    5.69   21.25    4.05    5.52    4.52   10.09    9.83    9.39    8.53    5.41    6.09    4.49
PSATUCR     -3.83  -49.65    2.35    3.12    2.82    9.40    5.55    3.85    2.63    4.83   11.75    2.73    4.21    8.63   14.47    6.55    2.55    2.19    2.17    0.25    0.18    1.02    5.16    9.88    8.59    9.28    5.57    4.19    2.48    7.32   10.95   15.07    6.63   10.17   11.33    7.95   20.70    5.85    6.53    6.88   11.49   10.90    3.53    2.37    3.06    3.64    2.53
PSATXIVJ   -29.07  -51.67    9.54   38.68   14.37    2.12    0.35    0.05    0.00    0.00    0.00   34.79    2.09    0.45    0.12   26.82    5.13    3.58   11.34   11.31    0.02    0.11    0.14    0.05    2.73    1.29    0.24    9.64   12.71    0.35    0.37    0.63    0.89    0.12    0.61    0.67    0.23    0.23    9.52    2.00    0.06    1.30    2.75    2.58    0.34    0.00    0.02
PSATDFRC   -29.45  -53.28   12.94   33.05    5.81    0.68    0.14    0.06    0.00    0.00    0.21   32.49    0.00    0.01    0.00   29.74    1.71    1.29   55.09    2.67    0.00    0.02    0.57    0.26    8.26    0.33    0.04   35.64    0.14    0.00    0.00    0.01    0.66    0.42    0.85    0.09    0.02    0.19    7.94    0.55    0.02    0.15    1.12    1.24    0.60    0.44    0.05
PSATREAL   -29.02  -53.19    9.82   20.67   11.24    3.91    0.30    0.13    0.00    0.00    0.02   47.79    0.00    0.01    0.22   14.70    1.64    1.59   22.93    1.46    0.00    0.06    0.36    0.21    4.24    0.50    0.09   35.28    5.91    0.00    0.01    0.03    0.92    0.49    0.83    0.40    0.15    0.17    8.61    2.12    0.04    0.45    1.13    1.28    0.63    0.10    0.05
PSATCTAV   -29.01  -51.39   14.29   36.80   19.24    2.77    1.04    1.04    0.00    0.00    0.00   17.07    4.63    0.09    0.55   14.97    7.54    2.33    9.55    9.65    0.13    0.07    0.16    0.16    9.09    3.23    0.48    7.64   22.94    0.26    0.96    2.09    2.44    0.28    0.87    1.20    1.14    1.42    8.22    6.41    0.04    2.01    3.41    2.01    0.21    0.23    0.25
PSATERNT   -28.56  -52.54    5.65   26.21   17.16   11.55    1.48    0.08    0.00    0.00    0.00   59.37    0.59    0.21    0.38   20.16    3.50    6.74   14.37    6.92    0.00    0.09    0.56    0.26    2.82    0.45    0.14   20.05   12.34    0.26    0.29    0.14    0.67    0.34    0.98    0.60    0.53    0.14    9.16    3.77    0.06    1.19    1.40    0.98    0.44    0.02    0.09
PSATSTPL   -27.14  -49.52    7.36   21.56   23.33    3.55    7.08    3.17    0.66    0.23    0.00    2.81    5.03    5.02    1.72    3.93   12.19   16.41    7.15    5.03    2.23    0.58    0.69    0.14    0.37   22.48    2.41    0.62   12.69    4.07    2.56    5.37    1.68    0.48    1.80    2.12    5.09    0.95    1.45   29.83    1.98    3.08    4.12    3.38    2.36    2.45    2.09
PSATCVCH   -25.14  -48.87    0.41    0.74   11.96    2.43    2.56    2.87    0.23    0.01    0.00    0.05   16.90    5.53    5.13    5.17   13.87   14.11    1.48   22.66   26.60    8.04   16.42    1.25    0.00   18.89    6.26    0.46    1.95    1.07    2.26    4.18    1.89    0.12    0.43    3.75    4.18    0.61    1.07   14.31    2.90    1.80    3.72    1.89    3.30    1.43    3.81
PSATAMY    -12.60  -69.12   20.85    9.42   15.37   10.36    9.07    9.78    7.75    4.78    4.86    5.37   23.18   12.41   12.16    9.27   15.43   19.98    6.01   11.53   16.34    1.70    3.43    3.78    3.59    4.32    6.02    3.28   15.94    6.85   15.72   14.30   11.30   16.69   15.06   18.90   26.44   20.06   24.36   24.05   23.31   21.53   12.59   10.28   12.21   15.54   14.03
PSATGJR    -10.73  -65.35   15.71    7.66    8.87   15.09    4.05    3.80    3.52    1.86    3.08   13.31   20.76    2.06    2.54    7.31   14.43   10.69    4.98   18.33    3.33    0.89    0.76    1.06    5.08    3.92    2.78    4.78   13.60    1.58    2.78    5.36    9.84   15.65   16.28   17.15    9.24    3.26    9.89   19.15   17.44   16.76    6.04    3.48   14.72   15.36   10.88
PSATPRNC   -12.43  -64.43   11.01    7.15    7.08   10.87    7.10   10.19    6.49    1.47    1.35    1.05   18.82    1.07    2.44    8.50   11.97   14.87    4.24   12.21    4.77    2.10    5.49    1.94    3.20    4.28    1.43    1.27    8.98    1.67    6.05   11.63    9.27    8.61   12.30   15.69   13.28    6.52   12.10   12.89   15.99   16.73   13.77    7.35   10.81   11.22    6.73
PSATSANT    -8.87  -63.97   10.42   15.47   10.96    8.55    9.97    7.07    7.62    2.44    4.26    3.78   15.43   12.84   14.16   10.01    8.53    8.76    8.22    2.48   21.65   10.33    3.04    3.92   13.59    7.94    6.26    7.48    6.59    6.46    7.08   15.00   17.05   14.49    8.19   16.61   17.37   24.79    7.84   16.19   11.88   14.75   21.57   18.07    5.68   19.07   24.10
PSATDARD   -10.16  -59.46    1.37   12.45    4.03    3.89   13.52    5.53   11.83    2.82    4.19   12.21    6.47   16.93   10.27   19.46   16.44    5.27    6.45   13.81   15.22    4.69    4.27    6.47   10.22    6.22    5.67    2.62    5.79    3.07    6.74    6.50    8.08   16.27    5.97   13.76   14.76   19.95    3.63    2.58   10.51   15.07   32.36   11.88    6.12   10.71   15.56
PSATGUAP   -15.12  -58.96   13.73   11.88    7.78   14.05   16.76   15.71    5.39    0.95    3.56    2.00   12.99    0.95   14.13   24.37   21.61    4.93    2.12   13.96    8.53   12.60   11.20    3.60    2.35    9.28    2.72    1.34   10.38    0.79    4.36    4.91    4.24   17.91   22.58    4.52    8.91   12.08   17.15   10.25   10.22    8.51   13.03   10.83    7.84    5.89    3.33
PSATJIRA    -9.25  -64.65   14.65    9.63   10.70   14.87    7.72    8.45    6.47    2.72    1.63    3.05   23.48    9.20    7.26    6.55   12.29   12.36    4.43   19.69   13.91    1.24    2.10    3.09    3.86    4.48    3.25    2.73   13.96    5.71    9.01   10.08    9.60   12.01   12.46   14.00   13.07   10.90   14.79   15.30   12.60   17.11   14.09   12.27   10.97   10.96    8.52
PSATROND   -11.99  -60.70    4.56   15.52    8.51    3.48   17.14    3.21    7.29    1.71    4.23    4.46    7.55    5.28   14.50   23.39   15.47    7.16    3.27   17.30   19.50    3.97    6.84    7.69    3.95   11.09    5.34    2.47    7.29    8.67    9.31   22.98    9.86    9.43   18.86   13.52    3.54   12.15   10.96    3.27    6.90   26.43    9.49   13.82    5.10   15.05   22.49
PSATSAMU    -8.75  -63.45    5.01    4.62    6.78    4.95   15.12    6.45    5.49    1.97    3.05    5.44    7.31   16.80   13.52   11.60    6.56    7.56    4.98    7.55   15.46   10.50    5.37    4.90   11.28    5.98    1.87    7.32    8.18    5.03   10.94   10.71   14.47   11.42   10.94   20.98   23.64   14.90   12.49   12.75   11.24   16.27   20.94   11.31    8.44   17.57   17.36
PSATBALB    -1.92  -59.47    9.52    7.30    7.07    4.04   10.09    5.46    2.16    4.47    7.38    1.02    0.34    3.09   14.01    2.73   19.86   12.08    9.25    2.17    9.52    5.42    8.68    6.20   15.52   11.89   17.20   10.51   18.23   14.42   14.41    7.19   13.42    7.19    9.96   10.69    9.74    9.60   13.18   10.54   15.57   19.24   12.76   16.02   16.86    4.70    0.24
PSATCUNA    -2.82  -54.30    3.53    2.82    0.74    2.23    2.41    8.31    8.53    3.53    3.03    0.86    0.81    2.15    7.72    9.26    1.86    9.75    9.75    0.95    0.21    1.61    5.23    6.41    4.14    9.58    3.68    5.54   13.63    5.41    6.32    6.29    9.06    7.75   11.51   12.90    9.53    4.71   13.29   12.80   14.13   11.81    3.51    8.87    9.54    8.27    1.57
PSATJARI    -0.65  -52.52    0.97    0.18    0.28    0.80    0.92    2.17    2.37    1.48    1.54    0.29    1.25    0.61    1.55    1.00    1.57    4.14    6.26    0.84    1.84    3.33    4.42    1.94    2.52    2.31    2.58    3.83    3.81    7.26    4.47   10.31    5.99    5.60    2.79    4.44   10.89    6.21    5.23   10.37    5.85    5.08    8.02   10.51   12.51    7.17    2.63
PSATFGOM     0.86  -51.20    4.21    0.16    0.51    1.95    2.20    5.69    3.85    2.61    1.26    0.74    1.48    1.18    2.39    1.75    5.58    5.17    8.75    1.56    6.09    7.86    7.80    4.38    7.18   11.80    6.40    7.15    6.59   10.85   12.06    9.25    6.61   11.24    6.56    7.52   10.19    8.52   12.10   13.27   10.95    7.41   14.50   12.39   15.58    5.42    4.16
PSATUBE     -6.75  -43.57    0.14    4.16    2.46    4.97    5.49    3.20    8.45    7.13    8.33    3.18    1.66    0.72    0.99    0.28    0.16    0.09    0.00    0.00    0.03    0.28    6.79    5.67    4.79    6.06    2.04    2.49    1.14    5.03   14.62   11.18    6.51    3.52    7.49    9.37    9.02    5.55    2.83    2.61    6.86    9.57    6.05    7.06    3.11    4.50    5.60
PSATBSOR    -6.74  -52.00    3.62    6.83    6.55    7.19   11.53   10.63   10.82   10.71   13.35    6.72    9.94   17.67   12.91    6.76    3.15    3.75    2.15   10.70    3.72    0.96    2.76   10.67   10.65    8.59    4.91    7.81    7.52   12.11   13.29   14.81    8.48   12.75   11.97   21.56   19.73   12.28    8.38    6.92   15.57   10.59   11.37   13.37   14.83   16.22   23.70
PSATBESP    -6.75  -51.77    6.25    2.25    3.47   10.71    4.67    7.25    4.64    4.29    9.47    2.92    9.24    6.73    3.60    8.30    2.88    2.77    4.17    0.45    0.34    1.92    3.84    5.94   13.63   11.25    8.21    3.96    4.30    5.35    4.35   11.07    5.33   19.05   16.66   14.83   23.60   10.88    5.91    5.93   13.34    9.16    6.56    5.57    8.35   13.30   11.90
PSATPIME    -3.41  -51.91    5.29    2.78    4.76    8.19    7.03    5.33    4.79    5.90    5.91    5.24    6.42    8.25   11.83   11.66   10.24    7.49    4.68    4.96    2.29    2.84    3.21    5.95    6.37    9.15    6.43    5.01    8.18    7.60    9.99   10.70    9.93   12.11   10.91   10.59   13.65   11.98   11.35   10.59   14.47   12.15    6.63    6.79    9.22    8.17    5.87
PSATIRAP   -16.74  -42.57    4.67    1.29    1.68    9.63   20.32   28.95    3.57    0.41    0.73    0.49    3.23    3.44    0.25    0.07    0.08    0.26    0.44    0.19    0.65    2.68    0.22    1.10    8.23   14.37    8.38    3.79    2.89    4.44   13.48   27.26   15.74   20.76   22.29   19.14    7.54    3.61    1.30    0.39    3.31    9.15   20.12   34.26   36.75    2.47    9.43
PSATITBI   -15.97  -39.59    2.42    1.43    0.91    7.34   23.65   22.20    2.83    1.52    0.62    0.38    1.35    1.43    0.27    0.15    0.21    0.75    0.81    0.16    0.12    0.84    0.49    0.32    3.51    7.05    3.26    0.79    0.94    1.70    3.91   18.80   13.49   11.18    7.70    7.58    1.69    1.15    0.41    0.09    0.35    9.74   13.16   37.03   34.67   10.18   12.77
PSATCOLI   -10.98  -55.77    4.68   10.81    6.11    8.04   18.26   13.48    7.92    6.70    8.91    7.82    7.47   23.10   23.57   11.52   13.32   14.02    6.38   13.59   14.60    2.35    1.77    9.92    8.80    6.27    2.52    4.78    9.66    6.65   16.15   22.32    9.83    8.39   12.99   19.08   16.02    9.87    9.40    6.10    8.41   13.31   21.82   17.81   18.33   22.06   25.56
PSATSAEL    -9.19  -57.04    5.25    9.59    9.95    6.05   10.77    8.46    6.94   10.24    7.89   12.36   10.52   17.49   18.53   13.15   18.49   16.98   14.37   22.00    5.17    2.91    1.99    6.88   11.89    7.64    6.06    3.33   11.20   16.81   15.79   10.30    9.74    7.18    7.53   20.76   11.84   12.75    8.46   10.33   13.83   10.79    9.13    9.09    5.82   14.35   20.02
PSATITQ    -17.09  -54.83    2.77    2.80    9.73   18.03   14.90    6.37    3.65    1.51    1.87    3.16   15.82    2.82   12.88    9.47    5.29    1.56    0.70   13.84   10.88    5.06    1.90    5.43    2.48    1.58    2.40    1.14    2.55    5.66    8.46   11.87    3.71    7.28    9.18   10.39    5.36    4.94   13.53   19.48    8.83   17.14   23.83    4.52    1.36    0.51   27.97
PSATJAU    -15.24  -58.73   13.40   13.08    9.42   13.28   21.26   17.51    6.70    1.01    3.76    2.41   13.52    0.64   13.08   25.17   19.49    6.64    3.04   15.11   10.56    9.43   10.38    3.38    3.25    9.89    2.64    1.38   10.76    0.76    4.85    3.68    6.26   16.06   22.51   11.02   12.16   12.22   19.68   12.91   12.59    7.71   13.20   13.97    7.57   13.68    4.75
PSATMAN    -14.87  -55.78    6.91    2.62    3.49   10.59   21.39   15.21   11.68    3.77    3.77    3.82   11.98    5.80   17.72    9.34    3.90   10.09    1.00    8.06   10.06    6.83    2.98    4.87    3.45    1.94    1.99    5.68    6.07    3.56   12.68   14.05   22.74    7.72    7.99   11.82   15.45    3.85    8.98    6.07   10.85   12.53   23.34   11.23   18.70   15.64   23.96
PSATPTP    -17.61  -54.83    3.65    2.68   12.26   17.86   10.31    3.67    2.33    0.82    0.93    1.67   13.81    1.28   15.45   12.58    6.56    2.74    0.33   10.94   13.18    7.33    4.90    4.84    1.55    1.80    1.72    0.81    2.46    7.98    4.00    3.81    5.31    4.24   14.10    8.74    4.65    2.40    8.86   16.64    7.66   18.59   16.79    2.84    0.64    0.09   29.25
PSATSTCL   -17.90  -40.20    0.66    0.45    0.60   14.66   27.24   19.23    2.10    3.06    0.93    0.23    0.60    0.15    0.12    0.01    0.12    0.53    0.86    0.01    0.06    0.55    0.72    0.07    0.97    3.36    1.60    0.46    0.15    0.56    0.06   14.04   13.13    4.46    0.93    7.29    0.74    1.93    0.08    0.03    0.01   24.34    7.50   40.36   24.73    3.69    8.27
PSATPDC    -12.58  -39.00    0.58    0.11    0.12    0.71    9.16   28.19   10.35    4.08    1.98    2.41    1.95    0.77    0.26    1.49    0.45    0.77    0.57    0.24    0.03    0.52    0.50    0.21    0.28    0.17    0.24    0.31    0.11    0.26    0.86    1.11    0.64    0.23    0.04    0.12    0.32    0.22    0.26    0.11    0.03    0.31    5.74    8.92   11.89   28.57   21.60
PSATROSA   -20.92  -41.72    2.22    1.66    2.33   32.59   19.78    5.26    1.49    0.27    1.18    0.12    0.20   18.88    4.89    0.02    0.02    0.01    0.03    0.04    5.28   21.35    0.38    0.40    5.12    9.85    5.08    3.57    1.61   11.94   13.01   22.52   60.42   52.89   18.84   29.29   32.75   11.68    1.40    4.84   37.48   28.14   58.50   14.54   12.18    2.73    4.46
PSATCAN    -20.21  -42.85    4.88    3.35    3.65   29.75   10.43    2.16    0.04    0.79    0.51    0.22    1.17   11.33    9.73    0.20    0.11    0.04    0.27    0.18   19.01   21.17    2.22    2.68   12.17   14.37   10.38    2.63    6.07   14.06   18.16   36.10  100.71   11.02   12.34   22.55   43.38   15.50    5.79   12.27   16.49   34.92   53.73   15.53   11.38    0.51    2.51
PSATSAC    -19.64  -42.85    2.33    4.65    2.02   19.82   16.90    5.16    0.56    1.26    0.78    0.31    2.42   12.76    5.10    0.10    0.25    0.12    0.42    0.34   13.82   18.10    1.63    3.73   21.44   12.54   10.81    3.73    7.65   12.76   21.77   41.03   57.71   30.53   11.35   22.62   35.10    7.68    2.36    6.60   23.80   32.85   48.14   21.65   16.86    0.12    3.43
PSATPES    -19.12  -42.66    2.36    2.21    1.92   14.11   32.08   17.19    1.44    1.15    1.05    0.50    5.34   13.50    4.34    0.06    0.24    0.33    0.63    0.38    2.61    8.34    0.74    2.77   16.38   20.78   13.22    3.56    3.64   15.84   19.29   32.69   23.14   47.05   30.25   28.74   36.82    6.61    2.10    4.65   20.30   38.60   44.94   28.89   17.12    0.28    4.39
PSATMAS    -19.50  -40.92    2.19    0.98    0.98   22.64   22.86   12.55    0.28    0.76    0.72    0.48    1.51   10.83    0.96    0.12    0.16    0.44    0.47    0.11    2.35    7.86    0.52    0.65    7.04   16.25    5.18    2.12    1.21    8.40    3.68   19.74   30.50   37.84   27.79   32.45   21.58    7.31    2.19    2.64   17.23   26.27   40.11   24.22   18.24    0.30    3.60
PSATSBR    -23.37  -45.87    0.35    0.19    3.68   18.50    9.53    3.21    0.33    0.03    0.00    0.00    1.28    8.38   11.47    5.87    2.34    0.13    2.01    0.99   30.91    7.02   16.61   15.99    5.08    4.06    8.99    1.41    9.88   20.32    8.68   12.71   10.57    2.17    0.60    0.72    1.81    6.77    3.32    6.42   18.39   16.77    9.50    4.75    1.75    0.16    1.67
PSATJAG    -23.20  -46.03    0.38    0.08    3.63   12.07    3.85    0.98    0.02    0.00    0.00    0.00    2.35   10.64   13.23   16.17    0.40    0.15    2.56    0.79   12.24    1.89   10.68   21.15    4.29    3.57   13.98    1.10    5.74    5.52    5.74    6.62    4.85    1.25    0.46    0.06    0.40    4.79    5.43    7.32    9.86   10.99    2.47    1.68    0.98    0.06    0.15
PSATFUNI   -22.53  -44.57    0.35    0.15    2.80   21.10    4.68    1.32    0.08    0.01    0.03    0.07    1.96   13.74   14.00   11.73    0.22    0.11    1.32    0.41   15.47    2.65   25.39   23.35    5.66    3.58   11.30    1.20    8.66   16.62   10.38   14.09    8.64    2.24    1.08    0.32    0.83   10.94   10.82    4.62   14.18   16.46    8.08    3.49    0.95    0.05    0.71
PSATSACE   -22.48  -43.84    0.44    0.34    1.23   27.04    8.71    3.49    0.33    0.03    0.02    0.00    0.28   27.74   16.24   17.31    0.14    0.16    0.00    0.11   25.28   15.56   27.71   19.65    7.71   12.55   12.57    2.94   12.82   18.23   48.58   75.93   19.13    3.75    2.72    5.65    3.49   19.01    8.91    3.52   19.07   23.77   28.00    5.40    1.33    0.18    4.00
PSATPIC    -21.91  -43.54    0.63    0.82    1.05   25.05    6.14    1.96    0.34    0.27    0.08    0.02    0.52   28.04   31.42   13.78    0.00    0.00    0.00    0.09   15.52   12.76   21.03   12.99    7.37   12.28   13.61    4.39   11.99   14.56  109.50   83.92   10.41    3.69    6.29    5.07    2.75   20.32   15.17    0.52   14.83   27.50   27.10    1.53    0.40    0.21    4.64
PSATSOGI   -21.94  -43.36    1.65    0.50    1.89   18.18    8.73    3.76    1.86    0.45    0.25    0.01    0.88   22.48   24.90    4.38    0.02    0.00    0.00    0.07   18.03   19.38   18.67   12.25   17.49   12.48   12.70    5.65    7.74   15.18   91.19   87.19   22.05    2.44    6.15    5.23    8.09   30.30   21.18    4.67   12.19   37.26   31.51    3.54    0.18    0.38    3.94
PSATIPSI   -21.84  -42.58    1.07    1.04    1.19   21.31    5.21    2.29    0.87    0.13    0.27    0.07    0.67   15.13   14.66    4.93    0.00    0.00    0.05    0.07   16.29   27.12   12.33    9.14   16.44    9.34    8.86    3.96    7.48    8.44   57.43   76.76   36.16    3.27    4.39    3.81    8.65   25.05   20.26    6.81   15.10   28.69   35.73    3.89    0.27    0.61    3.70
PSATTCLJ   -22.69  -43.83    1.07    0.39    0.95   23.69   18.33    4.76    0.45    0.00    0.00    0.00    0.59   14.59   10.47   13.24    0.08    0.00    0.03    0.03   30.76   53.18   12.53   15.72   11.64    5.05    6.41    3.11    4.12    5.52   19.50   74.80   31.65    2.17    0.76    2.11    5.89    7.97   14.47    9.40   21.39   28.02   31.22   10.77    1.22    1.04    3.14
PSATBIGU   -25.51  -53.67    0.04    1.32   10.01   20.03    4.87    0.31    0.00    0.00    0.01   25.71   26.57   20.22   16.63   14.52   21.31   32.32   13.87   21.82    0.16    0.99    1.79    0.18    0.55    7.60    1.46    4.90   12.18   24.43    7.13    1.42    0.76    0.56    3.55    3.31    4.59    0.75    5.14    6.67    2.13    3.19    1.77    1.33    0.89    0.22    1.68
PSATBRAU   -21.45  -42.41    4.15    5.37    6.19   20.86   10.53    6.24    0.84    0.20    0.83    0.04    0.54   12.43   17.04    0.27    0.00    0.00    0.05    0.07   16.62   23.44   10.15    3.20    7.73   12.04   13.76    3.58    5.97   15.23   28.63   50.83   37.81    4.29    6.83   10.35   35.52   32.69   10.93   11.80   26.37   36.71   47.65    9.99    2.66    0.76    2.75
PSATSUIC   -20.08  -40.58    8.64    1.19    0.19   48.26   24.85    3.64    0.34    0.65    1.91    1.05    0.19    9.54    0.56    0.11    0.18    0.75    0.34    0.15    2.46    3.22    4.15    3.56    4.73    9.46    3.69    5.22    1.25    4.88    0.67   26.52   35.68   43.27   34.00   29.63    4.36   22.31    2.66    1.89   28.78   20.39   43.91   18.65   12.73    2.01    4.15
PSATJRI     -9.30  -64.70   16.18   10.51   10.84   15.20    6.64    8.20    6.41    3.02    1.42    2.27   21.06   10.07    6.73    7.08   11.83   13.84    5.44   15.22   15.41    1.40    2.49    3.65    3.76    4.80    3.09    3.14   15.16    6.51   10.44   10.80   10.48   12.49   12.05   13.03   14.28   13.07   15.68   15.09    9.75   14.70   15.52   14.40    8.95    9.40    9.23
PSATBENI   -14.59  -67.53   11.02    8.08   12.02   13.00   11.39    9.77    6.33    2.67    2.65    5.60   30.56    4.87    9.60    6.07   12.59    9.13    1.88   31.42   10.10    1.17    1.31    1.32    4.37    4.10    4.24    2.12   12.47    3.12    5.57    7.39    7.33   11.95   14.64   16.99   11.14    6.47   12.57   17.16   22.02   25.37   12.16    6.25   16.33   14.17    7.28
PSATEPB    -12.42  -64.42   12.95    8.09    6.06   10.41    5.29    7.22    5.27    1.26    1.22    4.82   16.37    0.74    1.87    7.47   11.91   12.23    3.73   11.79    3.40    1.54    3.90    1.42    3.24    4.71    1.24    2.59    9.65    1.13    4.30    8.74   10.54   11.74   12.71   15.87    9.87    4.92   10.28   14.25   14.55   13.14    9.88    6.15   13.54   11.50    8.57
PSATEGM    -10.79  -64.35   15.09    6.57   10.76   17.39    5.22    5.05    3.87    2.23    3.83   12.95   24.60    2.76    3.32    8.39   15.38   12.33    5.85   21.14    4.57    1.18    0.99    1.38    5.82    3.30    3.50    4.37   14.69    2.20    3.68    6.55    8.37   14.64   17.15   17.25   11.94    4.04   11.37   19.78   19.43   21.14    7.84    3.76   13.12   16.79   10.09
PSATSTOA    -8.79  -63.95    9.94   13.90   10.96    8.59    9.59    7.40    7.23    1.44    4.03    3.84   16.06   12.77   13.81   10.08    7.61    8.54    8.32    2.49   22.35    9.61    3.20    3.97   14.02    7.41    6.63    7.14    6.76    6.10    6.70   15.93   17.06   14.48    8.34   14.71   17.41   25.13    7.63   15.45   12.10   14.90   21.43   17.63    5.09   19.27   25.16
PSATENC     -9.90  -66.62   13.19   11.51    6.20   16.15    4.90    6.34    7.51    1.39    0.66    1.51   12.54   20.94    4.65    1.96   16.09   13.05    5.05   11.47   16.11    1.52    1.91    6.17    3.56    3.56    1.87    2.34    4.53    8.98   14.01   12.58   11.01    9.29    8.33   12.61   11.21   11.79   17.00   11.12    9.06    9.50   11.39   16.83   10.22   15.21   10.34
PSATAMY1   -11.71  -70.63   26.25   12.86    9.35   14.40    9.82   11.46    5.05    1.82    2.46    1.43   15.26   13.41    6.49    3.87    9.26   18.63   10.79    9.93   19.90    0.64    2.27    2.01    1.94    4.02    6.02    2.44   18.73    2.97   16.39   18.01   13.89   18.70    6.70    7.27   17.59   17.79   23.02   13.81   12.12   13.47   10.81   13.91    6.55    8.93    3.66
PSATAMY2   -12.37  -71.17   24.38   10.28   17.53   12.23    9.05    8.78   10.35    6.06    6.18    6.78   22.96   14.28   11.75    8.96   17.61   21.06    6.07   11.07   19.20    0.79    2.72    4.49    4.58    4.29    6.52    4.76   16.86    7.67   15.86   16.70   13.40   18.95   12.95   14.51   29.52   23.16   26.43   23.95   17.62   21.48   13.35    9.82   11.50   18.25   15.30
PSATAMY3   -13.75  -70.18   15.46    7.53   17.97    4.76    6.96   10.25    8.76    5.24    5.22    7.11   25.00   10.70   16.79   15.68   21.07   21.36    3.58    8.38   11.98    4.26    6.23    3.84    2.54    4.57    5.72    2.37    7.16    9.62   15.86   10.85    6.55    7.91   22.09   37.92   36.04   23.19   25.63   34.99   45.36   27.97   15.24    6.26   18.44   20.79   21.30
PSATAMY4   -13.45  -69.47   12.01    4.25   14.16    7.96   11.66    8.31    4.52    5.26    4.93    5.84   32.79   10.15   14.17    8.63    9.45   16.92    1.86   19.35   11.00    1.70    2.38    4.97    5.36    4.45    4.11    2.77   20.49    6.52   11.71    8.86   10.81   19.48   20.90   17.44   16.28    9.27   17.86   22.62   16.00   19.64    8.31   12.02   11.60    9.53   12.34
PSATJRN    -13.37  -59.01    5.55    9.68    5.29   12.86    9.76   17.21    7.62    1.79    4.75    3.07   18.75    1.77   10.87   15.18   21.82    3.61    4.31   17.10   14.25   10.09   17.17    3.37    3.02    2.28    2.73    0.99    4.24    1.33   16.65   15.96   17.53    8.18   10.41    7.48    8.42    8.09   13.72   13.03   18.07   13.52    7.14    9.46    7.46    8.99    3.98
