PSATAGV    -19.89  -50.35   28.70   22.93    7.41    0.76    0.85    0.10    1.25    7.36    4.30   10.88    5.06    5.17    8.92   20.32   21.44   20.29   29.64    9.02    8.55   15.38   10.38   10.40    3.22    4.12    2.37    2.43    3.58    4.27   20.78   38.55   33.94   13.13   20.04    1.70   11.54    8.20   15.45    8.91    7.19   18.15   23.18   22.15   28.75    9.29   20.93
PSATCMG    -21.28  -44.63   17.23   22.60    3.46    0.45    0.00    0.07    1.53    5.24    6.41   10.51    9.50    6.09    3.90    4.50    7.01   12.84   14.09   14.21    6.21   11.43   39.77    4.01    0.14    2.14    6.39    9.66   17.26    2.90    5.99    3.36   17.90   26.51   16.38    1.31    0.22    1.24    5.84    2.69   12.78   13.81    8.07   13.15    6.07    6.38    9.28
PSATCES    -20.25  -48.16   15.76   17.30   10.61    0.96    0.00    0.01    0.58    9.80    7.74   11.87   12.67    3.01    5.12   10.59   20.42   19.48   24.66   14.84    9.10   18.34   11.70    2.43    1.85    4.20    2.21    3.96    6.11    1.00   10.85   14.79   22.43    6.20   39.98    0.52    5.46   10.91    7.48    6.90   21.80   18.81   16.55   33.85   22.04    8.16   23.57
PSATELC    -21.60  -46.95   25.71   25.92    4.62    2.13    0.00    0.62    0.78    5.80    6.59   15.74    9.22    3.21    6.66   13.06   19.12   17.31   19.95   18.09    8.05   12.05   18.15    1.63    0.97    1.79    2.27    2.95    1.78    0.92    7.86   24.19   19.34   13.02   23.76    2.07    2.56   13.05    9.44    9.17   13.09   19.92   12.98   31.29   14.41   13.74   19.01
PSATFUN    -21.14  -45.04   16.41   21.01    0.85    0.26    0.00    0.00    0.16    3.84    9.72   10.08    8.76    2.47    6.13    8.38    5.33    9.36   23.04   19.57   13.27   18.85   39.68    5.27    0.15    3.45   11.84    7.80   17.34    3.61    4.77    6.86   22.71   22.70   24.98    0.89    0.21    1.15   12.86    9.13   13.95   14.30    8.75   10.57    7.89   14.67   15.99
PSATFUR    -20.67  -46.32   26.37   24.19    2.67    0.73    0.00    0.16    0.31    6.55    8.97   12.52    8.68    3.29    6.60    9.38   10.30   12.38   18.38   16.83    8.87   16.39   21.82    1.04    0.50    4.99    7.07    8.05    8.52    2.19    5.90   19.93   22.38   22.48   28.36    2.22    0.39    2.74   11.91   12.84    9.76   18.28    6.81   12.66   10.53   14.02   17.45
PSATMRB    -20.30  -49.18   23.27   23.04   10.09    0.61    0.09    0.02    1.14    8.78    6.57    7.97    8.70    2.83    5.97   14.92   21.97   18.00   39.64   15.23   10.27   18.41   14.02    9.25    2.20    4.02    2.63    2.90    4.66    1.79   13.31   24.90   27.10    8.98   36.31    1.05    6.96    8.25    7.37    6.72   15.15   17.42   24.06   29.25   29.69   10.75   26.93
PSATPRG    -21.59  -45.67   27.55   27.96    9.15    0.95    0.00    1.24    2.19    7.04    6.00   10.39    4.68    3.07    4.79   10.36   12.03    6.10   20.24   16.41    3.88   10.82   16.27    0.37    0.44    1.02    4.39    5.65    1.92    0.61    2.31   24.01   21.72   17.75   26.53    4.33    1.07    5.35   10.10   11.72    8.30   10.79    6.63   16.72   20.62   24.62   14.89
PSATPAS    -21.02  -48.18   29.66   17.37    6.30    0.67    0.27    1.09    3.15   11.42    5.31   16.60    6.56    2.62    5.71   20.02   14.72   10.19   29.28   17.14    8.44   14.61   11.88    2.86    1.09    1.91    1.94    1.81    1.23    0.33   10.05   26.66   21.80    6.40   29.97    1.64    5.67   14.55    5.25    9.82   14.38   20.23   27.38   29.90   18.41   13.87   24.23
PSATPTB    -21.61  -45.49   21.76   22.22    5.71    0.99    0.00    0.10    0.65    3.66    5.63   10.03    6.51    2.02    5.45    8.39    9.35   10.66   24.81   25.34    5.54   11.11   27.79    1.74    0.14    1.61    3.83    4.98    5.45    0.64    3.76   14.02   22.15   11.39   30.70    2.85    0.59    2.09   14.94   10.49   11.15    8.23    6.52   16.14   17.48   19.82    9.09
PSATPTC    -20.00  -48.55   16.83   18.00    9.49    0.78    0.00    0.00    0.81    6.02    6.17    8.21    9.58    2.25    4.63   17.37   14.12   17.66    9.77   13.26    8.67   13.14   14.28    6.85    2.05    4.27    2.64    3.98    8.12    3.57    8.01   22.09   17.29    7.06   32.74    1.28    2.28    6.53    9.21    9.49   18.62   21.31   11.19   23.27   17.18    3.93   23.60
PSATFZA    -26.00  -51.65   12.30    5.18    3.73    8.97   72.23   43.97    2.75    2.31    8.56    7.74    1.35    1.79    4.41    0.06    0.07    0.15    1.49    3.10    0.67    5.47    1.92    0.21    0.03    0.05    0.00    1.40    2.27    2.19    5.62   14.98    5.61    1.67    2.67   25.83   18.85    5.23    0.14    0.17    1.29    7.19   11.82   15.33   13.51   26.14    3.52
PSATJSG    -25.78  -52.00    7.85    8.07    1.59   18.97   67.07   31.83    2.28    5.73   12.69    4.41    1.57    2.67    7.93    0.00    0.02    0.02    1.29    2.62    0.90    3.27    5.43    0.28    0.00    0.01    0.33    1.81    1.36    1.01    8.37   21.73    1.51    2.80    8.24   19.57   34.37    4.14    0.25    0.14    0.76    3.74   11.09   10.00   18.94   27.39    2.82
PSATSCX    -25.53  -53.48    8.38   12.09    1.19   22.69   58.23   21.99    1.87    7.53    8.53    4.47    2.93    4.91   10.19    0.02    0.00    0.06    0.98    1.24    0.95    3.96    2.82    0.53    0.00    0.00    1.23    1.47    0.88    1.00   13.41   27.91    2.39   12.38   19.78   18.58   56.40    1.68    0.34    0.42    0.86    3.08   14.40   13.61   26.21   26.77    4.83
PSATSCL    -25.49  -51.74    9.24    1.49    2.49   19.40   55.11   39.94    7.71    2.14    7.15    4.77    3.75    1.72    9.81    0.17    0.00    0.37    5.22    1.87    0.95    8.10    8.31    0.32    0.00    0.00    0.81    2.72    1.48    1.18    1.46   19.97    9.05    2.21    2.30   20.26   16.85    4.41    0.29    0.09    2.11    5.60    8.62   15.32   14.57   25.18    6.64
PSATUVT    -26.23  -51.08    5.03    4.12    2.12   10.53   79.09   40.29    4.23    2.50    6.08    8.33    1.92    0.46    2.54    0.39    0.09    0.27    4.30    2.88    2.07    3.63    1.73    0.60    0.11    0.14    0.00    2.23    2.10    2.73    3.99    9.94   11.56    1.08    7.74   24.80   15.82    8.45    0.23    0.76    2.46    6.33   15.93   22.76   17.69   28.75   12.28
PSATBSM    -24.19  -53.74   10.02    4.34    1.34   19.80   34.41   26.89    2.09    2.79    6.58    5.56    2.55    1.74   19.62    2.51    0.00    0.37    1.91    1.24    1.51    7.58    3.24    0.51    0.00    0.11    0.73    0.72    0.59    0.45    1.21   27.90    6.22    4.64   17.83   19.86   25.05    2.50    1.10    0.69    2.20    7.05   20.02   23.70   28.55   27.13   10.56
PSATFLE    -22.97  -54.56   14.46    6.57    2.66   17.33   25.21    1.26    0.34    5.18   13.88   10.90   14.07    5.95   31.39    5.24    0.00    0.29    0.53    2.45    8.40   21.85   15.39    1.59    1.89    5.14    1.54    0.41    0.02    0.05    3.67   39.84   29.59   33.62   26.48   24.88   28.55    2.84    0.06    1.42    3.24   10.36   12.60   11.10   20.79   27.50   11.08
PSATITP    -25.42  -54.58   10.27    5.88    2.02   20.49   29.60    9.93    0.67    9.42    7.42    7.46    8.29    4.10   24.08    5.10    0.06    0.27    0.81    1.80    3.51   12.55    7.14    1.06    0.34    0.46    0.55    0.37    0.13    0.17    5.92   48.89   31.24   15.38   28.04   18.96   35.59    6.11    0.12    1.00    5.53   13.21   17.79   15.78   31.06   29.35   15.98
PSATIVM    -22.38  -53.53   15.99    5.44    2.66   13.73   24.49    2.99    1.89    6.93   10.30   15.35   19.65   11.26   25.16   16.02    0.24    0.75    1.30    0.59   11.96   21.01   15.64    3.12    6.42   11.24    3.98    0.35    0.19    0.52    6.18    9.35   47.14   38.60   20.61   14.12   31.42   19.50    0.32    3.19    9.54   17.64    8.38    4.78   11.99   12.75   16.54
PSATPTQ    -23.18  -53.17    9.68    1.83    1.74   17.97   32.84   36.81    6.13    2.59    3.39    9.29    2.66    1.60   15.01    7.55    0.00    0.98    7.17    0.97    2.94    6.36    3.18    0.89    0.05    0.19    0.44    0.75    0.31    0.30    2.86   24.69   27.08    4.57    8.09   16.37   30.64    6.35    1.26    0.90    4.73   10.32   16.78   26.24   23.15   37.56   20.79
PSATCBI    -17.99  -48.54   17.17    4.03    1.48    0.53    0.08    0.33    0.13    0.43    0.01    2.42    3.84   16.31    0.75   10.00   12.47   16.05   14.50   11.83   10.66    7.40   12.02   13.59   16.16   23.21   10.93    6.05    4.70   10.57    4.46   10.63   12.46   12.72    6.85    1.81    2.80    1.86    4.59    9.99    9.10    4.55    2.93    5.96    5.93    2.81    6.61
PSATCBIV   -16.15  -48.67   13.47    7.09    2.17    0.63    0.23    0.51    0.58    0.25    0.02    0.06    0.04   18.29    0.17    0.93    8.77    9.36   13.63    8.53    7.10    5.83    6.42    9.58   10.67   25.51   14.39    5.96    4.18    7.24    2.03    5.93   10.85    8.29    1.82    2.43    1.64    3.03    1.84   10.52   18.49    6.48    2.72    5.07    3.01    5.35    1.82
PSATEMB    -18.45  -47.98   17.66    5.74    0.68    0.08    0.01    0.01    0.09    0.84    1.22    0.92    5.96    1.51    3.78   14.33   15.92   27.08   19.92   11.01    9.03   13.69   19.55   16.88    8.51   15.23   10.74    5.95    6.50   17.61    7.40   13.14   15.63   16.42   12.36    0.88    0.59    1.01    8.55   15.02    2.15    3.25    3.49    5.94    6.04    3.98   15.77
PSATIMBR   -18.42  -49.10   19.12    7.60    1.49    0.43    0.01    0.12    0.13    2.24    0.53    7.93    7.31    3.43    0.51   12.60   14.97   16.86   11.38   15.66    9.34   14.59   19.32   15.85   14.10   13.56    6.07    4.79    5.72   13.77    6.39    8.47   16.93   16.15   15.29    1.19    3.01    1.75   13.74   11.54    4.21    8.63    4.33   16.07   11.97    2.40   16.43
PSATNPTE   -19.13  -47.70   17.17    8.99    0.78    0.28    0.00    0.00    0.09    2.81    4.10    5.14    6.14    1.43    6.27   19.40   12.64   28.45   13.56    8.34    6.95   13.94   23.50   10.74    1.61    6.50    3.49    3.91   11.22   10.05    6.48   10.38   12.14   11.34   14.16    0.72    0.46    2.03    4.34   19.47   10.79   13.74    3.98    6.97    5.49    4.58   12.86
PSATARV    -18.07  -50.16   12.50   14.60    3.22    1.82    0.73    0.20    2.22    8.22    1.26    5.80    5.56   11.37    7.94    1.95   11.65   18.50   10.98    7.86    7.58    4.51   13.44   12.48   14.23   20.54    6.32    2.81    7.31    3.63    5.87    2.15   15.94   24.64    6.12    2.46    2.68    2.18    4.35   12.74   14.25    9.07   14.48    8.47    7.98    3.47    7.12
PSATSFC    -18.05  -47.68   18.39    6.02    1.51    0.59    0.01    0.24    0.22    0.08    0.00    0.51    4.37   11.02    1.24   11.89   13.98   26.35   13.11   13.15    8.97    9.43   12.53   17.02   15.07   19.97   17.52    5.53    8.76   19.45    6.57   12.86   12.07   11.99    6.04    1.16    0.18    1.64    3.98    7.89    3.17    4.30    9.11    4.14    6.63    2.37    4.00
PSATSSM    -19.02  -50.50   17.39   14.49    4.73    1.48    0.18    0.12    0.58    5.21    1.12    9.70    8.87    5.52    3.09   15.06   15.60   18.43    9.48    9.26    9.37   13.81   18.78   12.30   11.18   13.93    3.52    4.25    7.64   10.99    9.45   14.68   16.26   16.60   10.98    2.29    3.19    2.54   11.43   13.36   13.76   14.47   19.62   17.92   14.76    3.91   16.44
PSATCNI    -22.94  -50.52   19.86    4.14    3.22    0.38    4.12   30.24    9.74    4.14    3.07   13.55    1.65    2.09   11.97   11.20    5.51    3.28   43.39    4.42    3.98   10.36    7.02    0.18    0.35    1.33    1.08    0.24    0.03    0.29    3.10   24.95   17.56    1.21    3.16   22.64   22.77   16.59    3.55   10.73   15.98   22.02   22.14   20.15   19.68   23.44   27.18
PSATCPV    -22.65  -51.33   15.69    2.97    2.66    5.03   21.94   26.55   10.04    0.86    0.61   12.01    1.41    2.28    8.48   15.30    1.38    1.74   21.51    2.00    2.98    4.41    4.13    0.41    0.18    1.06    0.34    0.43    0.15    0.23    4.46   28.56   20.86    1.16    7.68   23.00   23.76   20.87    1.33    7.36   16.04   15.64   19.89   24.25   25.18   24.80   21.83
PSATCHT    -23.01  -49.73    5.76    0.50    2.27    4.79   21.45   23.50    8.21    0.20    0.32   11.49    1.43    0.52    8.55   12.65    0.27    3.61   24.87    3.32    1.19    2.59    2.26    0.01    0.00    0.74    0.16    0.39    0.36    0.19    2.63   11.33   15.26    1.19    0.71   17.38   18.95   12.41    0.15    2.72   13.56   28.23   22.86   29.63   17.94   18.18   19.47
PSATJUR    -23.22  -49.23   18.43    0.57    4.35    2.02   15.16   26.81   11.45    0.55    0.81    7.29    1.53    0.70    6.85   10.29    1.72    3.66   31.30    6.86    1.77    3.54    2.21    0.30    0.10    0.88    0.52    0.09    0.22    0.29    1.89    8.48   16.13    4.04    2.94   14.84   17.35   18.08    1.44    2.52   17.18   22.77   20.21   35.91   13.08   17.60   23.05
PSATMAU    -24.06  -50.71    3.94    0.45    1.82   11.63   49.02   32.39    8.19    0.58    0.66    8.88    1.50    0.73    5.13    2.44    0.00    0.80    8.39    1.50    1.46    3.48    1.44    0.29    0.04    0.14    0.18    2.39    0.59    0.36    2.74   14.55   14.26    0.50    0.34    9.26   13.60   12.56    0.17    0.99    6.11   13.10   17.27   29.88   16.92   24.31   14.93
PSATROS    -22.50  -52.87   21.38    2.28    1.98    6.72   19.96   19.51    4.77    3.70    0.66   15.04    5.07    2.56   16.91   14.21    0.42    0.79   10.49    1.14    4.30    7.21    5.76    2.75    0.51    0.91    0.50    0.05    0.04    0.21    2.87   35.53   51.13   10.71   17.72   16.46   36.89   20.72    1.33    1.66   20.20   10.18   16.43   19.01   20.47   37.96   34.00
PSATQMD    -16.21  -47.33   10.09    2.82    0.97    0.53    0.00    0.49    0.23    0.01    0.00    0.00    0.10    7.50    3.53    4.46    9.15   23.03    7.97    3.91    8.70    5.26   10.53   15.62   13.78   20.29   11.28    8.11    9.93   12.80    3.23    3.51    5.22    5.78    2.30    1.45    0.00    1.39    1.11   17.26    4.12    1.69    5.52    1.07    1.71    2.47    0.43
PSATRBX    -18.95  -44.76   11.98   10.51    1.24    0.01    0.00    0.00    0.03    2.34    7.63    3.64    9.83    3.30    2.25   20.63   17.14   19.36   19.71   24.17   12.69   23.72   38.21   11.98    0.96    7.71   13.43   12.81   23.21   11.88   10.43   16.08   14.38   17.33    9.19    0.19    0.02    0.14   12.42   17.36    9.23    8.92    3.29    2.18    1.00    3.71    8.26
PSATSFR    -15.93  -44.86   16.09    1.69    0.85    0.09    0.03    0.07    0.01    0.04    0.00    0.00    0.16    4.15    6.48   14.24   12.81   25.33   24.78   16.63    3.71    5.97   11.76   23.26   18.08   18.97   22.67   10.87    9.30   14.53    3.80    8.35    4.08    2.33    1.06    1.06    0.01    0.42    0.49    3.06    2.06    2.71    0.82    0.54    3.16    0.73    0.06
PSATSRM    -16.37  -45.07   13.78    3.80    0.79    0.03    0.00    0.06    0.05    0.55    0.89    0.65    3.35    3.67    3.49   18.57   16.62   23.24   19.67   17.27    6.61   13.19   24.01   29.22   15.09   18.99   16.85    9.57   16.05   18.14    8.90   12.91    6.65   11.86    2.22    0.57    0.09    0.08    6.24    4.90    1.50    3.26    1.32    0.93    1.50    1.76    0.97
PSATTMR    -18.16  -45.27   19.42   19.64    0.85    0.17    0.00    0.01    0.02    1.96    8.74    3.16   12.46    5.07    3.71   23.81   11.71   27.59   25.14   16.28    9.21   20.53   27.96   10.15    1.25   10.25    9.70    9.17   18.03   10.87    9.80   18.40   19.33   28.94    7.38    0.53    0.12    0.83   13.40   15.65    8.83   13.69    3.94    3.58    2.53   10.42   12.86
PSATBOQ    -11.35  -43.83    7.04    3.81    0.59    0.24    0.16    0.52    0.17    0.07    0.02    0.00    0.00    0.03    0.52    1.01    1.45   16.97    4.54    1.23    0.56    2.04    2.33    9.90    9.32   18.51   14.39    6.36    7.21    3.71    1.51    0.77    0.71    2.90    3.36    0.66    0.55    3.52    5.09    6.77    3.15    0.38    0.34    9.84    1.58    0.64    2.04
PSATBBO    -22.52  -48.55   47.33    3.24   10.02    0.74    4.64   17.25   17.32    5.83    2.84   11.40    1.66    1.01    4.14   12.87    7.62    3.56   29.33   20.94    5.69   13.52    5.64    0.13    0.28    0.79    1.42    1.25    0.21    0.24    1.58   16.99   28.69    5.18    7.61    4.16   10.14   25.95    3.29    3.82   15.43   19.02   21.82   28.63   15.33   18.55   30.64
PSATESZ    -23.46  -46.91   72.79    9.04    9.47    0.73    8.30   16.94   17.91    2.80    1.22   15.66    4.18    0.47    1.80   10.78    7.71    1.17   23.07   18.22    8.26    4.52    6.04    2.55    1.81    1.45    1.01    0.30    0.00    0.02    0.10    4.08   46.82   16.42    8.06    1.75    4.47   13.50    3.58    1.41   14.64   24.62   27.75   25.32    4.30    3.97   14.42
PSATIBT    -21.76  -48.99   25.65    9.00    7.17    0.36    2.32   11.53   11.39    7.80    4.55   19.61    2.18    2.14    4.84   16.74   13.27    7.09   51.97   11.30    5.93   13.08    9.28    0.26    0.53    0.80    2.00    1.62    0.57    0.62    9.94   26.20   14.97    1.03    5.20    9.28   15.06   29.58    4.13   16.00   14.13   17.75   25.89   21.24    6.84   20.64   22.97
PSATNAV    -21.12  -50.20   37.63   13.68    9.02    0.63    2.97    4.59    6.06    7.91    5.20   16.27    7.12    6.20    9.50   15.81   15.87   10.97   45.58    6.04    6.76   12.35    7.72    2.62    0.90    2.57    1.16    1.99    0.75    0.20   14.69   41.44   29.27    3.39   13.84    7.23   18.08   27.62   24.43   15.62   10.32   17.84   19.88   20.75   12.90   37.92   29.12
PSATSME    -13.40  -48.30   14.28    6.14    0.94    0.79    3.24    0.39    3.01    1.76    1.55    0.20    0.03    2.88    9.55    3.29    9.33   10.83   10.59   13.55    7.77    8.73    9.07    9.00   12.20   21.78   21.01    7.87    9.65    6.56    4.93    6.03    9.17    6.60    3.03    2.32    3.91    2.55    4.13    9.52    8.65    6.98    9.32    8.90    4.22    4.01    1.42
PSATBGR    -27.78  -51.20    0.56    2.70    1.78   32.40   27.47    0.81    0.66   31.82   34.26    5.23    3.85    2.01    5.42    0.12    0.01    0.03    0.02    1.18    3.24    0.59    0.96    0.02    0.01    0.01    0.33    3.31    0.30   10.44   17.65   35.48    1.98    0.00    0.17    3.55   32.17    4.72    0.01    0.13    0.15    3.25   10.72   12.06   16.83    6.91    4.90
PSATCNV    -27.60  -51.33    1.79   10.81    1.42   24.80   45.09    4.11    1.67   19.87   30.94   10.16    1.82    1.68    6.14    0.05    0.01    0.17    0.25    1.49    1.46    0.68    1.10    0.05    0.06    0.09    0.23    4.74    0.69   10.05   12.21   37.12    2.27    0.15    2.80   16.31   32.75    4.37    0.06    0.48    0.44    6.96    9.32   17.47   17.98   12.56    3.44
PSATFCH    -27.14  -53.04    1.05   20.05    0.69   56.39   45.56    0.39    0.16   10.71   21.57    6.45    2.83   24.07    4.40    0.03    0.00    0.00    0.13    0.33    0.24    0.02    0.22    0.00    0.00    0.00    0.59    1.29    1.16   13.17    5.51   21.90    0.52    0.00   21.87   32.76   68.62    2.99    0.00    0.12    0.15    0.70   14.45   25.07   31.37   16.02    1.88
PSATITA    -27.27  -52.38    3.96   17.17    2.00   38.78   46.96    4.64    2.48   12.65   18.43    7.81    2.10    6.89    4.30    0.03    0.00    0.02    0.64    1.08    0.58    0.34    0.29    0.18    0.01    0.01    0.59    2.89    0.69    4.99    4.37   32.91    2.43    0.20   13.03   27.59   39.91    4.63    0.03    0.08    0.18    2.70   12.54   19.75   25.29   13.36    3.06
PSATMCD    -27.52  -51.78    0.21    4.72    0.99   51.52   32.42    0.69    1.77   21.14   19.02    4.89    0.82    8.99    2.77    0.05    0.00    0.00    0.00    0.76    0.75    0.46    0.18    0.01    0.00    0.00    1.14    1.60    0.33    9.49   11.31   39.99    1.14    0.00    3.13    7.23   36.38    2.24    0.00    0.08    0.02    0.20    9.45   19.09   19.91   11.55    1.16
PSATMOJ    -27.35  -52.73    0.04    6.02    1.37   46.16   35.84    0.11    1.35   19.24   24.83    4.86    1.14   28.21    1.93    0.00    0.00    0.00    0.01    0.85    0.59    0.43    0.08    0.01    0.03    0.00    2.87    1.59    0.24    6.87    8.14   45.78    0.99    0.00    5.97   22.66   27.66    1.33    0.00    0.12    0.09    1.40    9.19   12.65   13.93    8.29    1.82
PSATQQX    -26.66  -52.54    7.21   29.53    2.19   20.20   54.82    8.89    1.53   12.88   12.08    6.15    4.21    5.31    6.63    0.00    0.00    0.00    0.86    2.52    0.53    0.89    0.60    0.31    0.00    0.00    0.65    1.94    1.23    1.43   14.18   21.62    1.54    2.37   22.87   23.48   56.96    3.14    0.00    0.12    0.18    3.19   12.05   12.95   33.57   15.85    1.75
PSATPSJ    -28.14  -55.05    0.00    0.11   26.68   56.57    0.49    1.04    1.26   51.41    6.72    2.03    2.18   17.82    0.02    0.00    0.00    0.00    0.08    0.26    0.69    0.01    0.00    0.20    0.11    0.02    2.60    0.00    0.02    6.90   46.97   69.42    1.05    0.00    1.64    2.71    6.06    0.02    0.00    0.18    1.52    5.30    4.79   15.09    3.91    1.79    2.92
PSATESP    -18.68  -51.87   22.01    8.19    1.04    0.92    1.74    1.32    0.91    4.29    3.91    3.43   10.35    9.16   10.47   11.25   39.14   22.83   10.88    8.18    2.78    6.16   21.42    7.45    6.55    6.27    6.65    1.10    1.72    4.04    8.67    3.54   15.78   20.97    9.31    2.50    7.08    8.64   20.17   15.87    3.91    3.60    5.62    3.27    5.98    2.41    6.84
PSATSRC    -19.16  -50.76   15.50   14.42    3.56    0.38    0.57    2.56    0.53    6.76    5.05    6.94   15.31   10.04    6.52   14.49   29.34   31.03   15.27    6.51    2.78    5.10   20.97    7.14    8.91    8.68    3.37    1.97    4.74    8.07   12.37    4.55   24.16   19.39    6.50    2.04    2.33    7.48   34.07   20.10    7.81   15.21   12.73    8.56    6.47   16.29   11.10
PSATFRCL   -19.12  -50.64   16.17   18.98    5.54    0.49    0.79    2.03    2.43    8.06    5.25    5.52   10.10   10.95    5.57   14.15   26.48   19.19   16.37    7.82    4.51    4.37   16.59    6.57   12.22    8.76    2.83    2.98    9.38    7.19    7.50    9.92   22.66   22.92    5.64    2.20    2.98    4.16   19.89   19.62    6.37   15.05   14.60   11.25   12.50   15.84    7.33
PSATISOT   -20.40  -51.35   30.19   12.70    3.73    1.38    0.50    0.51    1.98    5.21    4.90   18.00   12.16    7.31   14.02   26.44   28.80   30.59   26.63    5.82    5.20   13.92   13.02    6.59    5.43    5.37    1.43    1.95    2.00    5.32   16.34   28.68   25.09   13.79   19.51    7.64   12.72   17.04   27.45   14.49    4.81   28.34   24.99   16.49   19.11   23.20   26.59
PSATJUP    -20.86  -51.63   34.86   10.09    5.19    0.90    0.16    0.62    3.02    7.54   10.57   13.93   20.98   11.02   13.34   31.35   23.41   12.62   13.60    7.22    5.60   11.07   12.44    5.17    5.91    6.91    1.49    0.93    1.97    5.92    9.54   16.20   21.24   27.32   13.06   11.95   17.77    8.62   27.02   15.61    9.02   26.46   25.08   12.57   12.69    9.54   16.06
PSATSDG    -20.06  -53.18   38.22   14.04    4.29    2.88    0.28    0.45    1.51   11.24    3.06   12.67   24.90   21.62   16.91   20.31   15.88    7.66    5.98    4.19    3.41    3.21   12.98    5.51    6.07    6.79    3.01    0.42    1.30    8.86    4.41   11.14   17.65   27.01    9.78    1.43   17.89    7.13   24.41    7.25    4.92   15.38   17.71    4.39    4.48    4.88    6.71
PSATFZBT   -21.66  -52.87   24.90   14.94    6.10    6.57    1.93    1.37    9.33    9.53    8.93   18.11   22.67   15.74   21.57   20.30    3.47    3.75    2.24    1.16    5.62   12.36   12.43    4.82    7.05    8.13    3.62    0.29    1.18    2.17    5.71    8.79   23.50   40.98   17.06    5.17   27.19   15.44    4.45    9.23   19.80   18.25   18.36    3.45    5.24    6.60   13.94
PSATPPRA   -22.46  -52.91   35.70   10.44    4.28    3.19    2.84   15.78    7.94    9.63    2.49   20.32   12.44    7.26   20.34   25.70   11.05    8.66   17.05    3.41    6.27   14.16    9.48    4.32    1.75    1.90    0.77    1.07    0.42    0.24    4.63   31.99   23.24   13.19   15.40   12.57   33.70   16.24   10.59   12.72   18.35   22.15   23.47   10.88   16.14   18.65   18.82
PSATBTE    -13.69  -50.80   19.89   14.52    3.43    2.01    1.96    0.39    1.78    6.59    3.11    4.36    1.79    4.98    8.60   11.23   27.96   26.21   12.93   10.88   10.49    7.22   10.61   11.59   16.67   26.16   17.51    4.65    4.29    4.71    9.38   13.89    9.62   13.68    5.62    3.74    6.82    4.94    5.35    9.34    7.12    3.39   13.75    6.13    7.07    2.80    1.84
PSATARAG    -8.27  -49.26   14.84    9.18    3.62    2.18    1.35    0.49    2.91    6.01    1.27    1.74    1.36    4.12    6.79    8.11    9.12   16.03   11.33   14.48    5.69    6.08    5.89    7.44    7.17   20.08   21.37   11.66   10.83    5.72    6.60    9.11    6.75    7.96    4.71    5.05    4.22    5.02    3.50    3.53    5.25    4.45    7.19    8.50    3.80    4.21    0.95
PSATLAJ     -9.76  -48.37   14.86    5.70    2.21    0.49    1.21    0.94    4.11    1.46    0.59    0.32    0.38    2.40    2.75   12.96    4.97   14.54    9.25   11.75    2.96    4.77    7.53    9.21    9.48   17.77   21.08   15.08    9.79    9.17    2.54   13.55    2.95    3.28    2.96    2.35    4.14    5.48    6.05    4.33    5.04    3.48    4.16    8.69    3.37    3.83    1.37
PSATPTRL    -9.31  -47.39   11.50    6.26    1.38    0.45    1.76    1.04    1.06    0.14    0.10    0.57    0.02    0.62    1.11   10.35    5.97   14.83   11.31    3.43    1.44    2.08    4.86    8.82   11.35   11.54   12.27    7.61    8.11   12.77    3.14    8.74   10.78    5.39    1.88    4.35    1.33    5.96    4.48    1.47    1.73    0.89    0.84    6.28    3.76    1.87    6.58
PSATLJET    -7.33  -47.48   11.77    7.51    2.92    1.82    4.83    2.22    2.84    0.64    0.48    0.13    0.17    0.06    1.21    6.70    7.20    7.99    6.73    4.02    1.14    1.58    5.11    3.07    5.29    5.20    7.45    3.25    7.05    6.20    6.65    6.02   12.01    8.40    4.27    3.96    1.39    6.24    1.64    2.78    3.91    1.33    1.82    7.63    8.54    0.88    1.38
PSATUCR     -3.83  -49.65   12.89    7.67    3.36    4.72    2.84    1.26    7.70    1.85    1.52    0.68    0.35    0.09    0.57    4.41   14.55   11.22    4.69   10.30    1.45    3.17    6.75    5.59    5.27    6.41    4.23    2.66    8.00    3.47    7.66    3.51   14.06   10.81    7.11    5.43    3.31    9.16    1.97    4.32    3.97    4.65    2.49    5.02    5.35    2.23    1.82
PSATXIVJ   -29.07  -51.67    0.01    0.41    0.79   41.20   11.74    0.36    0.17   44.53   20.56    1.56    1.34   16.33    4.13    0.22    0.18    0.00    0.00    0.15    0.84    0.11    0.14    0.01    0.00    0.00    3.01    0.43    0.11   11.02   28.69   32.36    1.51    0.00    0.09    1.40   18.71    4.67    0.00    0.05    0.26    0.38    7.51   15.17   14.39    2.15    1.07
PSATDFRC   -29.45  -53.28    0.00    0.00   23.32   62.29    0.00    1.22    0.58   52.70    5.13    0.89    0.82   16.90    0.01    0.00    0.01    0.00    0.01    0.19    0.52    0.02    0.00    0.18    0.08    0.02    5.64    0.00    0.00   21.23   27.68   27.49    1.18    0.00    0.13    3.36    8.92    0.54    0.00    0.22    0.80    1.84    3.24   11.72    6.97    2.27    2.27
PSATREAL   -29.02  -53.19    0.00    0.07   12.91   55.94    2.63    1.14    1.00   51.24   19.36    0.73    0.81   26.59    0.17    0.00    0.00    0.00    0.01    0.18    0.40    0.04    0.01    0.05    0.00    0.00    1.95    0.01    0.01   19.69   25.00   59.53    1.01    0.00    0.09    4.14    9.38    0.74    0.00    0.53    0.45    1.35    6.45   19.26    5.56    1.59    2.22
PSATCTAV   -29.01  -51.39    0.27    0.08    1.32   38.91   13.05    0.16    0.23   36.24   52.65    2.62    2.89    8.32    7.87    0.31    0.21    0.02    0.02    0.85    4.57    0.90    0.25    0.01    0.01    0.02    2.46    0.97    0.16   12.20   40.50   18.93    3.78    0.00    0.05    0.84   23.14    6.24    0.00    0.01    0.06    0.67    4.19   13.46   18.44    2.56    6.35
PSATERNT   -28.56  -52.54    0.00    0.45    1.63   47.30   20.30    0.07    1.03   33.23   23.30    1.13    0.97   28.86    1.95    0.02    0.00    0.00    0.00    0.95    0.89    0.19    0.03    0.01    0.00    0.00    1.95    0.47    0.18   14.02   10.31   54.96    1.27    0.00    0.61    4.43   18.94    1.89    0.00    0.11    0.14    1.40    8.36   17.85   11.95    4.56    1.17
PSATSTPL   -27.14  -49.52    4.20    8.53    0.49   11.37   78.86    9.46    1.53   16.76   36.87    6.17    3.28    1.70    4.76    0.00    0.02    0.51    0.15    1.33    3.91    3.45    2.29    0.25    0.19    0.31    0.02    6.06    1.18   10.79    8.06   37.23    2.14    0.58    6.16   19.60   25.84    8.46    0.09    1.34    0.87    5.20    8.47   20.21   14.49   10.30    9.58
PSATCVCH   -25.14  -48.87    3.77    0.98    0.34    5.91   62.28   34.05    6.09    1.84    0.73    5.59    2.91    0.38    5.98    1.45    0.63    0.72   21.90    9.66    4.24    3.63    4.09    0.93    0.26    0.55    0.02    1.11    3.22    0.27    0.05    6.29   20.57    1.53    5.68    7.17   10.62   15.17    0.85    1.07    5.65   10.99   17.27   22.64   13.06   18.62   24.99
PSATAMY    -12.60  -69.12    8.08   13.99    8.74   12.20   18.28   19.27    3.49    1.87    5.53    6.74   13.50    8.85    9.52   24.55   18.08    3.32    7.73   12.18    9.26    6.28    6.09    6.17    5.72    2.78    6.47    6.09    2.65    2.93    6.78    9.46    6.43    9.54    8.98   10.38   17.35   27.96   14.40   20.50   32.88   25.16   15.98   18.40   13.53    8.88   10.22
PSATGJR    -10.73  -65.35   15.74    3.70    4.46    9.21   26.19    5.04    1.36    1.27    9.72   10.77    5.81   15.87   18.21    6.78    0.31    0.97    1.82    4.94   14.19    9.39   10.27    4.42    5.26    2.54   14.91    9.91    2.90    2.78    9.34    9.56   10.83   10.01    5.41    8.17   20.51   21.87    0.98    3.83   11.06   23.44   26.41   11.63   10.02    4.65   11.99
PSATPRNC   -12.43  -64.43   20.07    8.91    4.51    3.92   20.79   11.44    1.87    0.96    8.03   11.12    4.05    4.78   12.80    4.17    0.01    0.01    0.55    9.55   10.42   11.64    9.09    3.83    1.04    1.14   11.73   11.87   10.19    4.35    2.03    4.27    2.07    6.75    6.12    6.19   15.22   23.37   13.52   15.29   22.65   24.04   28.40   12.89    7.76    4.60    4.80
PSATSANT    -8.87  -63.97   12.61   15.89    8.98    6.75   17.56   32.53    7.66    5.29   15.15   14.42    9.37    5.10    2.61    5.50    6.23    1.69    5.04    8.48    4.61    7.15    7.45    2.62    3.62    1.73    9.85    5.87    2.53    4.33   23.54   18.78    3.63    8.98    7.65   18.16   15.72   19.25   14.06   11.56   11.19   10.97   16.82    5.89    9.72    2.13    5.40
PSATDARD   -10.16  -59.46   12.04   16.44    9.94   16.84    5.37    1.52    1.72    4.44   14.59    3.62    3.48    2.22    1.15    3.23    6.42   21.03    9.16    4.73    6.47   21.75    8.66   13.91    3.33    2.00   12.56    6.57   15.42   10.18    9.47   24.69    5.29    9.59    3.43    7.05   10.23   12.10    8.67   12.62    7.94    6.25   13.40    9.92    8.44    8.16   12.51
PSATGUAP   -15.12  -58.96   12.84    4.63   10.95   16.11    3.19    5.41    1.38    1.82    3.30    3.89    2.17    1.81   10.31    0.43    0.41    0.05    2.37    1.54   16.92   16.19    1.65    8.22    0.89    0.79    8.07    5.26    4.33   13.85    1.50    3.36    2.35    7.60    3.63   12.12    7.69   14.19   22.49   11.08   19.68   13.82    9.92   20.45   14.13    5.65    1.71
PSATJIRA    -9.25  -64.65   20.67   14.28    8.82    7.76   24.73   15.61    3.66    1.10    4.46    4.88    6.15   11.00    8.33   17.83    4.34    1.63    4.14    4.29    7.03    5.99    4.90    4.02    3.02    1.99    7.64    6.10    3.09    2.37    7.07    8.21    5.46    5.68    4.79    9.95   12.92   29.30    4.33    6.10   17.92   25.75   24.38   16.79   10.79    6.45    6.08
PSATROND   -11.99  -60.70   13.74   15.42    8.28    4.09   33.93    2.30    1.37    3.95   17.30    7.00    7.77    1.12    7.64    3.20    0.02    1.89   13.61   15.18    8.96   12.12    3.28    5.80    8.59    2.40   15.37   21.21    4.00    5.87    4.23    0.34    3.02   10.62    5.04    3.94   18.19   19.10   16.78   12.42   12.76    5.77   13.46    9.70    9.95   20.26    6.99
PSATSAMU    -8.75  -63.45    4.63   20.02    3.04    5.81   16.14   11.22    2.50   10.45   12.08   11.07    8.69    3.06    2.35    4.60    2.09    4.34    8.00    8.52    3.79    9.89    6.49    3.16    1.30    2.20    9.80    7.51    4.90    6.86    9.08   14.38    2.90   10.15    4.12   10.05   10.64   14.76   12.87   11.64   10.90   11.73    6.10    6.56    3.48    5.73    3.75
PSATBALB    -1.92  -59.47    6.98   13.49    5.39   14.04   10.68   14.49   16.43    6.76    7.86   26.10   11.74    4.53    1.66    1.67    4.36    6.21    3.77    2.44   16.41    4.05    4.92    5.76    5.27    5.65   14.61   15.35   17.39    4.04    2.33    1.75    1.05   12.05   18.02    6.55    2.34   11.66   11.05    7.05    5.88    7.49    9.49    5.42    8.22    2.11   13.12
PSATCUNA    -2.82  -54.30    4.59    3.18    2.91    6.95    1.76    0.84    4.25    9.20   12.61    1.42    0.21    0.37    0.63    4.08    9.15    5.75    1.53    6.38    1.71    2.59    4.40    3.29    4.43    2.42    5.61    7.91   13.31    3.25    4.56   11.39    8.87    7.50    5.03    8.63    3.07    3.14    3.89    4.48    3.84    4.62    2.21    0.66    0.78   13.04    6.40
PSATJARI    -0.65  -52.52    6.83    3.06    4.71    4.93    2.48    5.61    1.30    3.90    4.12    4.49    0.88    1.46    1.34    1.25    1.67    1.12    1.95    0.99    1.31    1.50    3.00    1.66    2.61    1.79    3.26   33.83   10.67    2.27    2.65    1.03    4.52    5.69    3.21    9.10    3.04    8.01    2.98    5.65    5.09    6.44    8.88    6.76    6.28    4.24    6.70
PSATFGOM     0.86  -51.20   10.36    6.65    6.20    7.67    4.57    8.37    7.03    2.78    4.81    9.74    1.59    3.25    1.97    2.32    2.60    4.45    4.37    1.75    2.22    0.99    4.04    4.05    5.76    1.78    6.39   28.82   11.70    3.82    3.76    3.43    7.81    9.03    5.66    9.83    2.83    9.83    4.47    7.48    9.35    9.24   15.48    8.42    9.15    9.38    7.17
PSATUBE     -6.75  -43.57   10.50    6.67    1.14    2.20    0.93    2.49    2.68    0.63    1.05    0.17    0.15    0.08    1.01    1.05    3.77   11.39    3.91    0.85    1.72    1.22    2.41    4.24    6.83    6.39    7.89    1.74    5.88    4.67    5.66    4.68   11.72    7.29    1.83    2.29    1.10    4.88    4.89    3.37    2.20    0.77    1.47    7.50    4.47    3.68    1.83
PSATBSOR    -6.74  -52.00   15.15   10.35    6.85    1.01    0.55    0.29    2.22    6.81    3.20    2.25    1.12    5.18    3.13    6.32   13.51   14.07   12.57   13.90    5.72    9.92    3.63    3.03    5.96   11.47   20.10   12.76   13.07    6.12    6.85   10.32    4.55    8.17    6.03    3.65    3.91    5.16    6.21    5.01    2.91    6.17    3.25    4.83    2.85    2.66    2.43
PSATBESP    -6.75  -51.77    9.05    7.25    4.86    2.69    1.43    0.47    4.51    2.15    0.39    0.87    0.37    0.13    0.49    2.51    6.35   16.48   11.11    9.46    1.66    2.26    3.96    3.43    4.82    6.06    9.35    9.68   10.32    3.21    5.38    4.92    4.69    5.14    5.30    4.69    3.08    6.81    2.76    3.14    2.84    5.67    1.92    5.84    3.91    2.34    1.68
PSATPIME    -3.41  -51.91    6.89    6.35    3.58    6.25    1.67    0.49    4.05    5.94    4.45    1.44    0.71    0.82    1.03    3.43   11.60   11.52    7.28   10.39    4.45    3.69    2.80    3.02    4.38    6.44   11.53   16.35    8.97    2.87    8.23    4.75    7.39    7.41    4.90    8.69    2.78    3.86    4.79    5.10    5.56    8.79    4.49    6.28    3.46    4.78    4.12
PSATIRAP   -16.74  -42.57    7.98    2.30    0.34    0.02    0.00    0.10    0.07    0.07    0.04    0.01    0.16    3.94    2.80   11.32    8.01   20.10    3.80    1.88    4.77   11.81   25.41   29.73   31.01   23.62   17.47   10.68    9.91    6.70    6.32    6.85    1.82    2.73    0.37    0.62    0.01    0.02    1.49    0.74    1.18    2.35    0.41    0.74    0.65    0.37    0.05
PSATITBI   -15.97  -39.59    5.95    1.16    0.19    0.24    0.19    0.19    0.06    0.02    0.00    0.01    0.17    6.46    2.58    5.28    4.06   13.13    2.88    1.12    2.48    8.12    9.86   20.66   31.61   27.43   19.18   11.45    6.74    7.92    7.82    1.75    0.71    1.62    0.40    0.20    0.03    0.01    0.59    0.73    1.74    2.25    1.23    1.35    0.68    0.52    0.13
PSATCOLI   -10.98  -55.77   21.39   14.80    8.34    1.26    0.87    0.35    0.18    2.14    5.39    8.53    3.63    4.63    4.19    6.83   12.19   14.64   16.22    9.80   10.91   16.30    8.23    5.28    6.64   11.43   18.32   14.21   22.30    9.18   10.86    9.55    8.05   11.68    8.40    5.07   11.22   10.29    6.43    9.36    5.62    3.29    6.43    4.33    2.51    3.21    4.31
PSATSAEL    -9.19  -57.04   16.53   13.10   11.31    4.07    4.93    0.30    0.64    5.87    9.69    1.80    1.34    5.24    0.63    4.82   10.90   22.84   10.59    6.36    9.16    8.60    4.75    3.89    4.08    5.05   17.00    9.33   15.73    7.61   11.48    2.95    2.81    8.53    2.86    3.89    4.45    9.54   10.96    7.55    5.82    8.85    7.75    5.06    3.36    3.21    7.04
PSATITQ    -17.09  -54.83   23.65   13.08    4.78    0.97    2.55    4.11    0.19    3.44    0.64    7.84    2.52    8.39   10.67   12.61   16.67   13.63    4.12    7.26   11.34    4.14   11.45   13.92    4.65   11.71   22.45    2.24    2.84    2.86    4.86   10.71   23.30    7.13   15.21    6.13   16.01   10.07   16.38   19.35    4.37    7.19   12.42   16.31    7.23    6.32    3.81
PSATJAU    -15.24  -58.73   13.71    5.56   11.83   14.84    5.56    7.91    0.95    1.16    3.64    2.25    1.89    1.39   14.67    0.65    0.38    0.03    2.16    2.63   17.02   14.79    4.93    7.90    1.40    1.26    9.56    4.11    3.85   13.18    1.35    1.94    3.11    8.89    4.85   11.66    7.73   19.36   25.44   11.21   18.84   14.08   10.86   18.45   15.92    8.28    1.99
PSATMAN    -14.87  -55.78   32.74   12.01    5.84    1.06    0.75    0.32    0.04    4.18    3.40    6.35    3.55    2.48    9.72    8.22    2.54    4.81   15.45   12.71    4.49    4.63    6.02   10.41    5.24   15.80   10.00    3.49    9.12   11.96    9.51    4.15    9.27    5.47    2.27   12.01   12.98    6.09    8.00   13.30    7.64    1.73    6.84    5.96    4.24    6.70    3.23
PSATPTP    -17.61  -54.83   24.83   19.15    5.67    1.39    1.42    1.65    0.17    1.92    0.12    2.29    9.08   10.94    9.28   12.33   10.49    7.72    2.26    3.44    8.36    3.35    9.33   12.67    5.15    8.27   20.00    1.68    2.75    3.83    2.41    9.30   19.21   10.64   15.25    4.26   22.39    7.32   18.58   29.30   11.62    7.55   14.51   20.68    8.22    3.66    5.85
PSATSTCL   -17.90  -40.20    5.57    0.91    0.00    0.01    0.00    0.03    0.00    0.00    0.00    0.00    3.37   15.41    3.04    3.86    6.62   16.06    3.96    2.29    0.83   11.37    9.16   20.32   42.76   19.43   14.92   12.94    7.06   22.73   10.33    0.34    0.22    0.31    0.06    0.10    0.02    0.00    0.15    1.32    3.40    2.45    2.98    1.56    0.56    0.38    0.02
PSATPDC    -12.58  -39.00    1.42    0.63    0.42    0.56    0.95    0.62    0.12    0.05    0.11    0.01    0.02    0.06    0.01    0.04    0.05    0.82    1.47    0.62    0.11    0.05    0.05    0.13    6.81   12.16    5.12    0.49    0.05    0.04    0.17    0.12    0.70    0.79    0.11    0.42    0.08    0.07    0.27    4.72    0.89    1.35    1.14    1.70    0.83    0.58    0.59
PSATROSA   -20.92  -41.72   16.44    6.17    1.06    0.02    0.00    0.23    0.94    6.07    5.28    1.59   15.71   10.07    2.14    5.86   30.25   13.56   12.28   13.92   11.83   39.55   84.75   28.17   13.43    4.53   24.39   14.45   38.86   20.52    9.88    1.66    1.04   13.41   13.77    0.08    0.02    0.08   16.49    8.74   15.40   19.78    1.45    1.39    1.05    0.19    0.09
PSATCAN    -20.21  -42.85   14.46   14.39    2.29    0.01    0.00    0.04    0.32    3.40    4.07    7.48   13.41    4.23    2.21   14.52   19.20   14.13   17.63   36.79   20.19   29.66   59.63    3.99    3.16    2.59   13.30   14.52   35.97   11.66    8.43   14.14   10.97   33.53   18.62    0.56    0.09    0.27    7.21   10.47    8.55   14.79    1.95    3.44    0.62    0.99    8.31
PSATSAC    -19.64  -42.85   11.45    9.83    1.05    0.00    0.00    0.10    0.11    2.88    3.64    6.15   21.52   14.06    4.66   15.97   13.95   31.11   19.31   44.11   10.30   19.94   47.99   15.97    3.85    8.52    9.29   11.00   17.75   15.35    9.10   17.48    8.16   16.64    8.67    0.77    0.05    0.02   15.02   11.66   11.81   12.81    2.97    2.36    1.41    1.19    1.14
PSATPES    -19.12  -42.66   11.47    9.74    0.70    0.01    0.00    0.02    0.18    0.94    0.30    2.06    8.20   14.99    2.42   20.68   14.13   32.23   10.78   26.28   13.92   22.93   48.84   34.03    6.59   10.62   12.60   14.97   22.82   21.36   11.94   13.80    9.03    8.22    2.63    0.38    0.05    0.00   12.55   21.30    5.78    5.00    2.76    1.48    1.14    0.77    0.40
PSATMAS    -19.50  -40.92   14.91    3.92    0.56    0.11    0.04    0.06    0.15    1.18    0.65    0.35    7.40   10.33    1.51   18.98   20.74   25.98    9.04   15.74   13.27   29.99   48.31   27.68    7.95    9.02   17.11   17.14   24.25   18.80   14.01    8.87    2.72   11.58    2.88    0.28    0.12    0.01   15.26    5.16    7.72    5.99    2.36    1.72    1.43    0.68    0.52
PSATSBR    -23.37  -45.87   44.96   20.69    4.45    0.59    0.98    8.04   16.53    8.03    1.79   19.66    7.35    1.35    2.74    7.73   18.60    1.51   12.87   11.06   10.64    5.17   15.36    3.72    1.72    2.53    1.19    5.34    1.48    0.29    0.14   12.29   33.50   38.83    7.32    0.38    5.33    9.67    5.23    2.59    4.61   21.06   24.53   18.13    4.28    3.20   12.73
PSATJAG    -23.20  -46.03   61.07    8.86   15.38    0.79    0.61    8.77   12.00    3.28    3.60   23.10    3.65    0.47    4.84    5.84   18.84    0.49   28.96   21.36   13.69   10.28    9.81    1.16    0.73    1.11    1.79    5.48    0.61    0.08    0.02   15.59   36.59   14.22    3.14    1.19    1.71   12.12    4.46    1.46    8.27   26.40   20.48   25.94    8.33    3.48   16.14
PSATFUNI   -22.53  -44.57   36.16   19.99   13.19    0.56    0.16    5.14    6.85    7.70    2.94   16.70    5.59    1.57    3.08    5.74   16.97    1.87   18.84   14.71   10.64   10.62   17.89    1.49    0.63    1.35    2.76    6.18    3.24    0.42    0.13   12.39   22.90   23.55    9.38    1.88    0.99    8.79    5.15    4.64    8.38   16.66   10.30   19.20    8.31    9.23   13.36
PSATSACE   -22.48  -43.84   24.46   24.75    5.58    0.19    0.01    1.95    9.18    5.67    3.09   23.08   11.03    3.19    1.21    1.98   20.78    4.04    8.72    8.67   12.41   16.85   37.69    5.05    1.06    3.04    2.56   16.37   15.47    1.43    2.04    4.61   29.51   31.86   14.22    0.64    0.05    2.47    9.81    2.62    8.90    5.87   13.31   20.81    3.11    1.16    5.14
PSATPIC    -21.91  -43.54   16.02   26.63    4.68    0.16    0.00    0.33    4.89    5.55    4.49   15.05    7.48    5.86    1.66    1.21   16.31   11.35    7.26   10.36    6.97   14.74   29.85    6.00    0.61    1.63    4.20   14.79   21.35    1.82    5.97    1.98   19.44   32.65   14.83    0.85    0.06    1.16    3.30    1.92   10.65   15.08   11.17   14.83    2.59    8.36    5.31
PSATSOGI   -21.94  -43.36   26.69   31.95    4.19    0.19    0.00    0.11    4.92    5.95    4.48   12.14    7.16    7.87    1.56    1.95   15.19   11.73   10.28   13.39   13.40   15.08   39.46    6.28    0.67    1.69    4.53   14.96   17.64    6.84    4.18    3.81   32.30   41.20   16.07    2.37    0.11    1.98    1.21    2.12   15.79   18.01    7.77   18.05    0.23    4.75   20.74
PSATIPSI   -21.84  -42.58   31.26   25.59    3.79    0.06    0.01    0.47    8.15    7.72    5.01   13.03    7.72    4.37    0.68   15.11   15.57    4.90    5.20    8.89   16.76   14.77   34.30    9.62    1.66    1.66    2.40   16.69   13.22    3.93    2.87    7.84   29.80   62.35   12.19    2.19    0.04    3.05    4.08    1.35    8.59    8.04    5.38    6.90    1.09    4.07   17.13
PSATTCLJ   -22.69  -43.83   25.32   27.05    1.65    0.46    0.11    1.56   12.93    7.87    3.74   19.96    5.86    0.72    0.68   10.63   12.53    1.51    2.93    6.53    6.73    2.88   35.00    6.48    2.06    2.11    0.56    6.84    1.13    0.46    1.36   15.84   40.89   46.39   15.20    0.03    1.53    5.34    9.31    4.06    9.58    2.41   22.52   21.09    4.36    0.61   26.92
PSATBIGU   -25.51  -53.67    8.58   13.56    1.17   23.22   57.87   19.17    1.64    7.94    9.70    4.47    2.80    5.81   10.66    0.01    0.00    0.05    0.95    1.13    0.97    3.83    2.68    0.44    0.01    0.00    1.24    1.32    0.79    0.98   12.29   29.30    2.39   11.81   21.05   17.41   60.28    1.45    0.32    0.49    0.88    3.00   16.49   16.57   27.62   25.56    4.64
PSATBRAU   -21.45  -42.41   21.90   26.99    3.81    0.01    0.00    0.02    2.55    5.93    3.67    5.55   16.14    4.94    0.75   16.70   25.89    9.58   13.00   24.54   28.53   23.87   69.25    8.00    0.92    1.40    2.89   16.40   37.50    6.92    3.60    9.43   18.08   47.55   18.10    0.50    0.02    0.98    1.75    3.21   16.05   14.13    2.88    8.64    0.21    0.66   16.58
PSATSUIC   -20.08  -40.58   11.55    2.09    0.04    0.14    0.16    0.14    0.49    3.64    0.79    0.05    8.08   13.50    2.06    5.29   35.25   22.46   11.26    9.41    6.77   31.94   60.82   33.10    5.52    9.46   16.45   12.76   23.27   23.57   11.76    1.34    0.03    4.64    1.40    0.49    0.24    0.03   22.61    3.75   18.83    5.65    2.01    1.62    3.17    2.08    0.79
PSATJRI     -9.30  -64.70   20.84   18.24   10.40    7.61   24.21   17.72    3.77    0.67    3.15    4.24    5.42   11.31    6.32   16.45    4.92    1.06    2.99    3.91    5.94    5.64    3.13    3.34    2.00    1.21    6.60    6.55    3.38    2.52    3.07    8.11    4.72    4.83    4.08   10.37   12.68   32.00    3.81    3.07   21.50   28.13   26.00   17.94   10.14    5.21    3.10
PSATBENI   -14.59  -67.53   17.81    4.54    3.65    9.18   26.27    9.70    2.99    2.31    8.89    7.39    9.12   10.71   14.25   23.33    2.97    3.18    6.58    5.33   10.23    7.41   10.29    6.16    6.39    4.21   12.13    4.88    2.41    2.14   18.90    8.84    7.52    8.41    6.96   10.59   13.94   21.05    6.42   14.13   10.79   21.08   20.09   14.21   12.30    9.67   14.38
PSATEPB    -12.42  -64.42   15.72    6.45    4.01    4.36   18.70    8.98    1.80    0.82    7.52    9.63    3.40    7.04   12.89    3.27    0.01    0.02    0.51    7.58    9.32   10.32    9.88    3.62    1.32    1.14   13.06    9.91    7.92    3.56    1.98    4.83    5.35    7.84    5.41    5.50   17.33   22.81    9.59   11.06   19.19   22.87   27.57   12.10    6.64    3.81    6.43
PSATEGM    -10.79  -64.35   19.60    4.72    5.30   10.61   30.40    5.76    1.24    1.54   10.62   12.18    7.16   16.85   20.13    8.91    0.41    1.28    2.30    5.45   16.89   10.16    9.58    4.87    6.39    3.01   14.20   11.47    3.04    3.23   11.91   10.64    9.99    9.72    5.95    9.81   20.22   22.47    1.19    4.66   10.94   24.60   26.56   12.24   12.19    5.54   12.78
PSATSTOA    -8.79  -63.95   12.12   15.90    9.08    6.46   16.13   33.45    7.83    5.36   14.83   13.92    9.01    4.80    2.59    5.20    6.46    1.46    5.01    7.94    4.59    6.93    7.47    2.45    3.64    1.76    9.05    5.77    2.20    4.39   24.23   18.26    3.70    8.77    6.69   18.95   15.98   18.87   12.67   11.34    9.38   10.86   16.81    4.85   10.43    2.12    5.50
PSATENC     -9.90  -66.62   26.13   18.69   14.84    6.26   22.56   20.71    5.99    0.93    2.56    1.80    3.47    9.60    4.03   10.80   12.17    2.86    7.98    6.10    3.65    5.52    1.21    3.59    0.89    1.27    1.73    5.64    1.55    1.93    1.58    9.74    5.12    3.70    4.66    2.54   12.83   35.36    6.71    8.28   16.22   19.50   22.55   17.91   11.20    5.82    3.63
PSATAMY1   -11.71  -70.63    3.64   18.83    6.43    6.63   15.51   23.91    3.93    0.10    1.39    2.71    8.56    8.76    9.71   30.76   28.53    2.66    4.15   12.30    6.63    3.97    5.10    3.01    1.69    1.14    5.64    3.88    0.97    1.58    1.85    3.38    2.02    4.32    3.31    1.98    8.04   17.37   10.86   16.28   30.52   24.11   16.20   12.98    8.73    4.91    3.90
PSATAMY2   -12.37  -71.17    7.78   12.04   11.54   12.58   19.36   24.28    3.54    3.03    5.72    8.10   15.57   11.54   12.93   28.82   13.01    2.00    9.41   16.57   10.30    6.86    5.56    5.36    5.72    2.66    4.65    5.47    3.64    3.57    5.47    9.49    9.22    9.46    6.58   10.79   17.15   24.85   15.56   16.97   26.31   21.99   16.94   15.73   12.57    9.58    8.70
PSATAMY3   -13.75  -70.18   12.13   11.08    8.70   16.73   18.64    9.79    2.96    2.40    9.83    9.11   18.05    5.77    8.01   15.01   14.51    6.85   10.98    8.17    8.91    6.41    8.83   10.98   10.02    4.69    8.05    9.02    3.07    3.58   14.37   17.23    7.83   14.54   19.95   18.67   27.47   26.90   16.63   30.64   42.74   23.40   15.34   27.53   25.07   14.64   19.27
PSATAMY4   -13.45  -69.47    9.48   11.34    4.68   12.03   18.43   14.07    3.52    1.20    4.13    5.95    8.37    5.99    3.65   16.34   15.57    1.98    4.23    8.05   10.04    7.85    4.52    4.65    4.42    2.67    7.55    5.68    2.33    2.45    5.82    6.66    4.33   10.71    5.96    7.90   14.37   53.53   15.46   21.21   35.35   35.83   11.56   17.29    4.73    4.31    9.89
PSATJRN    -13.37  -59.01   11.13    7.16    9.82   18.50    4.04    1.95    1.10    0.51    2.20    1.33    3.52    2.24   13.93    9.42    0.17    0.27    1.81    7.80   11.91   29.88    5.66    6.25    0.97    1.91   12.88    7.00    7.51    8.10    5.15   10.50    3.02    9.45    7.06    7.92    7.97   12.66   30.59   22.38   13.55   11.22   12.60   10.86   12.01   10.88    3.31
PSATAPI    -10.34  -56.98   25.28   20.62    7.59   17.44    1.21    0.33    0.89    2.57   13.29    3.64    4.26    2.49    0.43   10.69    7.47   22.08   22.76    2.09    5.71   16.08    5.05    5.87    3.34    3.23   18.37   10.26   14.27    7.94    5.51    2.04    0.98   15.91    2.98    8.93   10.83   17.11   13.03   14.62    6.87    8.62   12.44    4.99    4.54    2.12    4.96
