PSATAGV    -19.89  -50.35   16.62   40.29   25.95   27.72   14.31   15.94    4.44   20.23   17.49    7.19    2.96    7.68   23.27   13.61   16.58   15.11    9.23   12.41   19.38   15.92   24.54   14.58   25.24   12.97   11.64    4.98    4.93    9.36    0.10    0.07    8.24    6.98    3.38    5.54   12.59   12.28   17.58   13.02   19.40   10.24    3.35    7.00   11.09    7.19   15.72
PSATCMG    -21.28  -44.63   23.30   25.40   20.10    9.88   18.85   16.59    4.94   25.19   22.72    9.92   16.64    5.51    1.99   13.42   25.79    5.25    0.72    8.77    5.13    9.92    8.25    8.74   22.85    9.27    0.12    0.18    0.88    0.45    1.37    1.16    5.40   12.40   13.31   13.76    3.12    1.73    3.58    1.55   12.71    9.17    1.81    0.68    6.49    8.80   12.25
PSATCES    -20.25  -48.16   22.24   42.44   14.51    8.71   31.38    7.58    7.40   18.33   20.88   17.85    9.07    1.64   16.20   14.58   18.30   24.04   20.74   12.89   10.72   15.37   23.63   25.75   17.62    8.25    4.67    3.56   10.18    2.68    0.06    0.93    6.30    5.54    8.18    8.70   12.63    7.00    3.85   11.38   19.23   12.14    2.67    2.69    0.56    2.34   15.25
PSATELC    -21.60  -46.95   23.03   41.82   13.40    9.11   32.03   10.18    3.46   22.76   25.39   10.31    5.25    4.18   16.99   26.20   13.84   27.17   16.43   24.32    9.01   23.36   29.84    8.89   24.12    9.56    2.89    3.06    1.82    1.07    0.45    0.60    4.05    4.98    5.75    9.62   13.64    3.22    1.63    7.88    9.99    3.55    3.90    0.30    0.69    1.60   11.33
PSATFUN    -21.14  -45.04   26.90   32.48   21.89    7.79   22.32   12.45    5.74   30.51   22.56   13.72   22.92    6.62    2.00   14.79   17.08    2.27    1.10    7.44   11.70   13.09   20.47   11.30   10.54    8.36    0.17    0.05    0.85    0.36    1.46    0.92    5.05   10.17    7.92   11.36    4.81    0.65    2.05    1.16    5.91    9.12    2.97    0.57    1.96    4.88   11.53
PSATFUR    -20.67  -46.32   38.66   33.13   26.87   10.30   35.59   13.66    5.66   24.68   22.21   13.92   13.01    5.47    8.98   21.95   13.35   10.70    3.88   17.65   12.75   17.23   18.39   14.59   17.54    6.00    0.80    0.28    2.21    0.22    0.89    1.10    5.20    4.92    5.10    7.65   14.66    2.32    3.32    3.07    6.04    3.27    3.12    0.45    3.38    2.73   13.76
PSATMRB    -20.30  -49.18   26.44   35.23   14.82   17.96   27.03   11.86    5.02   19.64   21.07   10.45    7.97    4.05   18.47   14.75   13.46   21.76   19.05   15.59   17.32   16.95   25.99   20.06   22.01   12.21   10.25    2.63    7.36    6.64    0.05    0.19    7.41    4.73    4.48    5.82   12.14    7.22    8.64    9.58   15.29   11.09    1.52    5.94    2.23    3.12   15.34
PSATPRG    -21.59  -45.67   35.28   21.22   17.00    8.94   30.92    9.24    4.61   16.40   17.64    6.27    8.69   12.14    8.49   21.21   14.18   11.45    5.87   23.17   11.91   13.72   18.97    8.39   21.18    7.15    0.95    1.07    1.57    1.00    0.48    0.29    1.72    4.12    6.05    7.61    6.26    1.59    4.19    1.65    8.28    5.34    1.79    0.23    1.61    0.76   15.12
PSATPAS    -21.02  -48.18   27.62   21.87   14.93   21.25   35.62    9.35    6.94   16.94   19.57    9.05    5.65    2.49   14.31   17.73   12.04   21.13   23.65   14.32   11.91   15.67   23.09    4.75   20.38   13.43    8.89    3.09    5.06    8.39    0.05    0.25    2.36    2.46    4.77    8.34   10.13    6.04    6.16    9.14   13.53    8.61    1.40    0.69    0.47    1.77   17.62
PSATPTB    -21.61  -45.49   43.76   25.26   28.49    9.03   33.99   14.23    3.54   27.05   18.81    6.66    7.43   15.51    6.97   20.13   12.21   10.89    3.15   20.77   11.38    9.93   20.05   19.76   16.37   12.21    0.79    0.17    2.07    0.26    0.79    0.39    3.97    5.85    9.00   11.96    4.15    0.67    5.56    1.24   10.62    6.83    3.06    0.65    3.46    4.52   16.48
PSATPTC    -20.00  -48.55   21.87   34.82   16.86   14.62   23.11    6.81    8.84   26.72   22.40   11.34    8.35    1.95   12.28   18.32   21.99   14.87    9.70   10.57   14.07   16.46   17.48   26.70   18.23    4.24    3.32    1.41    9.56    3.65    0.06    1.83    6.17   10.86   10.38    8.43   15.56    5.93    3.88    7.61   16.13    7.19    1.59    4.39    0.98    3.90   15.13
PSATFZA    -26.00  -51.65    0.02    0.37    0.70    0.65    1.87    5.37    4.61    0.40    0.29    0.15    0.02    0.04    9.03    3.33    6.40   10.89   18.98    7.35    4.53   16.32    6.24    0.00    0.32    9.17   11.41    0.48    0.95   10.31    8.42    1.26    1.78    0.39    0.08    0.40    7.05   11.73    9.48   12.01   16.43   22.64    7.35    3.98    2.89    0.44    1.11
PSATJSG    -25.78  -52.00    0.00    0.04    0.12    0.11    2.82    6.51    2.39    0.12    0.09    0.03    0.32    0.03    2.93    2.64   10.04    5.88   14.92    5.21    4.65   24.65    8.33    0.00    0.48    5.85    9.83    1.06    0.84    6.35    3.36    0.55    1.65    0.98    0.01    0.07    1.12    9.12    7.89    7.22    5.25   19.42    1.22    2.69    2.31    0.43    0.19
PSATSCX    -25.53  -53.48    0.00    0.00    0.00    0.05    2.81    4.47    1.88    0.17    0.14    0.09    0.86    0.09    7.38    2.35    8.80    4.25   11.17    8.39   12.66   33.92    9.66    0.00    0.71   14.03    8.18    0.76    0.34    4.10    4.70    0.11    2.94    5.29    0.09    0.04    1.67    8.10    7.63    5.00    6.64   22.27    3.68    4.27    3.26    0.38    0.13
PSATSCL    -25.49  -51.74    0.00    0.02    0.06    0.10    3.36    3.32    3.39    0.80    0.22    0.06    0.00    0.06    7.87    5.91   10.22    6.12   16.77    6.90    4.38   21.48    9.08    0.00    0.05    5.41   14.66    0.78    1.08    8.71    2.59    1.29    3.79    0.23    0.01    0.18    2.98   12.30   10.45    8.74   12.01   16.07    2.64    4.67    4.20    1.10    0.47
PSATUVT    -26.23  -51.08    0.12    1.10    1.83    1.25   11.49    4.74    2.22    2.51    1.73    1.10    0.21    0.45    9.56    4.75    7.83   15.48   15.58    7.90    3.79   14.06    4.43    0.00    0.77   33.90   12.43    1.32    1.24    9.56    3.46    0.92    0.41    0.45    0.22    1.83    5.95    9.25   11.26    5.62    5.72   14.52    4.76    2.64    3.56    0.72    3.46
PSATBSM    -24.19  -53.74    0.00    0.00    0.03    0.66    4.20    3.71    3.03    2.73    0.87    0.75    0.62    1.79    9.20    6.76    5.89    4.22   16.31   10.14   15.85   36.76   15.94    0.00    0.43   16.05    7.62    0.96    0.56    4.84    4.26    0.03    3.26    1.91    0.26    0.28    1.96    8.26    7.04    9.73    5.82   25.64    9.35    8.58    6.58    0.66    0.45
PSATFLE    -22.97  -54.56    0.00    0.00    0.06    0.48    1.59    2.96    4.90    2.42    0.57    2.74    1.64    8.73    9.59    2.63    7.84    8.48   10.38   13.44    7.16   10.57   16.98    0.08   10.21   23.82    0.19    0.09    0.33   13.45    7.97    2.82    4.24    1.28    2.73    2.49    2.04    3.31    9.82   14.54   13.14   47.43   29.07    7.11    3.62   27.20    1.18
PSATITP    -25.42  -54.58    0.01    0.00    0.08    0.44    0.48    6.78    3.20    3.25    0.92    1.87    0.79    5.11   10.08    2.63    9.18    7.87   15.88   12.35   15.45   18.18   15.23    0.01    1.25   17.49    2.50    0.41    0.97    9.59    5.36    0.66    3.19    3.19    2.01    0.88    1.36    3.67    9.91    9.39   11.52   37.10   22.91   29.58    9.93    5.59    1.05
PSATIVM    -22.38  -53.53    0.00    0.00    0.07    0.52    0.65   14.16    3.78    0.97    2.24    4.21    4.13    6.71    9.98    3.44    4.71    8.49    8.12   13.40    5.00    3.43   11.19    0.09    7.14   13.56    9.77    0.21    3.99   13.04    8.91    3.56    2.65    0.77    1.73    2.43    1.97    6.20   10.11   12.39   15.55   31.40   34.65   12.49    8.99   25.72    1.96
PSATPTQ    -23.18  -53.17    0.08    0.07    0.12    1.87    5.78    4.95    4.04    4.66    3.27    1.92    0.42    1.28    9.81    8.01    6.31    8.68   18.53   13.55   11.66   24.91   21.74    0.00    0.19   10.77    8.00    0.89    3.03    8.16    4.93    0.42    2.59    0.41    0.26    0.57    2.25    9.83    7.33    9.56    6.21   20.32    8.87    9.65    7.92    1.60    1.26
PSATCBI    -17.99  -48.54   19.71   11.92   17.61    8.68   15.63   15.06   17.32   15.71   15.61    4.37    4.38    9.23    1.98    1.03   21.66   12.58    6.65   10.51    1.45    2.82    7.61   19.05   12.39    3.09    0.56    7.41    3.90    1.26    0.59    2.29    3.15   14.55   17.98   17.47   19.10   18.48    4.95    6.97   13.31    8.18    4.69   11.10    4.00    6.91    8.63
PSATCBIV   -16.15  -48.67   18.54    8.92    9.92    7.82   11.22   13.73   10.52   12.60   10.91    4.96    5.80    7.91    1.62    2.13   29.85   10.25    5.62    3.94    2.15    0.66    5.58   23.39    5.53    4.92    0.75    7.45    5.48    1.35    0.65    3.70    5.96   19.31   21.65   15.74   19.01   28.15    6.07    9.42   13.84   10.02    5.85   10.84    5.53   12.22   13.04
PSATEMB    -18.45  -47.98   27.60   30.59   23.35   14.82   15.44   18.62   10.15   26.90   27.74    6.55    6.81    4.28    7.82    9.19   19.91    5.69    4.72   13.51   10.77   13.59   17.88   16.04   22.55    2.73    0.68    1.97    4.03    0.54    0.09    1.62    4.47   12.63    7.23   13.87   16.41    8.18    5.88    4.82    8.67    6.89    2.59    2.58    3.15    6.48    9.93
PSATIMBR   -18.42  -49.10   25.44   18.78   20.96   18.31   15.90   19.40   12.41   26.56   24.56    7.28    4.81    7.75    7.74    3.64   18.76   19.79    8.87   14.46    6.67   12.58   14.75   24.29   24.91    1.78    1.33    3.74    5.36    2.05    0.04    1.31    3.33   12.18   10.32   11.14   17.01    8.00    7.09    7.22   14.13    4.07    3.09    5.91    2.01    4.30    6.01
PSATNPTE   -19.13  -47.70   22.86   31.36   22.72   16.37   16.28    9.71    4.07   25.38   24.93   10.87    8.15    2.04    6.13    9.76   23.39    8.36    4.32   13.16    9.17   15.22   12.75   19.35   21.02    2.58    1.04    0.16    6.35    0.31    0.04    1.76    5.09   10.31    5.90   13.12   11.95    6.55    2.29    7.10   12.96    9.17    1.73    2.75    0.78    5.97    9.29
PSATARV    -18.07  -50.16   35.14   17.59   18.89   11.99   10.54    8.87   14.81   23.65   17.29    8.61   10.43   13.68    4.15    1.36   17.64   15.73    9.85    3.85    5.38    9.72    6.93   19.13   21.13    3.39   10.15    9.13    9.72    6.52    0.09    6.08    9.68   10.14   10.36   13.21   13.45   12.31   12.24   14.94   17.68   16.59    7.57   13.28    9.44    7.46   17.45
PSATSFC    -18.05  -47.68   21.74   15.41   20.26    7.93   11.34   16.67   17.62   12.68   18.06    4.82    3.72   10.24    4.25    4.99   15.80    4.92    1.80    9.54    3.55    3.63    5.78   28.54   13.56    3.22    0.43    4.73    2.55    0.47    0.77    1.00    5.58   11.98   18.48   21.75   19.91   13.11    6.64    5.17    5.26   10.64    6.92    5.18    1.80    6.63    9.83
PSATSSM    -19.02  -50.50   22.39   18.55   25.86   17.33   12.28   16.71    8.46   22.93   21.68    5.51    6.52   12.14   17.76    6.02   18.41   15.47    9.66    7.60    7.74   14.80   10.45   23.56   38.52    9.05    7.02    6.97   10.00    7.01    0.05    3.83    7.33   11.50    9.54    7.53   10.89   12.11   15.04   14.35   16.73    6.73    5.29    9.07    5.73    5.38   13.92
PSATCNI    -22.94  -50.52   11.45    0.00    1.78   14.91   10.42    4.17    5.22   10.43   19.19    8.07    2.85    0.98   21.59   18.88   13.12   20.91   27.87   29.45   23.11   21.40   21.64    0.26    1.97   22.03   20.80   13.85    6.33    3.77    0.82    0.80    1.38    0.88    1.31    3.83    5.08   11.77    8.56   10.52   14.83   12.37    4.90    3.37    0.77    5.82    5.46
PSATCPV    -22.65  -51.33    2.05    0.03    0.42   10.70    7.77    3.38    5.81    8.69   15.44    3.95    1.63    1.28   11.92   10.73   10.79   16.95   26.50   24.82   14.62   17.96   14.36    0.01    0.62   22.50   22.41   10.01    3.74    4.07    1.87    0.62    2.11    0.56    0.91    2.90    4.32   13.70   13.94    7.75   16.86   13.97    7.32   12.30    2.01    7.02    4.92
PSATCHT    -23.01  -49.73    0.95    0.18    0.23    6.12   15.14    2.28    6.28    9.85    8.61    1.23    0.84    0.20   13.68   14.09   15.66   15.65   16.79   18.27   21.11   11.78   14.14    0.04    0.52   17.41   16.80   15.27    0.94    9.62    0.95    0.68    0.79    0.49    0.79    1.14    5.55   10.86   18.28    9.45   14.33   11.18    9.80    4.55    0.82    2.12    6.51
PSATJUR    -23.22  -49.23    6.63    0.92    0.85    2.69   18.68    3.47    8.73    7.03   11.18    3.01    2.14    0.73   15.05   23.08   13.40   14.75   14.23   15.69   17.12   10.68   15.59    0.25    2.21   14.17   12.11   10.48    1.75    9.58    0.95    1.14    0.63    0.99    1.29    4.01    7.40   14.85   13.80   10.65   17.59   15.93    6.50    4.74    0.94    1.52    5.96
PSATMAU    -24.06  -50.71    0.07    0.18    0.18    0.42   14.71    4.34    3.93    5.46    9.26    0.50    0.14    0.14    5.28    6.66    8.35   15.09   14.04   10.56    5.42   12.39    7.37    0.00    1.34   49.07   15.12    4.61    0.87    7.48    4.95    1.32    2.18    0.22    0.15    0.56    6.48    7.00   11.64    9.80    7.25    2.66    4.14    5.09    1.92    0.53    3.04
PSATROS    -22.50  -52.87    0.07    0.17    0.22    1.97    1.05    6.89    3.67    8.47    5.68    5.94    1.12    3.73   15.99    6.25   11.25   13.92   22.47   23.62   10.45   14.36   20.67    0.00    0.00   11.63   17.90    0.95    2.85   10.08    1.48    0.15    1.55    0.23    0.79    1.35    6.46    7.92    9.21    4.30    7.75   17.99   11.47    6.96   11.58    4.66    4.58
PSATQMD    -16.21  -47.33   18.89    8.07   10.00    4.10    6.68   12.89   17.08    8.70    7.51    4.69    5.05    7.61    1.14    1.98   16.49    0.47    0.47    4.54    0.50    0.01    0.02   21.50    4.17    7.42    0.40    7.43    0.76    0.51    5.42    0.95    3.01    9.57   19.29   15.14   20.34   20.54    8.71    9.83    7.10   15.21    6.91    2.18    2.32   11.43   19.70
PSATRBX    -18.95  -44.76   11.99   37.68   18.67   12.33   13.38   22.00    7.55   32.33   23.83   13.62   10.36    4.53    4.15   10.79   19.40    0.60    0.66    4.28   12.57   12.67    9.84   14.87   11.41    6.22    0.09    0.10    0.50    0.12    0.90    5.93    6.38    9.00   10.77   12.10    6.47    0.90    2.12    0.44    1.82    4.44    2.25    0.85    2.42    6.95    7.96
PSATSFR    -15.93  -44.86   14.37    5.75   11.92    5.73   10.45   11.52   17.37   18.02   20.20    8.48    3.47    9.50    3.62    3.26    6.78    0.46    1.24    8.80    0.13    0.00    1.06   12.42    1.07    4.38    0.14    4.79    0.62    0.13    0.82    0.94    8.99    8.25   16.99   23.63   13.93   12.84    4.90    2.74    4.93    9.34    6.18    0.67    1.05    7.02    9.54
PSATSRM    -16.37  -45.07   16.17   20.09   18.57    8.37   10.60   16.10   17.07   30.63   25.44   10.36    4.36    5.39    3.17    8.15   14.21    0.51    1.03    5.26    2.68    3.85    5.95   14.30    6.10    3.35    0.11    2.06    1.28    0.11    0.39    3.40    6.13   11.86   13.03   19.82   13.98    6.97    3.68    1.42    4.61    7.63    3.36    1.33    1.90    5.50    6.89
PSATTMR    -18.16  -45.27   25.94   35.10   19.05   15.14   22.54   24.99   13.39   34.66   24.12   15.93   11.47    2.68    6.22   12.82   20.06    4.74    1.45    5.75   11.36   15.77   12.42   17.79   15.04    6.82    0.52    0.17    1.34    0.04    0.33    4.25    7.59    7.75    9.15   12.87    9.26    7.78    2.32    2.29    5.28    6.87    3.75    0.69    2.88    4.69   10.03
PSATBOQ    -11.35  -43.83    4.53    3.52    1.36    1.22    0.61    3.86   12.79    6.49   14.38    6.88   13.76    9.65    3.79    2.95    4.31    1.20    4.40    2.08    0.58    0.00    0.00    0.02    7.48    1.79    5.23    3.16    0.76    0.71    0.43    4.87    6.28    9.00   12.56   13.10   12.02    8.29    2.99    4.90    6.88   13.39    2.89    1.60    7.82    8.67    9.82
PSATBBO    -22.52  -48.55   16.52    6.59    6.90    7.42   20.26    4.43    4.57   10.04   15.04    3.73    3.41    1.57   13.12   21.47   10.79   17.84   16.80   18.55   18.34    8.23   16.43    3.19   15.85   14.73    8.99    6.06    1.74    9.22    0.36    0.66    1.03    1.12    3.06    8.40   11.79   13.40    7.41    7.21   16.37   11.21    3.01    2.65    1.00    1.71   11.16
PSATESZ    -23.46  -46.91   10.08    6.09   11.72    1.59   10.44    4.67    4.04    4.74    8.88    8.38    3.58    2.02    9.01   12.42   14.57   22.18    8.89   10.89   16.69    5.55   12.55   13.61   14.59   15.62    2.16   16.83    2.64    3.76    1.08    0.85    2.72    2.72    5.04    7.32    8.90   12.41    5.44    2.29   12.86   17.27    5.65    2.83    2.12    1.10   10.40
PSATIBT    -21.76  -48.99   18.69    1.57   13.23   23.93   26.24    3.19    4.65   12.80   15.30    5.95    4.36    2.11   20.18   26.59   15.54   17.66   23.99   17.14   15.52   14.28   19.67    1.10   11.34   16.18   20.39    4.44    2.62    7.67    0.26    0.28    1.67    0.48    1.60    8.55   11.14    7.50   10.39    8.11   13.81   14.69    3.26    0.71    0.87    1.09   15.14
PSATNAV    -21.12  -50.20   12.63    5.48   26.25   32.11    8.77   11.26    3.00   16.04   19.55   10.80    3.69    4.15   17.66   16.12   18.43   22.05   12.86   17.21   17.79   29.41   25.26    4.53   12.76   23.30   15.14    8.26    4.12    5.67    0.21    0.56    4.98    2.67    2.69    3.55    9.13   14.42    9.97   10.01   16.09   14.32   11.42    4.80    4.47    1.78   17.81
PSATSME    -13.40  -48.30   27.45   10.33   13.43   10.14   11.20    7.48    9.77   18.06   18.17    7.71    4.76   15.34    9.92    2.35   20.02   13.20    8.43    7.45    1.33    1.55    5.42   28.68    9.10    4.07    0.70    8.98    5.04    2.29    1.67    3.95    5.17    9.57   12.61   19.14   16.28   15.86    7.05   12.16   12.62   16.25    8.69   13.74    5.45    9.31   12.85
PSATBGR    -27.78  -51.20    0.01    0.48    0.44    0.33    0.59    2.88    0.64    0.04    1.32    0.20    0.05    2.71    3.36   13.61    8.90   13.37   16.74    6.51    3.55   26.94   21.31    0.00    0.51   19.35    2.99    1.54    1.04    5.73    8.38    0.11    0.40    0.13    0.03    1.14    8.20    6.44    3.21    0.51    8.10   14.79    1.08    1.58    1.32    0.03    0.57
PSATCNV    -27.60  -51.33    0.01    0.42    0.43    1.05    1.29    2.57    0.35    0.14    0.99    0.58    0.02    2.54    8.11   11.47    7.50    9.35   18.36    7.61    2.42   18.81   25.73    0.00    0.32   18.56    4.65    1.32    0.81    5.64    6.49    0.46    0.43    0.33    0.25    1.26    6.37    6.78    6.47    2.37    9.84   18.18    2.76    1.91    2.24    0.28    1.22
PSATFCH    -27.14  -53.04    0.00    0.00    0.00    0.00    0.00    0.32    0.01    0.00    0.09    0.00    0.19    5.16    0.50    8.43    3.87    2.24    8.93    9.06    7.92   53.67   34.25    0.00    1.38   13.29    2.76    0.50    0.02    0.25   23.00    0.60    6.50    0.82    0.15    0.01    4.17    7.10    7.28    5.97    6.70   23.73    6.39    0.11    0.09    0.11    0.00
PSATITA    -27.27  -52.38    0.00    0.06    0.04    0.04    0.42    3.26    0.13    0.01    0.08    0.04    0.20    2.80    4.75   11.96    6.88    7.12   15.93   12.02    3.13   31.71   29.50    0.00    0.52   13.18    5.26    0.86    0.45    4.90    7.37    0.69    3.57    0.38    0.04    0.14    5.18    8.74    8.98    5.32    7.33   14.67    1.97    0.50    2.21    0.03    0.78
PSATMCD    -27.52  -51.78    0.00    0.00    0.00    0.00    0.00    0.37    0.05    0.00    0.00    0.00    0.05    4.59    2.02   10.73   10.93    3.94   16.85   10.44    1.72   49.12   24.38    0.00    0.34   21.47    3.79    0.69    0.27    1.11    3.98    0.05    1.67    0.04    0.00    0.02    5.40    6.21    8.15    2.79    3.28    8.61    0.63    0.08    1.60    0.00    0.08
PSATMOJ    -27.35  -52.73    0.00    0.00    0.00    0.00    0.00    0.39    0.02    0.00    0.02    0.00    0.44    2.46    0.54   12.78    6.62    1.58   11.81   10.92    2.56   59.10    6.71    0.00    1.59   20.06    4.46    0.95    0.55    1.22   23.57    0.37    4.27    2.12    0.07    0.02    1.57    7.28   16.33    2.17    7.45   20.20    3.27    0.00    1.43    0.08    0.00
PSATQQX    -26.66  -52.54    0.00    0.01    0.00    0.00    0.75   11.24    0.50    0.01    0.24    0.02    0.66    0.31   10.23    8.71   14.05    8.05   16.92    8.95    5.01   31.39   20.15    0.00    0.72   11.80    6.61    1.34    0.49    7.77    7.08    0.25    4.47    1.26    0.02    0.03    2.94    9.74    3.48    8.01    7.48   20.26    2.78    1.11    0.82    0.08    0.26
PSATPSJ    -28.14  -55.05    0.00    0.00    0.00    0.00    0.00    0.00    0.00    0.02    0.67    0.72    4.53    2.61    0.31    2.88   14.66   18.76   20.83    6.36    8.95   38.62    0.02    0.00    0.00    5.20    4.55    0.98    0.14    0.02   10.85    0.95    9.06    7.53   18.86    0.88    0.55    3.58   17.84    7.13   10.26   38.24   14.24    0.11    1.11    0.12    0.15
PSATESP    -18.68  -51.87    3.70   46.74   12.14   16.91   14.76   14.43   11.85    8.30    4.09    4.97    2.53    5.39    3.91    5.62    7.35   40.89    4.35    5.40   11.34    8.09   11.00   11.73   30.47   25.74   13.38    8.76   15.75    8.24    6.87   10.12    6.30    7.05   11.51   18.42    5.77    7.39    1.25   13.98   20.66   16.66   18.71   26.61   26.55   20.51    4.21
PSATSRC    -19.16  -50.76   11.91   32.28   31.72   19.67   13.03   14.22   11.56   16.09    9.54   10.15    9.87   10.93    8.24    4.89   10.74   45.31    6.93    2.87    6.57    3.99    3.89   16.47   32.51   12.57   16.86    7.24   15.44    4.05    2.66    4.93    9.84    7.27    9.54    8.76    8.93   11.14    3.40   19.35   27.35   19.46   35.53   16.60   25.18   11.45    5.34
PSATFRCL   -19.12  -50.64   23.25   31.04   35.10   20.84   11.28    8.74    7.04   18.94   10.72    9.64    7.10   13.81    7.48    4.25   14.70   38.68    8.43    3.28    5.53    6.85    3.49   19.37   30.96    3.31   17.25   10.41   15.39    5.75    0.96    8.58   13.63   11.17   12.08   10.29   11.40   11.98    4.51   16.40   23.48   16.67   30.92   15.01   21.04   10.12    8.65
PSATISOT   -20.40  -51.35   11.27   19.28   20.27   21.52    7.73   19.68    8.44   16.25   13.87    6.09    5.02   14.12   20.62   15.50   18.60   30.69   13.64   13.83   16.45   19.62   15.86   15.00   13.48   21.81   20.33   13.22   10.70    7.90    0.49    0.44   11.10    6.72    3.16    2.67    8.70   13.06    7.10   14.89   18.22   13.65   18.87    9.80   12.88    4.96    8.63
PSATJUP    -20.86  -51.63    3.70    4.14    6.40    1.83    8.12   16.78    7.87   13.41    7.87    8.35    7.06   13.48   17.23    9.60   13.51   39.70    9.92    7.34   13.52    8.45   10.45   18.81   18.19   14.61   17.62    8.66   10.89   11.00    5.14    3.88    7.42    5.04    4.00    5.64    4.03   11.12    8.25   14.40   24.99   14.07   21.67   20.04   15.82   15.61    2.10
PSATSDG    -20.06  -53.18    2.07    0.72    0.65    0.68    3.09   11.88    8.74   12.02   10.37   13.81    7.46   12.32   22.02    4.24    6.14   31.92    3.14    4.39    4.13    6.78   24.66   26.47   17.33    7.43   10.33    3.33   10.08   11.86   10.71    8.18    4.95    2.97    5.10    6.42    4.78    5.82   13.16   11.68   11.64    9.27   21.00   28.49   11.77    9.50    0.93
PSATFZBT   -21.66  -52.87    0.28    0.16    0.37    0.19    0.64   12.25    6.43    4.48    5.02   10.16    5.83   12.27   15.56    6.46   13.92   13.14    9.51    6.73    3.34    4.57   22.77    2.82    3.22   14.69   11.17    1.33    6.73   11.37    9.14    4.06    3.99    0.57    2.07    2.00    3.52    5.80    9.14   11.54   15.06   22.94   26.34   17.60   14.21   22.06    1.36
PSATPPRA   -22.46  -52.91    2.77    0.51    1.15    9.77    2.06   11.25    6.55    8.58    8.96    6.52    2.91    9.17   16.62   11.86   14.81   25.10   25.63   16.83   11.35    9.96   18.49    4.35    1.58   20.36   29.06    3.33    8.90   10.49    1.03    0.54    4.42    1.11    1.37    1.80    6.43   10.65   11.84   11.12   17.22   18.64   19.21   13.20   13.11    8.09    6.83
PSATBTE    -13.69  -50.80   27.97   28.48   21.72   15.83   14.98    6.35   11.81   19.45   23.59    6.01   10.70   15.97    6.92    4.54   12.82   28.75    8.91    3.10    5.83    8.16    8.86   22.18   19.16    7.78    6.27    8.45   10.36    6.98    3.47    9.72   10.62    9.25   12.53   17.95   14.93   16.24    7.23    7.56   16.82   23.23   18.62   16.21   15.43    8.53   14.04
PSATARAG    -8.27  -49.26   24.97   16.99   10.05   10.67    5.91    5.49    8.61   12.09   14.11    4.87   13.93   18.97   10.14    5.48   12.12   12.65    4.70    4.61    4.69    3.11    1.77   10.74    7.82    6.91    4.27    6.32    7.74    6.54    4.75    6.07   10.20   14.71   10.96   14.98   19.46   16.67    7.77    9.77   12.88   24.31   15.13   15.42    9.92   12.26   10.33
PSATLAJ     -9.76  -48.37   16.14    7.71    9.28   10.31    2.70    8.36   12.44    8.24   20.93    3.68    8.94   18.29    7.52    4.27   15.16    5.36    2.65    7.21    0.53    0.34    0.13    4.18    1.68    6.50    5.58    8.06    5.01    3.78    3.64    5.49    9.25   11.09   14.67   19.21   12.37   15.79    8.25   15.21   12.79   17.76    8.45    4.78    5.48   13.66   13.05
PSATPTRL    -9.31  -47.39    5.54    6.81   11.25    9.48    1.05    5.95   10.70    7.92   20.15    9.70   18.60   15.35    4.27    8.96   10.80    2.73    6.56    6.04    0.68    0.42    0.00    0.27    2.86    4.64    3.38    3.55    2.98    5.79    3.57    8.83    7.62   17.35   10.95   15.43   10.30   12.88    5.34   11.08   12.83   16.54    5.17    0.79   13.06   14.64   13.01
PSATLJET    -7.33  -47.48   11.59    6.92    4.41    5.07    1.42   11.43    6.41   13.17    8.57   14.66   12.94   18.35    8.12   17.08   15.13    1.69   11.17    3.60    8.72    0.56    0.27    1.49    0.62   12.49    1.67    5.61    3.26    8.31    5.69    7.54   17.56   18.88    9.50   14.96   21.56   14.00   10.98   12.64   16.93   14.80    2.73    2.93   25.70    9.01   14.35
PSATUCR     -3.83  -49.65   10.04    9.15   12.39    2.41    3.44   12.63    9.41   12.10   11.45   17.35   10.45   14.01   13.52   13.44   13.06    4.88    9.92    8.22    7.26    4.46    1.32    1.25    1.55    9.09    2.27    4.09    3.76    4.89    6.61    7.83   12.29   15.91    8.63   13.17   18.02    6.58   14.76    9.47   11.07    9.14    5.06    8.74   22.98   14.80   20.63
PSATXIVJ   -29.07  -51.67    0.00    0.00    0.00    0.00    0.00    0.23    0.04    0.02    0.00    0.00    1.14    9.65    0.22   11.73    5.97    9.14   21.61    5.58    2.17   54.86   11.37    0.00    0.08   21.41    8.12    1.45    0.86    0.50    7.96    0.18    5.09    0.34    0.02    0.01    7.00    9.46    5.78    1.30    7.97   20.84    0.56    3.43    3.66    0.00    0.02
PSATDFRC   -29.45  -53.28    0.00    0.00    0.00    0.00    0.00    0.01    0.00    0.23    2.70    0.74    4.47    2.40    0.43    3.95    9.66   16.26   19.92    4.74    2.42   30.29    0.00    0.00    0.25    7.49   10.75    2.43    0.41    0.05    2.84    0.03    8.37    4.30   12.43    1.31    1.30    1.56    7.84    9.38   13.88   38.51   14.35    1.27    3.08    0.05    0.04
PSATREAL   -29.02  -53.19    0.00    0.00    0.00    0.00    0.00    0.03    0.00    0.06    0.38    0.04    5.28    5.97    0.32    7.64   13.49   11.85   18.76    7.24    3.21   46.13    0.19    0.00    0.40   16.75    5.38    1.14    0.40    0.09    5.49    0.13    3.66    2.42    4.61    0.07    0.59    3.78   11.71    5.13   16.06   35.39    8.17    0.19    3.58    0.02    0.00
PSATCTAV   -29.01  -51.39    0.00    0.47    0.58    0.62    1.03    2.19    0.61    0.12    1.35    0.49    0.24    4.53    1.44   10.73    7.33   13.99   17.79    3.66    4.44   38.76   14.79    0.01    0.81   21.52    8.85    2.84    1.50    7.55   10.54    0.04    2.46    1.42    0.03    3.29    8.03   13.52    4.88    2.95   14.72   20.16    2.09    6.19    2.97    0.01    1.07
PSATERNT   -28.56  -52.54    0.00    0.00    0.00    0.00    0.00    0.24    0.00    0.00    0.05    0.00    2.14   10.82    0.23   13.40    9.13    3.96    9.90   13.08    2.17   69.31    7.47    0.00    0.89   14.50    4.89    0.96    0.66    0.44    5.62    0.10    3.40    1.40    0.01    0.01    1.94    3.16    9.48    1.37    6.99   13.17    1.43    0.00    4.38    0.00    0.02
PSATSTPL   -27.14  -49.52    0.02    0.48    0.84    1.88    2.02    1.13    1.09    0.29    1.46    1.40    0.09    2.53    8.46    8.89    5.04    8.69   19.78    6.51    1.84   11.79   21.60    0.01    0.79   27.71    8.49    2.78    2.00    4.81    8.02    2.05    1.38    1.06    1.27    4.06    7.20    7.99    5.15    2.27    5.24   12.31    4.04    2.73    2.72    1.67    2.60
PSATCVCH   -25.14  -48.87    0.29    1.95    1.75    1.05   15.09    3.65    5.32    4.71    5.75    1.33    1.69    0.93    0.96    3.19   15.03   19.94   24.32   10.54    5.87    8.80    5.00    0.03    1.30   15.01   11.83    5.55    0.75   13.11    1.39    1.13    0.43    1.19    0.37    2.41    4.39    3.23   11.47    7.72   14.71   23.99    4.73    2.62    1.28    1.04    6.65
PSATAMY    -12.60  -69.12    2.72    1.11    0.73   10.50   13.76   10.57    5.18   10.53    5.68    5.82   32.96   19.52    8.40    7.97   21.46   13.16   10.31   12.16   12.72   14.58   12.04   12.67   15.09   57.05   22.59   12.04   22.23    8.69    8.52   14.82   10.62    8.54   12.07    8.44    8.00   17.21   17.14   14.32   19.26   16.43   17.45   23.66   18.64   21.52   16.78
PSATGJR    -10.73  -65.35    2.48    0.51    2.13    2.75   15.30    4.59    4.98    3.25    4.04   20.28   24.25    7.03    3.56    5.99   23.20   12.28    4.34    4.16    5.20   24.59   13.52   13.35   48.99   26.44    4.23    6.57    9.67    5.83    5.15   10.82    5.01    5.50    7.23    4.68    9.69   17.25   12.49   11.63   20.53   23.22   14.43   18.24   14.72   18.36   18.07
PSATPRNC   -12.43  -64.43    2.98    0.70    1.96    3.00   11.26    3.43    2.41    5.43    7.31    5.49   17.38   12.31    2.65    2.65    9.12    8.63    4.92    4.24    6.33    9.18   11.84   17.86   28.49   24.17   15.36   12.68   13.10    8.46    3.15    7.21    6.78    7.82    7.78    5.85    8.24   17.00   15.64    9.42   12.73   18.43   19.26   15.33   10.35   11.75   15.03
PSATSANT    -8.87  -63.97   17.32   13.96   10.59   11.38   27.11    4.49   18.11    8.83    9.25    0.75   10.38    6.51    8.24    2.90   16.30   11.24   10.79   10.90   22.21    5.24    6.03   11.53   16.75    5.64   21.91    6.67   15.18   11.61    0.52    3.23   10.11    7.33   14.23   11.09    9.97   14.01   13.92    4.21    8.65   14.41   26.03   23.67   14.58    5.70   13.32
PSATDARD   -10.16  -59.46   12.02   17.60   17.59   13.31   11.85   13.70    1.75    2.56   14.39    1.60    9.46   10.30    7.18   13.65   26.03    2.49   14.93   13.79    3.26   13.87   10.16    2.65    6.35    0.49    2.54   10.00   24.77    2.44    6.62   11.34    6.24    3.53    7.52    3.46    8.09    9.03   12.31   12.70    6.69   35.29   31.88   19.79    6.82    8.88   26.01
PSATGUAP   -15.12  -58.96    1.61   12.73    1.24    3.36   11.70    2.69    0.49    9.00   11.26    1.72    4.33    2.76    2.04    2.29    7.77    1.10    9.78    7.20    9.87    9.02   11.67    4.53   26.28   15.50    9.72   34.29   10.38    5.28    2.35    1.98    9.43   14.40   11.26    3.31    7.29   10.80   16.08   15.41   14.40    8.88   20.08   11.14    3.42    7.39    7.11
PSATJIRA    -9.25  -64.65    4.96    2.39    2.95    7.53   10.34    5.63    9.40    7.38    5.86    5.53   18.57   16.88    4.09    5.06   12.70   11.60    6.59    5.90    8.92   11.14   12.55   15.90   15.23   26.87   12.71   14.84   12.23    9.08    4.47    6.61    6.42    5.23   10.42    7.67    6.40   11.97   13.07    9.74   17.55   16.30   14.85   24.18   19.30   13.83   13.51
PSATROND   -11.99  -60.70   10.04   11.84    7.16   27.66   17.07   14.25    6.29    2.30    4.62    4.55   26.08    6.79    5.29    2.00   17.21    2.06   10.42   27.54    9.31    5.65    5.26   12.62    8.30    2.64    9.89    7.95   16.97    3.25   11.29    8.50   11.12    9.63    6.30    2.90    7.08   14.62    9.77    5.86    4.88   17.55   20.42   14.07    5.13    3.48   23.13
PSATSAMU    -8.75  -63.45   18.70   16.62   12.24   15.38   23.59    3.00   11.71    9.21    2.48    1.45    8.63    2.01    7.53    7.51   14.15    9.52   10.62    5.98   12.48    8.14    3.79    7.42   15.46    5.51   18.55    0.92   27.00    4.27    0.78    3.49   25.01   21.15    9.57    8.97    7.90   17.59    9.84    8.78    7.11   20.81   19.48   20.26   10.45    4.45   12.51
PSATBALB    -1.92  -59.47   16.89    9.21    3.71    2.01    1.37   12.31   12.79    6.44    6.90   14.48    5.18    0.40    0.05    6.43    1.59    0.83    0.48    1.07    6.35   12.19   21.25   22.52    2.54   12.44   12.69   20.37   31.16   15.33   15.03   23.39   30.76   13.71   24.12   19.95   21.51   21.68    5.58    6.28   21.69    9.21    2.04    1.18    5.66    8.86    7.89
PSATCUNA    -2.82  -54.30    4.23   15.00   10.22    6.07    1.92    7.02    2.99    3.51   13.04    7.06   10.69    1.01   10.86   10.62   21.06   14.92   11.27    4.21    2.38   12.31    8.48    3.94    0.87    4.26    3.60    5.29    3.40    4.60    4.93   17.07   12.72    7.84    6.51   13.25    9.81    3.06    3.28    2.25    8.07    5.18    4.63    5.00    8.26   14.61    9.10
PSATJARI    -0.65  -52.52   12.63    3.24    6.54    2.99    3.30    9.50    7.24    7.97   10.44   13.34    1.36    1.40    2.83   10.14   16.81   13.15    5.52    6.29    7.24   19.40   20.26   10.38    5.00    4.57    1.50    4.08    9.51    8.53    9.65    5.17   12.49    7.32   16.57    3.97   21.55   12.50    6.73    6.08    8.71    7.17    3.64    6.24   13.36    5.20    3.80
PSATFGOM     0.86  -51.20   14.22    3.17   16.92    7.87   10.11    8.41   13.00    5.94   11.11   12.49    1.32    1.51    5.17   25.57   19.74   20.03    7.45    6.38   14.15   25.19   28.11    9.70    9.88    5.64    3.16    9.17   11.04   16.00    6.01   11.65   14.66   14.38   11.75    5.93   25.99   22.54   13.69   12.90   12.73    6.76    3.60    4.56   12.17    9.65    8.58
PSATUBE     -6.75  -43.57   15.51    3.59    0.78    7.54    1.98    7.25    7.71   11.91   14.31   14.50    7.42   12.63    3.78   12.79    7.61    3.92    2.68    6.57    2.38    0.32    0.20    0.52    2.19    9.32    2.25    2.63    4.84    3.34    5.47    9.43    8.67   16.94   13.04   10.03   14.62   11.64    5.50    6.52    5.39    7.41    2.76    2.22   39.69   15.11   16.50
PSATBSOR    -6.74  -52.00   26.04   13.79    7.78   11.00   11.74    2.71    5.48    8.00    6.57    3.60   15.87   11.86   10.51   10.92   10.38   15.14    8.71    5.04    4.41    5.39    4.08    9.04    8.83    6.80    1.61    7.22    5.98    6.37    4.51    6.57    6.60   11.06    6.49    9.97   14.79   13.55    4.77    9.63    9.56   17.11   22.89   17.30   11.63   12.19   10.84
PSATBESP    -6.75  -51.77   19.01   11.03   11.94    6.14    2.26    9.90    2.55    6.42    8.33    6.23    9.56   11.29   10.47   10.64   13.31    9.04    4.23   11.95    9.99    3.68    1.01    1.00    3.17    2.45    3.29    4.78    4.88    6.98    6.40    4.74   10.12   16.55    9.45   13.43   15.20    9.52    8.39    8.54    8.49    3.96   14.10    8.71   15.07   17.24   20.57
PSATPIME    -3.41  -51.91   19.89   16.42   12.30    5.20    4.85    7.72    6.09    8.15    9.30    5.79   10.34    7.66   11.82   10.97   14.43   16.72   10.06    9.62   13.25    9.04    2.86    1.43    3.65    3.40    2.95    5.59    4.07    6.01    5.63   12.65    9.58    8.64    7.34    8.90    8.00    6.79    5.86    8.15   11.61    6.21   10.16    9.34    9.33   15.16   16.17
PSATIRAP   -16.74  -42.57    7.02    6.40   11.74    5.79   13.02   14.33   17.43   17.05   27.20   10.29    2.43    3.00    6.87   14.73    9.45    0.59    1.16    1.48    0.25    0.83    0.03    0.17    3.68    0.25    0.17    0.24    0.12    0.08    1.32    4.39    8.34   11.62    7.40   18.21    9.78    2.04    3.56    0.65    5.22    6.75    4.39    2.86    5.01    4.47    3.16
PSATITBI   -15.97  -39.59    9.41   13.16    6.91    5.40   13.82   14.28   11.12    5.09   23.97   12.72    9.75    4.27    2.27    9.08    1.61    1.68    1.31    0.73    0.06    0.06    0.07    0.07    7.08    1.09    0.62    0.61    0.07    0.61    2.55    6.76    8.11    9.36   11.16   14.28    7.66    3.99    2.24    2.83    7.43    8.17    3.25    3.93    7.93    5.69    3.40
PSATCOLI   -10.98  -55.77   19.76   15.48   10.13   15.19   22.50    4.73    5.40    6.77    6.87    1.29   14.67   12.57   13.38   11.39    5.82   13.93    9.87    4.11    1.33    6.60    7.36    8.43   21.82    8.80    1.59    7.88    7.25    5.32    5.39    5.78    6.18    6.80    3.70    4.75   20.36   13.82    4.14    7.73   12.13   21.13   38.09   29.47   13.25    6.70   10.57
PSATSAEL    -9.19  -57.04   29.85    9.00    6.43    5.00   15.44    1.47   11.05    2.80    6.73    1.13   26.41   14.81   10.81   11.52   17.97   20.41   13.62    8.99    5.35    7.61    6.57   12.26    5.41    6.72    0.82    8.26    4.91    5.95    4.74    8.28    4.36    8.89    9.62    5.95   10.12   13.12    1.58    6.85    6.37   17.03   35.07   29.87   14.15    8.69   22.78
PSATITQ    -17.09  -54.83    8.96   16.19   13.26    7.27   12.91   14.51    8.60    9.93   13.87    3.02   12.28    8.54   11.78    3.65   12.39   16.52    4.69    5.37    6.90    1.61    9.81   12.54   24.76   11.90   11.38    3.75   12.34   12.57    3.14    2.50   13.59    3.65   12.71   11.92    2.93   10.67   10.38    8.26   16.95   10.61   30.14   24.08   17.98    9.88    9.97
PSATJAU    -15.24  -58.73    1.59    8.83    2.02    6.95   16.26    2.33    0.91    5.63    8.49    1.71    7.43    2.68    3.98    2.96    9.28    1.16    9.88    7.76    8.70   10.11    9.93    4.56   26.23   19.70   15.09   31.65    7.21    5.97    2.90    3.85    8.72   12.28   10.37    5.84    8.13   12.99   14.31   15.56   16.14   10.42   18.55   11.92    5.42    9.38    8.79
PSATMAN    -14.87  -55.78   26.85   22.13   13.72   13.34   20.88   10.45    6.22    6.49    8.59    1.26   14.55   12.23   11.81   10.67    4.81   17.34    5.26    1.35    1.56    5.22    5.98   18.45   26.91   13.76    5.93    9.74    9.98    8.58    3.51    8.64    6.33    5.51    3.00    6.77   11.33   12.16    2.94   11.83   16.19   16.69   36.87   22.66    6.87   14.48    4.80
PSATPTP    -17.61  -54.83    5.48    6.95    4.30    2.55   10.28    9.16    8.46    9.61   14.74    4.90   12.75    9.16   12.49    2.09   10.81   16.10    3.72    4.28    6.57    2.10    9.35   14.80   22.71    7.96   21.96    2.58    9.17   15.73    5.58    5.98   17.77   10.87   16.50   11.98    2.32    8.92   10.84    8.15   14.61   19.97   37.83   24.86   17.03    6.79   11.43
PSATSTCL   -17.90  -40.20    6.28   22.05   12.74   10.86   18.98   15.22    9.91    2.29   20.34   13.30    9.67    7.23    1.95    7.55    0.42    2.54    1.89    0.02    0.05    0.00    0.00    0.00    8.37    0.98    0.56    0.44    0.03    0.99    1.23    6.86    6.26    8.35   14.83    9.97    8.40    5.50    1.82    2.55    9.86    8.70    3.22    4.03   10.54    7.55    5.37
PSATPDC    -12.58  -39.00    1.38    0.70    0.88    1.03    1.40    1.82    0.78    0.14    0.50   12.30   15.42    4.90    1.89    3.11    2.11    2.52    1.92    2.06    0.25    0.45    0.33    6.34    4.58    3.19    6.76    1.55    2.38    2.05    2.42    3.00    5.02    8.87   16.35   13.16    2.64    2.12    1.30    3.39    1.94    5.10    6.46    4.14    7.80    3.01    4.31
PSATROSA   -20.92  -41.72   14.94   26.83    7.59   21.71   13.66   18.81   20.72   24.45   27.82   18.81   28.72    4.22    4.26    8.71    7.19    1.34    1.52    0.14    1.96    2.37    0.48    6.34   12.37    0.14    0.00    0.02    0.00    0.85    1.06    5.97   16.68    9.65   10.73   10.49    4.31    8.04    2.04    8.29    2.98   11.77    5.04    1.63    8.70    8.96    8.55
PSATCAN    -20.21  -42.85   21.23   23.22   13.40   23.52   17.77   19.05   19.66   33.56   37.28   11.68   22.78    4.78    1.94   20.73   13.74    1.01    1.34    2.08   13.32   17.24    3.18    6.89   14.29    0.55    0.08    0.05    0.10    1.00    1.39    6.04    8.75   11.07   10.15    9.77    8.07    2.91    2.76    1.67    2.72    4.44    1.68    1.61   11.27   10.35   16.22
PSATSAC    -19.64  -42.85   10.27   27.93   22.94   11.96   11.01   28.91   15.26   28.28   29.92   20.82    8.48    4.26    1.91   15.65   10.41    1.78    2.33    6.40   14.92   13.33    1.20    9.00    1.89    1.10    0.17    0.30    0.08    0.50    0.72   14.70    9.64    9.08   14.17   10.38    9.25    2.90    3.22    1.58    3.63    8.90    3.74    1.19    8.73   12.61    6.36
PSATPES    -19.12  -42.66   17.21   21.73   21.22   12.01   15.30   17.84   35.13   38.83   31.22   19.10    4.80    1.75    2.90   14.04    8.30    1.82    2.04    2.91    5.16    8.09    0.04    1.34    1.80    1.04    0.15    0.31    0.05    0.22    0.89    7.12   12.32   10.89   11.00   13.04   13.97    3.18    3.71    1.68    2.92   11.67    4.98    1.97    6.73   18.03   12.88
PSATMAS    -19.50  -40.92   16.05   25.18   14.96   13.23   16.06   17.77   30.56   29.35   32.61   17.63   17.97    5.83    3.24   14.12    1.69    2.49    1.32    0.57    0.67    1.29    0.11    3.37   10.90    0.66    0.25    0.14    0.14    0.53    1.30    9.94   10.81   10.12   12.87    9.86    5.98    4.26    1.98    2.20    4.05    8.22    2.41    2.23    8.18   11.40    8.24
PSATSBR    -23.37  -45.87   24.18   14.85    9.27    4.99   10.61   15.64    5.46    8.60    8.87    8.22    8.11    2.82    5.26   23.60   13.43   12.33    3.27   11.70    8.19    8.90   10.78   12.51   14.42    8.06    0.29    5.83    3.69    1.86    1.58    0.80    2.06    2.98    6.15   12.45    5.11    4.67    4.00    1.07    7.37   12.60    6.50    0.70    1.14    1.05    9.74
PSATJAG    -23.20  -46.03   23.07   13.39    7.88    5.13   11.72   12.28    6.00    7.74    7.11    1.91    3.69    0.55    9.11   12.27   27.56   17.26    9.38   17.44   12.07    4.00   13.63   18.57   16.28   17.49    1.69   18.95    3.39    3.39    0.49    0.73    1.36    3.19    6.16   12.66    8.54   11.14    6.68    0.85   16.08   16.30    6.29    0.21    1.10    0.43   11.41
PSATFUNI   -22.53  -44.57   30.23   22.57   15.30   10.34   20.34   12.76   10.27   15.36   19.87    4.84   11.30    2.77    4.25   15.56   18.68    9.57    5.34   18.27    9.33    8.60   13.23   12.91   19.21   10.96    0.53    5.80    2.74    1.80    0.74    0.54    3.05    4.03    8.58   14.44    7.87    5.20    7.51    1.45   13.39    9.93    3.95    0.57    1.73    1.27   14.40
PSATSACE   -22.48  -43.84   26.93   24.12   20.91   10.33   18.31   16.43   11.05   25.61   24.99    5.96    9.45    7.03    0.71   29.53   19.04    7.23    0.53    9.22    0.43   14.08    4.39    5.57   34.58   13.84    0.00    0.16    2.31    0.74    1.00    1.27    4.43    6.20    9.61   18.22    3.02    3.20    4.06    0.41   10.99    3.23    0.35    0.75    5.81    8.19   11.92
PSATPIC    -21.91  -43.54   24.78   22.65   15.17    9.32   22.32   16.12   15.11   32.56   18.75    7.97    5.98    3.37    0.72   14.86   22.78    4.52    0.27    6.20    2.38   11.57    3.13    4.20   31.54    6.12    0.00    0.08    0.96    0.31    0.56    1.48    6.67    8.19   11.29   17.26    1.77    2.29    2.93    0.70   13.64    7.08    0.67    0.43   10.74   11.35    8.70
PSATSOGI   -21.94  -43.36   28.53   22.74   13.97   10.82   18.18   22.00   16.92   33.23   36.90    6.55   11.49    1.96    0.40   23.48   19.53    0.71    0.68    1.66    3.24   15.74    2.25    6.29   31.30    6.57    0.00    0.03    0.60    0.55    0.84    1.63    6.24   10.29    8.44   10.03    2.75    3.10    1.68    1.60    7.20    6.59    1.31    0.81    5.52   11.57    5.87
PSATIPSI   -21.84  -42.58   31.96   19.28   12.84    9.66   15.61   16.28   17.81   26.92   21.02    8.92    7.88   12.46    1.46   23.65   12.54    1.25    0.88    4.52    5.03   22.70    8.78    8.72   28.09    3.01    0.00    0.03    0.47    0.56    0.45    1.42    8.40    6.32    6.41   13.79    1.46    4.20    1.59    0.93    6.15    3.81    0.79    0.65   10.21    9.29    7.81
PSATTCLJ   -22.69  -43.83   23.21   15.55   22.89    8.67   19.22    8.06    4.38   16.27    9.93    2.70    9.41    5.54    3.07   25.48   11.58    8.22    0.35    3.81    9.49   26.11   17.62    9.06   19.73    8.32    0.00    0.00    0.23    0.79    1.53    1.48    4.27    4.10    4.23   10.85    9.25    5.34    1.80    0.15    3.63    3.14    1.25    0.58    5.65   12.15   10.83
PSATBIGU   -25.51  -53.67    0.00    0.00    0.00    0.04    2.30    4.06    1.75    0.22    0.13    0.30    0.95    0.09    7.56    2.11    7.74    4.84   10.61    8.80   14.52   38.03    9.30    0.00    0.59   14.08    6.75    0.69    0.35    4.11    5.30    0.09    2.85    5.75    0.47    0.05    1.82    7.32    8.04    5.42    6.12   24.46    4.52    5.82    3.70    0.34    0.16
PSATBRAU   -21.45  -42.41   55.97   18.85    6.21   12.76   18.51   19.80   17.00   33.26   35.11    8.99   33.73    4.31    1.37   33.86   12.04    0.47    1.82    5.21   13.50   28.29    2.74    8.08   26.08    2.12    0.01    0.01    0.14    0.98    1.16    1.67    5.75    7.50   12.13   13.37    6.68    6.07    1.45    2.02    4.04    8.74    3.62    1.97    7.33    9.45    5.19
