PSATAGV    -19.89  -50.35    0.72    6.05    8.87    0.74    0.13    0.57    1.99    0.17    1.08    3.01    0.45    5.02    0.58    0.01    0.02    0.05    0.00    0.09    0.05    0.05    0.22    0.61    2.41    2.42    0.10    0.03    0.08    0.08    0.00    0.00    0.00    0.00    0.00    0.00    0.00    0.00    0.00    0.00    0.00    0.00    0.00    0.00    0.01    6.74    0.57
PSATCMG    -21.28  -44.63    1.42    2.79    3.56    1.84    4.27    0.08    7.02    1.86    0.75    0.02    0.01    0.84    0.66    0.65    4.29    0.05    0.05    0.49    0.61    0.08    0.26    1.04    0.79    2.13    7.20    1.01    1.16    0.33    0.09    0.45    0.98    0.31    0.01    0.00    0.00    0.01    0.00    0.00    0.00    0.00    0.00    0.00    0.00    0.23    0.47
PSATCES    -20.25  -48.16    0.45    2.13    7.78    1.05    0.00    0.06    1.46    0.37    0.19    1.07    0.04    0.61    0.05    0.03    0.63    0.04    0.05    0.01    0.25    0.03    0.11    1.23    2.97    5.91    0.18    0.02    0.44    0.24    0.00    0.02    0.07    0.02    0.00    0.00    0.00    0.00    0.00    0.00    0.00    0.00    0.00    0.00    0.00    2.20    0.71
PSATELC    -21.60  -46.95    0.22    8.14   12.92    1.10    0.03    0.54    1.16    0.16    0.03    0.23    0.10    1.90    3.62    0.04    0.40    0.39    0.43    0.10    0.31    0.01    0.11    1.80   10.68   10.80    0.40    0.20    1.45    0.16    0.04    0.86    0.14    0.06    0.00    0.00    0.00    0.00    0.00    0.00    0.00    0.00    0.00    0.00    0.00    3.81    0.39
PSATFUN    -21.14  -45.04    0.41    2.06    8.74    0.87    0.86    0.22    2.20    0.98    0.22    0.04    0.00    0.20    0.85    0.27    2.16    0.11    0.08    0.17    0.07    0.02    0.24    0.57    0.41    2.35    2.93    0.66    2.67    0.51    0.05    0.04    0.53    0.09    0.00    0.00    0.00    0.00    0.00    0.00    0.00    0.00    0.00    0.00    0.00    0.30    0.14
PSATFUR    -20.67  -46.32    0.26    4.13   13.11    0.50    0.16    0.50    1.34    0.22    0.26    0.14    0.03    0.81    1.14    0.25    0.64    0.14    0.15    0.10    0.17    0.00    0.22    0.40    2.87    4.76    0.51    0.44    1.01    0.25    0.04    0.36    0.16    0.05    0.00    0.00    0.00    0.00    0.00    0.00    0.00    0.00    0.00    0.00    0.00    0.68    0.29
PSATMRB    -20.30  -49.18    0.16    5.13    9.66    0.66    0.00    0.12    1.51    0.12    0.28    1.18    0.08    3.08    0.41    0.01    0.23    0.05    0.03    0.01    0.05    0.02    0.07    1.09    3.60    4.96    0.17    0.02    0.41    0.10    0.00    0.01    0.07    0.01    0.00    0.00    0.00    0.00    0.00    0.00    0.00    0.00    0.00    0.00    0.00    3.43    0.56
PSATPRG    -21.59  -45.67    0.41    6.93   11.67    1.04    0.89    0.34    2.40    0.34    0.09    0.05    0.05    7.03    2.63    0.35    3.49    0.76    0.34    0.81    0.21    0.00    0.25    0.63    4.09   10.42    0.72    0.92    0.46    0.98    0.38    2.83    0.12    0.08    0.01    0.01    0.00    0.01    0.00    0.00    0.00    0.00    0.00    0.00    0.00    4.67    0.48
PSATPAS    -21.02  -48.18    0.02    7.48   20.15    0.99    0.02    0.32    0.81    0.05    0.00    0.50    0.06    5.95    4.88    0.24    2.41    0.25    0.12    0.21    0.08    0.02    0.07    0.33    7.09   12.52    0.12    0.05    0.63    0.16    0.02    0.50    0.11    0.02    0.00    0.00    0.00    0.00    0.00    0.00    0.00    0.00    0.00    0.00    0.00   10.68    0.19
PSATPTB    -21.61  -45.49    0.87    4.67   10.96    0.87    1.50    0.08    1.90    0.58    0.06    0.02    0.03    2.00    0.85    0.29    5.18    0.15    0.31    0.22    0.36    0.01    0.33    0.37    1.94    4.84    1.46    1.20    0.65    0.12    0.17    0.30    0.21    0.05    0.01    0.01    0.00    0.00    0.00    0.00    0.00    0.00    0.00    0.00    0.00    1.26    0.30
PSATPTC    -20.00  -48.55    1.83    2.87    9.57    0.99    0.01    0.29    1.75    0.56    0.72    0.64    0.10    0.12    0.01    0.27    0.39    0.09    0.07    0.01    0.27    0.17    0.33    1.16    0.57    2.65    0.18    0.02    0.52    0.38    0.01    0.00    0.06    0.03    0.00    0.00    0.00    0.00    0.00    0.00    0.00    0.00    0.00    0.00    0.00    1.82    1.26
PSATFZA    -26.00  -51.65    8.61   34.17    1.19    0.15    0.88    4.20    0.24    0.04    0.00    6.54   14.86    4.06   35.98   22.79    1.79    0.74   11.07    5.79    0.85    7.86    0.25    0.11   13.68    0.93    0.00    0.00    0.00    5.17   11.85    2.63    0.24    0.01    0.00    0.00    0.00    0.04    0.82    0.05    0.00    1.25    0.00   45.10   68.78    1.77    0.08
PSATJSG    -25.78  -52.00    9.70   33.31    0.98    0.06    1.06    2.39    0.06    0.01    0.00   11.26    9.79    7.09   36.85   11.91    1.82    1.02   10.12    8.07    0.97    8.56    0.54    0.38   20.07    0.22    0.01    0.00    0.00    2.88   10.89    1.73    0.05    0.00    0.00    0.00    0.00    0.06    1.57    0.21    0.00    5.21    0.21   48.52   48.69    3.65    0.24
PSATSCX    -25.53  -53.48   13.31   39.62    1.41    0.18    0.78    3.98    0.03    0.06    0.01   18.72   14.02    8.97   32.83    7.63    1.89    0.58   14.54   10.98    1.75    4.62    0.42    1.40   23.25    0.10    0.00    0.00    0.00    0.79   16.96    2.46    0.16    0.00    0.00    0.00    0.00    4.39    3.00    0.19    1.26    4.91    0.45   58.55   59.07    2.25    0.34
PSATSCL    -25.49  -51.74   10.15   46.72    2.53    0.06    0.14    2.01    0.24    0.00    0.00    3.61   12.88   12.73    2.43   14.89    2.35    0.50    7.22   12.68    0.58    3.48    0.10    0.06    6.35    1.02    0.01    0.00    0.00    0.05   14.45    7.02    0.05    0.00    0.00    0.00    0.00    0.03    0.43    0.00    0.00    4.93    0.00   41.43   73.44    2.84    0.05
PSATUVT    -26.23  -51.08    4.26   29.98   12.75    1.47    2.27    7.88    1.41    0.12    0.01    3.16   31.15    8.63   27.67   14.37    3.13    2.28   10.86    4.34    0.85   11.85    0.08    0.20   20.27    3.10    0.05    0.04    0.00    7.91   11.84    2.54    0.33    0.16    0.00    0.00    0.02    0.01    0.11    0.01    0.00    0.34    0.00   14.63   52.80    7.48    0.01
PSATBSM    -24.19  -53.74    3.53   37.76    1.34    0.76    1.97    5.87    0.27    0.03    0.00    7.71    7.73    4.25    0.82    8.35    1.63    0.31    4.63   11.43    1.00    0.76    0.18    0.15    7.47    0.29    0.00    0.00    0.00    0.01   19.72    2.26    0.00    0.00    0.00    0.00    0.00    3.07    1.37    0.01    0.00    1.54    0.02   16.32   56.92    1.61    0.10
PSATFLE    -22.97  -54.56    3.23   28.52    1.67    3.03   22.12    5.02    0.10    0.30    0.01    8.10    1.45    0.06    0.06    0.57    1.10    1.16    7.13    1.62    3.89    1.06    0.16    0.26   12.96    0.42    0.00    0.03    0.06    0.00    9.40    9.34    0.00    0.00    0.00    0.00    0.00    2.72    0.12    0.00    0.11    0.08    0.10    4.43   26.20    0.42    0.07
PSATITP    -25.42  -54.58    6.70   26.16    1.43    2.25   17.18    6.49    0.27    0.10    0.27    8.38    4.11    1.30    1.23    1.11    0.87    0.28    5.22    2.27    2.09    1.42    0.17    3.99   10.76    0.41    0.00    0.12    0.03    0.04   30.48    5.08    0.01    0.00    0.00    0.00    0.00    4.91    0.31    0.00    0.05    0.73    0.05    9.85   34.86    1.26    0.24
PSATIVM    -22.38  -53.53    3.35   27.49    5.40    4.76   13.17    7.55    0.26    0.39    0.13    2.18    2.31    0.42    0.94    0.97    0.38    3.53    5.50    1.01    2.66    0.65    0.14    0.05   15.05    1.75    0.00    0.16    0.04    0.00    2.23    3.76    0.01    0.00    0.00    0.00    0.00    2.68    0.05    0.00    0.33    0.07    0.01    0.17   20.64    1.50    0.01
PSATPTQ    -23.18  -53.17    0.80   44.33   10.65    0.82    2.05    3.64    0.54    0.01    0.00    4.66    6.05    9.89    0.50    7.52    1.34    0.19    3.48    9.68    0.23    0.52    0.19    0.33    9.60    1.05    0.00    0.14    0.01    0.00    9.81    3.69    0.03    0.00    0.00    0.00    0.00    0.01    0.29    0.00    0.00    0.16    0.00    6.22   42.28    5.08    0.01
PSATCBI    -17.99  -48.54    0.21    6.72    2.85    5.92    1.73    2.01    3.32    1.62    0.75    0.43    0.00    0.00    0.25    0.24    0.00    0.01    0.08    0.26    0.55    1.02    0.55    0.05    0.07    0.15    0.42    0.07    0.19    0.14    0.01    0.00    0.00    0.00    0.01    0.00    0.00    0.00    0.00    0.00    0.00    0.00    0.00    0.00    0.00    0.00    0.01
PSATCBIV   -16.15  -48.67    0.21    7.64    2.99    3.63    1.66    1.94    3.63    3.52    0.95    0.42    0.01    0.00    0.33    0.11    0.00    0.00    0.16    0.12    0.52    0.89    0.72    0.10    0.04    0.00    0.91    0.08    0.14    0.18    0.01    0.00    0.00    0.00    0.01    0.00    0.00    0.00    0.00    0.00    0.00    0.00    0.00    0.02    0.00    0.00    0.11
PSATEMB    -18.45  -47.98    0.40    0.39   10.11    1.25    0.90    1.81    1.95    1.30    1.24    0.05    0.00    0.00    0.07    1.12    0.08    0.29    0.09    0.33    0.16    0.27    0.02    0.05    0.06    0.14    0.22    0.02    2.31    0.16    0.04    0.00    0.01    0.05    0.00    0.00    0.00    0.01    0.00    0.00    0.00    0.00    0.00    0.00    0.00    0.01    0.00
PSATIMBR   -18.42  -49.10    0.82    1.86   10.11    1.86    0.97    1.74    2.50    1.50    0.64    0.29    0.02    0.00    0.01    0.90    0.09    0.07    0.04    0.40    0.30    1.06    0.13    0.15    0.12    0.47    0.04    0.02    0.24    0.12    0.00    0.00    0.00    0.00    0.00    0.00    0.00    0.00    0.00    0.00    0.00    0.00    0.00    0.00    0.00    0.11    0.19
PSATNPTE   -19.13  -47.70    2.40    0.80    8.66    0.70    0.26    1.35    1.99    0.85    1.52    0.04    0.01    0.00    0.01    1.80    0.25    0.19    0.13    0.10    0.59    0.28    0.15    0.25    0.20    0.55    0.34    0.13    2.10    0.64    0.05    0.00    0.03    0.01    0.00    0.00    0.00    0.01    0.00    0.00    0.00    0.00    0.00    0.00    0.00    0.27    0.28
PSATARV    -18.07  -50.16    7.35    1.76    3.52    2.92    0.85    7.55    1.95    1.12    2.13    4.46    0.33    0.22    0.12    0.56    0.02    0.00    0.01    0.12    0.11    0.92    0.35    0.18    0.32    1.41    0.02    0.00    0.00    0.01    0.06    0.00    0.00    0.00    0.01    0.00    0.00    0.00    0.00    0.00    0.00    0.00    0.00    0.00    0.00    0.01    0.00
PSATSFC    -18.05  -47.68    0.16    0.32    4.01    4.04    1.73    1.38    3.22    1.21    0.72    0.07    0.00    0.00    0.67    0.34    0.00    0.05    0.15    0.39    0.70    1.56    0.15    0.02    0.07    0.10    0.43    0.13    1.11    0.19    0.00    0.00    0.00    0.02    0.00    0.00    0.00    0.01    0.00    0.00    0.00    0.00    0.00    0.01    0.00    0.00    0.04
PSATSSM    -19.02  -50.50    1.29    2.04    4.30    1.67    0.80    3.55    1.56    1.09    1.43    4.37    0.37    0.11    0.02    0.13    0.18    0.06    0.01    0.17    0.16    0.47    0.41    0.65    0.39    2.62    0.04    0.00    0.03    0.09    0.04    0.00    0.00    0.00    0.00    0.00    0.00    0.00    0.00    0.00    0.00    0.00    0.00    0.00    0.06    0.66    0.18
PSATCNI    -22.94  -50.52    0.00   18.55   11.84    0.10    0.01    0.66    0.73    0.00    0.00    0.19    2.29   14.72    0.22    5.95    3.26    0.09    0.04    7.26    5.83    0.17    0.12    0.55    7.02    9.73    0.18    0.02    1.16    0.00    0.07    0.07    0.00    0.01    0.00    0.00    0.00    0.01    0.01    0.28    0.01    0.00    0.00    0.00    2.34   18.25    0.00
PSATCPV    -22.65  -51.33    0.10   21.47   14.05    0.38    0.13    1.73    0.75    0.00    0.00    0.31    4.49   16.00    2.02    6.02    0.97    0.14    0.13   10.87    1.51    0.18    0.19    0.75   10.83    3.79    0.34    0.45    1.09    0.00    2.54    3.18    0.00    0.00    0.00    0.00    0.00    0.00    0.03    0.03    0.01    0.03    0.00    0.59    8.53   12.08    0.00
PSATCHT    -23.01  -49.73    0.36   21.79   12.60    0.14    0.40    1.14    1.76    0.01    0.00    0.01    7.29    3.52    1.00    7.91    1.59    0.31    0.09   10.60    2.46    0.89    0.12    0.72    5.36   13.25    0.57    0.02    0.00    0.00    9.31    4.97    0.04    0.04    0.00    0.00    0.00    0.00    0.01    0.11    0.00    0.00    0.00    0.24    3.44   14.11    0.00
PSATJUR    -23.22  -49.23    0.27   19.43    9.59    0.40    0.80    0.94    1.25    0.16    0.04    0.05    2.38    2.03    3.03   18.29    4.05    0.25    0.24    8.63    3.13    1.99    0.16    0.55    5.25   14.85    0.53    0.07    0.03    0.01    5.50    3.95    0.62    0.29    0.01    0.00    0.01    0.01    0.00    0.23    0.03    0.00    0.00    0.07    0.82   13.17    0.00
PSATMAU    -24.06  -50.71    0.52   28.99   43.77    0.07    0.62    2.80    0.79    0.01    0.00    0.36   11.74   16.71    0.34    6.89    3.02    0.77    2.66    9.27    0.19    1.02    0.11    0.84    9.77    8.75    0.08    0.14    0.00    0.00   20.29    6.88    0.05    0.00    0.00    0.00    0.00    0.01    0.05    0.00    0.00    0.30    0.00    2.78   20.27   10.26    0.00
PSATROS    -22.50  -52.87    0.30   23.81    6.68    2.23    0.74    5.92    0.81    0.00    0.00    1.14    4.28    9.68    0.38    0.79    0.51    0.01    0.25    7.16    0.09    0.02    0.19    0.54    8.16    1.07    0.05    1.07    0.51    0.00    1.99    0.97    0.00    0.00    0.00    0.00    0.00    0.00    0.07    0.00    0.02    0.00    0.00    0.12   14.96    6.40    0.01
PSATQMD    -16.21  -47.33    0.13    1.88    1.31   18.26    0.95    0.39    1.79    1.35    2.09    0.14    0.00    0.09    0.46    0.16    0.00    0.02    0.05    0.31    0.47    0.33    0.10    0.02    0.02    0.00    0.40    0.08    0.66    0.31    0.00    0.00    0.00    0.00    0.00    0.00    0.00    0.00    0.00    0.00    0.00    0.00    0.00    0.00    0.00    0.00    0.14
PSATRBX    -18.95  -44.76    0.35    0.40   11.53    1.56    0.25    1.03    2.20    0.73    0.51    0.03    0.00    0.07    0.40    0.39    0.15    0.08    0.07    0.11    0.26    0.14    0.14    0.73    0.02    1.02    0.93    0.45    2.29    0.59    0.04    0.02    0.27    0.04    0.00    0.00    0.00    0.00    0.00    0.00    0.00    0.00    0.00    0.00    0.00    0.06    0.00
PSATSFR    -15.93  -44.86    0.09    0.63    4.28    5.66    0.59    1.39    2.56    1.73    0.93    0.03    0.08    0.63    0.19    0.17    0.02    0.18    0.11    0.23    0.62    0.22    0.07    0.00    0.01    0.00    0.05    0.06    0.47    0.19    0.01    0.00    0.00    0.02    0.00    0.00    0.00    0.00    0.00    0.00    0.00    0.00    0.00    0.00    0.00    0.00    0.01
PSATSRM    -16.37  -45.07    0.31    0.23    7.72    2.96    0.75    1.63    2.95    1.36    0.66    0.06    0.07    0.28    0.77    0.25    0.14    0.49    0.33    0.18    0.56    0.20    0.10    0.13    0.03    0.09    0.31    0.23    2.10    0.12    0.04    0.00    0.04    0.06    0.00    0.00    0.00    0.01    0.00    0.00    0.00    0.00    0.01    0.00    0.00    0.00    0.02
PSATTMR    -18.16  -45.27    0.38    0.52   12.47    1.60    0.16    2.36    3.72    0.31    0.77    0.04    0.01    0.02    0.21    0.19    0.06    0.08    0.08    0.08    0.24    0.05    0.30    0.23    0.05    0.71    0.28    0.14    4.19    0.67    0.04    0.00    0.02    0.00    0.00    0.00    0.00    0.01    0.00    0.00    0.00    0.00    0.00    0.00    0.00    0.03    0.18
PSATBOQ    -11.35  -43.83    9.94    0.91    0.20    0.19    0.49    0.78    1.07    4.14    4.42    3.74    1.05    1.12    0.09    0.05    0.11    0.00    0.00    0.01    0.01    0.27    0.11    0.11    0.08    0.01    0.01    0.21    0.45    0.65    0.20    0.04    0.11    0.00    0.09    0.00    0.56    0.25    0.00    0.00    0.00    0.00    0.00    0.00    0.00    0.00    0.00
PSATBBO    -22.52  -48.55    0.08   11.93   10.53    1.33    0.57    0.82    1.31    0.11    0.01    0.09    0.33    5.16    2.68   15.10    4.54    0.63    0.11    3.15    0.80    0.96    0.15    0.24    6.42   14.03    0.34    0.14    0.28    0.21    0.22    1.22    0.19    0.03    0.00    0.00    0.00    0.00    0.00    0.00    0.00    0.00    0.00    0.00    0.12    6.72    0.00
PSATESZ    -23.46  -46.91    0.49    9.76   13.60    5.75    5.40    2.17    6.64    1.07    0.03    0.03    0.74    6.22    7.68   16.06    7.76    0.53    0.63   12.30    2.06    0.15    0.62    0.49    7.74   14.38    5.23    1.16    0.06    0.10    0.27    3.03    3.53    0.46    0.01    0.00    0.01    0.00    0.00    0.00    0.01    0.00    0.00    0.00    0.11    2.74    0.01
PSATIBT    -21.76  -48.99    0.00   17.95   16.01    0.52    0.02    0.75    0.31    0.01    0.00    0.37    0.28    7.92    0.91    2.95    4.37    0.34    0.00    1.30    0.10    0.00    0.05    0.18    5.63    8.86    0.05    0.02    0.37    0.02    0.06    0.08    0.00    0.00    0.00    0.00    0.00    0.01    0.00    0.03    0.01    0.00    0.00    0.00    0.06   10.75    0.01
PSATNAV    -21.12  -50.20    0.04    8.76   20.31    0.94    0.00    0.97    0.47    0.01    0.04    0.39    1.21    8.08    1.84    0.35    0.05    0.16    0.00    0.19    0.00    0.01    0.05    0.18    6.34    5.89    0.11    0.34    0.85    0.00    0.02    0.02    0.00    0.00    0.00    0.00    0.00    0.00    0.02    0.00    0.00    0.00    0.00    0.02    0.11   13.27    0.25
PSATSME    -13.40  -48.30    1.05    5.47    2.43    5.99    1.00    1.28    1.67    3.79    1.72    1.24    0.01    0.16    0.41    0.03    0.00    0.00    0.08    0.27    0.34    0.55    0.12    0.04    0.04    0.18    0.40    0.02    0.04    0.23    0.02    0.00    0.00    0.00    0.00    0.00    0.00    0.00    0.00    0.00    0.00    0.00    0.00    0.00    0.00    0.00    0.00
PSATBGR    -27.78  -51.20    0.00   10.20    0.01    0.65    4.64    5.90    0.01    0.02    0.15   23.80   26.59    0.03    2.34    0.65    1.30    1.48   18.33    0.69    1.91   12.85    0.43   18.35   27.31    0.01    0.02    0.00    0.00    2.98    2.02    0.03    0.05    0.00    0.03    0.00    0.00    0.05    5.01    2.73    0.05    1.18    0.08   43.29   42.06    5.54    0.97
PSATCNV    -27.60  -51.33    0.04   16.20    0.11    0.67    2.16    7.11    0.12    0.18    0.04   16.79   35.57    0.77   15.06    2.28    2.08    1.63   18.88    2.59    0.57   15.56    0.58    2.44   25.89    0.02    0.00    0.00    0.00    1.89    6.54    0.07    0.18    0.04    0.03    0.02    0.01    0.10    1.75    0.60    0.00    1.82    0.05   26.16   50.20    2.93    0.58
PSATFCH    -27.14  -53.04    0.11   22.58    0.06    0.06    2.45    1.58    0.00    0.00    0.16   30.98   20.54    0.01   32.55    1.13    0.35    1.77   34.84    0.67    8.30   22.05    0.95   14.83   10.06    0.03    0.01    0.00    0.00    2.27    7.58    0.00    0.21    0.00    0.00    0.00    0.00    1.17    3.48    0.89    0.32    9.83    0.66   46.62   36.82    4.82    1.04
PSATITA    -27.27  -52.38    0.23   21.75    0.50    0.09    1.47    3.93    0.07    0.03    0.15   19.50   25.57    0.76   28.57    4.39    0.95    1.57   26.50    2.56    2.77   22.71    0.61    8.00   23.25    0.05    0.00    0.00    0.00    3.62   10.21    0.43    0.13    0.00    0.00    0.00    0.01    1.19    1.75    1.09    0.01    4.90    0.14   31.16   37.00    3.58    0.98
PSATMCD    -27.52  -51.78    0.00   14.46    0.02    0.01    1.06    2.74    0.00    0.00    0.29   28.74   24.79    0.01    4.90    0.24    0.29    0.78   29.37    0.17    2.14   19.97    0.78   21.89   19.04    0.00    0.02    0.00    0.00    1.08    5.83    0.00    0.00    0.00    0.00    0.00    0.00    1.88    5.36    3.17    0.08    5.72    0.32   30.99   37.49    3.89    1.08
PSATMOJ    -27.35  -52.73    0.03   11.38    0.00    0.04    1.47    0.57    0.00    0.00    1.53   21.14   12.57    0.01    2.40    0.36    0.02    2.33   38.29    0.02   13.29   18.47    0.36   41.66   13.07    0.01    0.00    0.00    0.00    2.66    9.75    0.00    0.00    0.00    0.00    0.00    0.00    1.56    5.71    1.89    0.02    6.47    9.67   45.09   40.21    4.01    0.70
PSATQQX    -26.66  -52.54    2.59   40.34    0.75    0.07    1.75    3.54    0.01    0.00    0.00   17.87   24.77    2.96   78.65    8.89    1.74    1.34   25.63    5.12    1.20   13.32    0.79    1.63   28.11    0.09    0.01    0.00    0.00    4.50   13.05    1.68    0.12    0.00    0.00    0.00    0.00    2.30    1.30    0.41    0.24    3.04    0.82   52.12   47.99    4.52    1.07
PSATPSJ    -28.14  -55.05    0.00    0.98    0.00    0.07    0.42    0.03    0.00    0.00   19.60   38.99    0.26    0.00    0.10    0.05    0.00   15.26   27.85    0.00   39.25    0.90    0.18   24.93    2.74    0.01    0.16    0.00    0.00    1.58    0.65    0.00    0.00    0.00    0.00    0.00    0.00    6.46   11.38    0.47    2.74   20.73   78.84   25.34    8.45    5.89    0.31
PSATESP    -18.68  -51.87    5.08    0.71    3.51    1.75    1.92    3.02    0.98    0.84    2.54    7.93    7.44    5.08    0.20    0.41    0.66    0.32    0.06    0.09    0.02    0.37    0.09    0.24    1.43    5.22    0.02    0.00    0.00    0.00    0.00    0.00    0.00    0.00    0.00    0.00    0.00    0.12    0.06    0.03    0.00    0.00    0.00    0.12    0.52    0.73    0.03
PSATSRC    -19.16  -50.76    6.96    1.07    3.79    1.68    0.81    6.87    1.82    1.57    1.99    4.91    4.84    6.82    0.36    1.12    1.11    0.18    0.01    0.09    0.02    0.22    0.28    0.22    0.69    5.66    0.00    0.00    0.00    0.00    0.32    0.04    0.00    0.00    0.00    0.00    0.00    0.00    0.02    0.04    0.00    0.00    0.00    0.00    0.38    0.85    0.06
PSATFRCL   -19.12  -50.64   10.47    0.82    3.25    1.53    1.15    8.56    1.33    1.32    1.57    3.70    3.64    4.51    0.16    2.03    0.27    0.06    0.02    0.12    0.11    0.54    0.36    0.17    0.64    4.82    0.03    0.00    0.00    0.00    0.79    0.00    0.00    0.00    0.00    0.00    0.00    0.02    0.01    0.00    0.00    0.00    0.00    0.00    0.19    1.36    0.03
PSATISOT   -20.40  -51.35    1.65    7.69    8.40    1.89    0.41    4.12    1.72    0.28    0.37    4.41    4.16   10.15    0.62    0.12    0.23    0.01    0.00    0.25    0.00    0.04    0.13    0.17    1.75    5.24    0.05    0.02    0.04    0.00    0.00    0.05    0.00    0.00    0.00    0.00    0.00    0.00    0.04    0.04    0.00    0.00    0.00    0.00    0.74    7.52    0.83
PSATJUP    -20.86  -51.63    5.38    7.50    3.59    3.26    0.53    7.90    3.26    0.64    0.37    3.94    6.67   12.15    2.44    0.27    0.89    0.00    0.04    1.16    0.02    0.07    0.11    0.63    2.27    4.91    0.02    0.00    0.00    0.00    0.00    0.32    0.00    0.00    0.00    0.00    0.00    0.00    0.00    0.15    0.00    0.00    0.00    0.03    2.91    7.05    1.11
PSATSDG    -20.06  -53.18    4.09    5.07    4.94    4.16    0.32    5.80    2.55    0.52    0.30    3.16    3.29    7.90    4.40    0.23    1.07    0.02    0.07    3.05    0.65    0.14    0.13    1.50    0.56    5.30    0.00    0.00    0.00    0.01    0.03    0.58    0.00    0.00    0.00    0.00    0.00    0.05    0.11    0.16    0.02    0.00    0.00    0.02    7.18   13.33    0.77
PSATFZBT   -21.66  -52.87    2.82   20.44    7.48    2.91    3.09   11.15    0.65    0.33    0.10    2.23    4.19    2.42    6.28    0.43    0.22    0.44    0.41    4.08    7.10    0.99    0.33    0.60    2.30    7.27    0.00    0.03    0.04    0.00    0.18    0.29    0.00    0.00    0.00    0.00    0.00    0.64    0.11    0.03    0.93    0.04    0.02    0.19   18.12   10.13    0.00
PSATPPRA   -22.46  -52.91    1.17   15.46   13.64    1.93    0.43    5.80    0.78    0.04    0.01    1.71    3.21   11.01    3.25    0.46    0.16    0.04    0.11    4.61    0.08    0.05    0.12    0.41    3.14    3.47    0.07    0.57    1.49    0.00    0.26    0.14    0.00    0.00    0.00    0.00    0.00    0.01    0.01    0.09    0.01    0.00    0.00    0.07    8.29   15.71    0.26
PSATBTE    -13.69  -50.80    3.18    2.14    3.42    5.38    1.41    4.33    1.87    3.19    2.54    3.48    1.47    1.20    0.75    0.58    0.03    0.04    0.07    0.18    0.17    0.30    0.17    0.15    0.29    0.51    0.07    0.00    0.00    0.07    0.06    0.00    0.00    0.00    0.00    0.00    0.00    0.01    0.00    0.00    0.00    0.00    0.00    0.00    0.02    0.24    0.00
PSATARAG    -8.27  -49.26    5.75    2.70    1.86    4.11    1.47    3.37    2.06    3.46    4.13    6.28    1.96    4.03    1.82    0.67    0.24    0.18    0.07    0.08    0.14    0.09    0.15    0.31    0.24    0.47    0.77    0.27    0.50    1.12    0.35    0.09    0.08    0.11    0.01    0.01    0.01    0.04    0.01    0.00    0.00    0.02    0.14    0.02    0.02    0.07    0.20
PSATLAJ     -9.76  -48.37    6.07    4.44    0.37    0.86    1.11    2.67    1.69    6.36    3.26    8.31    1.23    3.27    0.43    0.04    0.02    0.02    0.00    0.02    0.10    0.08    0.05    0.02    0.04    0.04    0.14    0.02    0.34    0.40    0.04    0.00    0.01    0.00    0.04    0.00    0.01    0.05    0.00    0.00    0.00    0.00    0.00    0.00    0.00    0.00    0.00
PSATPTRL    -9.31  -47.39    8.44    1.52    0.14    1.37    1.98    3.69    2.71    3.41    6.25   10.14    5.65    3.79    0.44    0.06    0.05    0.02    0.00    0.02    0.48    0.27    0.36    0.20    0.20    0.19    0.98    0.49    5.20    0.86    0.35    0.06    0.08    0.00    0.01    0.02    0.04    0.12    0.00    0.00    0.00    0.00    0.02    0.00    0.00    0.00    0.02
PSATLJET    -7.33  -47.48    3.21    1.21    1.84    7.48    1.33    7.02    2.18    3.18    4.84   11.99    3.37    7.47    2.01    0.43    0.70    0.77    0.47    1.50    1.90    5.07    0.74    0.50    0.68    2.17    3.40    3.02    5.17    0.70    2.13    0.86    0.30    0.43    0.11    0.09    0.15    0.04    0.00    0.00    0.05    0.17    0.25    0.00    0.02    0.38    0.53
PSATUCR     -3.83  -49.65    5.14    6.18    4.14    9.32    3.43    3.57    3.97    4.22    3.14    5.77    3.07   11.72    3.77    2.68    5.65    1.41    1.28    3.26    4.52    9.29    3.14    0.79    3.24    4.51    3.71    3.88    1.84    1.12    3.36    4.53    0.72    1.24    0.87    0.57    0.96    1.05    0.19    0.03    1.90    0.34    0.65    0.32    0.79    0.86    0.75
PSATXIVJ   -29.07  -51.67    0.00    1.54    0.00    0.02    3.35    1.68    0.00    0.00    3.70   27.84    9.09    0.00    0.14    0.14    0.37    2.85   27.94    0.07   13.08   19.77    0.63   32.10   14.49    0.05    0.06    0.00    0.00    2.53    0.44    0.00    0.00    0.00    0.00    0.00    0.00    0.60    6.71    3.33    0.46    0.87    0.85   50.69   35.60   10.45    1.31
PSATDFRC   -29.45  -53.28    0.00    0.04    0.00    0.18    0.79    0.01    0.00    0.00   18.89   45.24    0.43    0.00    0.00    0.01    0.02   18.36   14.25    0.18   34.01    1.51    0.76   15.75    2.52    0.01    0.17    0.00    0.00    0.50    0.02    0.00    0.00    0.00    0.00    0.00    0.00    1.17   10.21    0.71    3.58   21.10   57.59   27.63   11.20   10.92    0.66
PSATREAL   -29.02  -53.19    0.00    0.25    0.00    0.06    0.78    0.05    0.00    0.00   12.16   38.49    0.43    0.00    0.14    0.03    0.01    8.50   30.59    0.03   32.69    3.13    0.13   27.98    3.03    0.02    0.19    0.00    0.00    2.04    0.26    0.00    0.00    0.00    0.00    0.00    0.00    2.00    7.51    1.14    3.22   10.52   47.72   34.81   14.59    7.66    0.82
PSATCTAV   -29.01  -51.39    0.00    0.19    0.00    0.47    9.83    5.66    0.00    0.00    1.71   29.49    3.13    0.00    0.11    0.52    0.98    1.36   19.08    1.01    6.87   16.71    0.32   28.97   23.03    0.04    0.04    0.00    0.00    0.90    0.06    0.02    0.00    0.00    0.18    0.01    0.00    0.02    6.66    3.83    0.04    0.21    0.31   59.22   39.37   12.10    2.11
PSATERNT   -28.56  -52.54    0.00    4.60    0.00    0.00    0.60    0.32    0.00    0.00    2.94   20.53    9.00    0.00    0.34    0.14    0.04    3.58   32.93    0.00   18.06   19.28    0.22   30.11   10.88    0.02    0.05    0.00    0.00    1.65    2.20    0.00    0.02    0.00    0.00    0.00    0.00    3.28    4.27    3.19    1.50    5.75    6.36   51.74   34.71    5.07    0.98
PSATSTPL   -27.14  -49.52    0.04   18.96    0.22    1.51    4.17   10.53    0.33    0.38    0.08    7.37   49.90    0.72   22.40    6.61    3.13    1.52   11.58    3.37    0.55   11.76    0.19    0.32   33.07    0.48    0.00    0.00    0.00    2.96    7.49    0.33    0.40    0.25    0.06    0.04    0.04    0.05    0.19    0.06    0.00    0.12    0.00   28.81   67.55    1.24    0.01
PSATCVCH   -25.14  -48.87    0.32   24.35   39.28    0.90    2.75    9.97    4.07    0.24    0.02    0.01   10.70   20.80    1.86    9.95    1.36    0.66    1.82    6.56    0.84    5.49    0.14    1.59   27.83   10.31    1.43    0.18    0.00    0.49   22.67   10.16    1.04    0.67    0.00    0.00    0.06    0.03    0.03    0.00    0.00    0.15    0.00    0.76    8.24    5.04    0.00
PSATAMY    -12.60  -69.12    3.75    1.81    2.20    6.55    9.50    7.29    6.89    5.16    3.27    4.52    6.97    2.12    0.54    0.42    0.57    0.47    4.02    1.28    0.74    0.72    0.62    7.32   12.22   11.61    1.01    0.29    0.54    0.73    1.57    1.80    2.24    1.48    1.83    2.26    1.96    4.10   24.72    6.76    2.32    1.82    1.73    2.06    1.35   14.30    1.93
PSATGJR    -10.73  -65.35    4.45    1.30    1.12    9.16    6.27    4.29    0.99    0.87    1.54    8.19    3.08    0.24    0.13    0.17    0.15    1.48    2.40    0.25    0.19    0.18    0.45    4.48    6.55    0.97    0.04    0.01    0.01    0.21    1.35    1.08    0.51    0.30    0.45    0.38    0.30    7.53    5.95    0.38    1.32    1.31    1.27   11.26    7.77    2.82    0.04
PSATPRNC   -12.43  -64.43    5.28    0.72    1.15    1.78    6.53    8.98    2.11    1.13    1.02    5.57    1.58    0.12    0.04    0.11    0.19    0.25    0.51    0.07    0.03    0.14    0.54    6.20    5.71    0.36    0.00    0.00    0.00    0.00    0.47    1.66    0.48    0.07    0.22    0.12    0.07    5.99    5.83    0.21    2.59    0.66    0.49    1.97   12.01    7.10    0.00
PSATSANT    -8.87  -63.97    0.46    5.22    1.18    1.58   20.02    5.27    8.30    2.02    1.99    4.23   10.85    3.78    2.32    0.99    1.09    1.34    2.71    0.40    0.70    1.22    2.21    5.09    4.36    3.27    0.23    0.00    0.01    0.04    1.12    2.95    2.48    0.81    0.76    0.57    0.26    0.48    6.36    7.81    6.32    3.11    1.08    2.46    1.93    3.35    0.09
PSATDARD   -10.16  -59.46    0.94    1.58    1.56   14.98    5.69    4.59    1.81    2.10    2.47    4.91   10.23    5.28    0.68    0.79    0.42    0.21    0.05    0.73    0.16    0.52    0.25    1.09    0.26    0.60    0.00    0.00    0.08    0.11    0.63    0.60    0.16    1.35    0.00    0.00    0.00    0.02    0.13    0.14    0.47    0.37    0.61    3.07    0.50    0.46    0.00
PSATGUAP   -15.12  -58.96   10.95    0.77    0.61    0.95    8.23   12.88    2.88    3.12    2.07    8.23    2.56    0.37    0.18    0.15    1.10    0.00    7.46    2.21    0.08    0.11    0.02    0.00    0.34    0.21    0.00    0.00    0.00    0.15    0.46    5.65    0.27    0.21    0.00    0.00    0.00    0.00    2.38    0.92    0.06    0.12    0.03    0.73   22.16    1.31    0.00
PSATJIRA    -9.25  -64.65    4.14    1.37    0.67    1.96    6.70    6.16    4.16    2.03    1.69    6.34    8.39    0.77    0.30    0.23    0.23    0.95    4.61    0.79    0.27    0.47    0.50    5.87    8.60    6.37    0.23    0.05    0.04    0.06    0.60    2.13    2.39    1.43    1.44    1.18    1.18    2.67   12.95    3.44    1.35    1.30    1.09    2.01    3.26    9.88    0.42
PSATROND   -11.99  -60.70    0.50    0.42    0.69    2.86   15.88    3.16    3.31    3.30    0.51    0.94    7.64    1.10    1.16    0.72    0.32    0.02    0.00    0.44    0.40    0.00    1.28    2.49    0.75    0.63    0.02    0.00    0.09    0.00    0.73    0.64    0.00    0.09    0.03    0.00    0.00    0.15    8.97    0.67    0.34    0.70    0.37    3.78    2.99    3.02    0.00
PSATSAMU    -8.75  -63.45    0.32    3.22    2.00    1.52   16.09    6.16    4.57    3.27    0.76    2.45    9.11    4.05    3.33    0.73    1.07    0.79    0.56    0.47    0.54    0.96    1.37    6.27    2.86    1.92    0.04    0.00    0.01    0.01    1.46    1.31    0.90    0.81    1.38    0.06    0.08    0.25    9.24    1.49    3.99    1.72    0.93    1.70    0.41    2.53    0.06
PSATBALB    -1.92  -59.47    9.93    6.77   14.65   21.92   15.71    8.94    5.94    5.49    8.39    8.69   12.41    4.39   10.15    8.69    2.55    8.89    7.89   10.50    4.33    1.57    9.31    5.17    7.87   10.60    7.49    7.42    2.92    3.71    4.29    8.18    4.28    2.16   13.80   12.64    1.97    3.26    7.96    4.29    4.62    4.87    4.11    2.47    1.45   20.91   18.73
PSATCUNA    -2.82  -54.30    5.79   13.95   13.00   30.00   19.19    3.30    3.96    7.34   15.34    4.21    4.68    3.82    6.81   30.13    8.51    3.49   11.61    6.33    4.93    4.60    5.24    3.87    4.10    9.22    3.15    3.36    2.79   10.28    9.98   19.18   13.79    2.96    2.54    4.52    1.22    1.16    0.86    0.46    2.29    3.16    3.02    0.92    0.75    0.88    3.63
PSATJARI    -0.65  -52.52    4.80    6.64   20.55   11.27   11.20   10.47    4.64   16.81   18.55   11.00   10.69    8.86    4.23    8.77   13.16    7.74    8.68   11.61    7.09    1.61    3.25   19.71   10.49   12.19    6.69    7.63    4.94    3.24    3.47    9.24   12.07   13.22    4.08    4.88    7.08    3.81    2.53    6.07    3.53    3.86    5.74    4.40    4.18    4.08    5.97
PSATFGOM     0.86  -51.20    8.03    6.99   33.54    6.86   11.44   11.69    7.97   17.12   18.46    7.98   11.68    4.36    3.76    9.52   17.83   10.60    8.28   14.06    6.95    1.79    7.18   22.28   14.60    8.60    4.32    9.13    2.68    0.95    2.79    9.68   11.92    8.67    4.80    6.82    6.84    9.12    6.23    3.49    3.52    2.19    8.42    5.86    4.22    4.11    9.65
PSATUBE     -6.75  -43.57    2.35    0.88    0.66    1.92    0.58    1.66    1.86    2.02    4.03    6.08    4.47    2.96    1.02    0.30    0.10    0.01    0.43    0.81    1.84    1.77    0.77    0.31    0.28    0.19    1.44    1.82    2.94    1.28    2.44    0.26    0.22    0.26    0.12    0.45    0.02    0.07    0.00    0.01    0.06    0.04    0.00    0.00    0.00    0.06    0.36
PSATBSOR    -6.74  -52.00    2.46    3.93    2.88    8.44    1.71    4.14    1.82    2.65    2.39    5.45    3.09    3.13    3.01    1.22    0.52    0.29    0.38    0.12    0.21    0.28    0.11    0.15    0.73    0.92    0.99    0.35    0.26    1.05    0.97    0.39    0.63    0.16    0.02    0.02    0.01    0.08    0.03    0.00    0.00    0.03    0.25    0.22    0.03    0.07    0.12
PSATBESP    -6.75  -51.77    4.33    6.31    1.54    5.24    3.22    1.73    3.91    4.43    2.13    4.37    1.58    7.03    2.18    2.12    1.86    0.76    0.58    0.34    1.48    0.96    0.63    1.14    1.90    3.05    5.16    3.11    1.92    1.85    3.47    3.22    1.28    0.65    0.27    0.15    0.27    0.34    0.09    0.00    0.08    0.41    0.45    0.78    0.12    0.59    0.66
PSATPIME    -3.41  -51.91    2.63    7.22    9.61   11.06    7.50    2.92    3.48    4.45    5.39    3.36    3.27    5.46    4.06    7.38    3.71    2.31    2.89    2.01    3.96    2.34    5.86    1.47    7.20    5.88    4.95    2.07    1.11    3.20    5.29    8.59    3.85    1.69    0.91    1.49    0.95    1.11    0.29    0.10    0.34    1.10    3.17    0.65    0.59    0.58    0.59
PSATIRAP   -16.74  -42.57    0.33    0.10    0.77    3.29    1.99    0.67    2.40    1.51    1.11    0.34    0.99    0.66    1.79    0.72    0.95    1.27    0.67    0.21    1.12    0.24    0.04    0.09    0.00    0.00    0.56    0.89    0.13    0.10    0.03    0.00    0.29    0.13    0.00    0.02    0.04    0.14    0.05    0.01    0.05    0.02    0.04    0.03    0.00    0.00    0.18
PSATITBI   -15.97  -39.59    0.67    0.49    0.13    4.54    2.45    1.03    4.82    3.80    1.75    1.19    1.03    1.26    1.89    2.21    2.30    1.46    1.25    0.23    1.21    0.71    0.34    0.14    0.01    0.00    0.33    0.56    0.31    0.33    0.42    0.04    0.50    0.25    0.01    0.05    0.12    0.38    0.19    0.07    0.25    0.10    0.33    0.41    0.67    0.26    0.52
PSATCOLI   -10.98  -55.77    5.56    1.60    5.14   15.23    3.59    4.09    1.49    2.03    1.29    6.23    4.31    2.35    1.06    1.39    0.26    0.02    0.01    0.84    0.24    0.05    0.00    0.01    0.21    0.49    0.02    0.00    0.00    0.04    0.61    0.00    0.07    0.14    0.00    0.00    0.00    0.00    0.01    0.01    0.00    0.00    0.00    0.20    0.09    0.45    0.00
PSATSAEL    -9.19  -57.04    1.08    4.94    8.10   11.33    4.38    4.71    1.57    4.86    2.37    3.07    3.24    3.71    2.23    2.39    1.11    0.62    0.07    0.00    0.22    0.16    0.01    0.15    1.50    2.97    1.86    0.05    0.24    0.57    1.50    0.13    2.16    0.29    0.04    0.00    0.00    0.06    0.01    0.00    0.00    0.00    0.56    0.25    0.14    0.07    0.00
PSATITQ    -17.09  -54.83    5.23    1.05    2.91    1.85    1.37    3.04    1.52    1.41    1.29    3.46    5.24    3.75    2.34    0.61    0.10    0.28    0.24    1.75    0.27    0.23    0.08    0.21    0.38    0.64    0.02    0.00    0.00    0.00    0.02    0.03    0.00    0.00    0.00    0.00    0.00    0.16    0.02    0.00    0.00    0.00    0.00    0.00    1.07    0.40    0.05
PSATJAU    -15.24  -58.73   14.87    0.67    0.52    1.74    8.45   11.18    2.46    2.46    1.67    8.18    2.51    0.53    0.17    0.13    1.55    0.00    5.81    1.97    0.06    0.06    0.01    0.01    0.30    0.15    0.00    0.00    0.00    0.08    0.57    2.92    0.22    0.19    0.00    0.00    0.00    0.00    1.73    1.17    0.18    0.09    0.02    0.55   18.98    1.17    0.00
PSATMAN    -14.87  -55.78    3.79    1.33    1.90    6.04    2.32    7.43    2.90    1.23    1.62    4.63    6.34    1.37    2.01    3.97    0.05    0.00    0.49    0.93    0.13    0.15    0.00    0.02    0.18    0.20    0.00    0.00    0.00    0.00    0.07    0.00    0.01    0.00    0.00    0.00    0.00    0.05    0.00    0.00    0.00    0.00    0.00    0.16    0.18    0.40    0.00
PSATPTP    -17.61  -54.83    6.83    0.94    3.16    2.61    0.97    6.79    1.18    0.71    0.79    5.57    8.03    4.21    3.38    0.38    0.62    0.08    0.01    1.13    0.26    0.03    0.06    0.31    0.35    0.53    0.05    0.00    0.00    0.00    0.00    0.15    0.00    0.00    0.00    0.00    0.00    0.20    0.02    0.08    0.00    0.00    0.00    0.03    1.85    1.28    0.55
PSATSTCL   -17.90  -40.20    1.18    0.61    0.02    8.71    2.23    1.23    8.22    4.58    3.21    4.47    0.66    0.80    4.28    3.92    8.83    3.48    1.55    0.35    2.49    1.38    0.26    0.04    0.01    0.00    0.69    0.50    0.17    0.10    0.05    0.00    1.11    0.72    0.02    0.20    0.31    2.09    0.36    0.11    0.18    0.17    0.98    0.78    0.78    0.00    2.11
PSATPDC    -12.58  -39.00    4.17    2.01    0.68    0.37    0.09    0.02    0.05    3.90    3.56    5.94    3.47    2.00    2.10    1.96    0.75    0.40    1.17    0.65    0.33    0.85    1.00    0.84    0.19    0.00    0.03    0.35    2.13   10.91    8.04    1.69    0.52    1.33    0.09    1.30    0.83    0.23    0.98    0.31    2.45    0.43    1.23    1.38    1.46    0.91    1.38
PSATROSA   -20.92  -41.72    1.18    0.60    0.51    8.62    2.23    0.19   15.29    2.86    1.90    0.56    0.09    0.58   12.32    0.76    0.33    1.30    1.06    1.70    5.12    1.08    0.11    0.74    0.20    1.10    8.50    1.80    0.45    0.24    0.54    1.39    4.01    0.68    0.01    0.00    0.01    0.43    0.11    0.00    0.00    0.00    0.00    0.07    0.00    0.00    9.17
PSATCAN    -20.21  -42.85    1.41    0.47    5.84    3.18    1.07    0.33    6.83    1.26    0.63    0.66    0.02    0.22    2.71    0.41    0.10    0.56    0.27    0.20    1.82    0.22    0.27    0.33    0.04    3.68    3.49    1.02    0.61    0.89    0.36    0.21    1.32    0.13    0.00    0.00    0.00    0.20    0.09    0.00    0.00    0.02    0.15    0.07    0.08    0.09    0.37
PSATSAC    -19.64  -42.85    1.22    0.35   10.99    2.11    0.32    0.68    4.28    1.71    2.26    0.84    0.04    0.46    0.36    0.51    0.48    0.71    0.78    0.57    0.68    0.36    0.18    0.57    0.03    0.35    1.88    1.59    1.37    0.21    0.09    0.04    0.37    0.01    0.01    0.00    0.00    0.23    0.12    0.00    0.01    0.09    0.27    0.11    0.07    0.01    0.67
PSATPES    -19.12  -42.66    0.86    0.45    4.02    3.04    0.46    0.86    5.02    4.44    2.68    0.72    0.69    0.87    3.63    1.54    1.39    1.89    1.02    0.42    1.47    0.72    0.04    0.03    0.03    0.02    1.57    3.53    0.45    0.15    0.09    0.00    1.30    0.68    0.02    0.03    0.01    0.53    0.25    0.02    0.12    0.18    0.36    0.13    0.05    0.01    3.34
PSATMAS    -19.50  -40.92    0.75    0.28    0.85    5.16    0.98    1.01    8.49    1.94    1.93    1.07    0.81    0.41    1.69    0.50    0.62    1.29    1.09    0.56    2.00    0.37    0.03    0.23    0.07    0.11    1.96    2.45    0.12    0.04    0.07    0.02    1.21    0.31    0.02    0.01    0.01    0.38    0.15    0.07    0.14    0.18    0.38    0.50    0.12    0.01    2.22
PSATSBR    -23.37  -45.87    0.60    5.74    6.72    6.89    5.99    1.77   10.14    1.97    0.09    0.04    0.12   12.45    3.28    1.37    6.25    0.13    0.89   13.25    2.63    0.06    0.54    0.84    5.01   12.45    3.58    2.14    0.16    1.14    0.11    2.85    6.21    0.76    0.02    0.00    0.01    0.00    0.00    0.00    0.00    0.00    0.00    0.00    0.00    4.71    0.03
PSATJAG    -23.20  -46.03    0.38    8.83    6.00    4.39    3.93    0.77    3.57    0.86    0.00    0.00    0.11    8.54    3.17    2.46    6.59    0.18    0.05    4.99    0.98    0.09    0.09    0.34    8.68   11.05    1.51    1.10    0.34    1.01    0.12    0.73    1.68    0.15    0.03    0.00    0.00    0.03    0.00    0.00    0.00    0.00    0.00    0.00    0.00    3.66    0.00
PSATFUNI   -22.53  -44.57    0.31    5.64    5.23    4.20    4.52    0.54    5.94    1.04    0.03    0.00    0.03    9.30    1.22    0.79    6.93    0.41    0.30    3.68    0.71    0.02    0.60    0.80    5.74    9.71    1.57    1.28    0.43    1.24    0.50    1.44    2.00    0.24    0.01    0.02    0.01    0.00    0.00    0.00    0.00    0.00    0.00    0.00    0.00    6.28    0.04
PSATSACE   -22.48  -43.84    0.66    1.29    1.22   11.42    7.29    1.28   12.55    2.51    0.47    0.01    0.00    8.51    1.63    1.62    3.91    0.11    0.33    6.14    2.47    0.07    0.47    1.44    0.50    8.75    3.62    2.72    0.14    1.56    0.08    2.66    4.14    0.55    0.03    0.00    0.00    0.02    0.00    0.00    0.00    0.00    0.00    0.00    0.00    2.01    2.88
PSATPIC    -21.91  -43.54    0.94    1.76    1.20    5.12    5.13    0.32    9.81    1.86    1.16    0.04    0.00    2.14    0.99    0.72    1.91    0.03    0.00    1.74    1.40    0.09    0.37    1.16    0.15    3.95    5.69    1.62    0.31    0.27    0.06    1.98    1.83    0.67    0.03    0.00    0.00    0.03    0.00    0.00    0.00    0.00    0.00    0.00    0.00    0.06    0.89
PSATSOGI   -21.94  -43.36    0.63    0.90    2.12    3.40    3.47    0.25    9.10    3.53    1.66    0.16    0.00    1.17    1.75    0.56    0.16    0.21    0.01    1.75    0.53    0.21    0.50    0.79    0.02    5.24    4.66    0.40    0.26    0.64    0.37    1.07    1.56    1.10    0.00    0.00    0.00    0.20    0.02    0.00    0.00    0.00    0.00    0.00    0.00    0.09    0.32
PSATIPSI   -21.84  -42.58    0.62    1.60    1.82    5.73    6.24    0.72    8.74    3.81    1.03    0.14    0.03    5.73    3.45    0.60    0.51    0.31    0.05    7.66    2.27    0.40    0.34    0.44    0.05    4.93    2.41    0.98    0.18    1.06    0.16    2.08    2.69    0.82    0.01    0.00    0.00    0.17    0.10    0.00    0.00    0.00    0.00    0.02    0.01    0.64    1.35
PSATTCLJ   -22.69  -43.83    0.40    1.07    2.81    4.25   10.25    2.53   13.40    1.79    0.05    0.00    0.01   18.22    3.65    0.26    0.02    0.05    0.00   20.40    7.14    0.03    0.20    0.87    0.93   21.58    5.33    1.25    0.03    0.34    0.03    1.86   11.05    0.34    0.03    0.00    0.00    0.00    0.00    0.00    0.00    0.00    0.00    0.00    0.00    7.20    1.65
PSATBIGU   -25.51  -53.67   15.32   41.99    1.22    0.21    0.95    4.36    0.02    0.08    0.03   18.86   13.19    9.06   29.30    6.56    1.74    0.64   17.44    9.62    1.91    4.19    0.36    1.84   21.01    0.11    0.00    0.00    0.00    0.68   19.64    2.26    0.24    0.00    0.00    0.00    0.00    7.61    2.91    0.19    1.63    5.27    0.44   57.67   57.91    2.15    0.32
PSATBRAU   -21.45  -42.41    0.70    0.51    1.47    8.54    3.19    0.27   10.79    4.52    0.64    0.44    0.03    0.98    9.33    0.40    0.14    0.66    0.27    0.38    2.04    0.37    0.32    0.12    0.01    3.01    1.39    0.62    0.50    1.23    0.12    1.50    3.65    0.37    0.00    0.00    0.00    0.44    0.23    0.00    0.00    0.00    0.00    0.01    0.02    0.00    0.43
PSATSUIC   -20.08  -40.58    0.82    0.81    0.05   26.65    1.52    0.24   14.02    0.72    2.00    1.53    0.39    0.52    2.91    0.05    0.40    2.98    2.99    1.94    2.38    1.34    0.29    0.95    0.02    0.00    7.03    2.17    0.58    0.03    0.49    0.34    0.98    0.61    0.00    0.00    0.09    0.24    0.15    0.18    0.09    0.15    1.92    0.85    1.19    0.15    8.48
PSATJRI     -9.30  -64.70    3.46    1.78    0.68    2.14    8.62    6.42    4.89    1.61    1.28    4.35    8.38    0.73    0.24    0.26    0.19    1.02    4.40    0.20    0.12    0.41    0.59    7.14    9.84    6.60    0.06    0.00    0.01    0.00    0.15    1.86    1.80    1.34    1.15    1.06    0.97    2.95   13.45    4.44    1.64    1.65    1.20    1.46    2.58   10.94    0.25
PSATBENI   -14.59  -67.53    5.18    0.45    0.69    1.86    2.78    6.05    2.48    3.19    3.06   11.84    7.06    1.12    0.58    0.21    0.36    0.62    4.65    2.37    0.66    0.71    0.22    1.82    6.39    5.52    0.72    0.19    0.15    0.23    1.86    2.38    3.44    1.46    1.77    1.42    1.78    1.57   12.42    0.56    0.69    0.50    0.82    3.73    5.22    6.90    0.93
PSATEPB    -12.42  -64.42    5.72    0.97    1.13    4.74    5.40    6.48    1.55    0.99    1.11    5.30    1.21    0.09    0.04    0.08    0.16    0.59    0.74    0.08    0.07    0.16    0.53    6.04    5.33    0.35    0.00    0.00    0.00    0.13    1.00    1.34    0.44    0.06    0.16    0.11    0.06    5.81    4.29    0.18    1.87    0.60    0.59    4.17    9.56    4.88    0.00
PSATEGM    -10.79  -64.35    3.75    1.22    1.13    8.19    7.57    5.74    1.31    0.96    1.66    9.58    4.14    0.30    0.16    0.22    0.16    1.50    2.82    0.31    0.19    0.18    0.42    3.98    7.26    1.23    0.05    0.01    0.01    0.14    1.03    1.27    0.58    0.40    0.60    0.50    0.40    8.21    8.03    0.48    1.70    1.62    1.46   11.88    9.24    3.92    0.05
PSATSTOA    -8.79  -63.95    0.46    4.57    1.21    1.58   19.35    5.27    8.10    1.93    1.85    4.25   11.55    3.25    2.16    0.93    1.06    1.39    2.37    0.39    0.67    1.13    2.28    5.34    4.46    3.10    0.15    0.00    0.02    0.04    1.15    3.13    2.19    0.78    0.82    0.59    0.25    0.47    6.88    7.93    6.30    2.96    1.11    2.57    2.02    3.45    0.10
PSATENC     -9.90  -66.62    3.55    1.96    0.52    0.98    6.04    3.88    4.98    2.42    0.83    1.53   16.19    0.91    0.08    0.24    0.36    2.04    7.51    0.46    0.32    0.28    0.93    9.08    5.06    9.43    0.02    0.01    0.02    0.00    0.12    4.09    4.56    2.45    3.29    1.67    0.97    4.88    6.68    5.80    2.13    1.54    1.25    0.51    1.05   12.77    0.04
PSATAMY1   -11.71  -70.63    1.54    2.65    0.61    1.66   13.08    7.83    6.91    3.82    1.84    2.19    6.50    0.29    0.00    0.00    0.02    0.18    3.63    0.63    0.18    0.13    0.17    1.54   12.01   13.65    0.17    0.01    0.01    0.02    0.02    0.53    0.92    0.83    0.91    1.85    0.97    2.34   10.54    7.85    1.28    0.73    0.81    0.46    0.26   15.10    3.79
PSATAMY2   -12.37  -71.17    6.33    1.14    1.62    6.29    9.42    8.91    8.48    5.90    3.39    3.39    7.80    1.59    0.32    0.15    0.25    0.55    5.39    1.52    0.40    0.79    0.90    7.80    8.29   11.39    1.26    0.28    0.31    0.47    1.20    1.81    1.76    1.33    1.39    1.30    2.40    3.56   19.12    8.17    2.54    2.44    2.04    2.33    0.91   14.79    1.62
PSATAMY3   -13.75  -70.18    3.39    2.67    5.09    9.18    8.08    4.86    4.98    5.79    4.82    6.59    7.71    4.95    1.41    1.17    1.63    0.64    2.03    1.92    1.89    1.40    0.97   13.10   16.92   10.38    1.64    0.70    1.69    2.12    4.05    3.47    4.84    2.66    3.65    4.40    2.73    5.98   40.07    4.80    3.55    1.94    1.81    2.91    2.16   13.34    1.24
PSATAMY4   -13.45  -69.47    1.91    0.81    1.66   10.75    4.74    4.99    5.86    5.00    2.80    7.60    4.47    2.10    0.62    0.60    0.60    0.52    4.92    0.87    0.74    0.50    0.19    7.00   13.99    9.67    0.87    0.14    0.18    0.33    1.12    1.26    1.57    1.12    1.58    1.77    1.31    4.36   37.09    5.06    1.39    1.89    2.36    2.70    2.74   13.76    0.92
PSATJRN    -13.37  -59.01    3.01    1.42    0.65    1.65    3.89   17.94    6.63    0.98    1.09    5.81    4.17    0.01    0.18    0.80    0.58    0.00    1.24    3.10    0.50    0.08    0.01    0.04    0.23    0.27    0.00    0.00    0.00    0.12    0.26    2.81    0.00    0.29    0.00    0.00    0.00    0.03    1.53    0.67    0.47    0.37    0.31    2.90    8.27    1.36    0.00
PSATAPI    -10.34  -56.98    1.76    3.28   10.10   11.34    6.28    3.02    1.16    2.77    1.17    3.63    5.13    4.47    0.53    3.36    0.60    0.02    0.01    0.03    0.24    0.17    0.05    0.01    0.59    1.19    0.18    0.00    0.11    0.11    2.07    0.11    2.08    0.48    0.02    0.00    0.00    0.02    0.00    0.00    0.02    0.00    0.17    0.20    0.42    0.16    0.00
PSATSALT   -29.32  -50.68    0.00    0.01    0.00    0.66   12.17    6.69    0.00    0.00    1.67   32.84    2.82    0.00    0.06    0.46    1.21    0.73   18.68    1.57    8.38   15.79    0.26   28.50   17.67    0.00    0.03    0.00    0.00    0.09    0.00    0.03    0.00    0.00    0.37    0.00    0.00    0.00    8.15    3.20    0.00    0.03    0.61   58.26   39.58   14.22    3.23
