PSATAGV    -19.89  -50.35    1.17   14.77   17.09    0.58    0.04    0.00    0.20    0.60    0.68    1.33    2.29    0.62    0.00    0.12    1.49   11.81    7.63    6.06    9.88    0.01    0.00    0.01    0.00    0.22    0.09    0.01    0.00    0.00    0.00    0.00    2.31    4.90    0.01    0.00    0.00    0.00    0.00    0.02    0.00    0.00    0.00    0.20    1.63    0.80    0.41
PSATCMG    -21.28  -44.63    0.80    3.23    3.50    3.94    1.85    1.78    6.71   12.29    0.37    0.31    1.43    2.40    0.57    0.64    0.41    0.26    0.09    0.01    0.25    1.43    1.65    1.29    3.21    9.47    1.80    0.05    0.01    0.00    0.00    0.00    0.00    1.79    0.47    0.01    0.13    0.45    0.80    7.90    1.10    0.80    0.84    5.24    1.22    2.20    1.61
PSATCES    -20.25  -48.16    0.85    9.22   24.34    1.04    0.61    0.07    0.56    0.96    0.33    0.19    1.61    1.56    0.00    0.00    0.33    2.30    1.10    0.45    6.37    0.32    0.01    0.00    0.34    0.63    0.15    0.06    0.00    0.00    0.00    0.00    0.05    3.86    0.01    0.00    0.00    0.00    0.56    0.43    0.19    0.00    0.02    1.75    1.07    1.20    1.33
PSATELC    -21.60  -46.95    0.78   15.57   13.19    2.81    1.15    0.66    0.58    1.01    0.20    0.03    2.94    1.54    0.02    0.04    0.01    0.37    0.02    0.30    6.71    0.63    0.00    0.03    3.94    8.47    1.05    0.02    0.00    0.00    0.00    0.00    0.00    8.26    0.04    0.01    0.00    0.00    1.52    1.91    0.52    0.01    0.08    4.03    2.73    0.49    2.73
PSATFUN    -21.14  -45.04    0.26    3.73   10.06    3.19    1.45    1.33    2.78    3.37    0.24    0.11    0.62    2.05    0.21    0.18    0.08    0.03    0.04    0.00    0.35    2.22    1.24    0.77    1.34    5.97    1.39    0.05    0.00    0.00    0.00    0.00    0.00    1.57    0.43    0.01    0.03    0.07    0.89    3.56    0.44    0.30    0.38    5.82    3.53    1.75    1.16
PSATFUR    -20.67  -46.32    0.66    8.81    8.77    1.82    1.11    0.46    1.91    1.25    0.17    0.07    1.28    1.58    0.09    0.08    0.02    0.11    0.00    0.01    1.11    1.61    0.35    0.22    2.47    3.39    0.90    0.11    0.00    0.00    0.00    0.00    0.00    3.66    0.06    0.00    0.02    0.02    1.14    1.74    0.56    0.02    0.18    5.51    6.30    1.93    1.29
PSATMRB    -20.30  -49.18    1.05   14.08   22.66    0.90    0.56    0.08    0.27    0.65    0.39    0.28    1.50    0.76    0.00    0.01    0.26    4.52    1.32    0.91    8.37    0.10    0.00    0.01    0.39    1.55    0.13    0.02    0.00    0.00    0.00    0.00    0.46    4.89    0.01    0.00    0.00    0.00    0.42    0.25    0.14    0.00    0.01    1.41    0.80    0.68    0.76
PSATPRG    -21.59  -45.67    0.65   11.17    8.41    4.64    1.26    0.56    5.68    3.28    0.40    0.32    3.18    1.28    0.12    0.18    0.05    0.01    0.00    0.08    2.78    0.64    0.00    0.25    2.41    7.98    0.76    0.02    0.00    0.00    0.00    0.00    0.00    6.67    0.14    0.12    0.08    0.42    0.49    3.50    1.00    0.09    0.05   19.52   13.47    3.70    1.22
PSATPAS    -21.02  -48.18    0.70   21.37   19.18    1.61    1.08    0.22    0.73    1.15    0.28    0.50    3.12    0.94    0.04    0.01    0.00    0.22    1.57    0.57    9.05    0.08    0.00    0.02    0.64    3.94    0.49    0.01    0.00    0.00    0.00    0.00    0.36   10.76    0.06    0.03    0.01    0.02    0.39    0.47    0.10    0.00    0.02    2.36    1.68    0.92    0.53
PSATPTB    -21.61  -45.49    0.43    5.68   11.95    5.87    1.75    1.15    3.70    3.87    0.08    0.14    2.08    1.85    0.12    0.25    0.12    0.03    0.00    0.01    2.02    1.54    0.12    0.21    1.49    6.01    0.71    0.01    0.00    0.00    0.00    0.00    0.00    4.15    0.05    0.00    0.05    0.16    0.92    6.11    1.16    0.21    0.24   15.34    8.20    2.95    0.75
PSATPTC    -20.00  -48.55    1.60    5.77   22.01    1.14    0.24    0.07    0.95    1.63    0.34    0.26    1.18    1.16    0.02    0.09    1.18    6.26    0.66    0.22    4.37    0.73    0.27    0.02    1.91    3.02    0.26    0.26    0.00    0.00    0.00    0.00    0.19    3.98    0.00    0.00    0.01    0.00    0.25    0.39    0.17    0.00    0.08    1.67    6.46    0.97    1.32
PSATFZA    -26.00  -51.65    8.12   63.24    0.30    0.08    0.16    3.73   16.47    0.74    1.66   23.29    0.20    0.77    0.35    0.18    0.28   19.71   22.03   33.89    1.19    0.06    0.01    0.07    0.31    0.34    0.05    0.01    0.00    0.00    0.00    1.96   24.44    3.79    0.82    0.00    0.01    0.07    0.06    0.11    0.01    0.05   13.15    1.06    0.00    0.23    0.69
PSATJSG    -25.78  -52.00    7.42   61.22    0.23    0.20    0.30    4.87   12.18    0.38    1.68   13.63    0.21    0.17    0.07    0.02    0.28   20.93   24.81   30.26    2.71    0.30    0.03    0.01    0.27    0.23    0.02    0.00    0.00    0.00    0.00    5.26   23.50    2.81    0.62    0.00    0.00    0.00    0.00    0.03    0.00    0.00   16.23    0.92    0.00    0.02    0.16
PSATSCX    -25.53  -53.48    8.65   64.61    0.45    0.71    0.59    9.15    7.55    0.17    2.35   10.67    0.52    0.01    0.00    0.00    0.98   25.62   32.92   25.16    2.01    0.50    0.14    0.00    3.12    0.39    0.01    0.00    0.00    0.00    0.00   17.26   26.84    1.98    0.07    0.00    0.00    0.01    0.00    0.00    0.00    0.00   15.61    0.74    0.00    0.01    0.01
PSATSCL    -25.49  -51.74    7.24   67.66    1.73    0.16    0.36   11.83    9.51    0.23    0.44   17.10    0.08    0.14    0.03    0.09    1.18   15.82   31.97   42.43    1.18    0.16    0.03    0.00    1.08    0.73    0.02    0.00    0.00    0.00    0.00    0.17   23.57    1.46    0.12    0.00    0.00    0.05    0.00    0.00    0.03    0.00   23.36    2.11    0.00    0.09    0.12
PSATUVT    -26.23  -51.08    7.37   51.35    1.99    0.27    0.27    0.61   13.12    1.45    1.98   16.83    1.43    1.94    1.55    0.36    0.85    9.81   19.01   48.92    1.40    0.02    0.19    0.66    0.86    1.17    0.33    0.01    0.00    0.00    0.00    0.05   21.97   21.07    0.44    0.01    0.03    0.08    0.09    0.58    0.03    0.10   10.67    2.22    0.03    0.83    1.13
PSATBSM    -24.19  -53.74    1.17   34.77    1.36    0.73    1.65   16.53    7.25    0.16    0.06    5.61    0.78    0.00    0.00    0.01    0.33   13.65   39.55   34.62    0.69    0.45    0.08    0.00   14.53    1.50    0.00    0.00    0.00    0.00    0.00    6.00   25.88    0.72    0.04    0.00    0.00    0.04    0.01    0.00    0.00    0.00   18.26    2.91    0.00    0.00    0.01
PSATFLE    -22.97  -54.56    5.49   16.40    1.21    0.89   29.71   17.41   13.64    0.75    2.52    6.57    1.66    0.01    0.00    0.00    0.19   18.71   31.15   14.30    0.43    0.11    0.03    0.09    3.29    1.63    0.01    0.01    0.25    0.00    0.00    7.58   24.70    0.13    0.00    0.00    0.00    0.03    0.00    0.00    0.00    0.00    1.98    1.70    0.29    0.01    0.00
PSATITP    -25.42  -54.58    1.62   34.39    1.40    0.60   12.07   16.00    4.22    0.25    1.70    3.04    1.31    0.08    0.00    0.00    0.78   25.18   36.93   24.92    1.03    0.37    0.12    0.00    8.42    1.28    0.00    0.00    0.07    0.00    0.00   40.51   18.68    0.45    0.00    0.00    0.01    0.03    0.00    0.00    0.00    0.00    6.51    1.37    0.37    0.00    0.00
PSATIVM    -22.38  -53.53    4.61   32.49    2.63    2.75   12.16   18.03    4.45    0.82    0.24    5.74    2.29    0.51    0.06    0.02    0.02   14.75   20.88   29.59    0.15    0.03    0.07    0.00    0.19    0.61    0.07    0.06    0.05    0.00    0.00    2.32   13.82    0.06    0.00    0.00    0.00    0.03    0.00    0.00    0.00    0.00    0.80    0.97    3.99    0.01    0.00
PSATPTQ    -23.18  -53.17    0.46   27.21    1.26    0.51    1.09    6.09    3.68    0.17    0.03   12.86    0.98    0.07    0.02    0.09    0.33   11.38   36.77   46.16    0.40    0.39    0.07    0.01    5.98    2.43    0.00    0.00    0.00    0.00    0.00    1.36   16.92    1.13    0.05    0.00    0.01    0.03    0.03    0.00    0.01    0.00    3.72    5.68    0.05    0.04    0.12
PSATCBI    -17.99  -48.54    0.36    0.21   21.71    2.89    0.43    2.59   11.85    2.84    2.27    0.19    0.15    1.86    1.42    1.47    1.11    1.46    0.05    0.02    1.37    0.61    0.89    0.07    0.03    0.21    0.00    0.01    0.00    0.00    0.00    0.00    0.00    0.70    0.08    0.00    0.00    0.00    0.09    0.09    0.07    0.00    0.01    0.64    3.49    2.53    2.20
PSATCBIV   -16.15  -48.67    0.69    0.99   12.13    7.17    0.35    6.07   10.76    3.26    3.20    0.13    0.21    4.21    2.12    1.19    0.33    0.29    0.02    0.13    1.14    0.91    1.07    0.01    0.02    0.32    0.00    0.02    0.00    0.00    0.00    0.00    0.00    0.40    0.07    0.00    0.01    0.00    0.03    0.12    0.28    0.02    0.02    0.71    4.60    3.10    1.53
PSATEMB    -18.45  -47.98    1.77    0.16   16.66    0.35    0.04    0.02    0.68    1.56    0.51    0.60    0.14    0.78    0.42    1.26    4.61    1.14    0.12    0.00    0.27    1.52    0.57    0.13    0.79    0.74    0.05    0.19    0.00    0.00    0.00    0.00    0.00    1.62    0.00    0.00    0.00    0.00    0.16    0.14    0.14    0.00    0.02    2.49    4.86    2.08    1.54
PSATIMBR   -18.42  -49.10    2.30    0.19   24.39    0.93    0.14    0.33    4.88    0.89    0.60    0.27    0.17    0.85    0.37    3.90    5.21    5.17    0.18    0.01    2.13    1.47    0.94    0.11    0.02    0.16    0.02    0.05    0.00    0.00    0.00    0.00    0.03    1.86    0.00    0.00    0.00    0.00    0.09    0.09    0.02    0.00    0.02    0.61    9.34    1.07    0.72
PSATNPTE   -19.13  -47.70    2.46    0.63   23.78    0.94    0.04    0.00    0.89    1.11    0.48    0.71    0.54    1.28    0.24    0.32    4.45    7.64    0.48    0.00    1.73    1.94    1.61    0.64    1.63    0.72    0.38    0.27    0.00    0.00    0.00    0.00    0.00    2.37    0.00    0.00    0.00    0.00    0.21    0.16    0.22    0.00    0.06    4.41    6.18    0.65    3.55
PSATARV    -18.07  -50.16    8.31    1.10   26.70    1.66    1.08    5.49   13.16    0.36    0.60    1.43    3.26    2.22    1.17    8.43    0.92    3.00    3.74    0.14    4.84    1.42    0.94    0.11    0.00    0.02    0.00    0.01    0.00    0.00    0.00    0.00    0.13    0.58    0.00    0.00    0.00    0.00    0.00    0.00    0.00    0.00    0.00    0.01    2.53    1.24    0.51
PSATSFC    -18.05  -47.68    0.60    0.06   11.15    1.35    0.33    1.66    7.41    4.41    3.17    0.41    0.16    0.60    0.57    1.13    0.96    0.23    0.00    0.00    0.15    0.69    0.66    0.05    0.05    0.21    0.01    0.00    0.00    0.00    0.00    0.00    0.00    0.51    0.02    0.00    0.00    0.00    0.29    0.06    0.10    0.00    0.02    1.55    8.34    4.09    1.56
PSATSSM    -19.02  -50.50    7.54    2.02   24.12    1.23    0.13    0.81    7.66    0.60    0.58    0.30    0.79    0.75    0.48    1.92    3.54   11.65    4.39    0.44    5.85    0.61    0.32    0.03    0.01    0.01    0.03    0.01    0.00    0.00    0.00    0.00    0.47    1.06    0.00    0.00    0.00    0.00    0.00    0.01    0.00    0.00    0.01    0.16    4.18    0.64    0.27
PSATCNI    -22.94  -50.52    0.04   21.33    9.45    0.45    0.05    0.08    0.80    0.32    0.02    7.65    1.78    0.27    0.01    0.03    0.01    1.09   13.20   12.64    3.36    0.03    0.01    0.04    0.01    0.23    0.01    0.00    0.00    0.00    0.00    0.00    2.28    4.80    0.13    0.02    0.02    0.01    0.00    0.04    0.00    0.00    0.33    0.14    0.22    0.08    0.00
PSATCPV    -22.65  -51.33    0.13   27.61    4.81    0.41    0.15    1.05    1.34    0.17    0.02   10.42    1.43    0.35    0.04    0.10    0.00    2.46   15.67   37.64    1.10    0.09    0.05    0.06    3.31    1.28    0.01    0.00    0.00    0.00    0.00    0.00    9.37    3.47    0.06    0.00    0.01    0.01    0.00    0.06    0.00    0.00    0.26    0.82    0.35    0.06    0.08
PSATCHT    -23.01  -49.73    0.06   14.69    4.08    0.25    0.06    0.91    1.93    0.32    0.06    3.97    1.74    0.42    0.21    0.43    0.06    0.79   16.28   23.13    3.28    0.03    0.01    0.05    6.68    1.71    0.08    0.01    0.00    0.00    0.00    0.00    4.43    7.70    0.48    0.00    0.09    0.10    0.03    0.05    0.02    0.04    0.35    0.61    0.16    0.14    0.48
PSATJUR    -23.22  -49.23    0.05   17.31    6.56    0.20    0.58    1.14    2.01    0.85    0.29    3.61    3.08    1.76    1.92    0.84    0.31    0.48   20.50    8.52    4.95    0.01    0.01    0.13    5.18    3.26    0.36    0.01    0.00    0.00    0.00    0.00    2.75    9.42    1.17    0.39    1.01    0.83    0.30    0.14    0.10    0.07    0.64    1.09    0.46    0.31    0.94
PSATMAU    -24.06  -50.71    0.53   23.14    1.27    0.39    0.14    1.23    3.68    0.38    0.07   12.76    0.82    0.37    0.19    0.25    0.25    6.91   26.25   37.21    1.09    0.26    0.03    0.02    5.17    0.55    0.03    0.00    0.00    0.00    0.00    0.00   11.12    7.04    0.24    0.00    0.03    0.03    0.04    0.26    0.02    0.03    2.96    4.80    0.02    0.09    0.44
PSATROS    -22.50  -52.87    0.56   37.70    3.11    0.69    0.43    0.93    1.40    0.18    0.04    6.22    1.30    0.33    0.00    0.00    0.00    6.13   12.83   45.42    0.32    0.21    0.21    0.04    0.04    0.26    0.00    0.00    0.00    0.00    0.00    0.03    9.45    0.30    0.01    0.00    0.00    0.04    0.01    0.00    0.00    0.00    0.10    0.35    0.86    0.00    0.00
PSATQMD    -16.21  -47.33    0.59    0.03    1.46    0.33    0.22    9.12    4.69    3.28    3.96    0.36    0.09    0.70    0.32    0.08    0.21    0.05    0.00    0.00    0.03    0.05    0.08    0.01    0.08    0.35    0.02    0.00    0.00    0.00    0.00    0.00    0.00    0.00    0.38    0.00    0.00    0.00    1.05    0.03    0.14    0.00    0.02    0.21    1.95    3.88    0.95
PSATRBX    -18.95  -44.76    0.27    0.67    6.35    1.71    0.42    0.27    0.67    2.07    0.17    0.11    0.10    1.72    0.52    0.09    0.06    0.09    0.01    0.01    0.12    1.27    2.02    0.82    0.90    2.28    0.62    0.14    0.00    0.00    0.00    0.00    0.00    0.07    0.14    0.00    0.00    0.03    0.42    0.44    0.32    0.14    0.30    0.26    7.15    2.53    0.90
PSATSFR    -15.93  -44.86    0.33    0.19    1.55    0.87    0.21    3.24    9.45    5.06    2.79    0.12    0.01    0.02    0.01    0.04    0.12    0.04    0.01    0.00    0.00    0.00    0.00    0.01    0.08    0.09    0.00    0.00    0.00    0.00    0.01    0.00    0.00    0.01    0.34    0.00    0.00    0.02    0.20    0.01    0.05    0.00    0.01    0.00    1.04    2.24    0.37
PSATSRM    -16.37  -45.07    0.55    0.12    5.54    0.79    0.30    0.29    5.65    6.02    0.71    0.20    0.03    0.37    0.23    0.25    0.88    0.29    0.04    0.00    0.02    0.35    0.86    0.42    0.24    0.26    0.09    0.04    0.00    0.00    0.01    0.01    0.00    0.04    0.37    0.01    0.00    0.00    0.06    0.03    0.16    0.04    0.11    0.18    2.85    2.06    1.05
PSATTMR    -18.16  -45.27    0.77    0.85   13.10    0.70    0.39    0.09    0.79    3.47    0.31    0.28    0.37    3.22    0.24    0.11    0.35    0.38    0.03    0.00    0.51    1.82    0.75    0.49    1.15    1.55    0.29    0.13    0.00    0.00    0.00    0.00    0.00    1.05    0.05    0.00    0.00    0.00    0.15    0.23    0.22    0.00    0.10    1.90    2.48    2.17    0.73
PSATBOQ    -11.35  -43.83    7.16    0.69    0.10    0.05    0.23    0.08    0.92    0.02    4.56    0.22    0.04    0.01    0.01    0.06    0.05    0.02    0.00    0.03    0.02    0.11    0.08    0.01    0.00    0.01    0.02    0.03    0.02    0.03    0.01    0.00    0.00    0.00    0.00    0.05    0.36    8.95    3.96    0.95    0.07    0.09    0.83    0.01    0.04    0.03    0.02
PSATBBO    -22.52  -48.55    0.13   20.76    9.36    0.71    0.92    0.63    2.26    1.35    0.15    1.97    4.23    1.17    0.87    0.17    0.07    0.02    4.15    0.85    4.98    0.06    0.00    0.03    1.58    4.75    0.32    0.03    0.00    0.00    0.00    0.00    0.82   14.62    0.61    0.63    0.56    0.48    0.10    0.96    0.33    0.02    0.01    5.24    1.76    0.87    0.33
PSATESZ    -23.46  -46.91    0.39    9.90   10.29    1.77    3.42    3.46    3.62    3.89    1.12    3.02    1.17    4.29    5.59    1.66    0.59    0.13    1.84    0.26    1.38    0.00    0.00    0.21    1.93    4.33    0.71    0.03    0.00    0.00    0.00    0.00    0.12   21.48    2.90    4.17    5.79    4.22    1.28    1.08    1.35    0.20    0.22    8.89    3.49    1.08    0.35
PSATIBT    -21.76  -48.99    0.14   24.07   16.92    0.44    0.22    0.07    0.50    0.41    0.08    3.64    2.50    0.56    0.02    0.00    0.01    0.47    4.73    3.37    5.53    0.00    0.00    0.00    0.10    1.37    0.11    0.01    0.00    0.00    0.00    0.00    1.35    5.96    0.03    0.03    0.01    0.01    0.02    0.14    0.01    0.00    0.00    0.30    1.09    0.49    0.00
PSATNAV    -21.12  -50.20    0.27   29.77   21.17    0.67    0.08    0.01    0.07    0.31    0.15    7.21    2.75    0.49    0.01    0.00    0.00    2.57    7.43   10.39    7.29    0.00    0.00    0.01    0.00    0.20    0.03    0.00    0.00    0.00    0.00    0.00    1.78    3.63    0.00    0.00    0.02    0.00    0.03    0.01    0.00    0.00    0.00    0.06    0.60    0.27    0.05
PSATSME    -13.40  -48.30    2.21    2.44    5.45    1.80    3.08    2.14    4.48    3.77    2.01    0.91    0.45    4.89    1.09    1.16    0.21    0.81    0.08    0.01    0.71    0.38    0.34    0.04    0.03    0.47    0.01    0.07    0.00    0.00    0.00    0.00    0.00    0.26    0.17    0.00    0.00    0.00    0.08    0.17    0.22    0.01    0.00    0.05    1.84    1.23    1.31
PSATBGR    -27.78  -51.20    0.00    0.51    0.02    0.04    0.61    0.33    1.07    1.10    5.57   20.35    2.47    2.54    0.51    0.01    0.07    7.69    2.25   18.34   15.86    1.37    0.05    0.04    0.06    0.06    0.03    0.00    0.00    0.00    0.00    2.04   37.69   38.26    0.71    0.16    0.07    0.02    0.00    0.29    0.11    0.00    6.23    2.02    0.24    1.29    0.10
PSATCNV    -27.60  -51.33    0.30    8.13    0.05    0.04    0.38    0.53    3.82    1.18   13.33   22.05    1.92    2.79    1.17    0.03    0.11   10.48    4.19   38.14    5.36    1.43    0.03    0.30    0.20    0.33    0.21    0.00    0.00    0.01    0.00    1.57   33.19   43.07    0.74    0.02    0.01    0.00    0.06    0.35    0.05    0.04   10.29    3.08    0.03    0.86    0.24
PSATFCH    -27.14  -53.04    0.41   11.05    0.00    0.00    0.01    0.29    2.35    0.13   28.81    9.64    0.71    0.02    0.00    0.00    0.24   14.94   18.91   22.90    5.07    1.18    0.07    0.00    0.00    0.06    0.00    0.00    0.00    0.00    0.00   10.57   24.84    3.27    0.05    0.09    0.02    0.00    0.03    0.00    0.02    0.00   12.97    1.02    0.02    0.00    0.00
PSATITA    -27.27  -52.38    1.92   14.22    0.01    0.01    0.04    0.35    7.90    0.42   17.25   19.56    1.17    0.31    0.23    0.01    0.11   12.54    9.97   33.37    3.32    0.77    0.05    0.07    0.02    0.10    0.02    0.00    0.00    0.00    0.00    5.25   24.43   16.19    1.02    0.07    0.01    0.00    0.00    0.03    0.01    0.01   13.21    0.85    0.06    0.07    0.07
PSATMCD    -27.52  -51.78    0.02    2.59    0.01    0.00    0.06    0.05    4.58    0.21   25.95   23.72    1.05    0.08    0.02    0.00    0.00    8.35    8.08   22.15    5.95    0.97    0.08    0.01    0.00    0.00    0.02    0.00    0.00    0.00    0.00    5.95   29.82   15.23    0.17    0.05    0.00    0.00    0.00    0.03    0.00    0.00    9.89    0.93    0.14    0.05    0.00
PSATMOJ    -27.35  -52.73    0.01    2.58    0.00    0.00    0.13    0.00    0.50    0.16   43.43   20.77    0.38    0.02    0.00    0.00    0.23   17.49   16.73    8.73    3.92    0.43    0.01    0.00    0.00    0.00    0.00    0.00    0.03    0.00    0.00   16.30   20.90    2.96    0.02    0.06    0.02    0.00    0.00    0.02    0.00    0.00   14.77    0.69    0.05    0.00    0.00
PSATQQX    -26.66  -52.54    6.44   27.67    0.00    0.21    0.38    3.91   12.52    0.27    3.26   11.26    1.02    0.11    0.02    0.00    0.10   22.25   20.84   38.77    3.04    0.45    0.05    0.02    0.00    0.09    0.00    0.00    0.00    0.00    0.00   21.51   24.28    7.19    0.70    0.00    0.02    0.00    0.00    0.00    0.00    0.00   17.46    0.73    0.00    0.05    0.03
PSATPSJ    -28.14  -55.05    0.00    0.04    0.00    0.02    0.17    0.00    0.00    0.00   18.02   13.66    0.10    0.00    0.00    0.00    0.43   29.47   33.12    8.11    8.27    0.15    0.01    0.00    0.00    0.00    0.00    0.02   13.00    0.02    0.01   43.83    6.11    0.21    0.00    0.01    0.05    0.00    0.05    0.00    0.00    0.00    7.62    0.08    0.12    0.13    0.00
PSATESP    -18.68  -51.87    4.75    0.66    3.09    6.21    9.06    3.43    5.99    0.51    0.14    4.11   11.17    0.81    0.93    5.62    1.40    4.01   12.15    5.55    4.38    0.46    1.39    0.46    1.92    0.21    0.31    0.27    0.06    0.00    0.00    0.00    0.40    1.50    0.00    0.00    0.00    0.00    0.00    0.00    0.00    0.00    0.00    0.00    0.15    0.76    0.79
PSATSRC    -19.16  -50.76   14.52    0.65    6.54    3.41    4.53    5.00    8.52    0.23    0.42    3.33    7.50    0.82    0.77    3.35    3.74    9.37    7.97    8.11    6.44    0.46    0.51    0.18    0.58    0.20    0.04    0.04    0.03    0.00    0.00    0.00    0.22    0.41    0.00    0.00    0.00    0.00    0.00    0.00    0.00    0.00    0.00    0.00    0.52    0.87    0.98
PSATFRCL   -19.12  -50.64   13.45    1.18    9.69    1.88    6.10    9.41    7.15    0.45    0.53    1.73   10.72    1.18    0.95    7.81    5.53    6.28    6.02    2.80    8.05    1.37    0.60    0.18    0.37    0.09    0.05    0.06    0.00    0.00    0.00    0.00    0.18    0.06    0.00    0.00    0.00    0.00    0.00    0.00    0.00    0.00    0.00    0.00    0.53    1.48    1.74
PSATISOT   -20.40  -51.35    3.02   14.33   20.48    1.78    0.15    1.04    2.31    0.34    0.55    2.92    2.68    0.55    0.04    0.05    0.72   12.75   20.07   16.37    7.00    0.01    0.01    0.00    0.00    0.06    0.02    0.01    0.00    0.00    0.00    0.00    3.08    1.79    0.01    0.00    0.01    0.00    0.00    0.00    0.00    0.00    0.00    0.01    0.55    0.71    0.25
PSATJUP    -20.86  -51.63    5.95    7.37   10.70   10.36    1.91    3.58    6.84    0.41    0.32    3.79    4.30    0.69    0.20    0.28    1.06   10.59   15.88   19.60    3.58    0.08    0.10    0.12    0.18    0.06    0.04    0.04    0.01    0.00    0.00    0.00    6.64    2.98    0.00    0.00    0.00    0.00    0.00    0.00    0.00    0.00    0.00    0.01    0.23    0.98    0.23
PSATSDG    -20.06  -53.18    7.87    0.95    5.16   11.32    3.05    2.82    5.99    0.62    0.16    4.80    0.76    0.79    0.33    0.19    0.69    9.56    7.79   32.23    1.57    0.00    0.00    0.00    0.12    0.09    0.03    0.05    0.08    0.00    0.00    0.00    5.04    0.63    0.00    0.00    0.00    0.00    0.00    0.00    0.00    0.00    0.00    0.00    0.45    0.79    0.19
PSATFZBT   -21.66  -52.87    3.46   18.44    9.58    4.79    0.61    3.69    6.99    0.53    0.09    6.06    1.52    0.71    0.03    0.02    0.09   10.22    8.36   37.32    0.44    0.02    0.01    0.02    0.00    0.35    0.02    0.01    0.01    0.00    0.00    0.10    6.23    0.17    0.00    0.00    0.00    0.01    0.00    0.00    0.00    0.00    0.00    0.30    1.29    0.14    0.02
PSATPPRA   -22.46  -52.91    0.44   21.16   22.23    1.07    0.20    0.38    1.57    0.17    0.16    8.44    1.83    0.82    0.00    0.00    0.00    7.24   12.93   24.18    1.13    0.04    0.02    0.03    0.00    0.10    0.01    0.00    0.00    0.00    0.00    0.00    6.72    2.09    0.02    0.00    0.00    0.01    0.00    0.00    0.00    0.00    0.06    0.36    0.57    0.11    0.00
PSATBTE    -13.69  -50.80    4.13    4.26   23.54    5.99    2.70    6.04    2.93    0.47    2.44    5.55    8.65    2.98    3.52    4.11    1.01    2.38    5.27    0.65    4.54    0.46    0.81    0.28    0.11    0.34    0.08    0.05    0.01    0.00    0.00    0.00    0.10    0.16    0.00    0.00    0.00    0.00    0.00    0.00    0.02    0.00    0.00    0.20    1.86    0.39    1.16
PSATARAG    -8.27  -49.26    1.89    2.01    1.70    3.08    4.01    2.00    0.61    1.61    2.64    7.30    4.59    6.58    6.04    7.01    3.78    1.81    2.60    3.87    2.73    0.70    1.19    0.53    0.65    1.82    0.68    0.24    0.03    0.00    0.03    0.01    0.04    0.05    0.01    0.00    0.00    0.00    0.00    0.54    0.08    0.66    1.59    0.25    1.36    0.88    0.05
PSATLAJ     -9.76  -48.37    1.90    1.71    0.16    1.03    1.66    1.14    1.89    1.19    2.38    3.09    1.08    0.22    0.70    2.63    3.46    0.58    0.22    0.77    0.23    0.34    0.17    0.28    0.13    0.30    0.05    0.13    0.03    0.00    0.00    0.00    0.00    0.01    0.12    0.02    0.00    0.04    0.42    0.72    0.06    0.19    0.61    0.08    0.03    0.19    0.28
PSATPTRL    -9.31  -47.39    0.33    0.75    0.01    0.09    0.08    0.08    0.20    0.28    1.40    5.64    1.51    0.24    0.69    8.30    2.94    1.42    0.21    0.16    0.91    0.84    0.50    0.28    0.09    0.07    0.05    0.01    0.00    0.00    0.00    0.00    0.00    0.00    0.04    0.02    0.03    0.05    0.27    2.66    0.05    0.18    6.32    0.13    0.03    0.11    0.15
PSATLJET    -7.33  -47.48    3.32    0.44    0.52    0.26    0.50    0.96    5.03    0.67    1.26    4.22   10.57    2.06    4.14    7.21    2.10    3.72    1.81    2.65    4.03    2.10    2.71    2.19    1.26    0.62    0.54    0.13    0.02    0.04    0.22    0.10    0.03    0.05    4.07    4.79    1.45    0.52    7.98    1.94    0.25    1.43   13.98    0.36    0.09    0.04    0.16
PSATUCR     -3.83  -49.65    2.78    7.89   17.49    5.78    2.02    6.70    5.71    0.79    0.91    1.07    1.27    2.62   11.30   12.54    3.20    3.24    3.14    5.40    2.76    1.72    2.07    2.23    1.42    1.07    0.74    0.68    0.23    0.57    0.67    0.58    0.85    0.45    8.40    6.12    7.82    4.97   13.74    9.27    8.53   11.41   11.39    1.00    0.50    0.51    1.21
PSATXIVJ   -29.07  -51.67    0.00    0.03    0.00    0.00    0.13    0.04    0.09    0.30    4.00    8.51    0.94    1.72    0.02    0.01    0.07    7.81    7.72   10.75    8.43    1.12    0.07    0.00    0.05    0.02    0.00    0.00    0.11    0.23    0.00   14.08   38.88   18.30    1.65    0.63    0.14    0.03    0.00    0.06    0.03    0.00   12.04    0.99    0.09    0.18    0.03
PSATDFRC   -29.45  -53.28    0.00    0.00    0.00    0.02    0.22    0.00    0.00    0.00    0.97    5.28    0.55    0.23    0.00    0.00    0.36   13.98   19.78   19.84   10.65    0.03    0.01    0.00    0.00    0.00    0.00    0.01    8.67    5.71    0.00   29.43    8.96    0.68    0.02    0.07    0.12    0.10    0.02    0.07    0.05    0.00   10.93    0.47    0.41    0.32    0.00
PSATREAL   -29.02  -53.19    0.00    0.05    0.00    0.01    0.12    0.00    0.00    0.00    8.77   12.73    0.26    0.06    0.00    0.00    0.15   11.80   16.05    7.49    6.71    0.20    0.02    0.00    0.00    0.00    0.00    0.00    1.75    2.00    0.00   27.57   11.80    1.55    0.01    0.15    0.16    0.02    0.00    0.13    0.05    0.00   11.29    0.67    0.24    0.11    0.00
PSATCTAV   -29.01  -51.39    0.00    0.02    0.00    0.00    0.90    0.05    0.19    0.34    0.78    6.53    4.01    1.87    0.32    0.00    0.11    6.56    1.64    3.51   15.79    1.16    0.02    0.00    0.04    0.00    0.00    0.00    0.01    0.02    0.00    8.91   45.24   34.74    2.12    0.64    0.31    0.22    0.04    0.03    0.15    0.00   10.00    1.45    0.62    2.42    0.09
PSATERNT   -28.56  -52.54    0.00    0.59    0.00    0.00    0.13    0.00    0.49    0.13   25.62   24.80    0.18    0.02    0.00    0.00    0.03   12.81   17.92    9.74    4.58    0.50    0.02    0.01    0.00    0.00    0.00    0.00    0.27    0.09    0.00   20.00   26.15    6.04    0.17    0.06    0.03    0.00    0.00    0.08    0.00    0.00   14.22    0.49    0.17    0.00    0.00
PSATSTPL   -27.14  -49.52    0.36   13.90    0.12    0.03    0.29    0.65    1.32    1.18    6.75   19.04    2.14    3.67    2.16    0.09    0.14   10.67    6.45   47.60    4.35    0.15    0.05    0.43    0.39    0.59    0.46    0.10    0.02    0.06    0.01    0.02   38.15   40.02    0.16    0.01    0.00    0.00    0.05    0.84    0.07    0.07   12.49    4.18    0.01    0.65    0.39
PSATCVCH   -25.14  -48.87    0.31   24.99    2.36    0.10    0.63    0.96   10.94    3.54    2.67    7.70    0.89    2.85    3.97    1.16    1.31    5.08   18.94   24.66    1.88    0.02    0.23    1.51    4.12    2.11    0.64    0.03    0.00    0.03    0.00    0.00   10.96   33.48    2.08    0.03    0.06    0.37    0.46    0.64    0.03    0.21    2.72    4.36    0.00    0.37    1.04
PSATAMY    -12.60  -69.12    5.54    3.03    3.43    5.64    8.73    4.93   11.24    8.78    4.47    7.84    6.82    2.79    3.70    2.86    2.60    3.35    6.48    6.60   10.97    2.37    2.92    1.90    1.36    2.85    1.14    1.88    1.52    1.74    4.03    7.80   16.88    0.91    0.24    0.37    0.24    0.31    0.14    0.11    0.11    0.13    0.47    0.20    0.98    2.84    2.57
PSATGJR    -10.73  -65.35    8.80    1.36    1.31   13.82    7.41    1.28    1.53    1.33    2.07    5.72    5.13    2.29    1.68    8.82    2.15    7.02    8.61    2.17    1.08    0.34    1.36    0.77    2.52    0.86    0.92    1.24    1.35    0.54    1.77   25.61    7.95    0.02    0.00    0.01    0.02    0.02    0.02    0.07    0.03    0.05    0.09    0.43    1.20    0.52    0.70
PSATPRNC   -12.43  -64.43    5.45    1.14    0.63    5.01   11.38    2.05    1.01    2.22    3.04    6.68    6.71    3.56    2.04    5.53    1.68    2.00    6.45    4.31    2.89    0.73    1.70    0.99    0.74    1.17    0.83    1.10    1.75    0.40    0.62   19.65    5.54    0.00    0.00    0.00    0.00    0.00    0.00    0.00    0.00    0.00    0.15    0.27    2.12    0.79    0.67
PSATSANT    -8.87  -63.97    0.28    4.35    1.20    1.82   16.09    2.88    3.79    4.63    2.89    2.96    5.16    6.00    1.42    0.40    0.95    1.92    5.64    2.93    5.26    4.79    5.20    1.74    3.16    1.55    1.84    5.99    3.47    1.07    0.85    0.37    6.79    0.00    0.00    0.00    0.00    0.00    0.00    0.00    0.00    0.00    1.17    2.02    1.94    3.76    1.50
PSATDARD   -10.16  -59.46    8.41    0.77    9.36    1.34    8.85    2.75    2.63    2.15    2.34    6.77    4.77    8.91    1.77    4.78    5.12    5.47    3.78    8.37    6.44    1.55    4.99    1.68    2.66    3.29    2.66    1.05    0.39    0.38    2.63    1.13    7.87    0.00    0.00    0.00    0.00    0.00    0.00    0.00    0.00    0.00    0.62    0.84    2.77    2.13    0.51
PSATGUAP   -15.12  -58.96   17.11    3.65    0.69    0.99   14.73    8.91    7.04    2.68    6.15    3.11    8.90    2.76    6.03    8.15    0.79    2.44    9.75    5.80    2.46    0.67    2.88    0.66    0.76    1.86    0.79    0.61    0.52    0.00    0.00    9.46    4.49    0.06    0.00    0.00    0.00    0.00    0.00    0.00    0.00    0.00    0.82    0.98    2.26    0.03    0.43
PSATJIRA    -9.25  -64.65    7.69    1.63    1.28    5.14   10.87    3.66    9.16    7.12    3.38    4.45    8.46    4.29    1.79    2.46    4.60    2.91    8.08    4.83    3.04    1.13    2.23    1.04    0.86    1.28    1.16    1.60    1.88    0.77    1.20    5.84   18.08    0.17    0.03    0.03    0.01    0.03    0.05    0.04    0.07    0.03    0.16    0.24    1.64    1.41    0.95
PSATROND   -11.99  -60.70    0.63    2.28    0.48    1.50   18.09    7.30    1.13    7.93    1.13    6.45    4.90   10.99    2.26    9.75    1.98    2.24    5.87    5.34    6.76    1.13    7.13    2.11    3.23    1.40    1.95    1.40    1.86    0.58    0.82    0.52    6.16    0.00    0.00    0.00    0.00    0.00    0.00    0.00    0.00    0.00    0.43    0.49    2.56    1.56    0.92
PSATSAMU    -8.75  -63.45    0.11    4.84    0.70    2.30    8.19    6.06   10.77    5.38    1.56    6.25    3.63    2.74    1.82    0.57    0.82    2.02    6.33    1.60    5.39    4.22    5.94    2.34    1.80    1.54    2.04    5.55    2.38    2.43    0.65    0.31    7.66    0.00    0.00    0.00    0.00    0.00    0.00    0.00    0.00    0.00    0.48    2.32    1.62    1.65    0.74
PSATBALB    -1.92  -59.47    1.68    3.89   26.54   19.86   18.07   35.27   16.78    5.63    8.78    1.40    2.10    2.33    9.27   11.62    4.91    7.02    5.81   10.28    5.03    9.91    6.13    2.70    9.31    5.74    3.01    8.50    3.85    2.20   10.24   12.08   12.88   16.71   19.89   15.13   12.27   18.59    8.45   16.19   18.08    7.83   14.58    5.42    2.76    3.21   10.55
PSATCUNA    -2.82  -54.30    0.45   14.30    8.09    2.22    8.14    8.72    2.37   13.51    3.88    0.58    0.28    1.33    1.29    4.76    2.32    1.71    5.54   16.08    6.54    2.13    3.31    6.18    2.67    2.49    0.72    1.26    0.50    0.81    1.97   20.73    1.57    1.94   14.63   12.65    9.83   13.55   17.62    9.98   13.84    6.16    7.07    1.52    0.63    4.34    4.55
PSATJARI    -0.65  -52.52   11.62   12.29   24.06   21.54   17.76    9.81    5.86   11.34    7.28    3.33    4.68    4.84    5.86    4.47    5.97    8.74    6.52   10.11   11.71    4.92    4.89    4.92    9.25    5.84    0.38    1.16    0.45    7.53    4.51    7.16    5.76    9.04   12.12   19.25   10.71   17.36   11.52   14.88   13.87   20.41    4.82    2.61    3.18    1.48    8.26
PSATFGOM     0.86  -51.20    9.77   17.11   25.77   30.52   14.83    6.91    7.00   10.85    9.57    6.26    3.86    4.91    5.08    4.41    6.10    6.92    7.33   15.35   16.67    4.81    6.02    6.27    8.56    1.66    0.27    0.93    0.56    9.80    7.48    7.48    7.69    7.80   13.12   12.79   12.00   15.91   11.31   16.44   13.87   17.69    6.24    2.22    2.09    2.79   14.57
PSATUBE     -6.75  -43.57    1.85    0.52    0.11    0.22    0.30    0.41    6.84    0.32    0.17    0.88    5.39    0.41    0.59    2.85    1.35    0.64    0.68    1.50    3.07    1.63    0.96    0.24    0.09    0.03    0.07    0.00    0.00    0.00    0.00    0.00    0.00    0.01    1.12    2.65    7.50    5.81   12.11    0.49    0.30    0.44    6.12    0.15    0.03    0.04    0.13
PSATBSOR    -6.74  -52.00    0.92    1.69    0.89    4.64    8.45    0.85    2.45    2.36    4.50    3.38    5.37   12.81    7.65    7.26    6.09    2.96    3.71    3.32    4.35    1.46    2.07    1.27    1.83    2.96    1.64    0.60    0.14    0.01    0.17    0.11    0.63    0.07    0.05    0.05    0.01    0.01    0.03    0.08    0.65    2.23    1.68    0.94    1.36    0.74    0.24
PSATBESP    -6.75  -51.77    1.38    1.51    0.51   11.43    1.18    1.78    2.48    0.89    0.35    1.07    1.22    2.57    5.69    4.88   10.59    5.27    3.71    5.12    2.71    2.29    2.01    1.71    2.92    1.68    0.60    0.27    0.25    0.17    0.60    0.39    1.06    0.11    0.61    1.33    0.24    0.31    0.80    1.60    4.06    9.93   10.07    2.26    0.63    1.32    0.68
PSATPIME    -3.41  -51.91    1.33    5.71    8.59    3.65    4.37    4.26    4.85    4.04    1.21    1.16    0.89    8.63    6.43    8.71    9.09    4.19    6.94    6.05    5.90    2.02    2.33    3.14    3.30    2.56    0.71    0.66    0.32    0.74    1.70    3.74    2.16    1.13    5.44    6.50    5.73    7.23    4.75    4.69    7.98    9.55    9.63    1.88    1.16    1.38    2.38
PSATIRAP   -16.74  -42.57    0.72    0.10    0.01    1.09    3.91    0.82    1.97    1.97    0.90    0.30    0.00    0.05    0.19    0.28    0.22    0.06    0.06    0.03    0.00    0.01    0.92    0.39    0.32    0.14    0.10    0.04    0.00    0.02    0.12    0.14    0.02    0.00    0.61    0.33    0.18    0.00    0.03    0.03    0.09    0.02    0.43    0.05    0.23    1.92    1.78
PSATITBI   -15.97  -39.59    1.06    0.36    0.05    0.67    3.90    2.04    3.56    4.00    1.81    1.12    0.09    0.01    0.05    0.26    0.22    0.28    0.26    0.59    0.01    0.09    0.61    0.64    0.76    0.62    0.53    0.38    0.31    0.39    0.79    0.55    0.19    0.00    0.11    2.71    0.66    0.02    0.18    0.08    0.12    0.09    0.82    0.30    0.10    0.94    1.03
PSATCOLI   -10.98  -55.77    0.34    7.82    3.35    8.19    9.83    1.57    5.83    2.10    4.29    5.13   14.73    5.13    3.46    7.07    4.08    1.91    6.73    1.38    7.61    1.04    3.90    1.21    2.13    1.79    0.90    0.44    0.35    0.00    0.00    0.00    0.09    0.00    0.00    0.00    0.00    0.00    0.00    0.00    0.00    0.01    0.06    0.85    3.54    0.74    0.14
PSATSAEL    -9.19  -57.04    3.35    4.13    3.95    0.44    0.54    2.43    2.54    0.55    1.65    0.80    7.10    2.21    4.69    2.57    6.14    2.16    4.25    2.53    6.19    1.92    1.55    0.26    3.90    3.62    1.02    0.20    0.03    0.01    0.23    0.29    0.74    0.09    0.00    0.00    0.00    0.00    0.00    0.00    0.06    0.66    2.70    3.42    5.41    0.42    0.12
PSATITQ    -17.09  -54.83    1.32    3.53    0.84    6.15    3.95    7.89    7.73    0.37    4.00    3.04    5.41    1.50    3.03    3.27    0.65    3.38   15.72    3.96    3.97    0.02    0.38    0.55    1.02    0.41    0.08    0.07    0.02    0.00    0.00    0.00    0.88    1.59    0.00    0.00    0.00    0.00    0.00    0.00    0.00    0.00    0.00    0.00    0.13    0.38    1.92
PSATJAU    -15.24  -58.73   18.27    2.17    0.56    2.19   16.84    5.93    6.08    1.72    6.35    3.49    8.64    2.52    4.94    8.20    0.95    2.97   11.02    6.03    1.58    0.33    1.65    0.52    0.77    1.31    0.50    0.93    1.24    0.02    0.00   14.47    3.95    0.10    0.00    0.00    0.00    0.00    0.00    0.00    0.00    0.00    0.59    0.60    1.18    0.01    0.26
PSATMAN    -14.87  -55.78    0.11    2.88    0.64    8.38    8.89    1.47    7.43    4.17    2.53   14.70   13.43    5.18    6.23    6.63    5.24    1.69   16.56    3.80    6.81    0.23    1.58    1.47    2.11    0.29    0.31    0.89    0.35    0.00    0.00    0.00    0.25    0.00    0.00    0.00    0.00    0.00    0.00    0.00    0.00    0.00    0.00    0.00    2.20    0.13    0.31
PSATPTP    -17.61  -54.83    3.21    4.10    0.92    6.59    8.22   10.07    8.80    0.15    2.63    5.43    1.66    0.93    4.28    3.03    1.17    9.28   15.46    4.58    1.38    0.01    0.19    0.91    0.89    0.68    0.04    0.10    0.00    0.00    0.00    0.01    1.31    3.10    0.00    0.00    0.00    0.00    0.00    0.00    0.00    0.00    0.00    0.00    0.08    3.52    0.55
PSATSTCL   -17.90  -40.20    2.05    0.51    0.05    2.85    8.75   10.94   11.27    6.56    4.36    2.66    0.15    0.00    0.15    0.88    1.11    1.34    2.31    1.46    0.02    0.03    0.26    2.67    1.45    1.03    1.06    0.63    0.48    0.85    1.54    1.31    0.42    0.00    0.12    8.08    0.47    0.02    0.45    0.41    0.12    0.55    1.94    0.38    0.01    0.07    2.29
PSATPDC    -12.58  -39.00    4.27    1.69    0.40    0.14    0.37    0.29    0.29    2.46    3.61    3.08    0.75    0.12    0.00    0.22    0.50    0.39    0.37    0.51    0.14    0.57    0.92    0.60    1.54    1.72    0.99    0.98    1.05    1.11    1.38    2.75    0.95    0.00    0.00    0.26    3.28    4.86    2.44    1.97    1.50    3.00    8.19    1.43    1.20    0.71    0.66
PSATROSA   -20.92  -41.72    2.67    0.80    5.30   12.91    3.24    3.69    5.22    6.04    4.36    1.16    0.29    4.51    3.01    1.18    0.97    1.34    0.28    0.24    0.00    3.28   12.90    4.96    2.99    3.19    3.83    0.35    0.02    0.03    0.11    0.22    0.15    0.00    3.82    0.41    0.00    0.31    0.29    0.14    0.32    2.11    0.99    0.23    0.49    6.58    4.07
PSATCAN    -20.21  -42.85    1.44    0.41    2.10    6.67    2.00    1.16    2.65    2.67    0.65    0.46    0.27    2.94    2.23    0.53    0.46    0.42    0.28    0.09    0.06    2.61   14.20    1.51    0.74    3.08    2.25    0.18    0.01    0.00    0.06    0.28    0.18    0.00    1.10    0.00    0.00    0.13    0.41    0.39    0.73    0.98    0.58    0.18    2.53    7.51    0.68
PSATSAC    -19.64  -42.85    1.30    0.58    2.54    3.53    2.40    1.33    3.37    4.22    0.90    1.27    0.37    3.20    1.99    0.72    0.34    0.32    0.25    0.08    0.04    0.59   13.51    3.81    1.26    1.75    1.52    0.08    0.03    0.01    0.32    0.60    0.15    0.02    0.77    0.01    0.00    0.05    0.43    0.11    0.57    0.90    1.91    0.16    5.49   10.47    1.20
PSATPES    -19.12  -42.66    1.41    0.71    0.31    2.84    1.96    4.09    5.24    6.93    5.89    1.85    0.28    0.61    1.33    1.56    0.69    0.23    0.49    0.26    0.01    0.01    5.29    2.05    1.21    1.10    0.55    0.47    0.07    0.10    0.60    0.87    0.28    0.01    0.71    0.03    0.00    0.00    0.15    0.16    0.27    1.05    1.78    0.13    2.99    8.42    2.24
PSATMAS    -19.50  -40.92    1.18    0.44    0.78    3.10    3.11    2.67    3.72    2.61    2.08    0.80    0.18    0.63    0.75    0.56    0.39    0.33    0.48    0.18    0.00    0.18    5.61    2.34    1.66    0.71    0.64    0.38    0.05    0.14    0.62    1.00    0.45    0.00    1.25    0.55    0.01    0.00    0.06    0.04    0.10    0.69    0.93    0.11    0.49    3.29    3.38
PSATSBR    -23.37  -45.87    0.66    6.88   13.70    3.56    4.25    4.26    9.72    5.27    0.97    0.93    1.49    2.53    2.90    0.94    0.96    0.32    0.01    0.17    0.85    1.66    0.07    1.26    5.97   13.48    0.69    0.02    0.00    0.00    0.00    0.00    0.00    9.89    1.85    2.21    1.87    4.20    1.29    2.11    1.42    0.52    0.22   13.06    4.81    2.40    1.72
PSATJAG    -23.20  -46.03    0.31   11.43   15.52    2.29    2.18    1.26    2.76    3.17    0.38    1.37    1.56    2.29    2.14    0.35    0.03    0.00    0.00    0.55    1.86    0.08    0.00    0.17    4.43    8.24    0.79    0.09    0.00    0.00    0.00    0.00    0.00   10.19    1.40    2.32    1.07    1.25    0.46    2.01    0.92    0.15    0.00   11.47    3.48    1.50    0.98
PSATFUNI   -22.53  -44.57    0.55    8.26   11.00    2.93    2.20    1.40    8.52    6.35    0.46    0.44    1.70    1.92    1.11    0.31    0.23    0.03    0.00    0.32    1.83    0.54    0.05    0.44    5.75   11.09    0.85    0.03    0.00    0.00    0.00    0.00    0.00    8.64    0.65    1.02    0.38    1.30    0.56    4.40    1.93    0.48    0.15   13.45    6.77    3.20    1.51
PSATSACE   -22.48  -43.84    1.76    1.29    3.09    5.91    2.92    5.16   11.12   14.26    0.89    0.00    0.89    3.22    1.54    0.36    0.69    0.55    0.02    0.00    0.24    1.89    1.57    2.24    7.48   14.57    1.63    0.08    0.00    0.00    0.00    0.00    0.00    2.99    1.88    0.06    0.60    2.30    1.13    2.41    1.01    1.36    0.63    4.52    1.40    8.61    2.93
PSATPIC    -21.91  -43.54    1.82    1.86    1.17    4.13    1.51    2.97    8.71   18.80    0.15    0.04    0.98    4.97    1.98    0.53    0.61    0.49    0.14    0.02    0.06    1.14    2.79    2.18    6.23   11.54    1.65    0.03    0.00    0.00    0.00    0.00    0.00    1.01    0.58    0.00    0.37    1.46    0.82    4.27    2.35    0.98    0.85    2.35    1.53    5.55    2.08
PSATSOGI   -21.94  -43.36    2.04    1.37    1.08    2.34    1.91    3.06    9.00   13.81    1.06    0.31    1.16    5.91    2.46    0.84    0.92    0.47    0.27    0.10    0.11    1.82   10.28    2.92    2.94   10.62    2.49    0.15    0.00    0.00    0.05    0.02    0.03    0.66    0.96    0.00    0.27    1.24    0.89    5.08    3.36    0.78    0.78    0.72    4.27    4.14    1.22
PSATIPSI   -21.84  -42.58    2.03    0.95   15.71    2.57    1.90    3.10   10.17    8.56    0.73    0.56    0.39    3.16    1.54    1.26    1.25    1.59    0.13    0.04    0.02    9.72    4.61    1.80    3.90   11.15    1.43    0.18    0.01    0.00    0.04    0.20    0.12    1.61    2.36    0.03    0.78    2.10    0.96    5.05    3.19    0.76    0.56    1.15    6.82    3.05    1.55
PSATTCLJ   -22.69  -43.83    0.99    1.03    6.02    3.11    6.10    4.24   10.64    4.06    0.92    0.03    0.15    3.86    1.60    1.05    0.60    0.93    0.00    0.00    0.02    4.67    2.00    3.04    5.95   17.12    1.86    0.00    0.00    0.00    0.00    0.00    0.00    4.82    6.38    0.27    3.14    1.89    0.64    0.67    0.67    0.43    0.12    5.80    1.40    3.81    1.34
PSATBIGU   -25.51  -53.67    8.65   64.31    0.50    0.73    0.57    9.95    8.66    0.19    2.47   10.06    0.48    0.01    0.00    0.00    1.08   27.84   34.76   24.54    1.93    0.52    0.15    0.00    3.77    0.41    0.01    0.00    0.00    0.00    0.00   20.48   26.32    1.82    0.06    0.00    0.00    0.02    0.00    0.00    0.00    0.00   13.26    0.65    0.00    0.00    0.01
PSATBRAU   -21.45  -42.41    1.05    0.67    5.95    6.18    2.27    4.19    6.12    4.70    2.02    0.60    0.82    8.45    1.71    1.16    1.49    1.20    0.18    0.15    0.07    5.01   14.40    1.59    0.77    2.75    2.78    0.20    0.03    0.01    0.13    0.31    0.10    0.03    0.31    0.00    0.02    0.50    0.44    5.64    2.85    1.30    0.43    0.19    6.36    5.34    1.24
PSATSUIC   -20.08  -40.58    2.94    0.76    1.34    5.84    6.96    2.52    1.72    1.43    2.55    1.00    0.27    0.03    1.63    0.73    2.69    1.25    3.25    0.06    0.00    0.00    2.23    7.23    3.60    2.72    3.51    0.52    0.06    0.12    0.98    1.01    0.12    0.00    9.74    4.15    0.03    0.00    0.37    0.15    0.27    1.16    2.26    0.89    0.18    3.30    5.00
PSATJRI     -9.30  -64.70    8.39    2.07    1.42    5.49   11.26    2.91    9.47    6.26    3.59    3.98    7.77    4.27    1.71    1.41    3.31    1.26    4.69    4.23    2.50    1.04    2.40    1.18    0.84    1.28    1.23    1.93    2.15    0.67    1.17    6.79   22.24    0.07    0.00    0.00    0.00    0.00    0.00    0.00    0.00    0.00    0.03    0.23    1.44    1.36    0.91
PSATBENI   -14.59  -67.53    5.16    0.71    1.24    4.93   10.43    5.32    6.77    9.29    2.26    5.60    9.80    4.29    2.26    5.26    8.24    7.50   18.03    6.06    4.23    1.37    1.59    0.63    0.98    1.40    0.98    0.90    1.07    1.04    1.39    4.52    5.80    0.48    0.10    0.12    0.04    0.12    0.19    0.15    0.24    0.11    0.58    0.30    1.26    1.53    1.16
PSATEPB    -12.42  -64.42    7.64    1.24    0.82    7.71    8.42    1.59    0.86    1.67    2.91    6.84    5.69    2.87    1.89    8.38    1.54    3.69    5.41    3.32    2.31    0.51    1.64    0.98    1.38    1.00    0.65    0.95    1.43    0.32    0.59   22.24    4.82    0.00    0.00    0.00    0.00    0.00    0.00    0.03    0.01    0.03    0.13    0.47    2.03    0.72    0.88
PSATEGM    -10.79  -64.35    7.50    1.34    1.34   13.63    9.67    1.58    1.86    1.61    2.00    5.14    5.86    2.63    1.76    6.73    2.49    6.81   10.72    2.61    1.09    0.45    1.31    0.70    2.40    0.96    1.16    1.46    1.57    0.69    2.22   24.34   10.05    0.02    0.00    0.01    0.02    0.02    0.03    0.06    0.02    0.03    0.09    0.27    0.98    0.51    0.45
PSATSTOA    -8.79  -63.95    0.24    4.44    1.18    1.30   16.37    2.89    3.90    4.64    2.75    3.00    5.12    6.44    1.37    0.42    1.01    2.02    5.87    3.15    5.16    5.22    4.90    1.90    3.31    1.53    1.79    5.55    3.42    1.07    0.79    0.39    6.52    0.00    0.00    0.00    0.00    0.00    0.00    0.00    0.00    0.00    1.09    2.01    1.95    4.13    1.50
PSATENC     -9.90  -66.62   10.02    1.85    0.75    2.80    7.67    4.19   18.07    7.35    6.08    5.13    8.22    4.15    1.05    1.81    3.88    1.19    1.50    5.88    4.90    1.37    3.69    1.59    0.53    1.12    1.46    2.30    3.18    0.92    1.16    0.52   20.43    0.01    0.00    0.00    0.01    0.00    0.00    0.00    0.00    0.00    0.00    0.38    5.87    1.53    0.67
PSATAMY1   -11.71  -70.63    4.92    2.79    1.90    3.84   11.38    4.69   13.90    8.42    3.14    9.35    9.91    2.54    1.71    0.84    1.34    0.88    3.77    4.68    6.37    0.75    1.03    1.18    1.37    1.44    0.71    1.75    1.01    0.80    0.97    6.40   21.61    0.59    0.00    0.00    0.00    0.00    0.00    0.00    0.00    0.00    0.00    0.00    0.67    2.21    2.03
PSATAMY2   -12.37  -71.17    5.74    3.27    3.27    7.03    8.61    6.23   14.18    9.63    5.08    9.25    4.77    3.17    4.09    2.58    2.57    3.26    5.10    6.47   17.50    2.12    2.89    1.61    1.59    3.36    1.62    2.71    1.49    1.80    4.10    6.07   17.75    1.20    0.10    0.23    0.24    0.29    0.05    0.03    0.03    0.07    0.31    0.15    0.59    2.43    2.36
PSATAMY3   -13.75  -70.18    6.25    3.98    5.48    6.79    6.01    3.54    5.03    7.01    6.59    6.05    4.25    2.71    5.93    5.23    3.04    5.15   11.42    8.49    8.61    4.78    5.45    3.61    1.44    3.88    1.14    1.10    2.47    2.94    7.27    9.69   12.45    0.82    0.78    1.10    0.64    0.71    0.49    0.35    0.29    0.33    1.23    0.47    2.16    5.01    3.83
PSATAMY4   -13.45  -69.47    5.16    1.41    2.26    3.27    9.37    4.64    9.96   11.04    1.81    4.07   11.61    2.49    2.02    3.09    3.98    4.90    6.03    6.87    7.30    1.87    2.19    1.10    0.62    2.21    0.70    1.29    0.77    1.23    3.51    7.19   13.96    0.98    0.11    0.13    0.04    0.23    0.07    0.10    0.17    0.17    0.43    0.29    0.55    1.46    1.95
PSATJRN    -13.37  -59.01    3.77    2.61    1.18    1.03    3.42   16.22    9.32    3.83    5.74    5.24   10.60    6.79    4.20    8.27    1.06    2.11   10.71    4.15    5.47    1.48    6.77    1.59    2.11    3.62    2.55    0.72    1.07    0.02    0.05    4.21    2.08    0.00    0.00    0.00    0.00    0.00    0.00    0.00    0.00    0.00    0.78    0.89    2.23    0.84    0.70
PSATAPI    -10.34  -56.98    0.53    9.84    7.80    0.66    1.12    0.88    2.94    0.55    1.79    0.39   10.15    1.73    2.11    3.80    5.63    0.95    5.47    2.28    6.22    2.06    2.07    0.57    1.13    4.03    1.11    0.35    0.13    0.01    0.15    0.19    2.70    0.00    0.00    0.00    0.00    0.00    0.00    0.00    0.00    0.00    0.27    2.07    1.99    1.11    0.15
PSATSALT   -29.32  -50.68    0.00    0.01    0.00    0.01    1.13    0.01    0.11    0.30    0.40    5.58    6.62    1.36    0.23    0.00    0.18    5.55    1.08    2.81   13.46    1.51    0.00    0.00    0.06    0.00    0.00    0.00    0.00    0.09    0.00   10.50   49.80   35.22    5.28    1.22    0.70    0.64    0.09    0.03    0.24    0.00   11.99    2.53    0.98    3.36    0.12
