PSATAGV    -19.89  -50.35   12.98   13.51   16.20    4.63    1.03    5.22    1.09    2.68    2.58    5.60    6.77    5.34    7.41    6.60    7.43    9.13    6.84    3.90    2.82    1.33   18.97    4.45    7.01    9.27    6.13    4.51    2.15    0.01    0.02    1.20    0.24    0.44    0.39    0.50    0.07   10.48    2.90    7.57    6.33   16.89    0.68    0.09    0.17    1.15    7.94
PSATCMG    -21.28  -44.63   13.12   15.89   17.95    0.35    0.01    0.90    9.13    9.27    8.69    4.73   10.20    2.67    2.77    1.31   16.78   24.41   24.58    0.09    0.00    0.55    3.40    4.49    5.69    4.39    0.69    0.48    0.72    0.21    0.08    0.15    0.01    0.01    0.15    0.08   22.97   11.04   18.70    7.00   16.11    2.26    0.00    0.26    0.30    2.70    2.51
PSATCES    -20.25  -48.16    5.44   28.16   14.94    0.38    0.01    0.86    0.66    4.41    4.19    9.76    6.72    6.92    8.95    7.12    3.26   19.33    5.49   13.88    0.00    0.95    3.92    5.67    5.31    3.82    2.41    1.70    0.66    0.07    0.00    0.42    0.14    0.01    0.10    3.27    1.05    2.16    8.83   17.33   10.21    2.69    0.04    0.08    0.70    1.30    1.38
PSATELC    -21.60  -46.95    7.28   16.58   14.68    0.68    0.02    0.41    0.91    4.62    4.55   12.71   12.26    6.70    4.30    6.31    1.74    9.68   16.37    5.33    0.01    2.60   14.56    8.99    3.48    6.66    1.52    1.48    2.10    0.02    0.02    0.14    0.00    0.00    0.20    1.38    0.62   19.21   16.54    7.46   10.92    3.09    0.17    0.53    1.04    1.91   22.72
PSATFUN    -21.14  -45.04   13.49   18.25   13.20    0.18    0.00    0.41    7.03    2.83   10.35    1.99    3.52    2.19    2.81    1.69   21.75   24.02   18.78    0.01    0.00    0.06    2.42    7.88    3.57    1.88    0.32    0.23    0.36    0.07    0.05    0.05    0.00    0.00    0.01    0.05   18.20   25.02   17.54    6.02   10.50    0.66    0.02    0.04    0.20    0.50    1.17
PSATFUR    -20.67  -46.32    7.55   19.42   14.09    0.28    0.01    1.25    3.85    5.21    5.76    5.72    4.88    2.75    3.95    2.01   11.15   21.24   18.56    0.62    0.00    0.69   14.92    5.66    4.95    4.23    0.76    0.60    0.50    0.02    0.03    0.42    0.00    0.00    0.09    1.02    7.54   20.09   22.49   12.41    7.86    5.44    0.16    0.11    0.70    0.99    5.66
PSATMRB    -20.30  -49.18    6.91   18.74   16.00    1.17    0.11    1.42    0.79    4.27    5.55    8.81    5.75    5.37    7.40    5.07    4.92   13.35    6.11   11.42    0.05    1.28    9.43    5.60    4.92    4.52    3.25    2.56    1.61    0.07    0.00    0.41    0.08    0.09    0.20    1.71    0.46    7.54    8.94    9.94   10.81    4.44    0.03    0.22    0.51    1.14    4.43
PSATPRG    -21.59  -45.67   10.88   19.57   10.75    0.44    0.07    2.47    1.65    6.07    3.52    7.55    9.97    4.68    4.02    4.74    4.81   21.13   21.91    2.85    0.00    6.21    8.71    8.58    4.68    3.33    1.15    1.86    2.78    0.00    0.07    0.81    0.00    0.05    0.21    1.76   11.63   20.44   20.29   10.77    7.84    8.13    0.78    0.33    1.63    3.08   10.02
PSATPAS    -21.02  -48.18   15.91   10.76   14.79    3.19    0.83    5.73    0.97    3.56    4.27   14.80    6.90    7.19   10.99    7.46    2.20   12.51    9.94   11.79    0.90    5.24    9.70   10.54    2.60    3.68    1.42    3.39    4.32    0.11    0.03    0.36    0.10    0.14    0.30    4.26    2.57   12.53   12.73    3.85    9.99    2.37    0.29    0.23    1.01    5.17   12.25
PSATPTB    -21.61  -45.49    6.43   12.99   15.90    0.95    0.01    1.49    1.86    3.80    4.90    5.03    7.88    3.63    2.54    1.88    5.15   25.20   21.90    0.17    0.00    1.21    3.24    6.02    8.02    8.00    1.24    1.61    2.07    0.02    0.10    0.70    0.00    0.00    0.12    0.31   13.81   14.93   24.15   13.24    8.08    7.77    0.09    0.44    1.51    1.94    1.91
PSATPTC    -20.00  -48.55    4.71   27.78   16.02    0.30    0.00    0.30    1.38    3.72    3.05    6.96    2.67    3.83    2.86    4.66    2.99   22.11   13.80    8.05    0.00    0.05    7.75    4.15   11.66    7.88    4.01    2.85    0.30    0.03    0.01    0.74    0.21    0.01    0.06    1.86    2.06    9.17   13.26   14.03    9.84    2.45    0.18    0.00    0.34    0.45    0.56
PSATFZA    -26.00  -51.65   24.20   31.16    2.71    6.75   20.69   25.65   56.13    7.93    7.28   10.67   16.31    2.54    0.92    5.56   11.04    1.26    0.16    1.04    9.18    2.83    4.25    0.38    2.36    4.46    1.96    9.15   19.29    3.14    0.54    0.29    3.38    5.17    5.75    8.50   17.30   11.33   11.20    1.28    6.21    0.82   13.43    9.92    7.06   10.38    9.92
PSATJSG    -25.78  -52.00   30.59   34.48    1.66    7.65   29.65   32.63   39.55    9.82    6.12   12.43   24.99    3.72    1.78    6.90    6.75    1.07    0.04    0.94    9.59    2.67    3.24    0.89    2.39    4.87    1.93    8.60   10.56    2.71    0.10    0.05    3.86    7.41   11.38    5.71   14.76    8.83    3.49    1.13    9.09    0.78    5.73    6.08   10.27    3.70    9.26
PSATSCX    -25.53  -53.48   40.97   24.32    1.67    7.05   29.34   33.25   16.99    7.38    7.61   16.90   25.05   11.35    2.06   11.51   10.42    0.84    0.03    0.61   11.14    6.95    3.27    0.52    1.48    3.15    3.10    2.79    6.25    1.31    0.01    0.02    3.92   12.27   15.78    4.34   14.55   11.15    5.85    1.78   11.40    0.73    2.22    5.53   10.33    5.95   11.94
PSATSCL    -25.49  -51.74   40.05   29.35    2.16    9.08   22.80   26.01   43.65    9.78    5.49    9.82   13.77    5.28    1.16    4.41    8.07    1.36    0.06    1.00    8.85    3.23    4.61    0.26    1.82    2.62    2.02    8.22    9.87    2.25    0.08    0.29    3.87    5.78    6.91    7.10   12.05   17.11   10.01    0.92    5.36    0.27   13.43    6.50   10.99    6.94    7.81
PSATUVT    -26.23  -51.08   13.94   20.79    1.51    7.57   21.59   34.44   67.94    8.88    2.49    8.37   17.73    4.05    0.76    9.42   17.08    2.31    0.71    0.77    4.94    8.39    3.03    0.18    1.36    4.15    3.00    7.49   16.91    0.82    0.30    0.43    1.05    1.97    6.71   21.93   12.32   17.22   12.02    1.61    2.04    2.77   17.43   11.60    8.22   16.34   17.56
PSATBSM    -24.19  -53.74   43.00   21.68    4.24   15.38   25.53   21.79   20.14    5.20    1.89    4.86   16.55   14.70    4.17   10.94    8.45    2.31    0.18    0.98   11.21    9.95    3.57    1.13    2.68    2.01    1.68    1.60    5.09    1.43    0.00    0.03    3.70   13.89   12.75    3.81   13.02   11.17   13.89    2.42    5.11    0.82    3.37    1.50    5.80   11.48   10.23
PSATFLE    -22.97  -54.56   18.19    0.42    0.30   21.06   13.12   16.50    1.04    2.36    5.58   17.53    3.91   21.84   16.94   16.56    5.62    1.76    0.33    6.62    4.76   18.50    9.88    1.80    2.39    6.96    3.72    3.08    1.61    2.62    0.94    0.99   10.36   17.03    5.50    2.31    8.99   10.01   16.31    3.95    2.88    4.03    2.38    0.48    4.77    9.50   11.13
PSATITP    -25.42  -54.58   27.81    7.07    5.05   16.28   23.91   17.47    6.37    1.40    3.67   15.35   11.29   16.89   14.54   14.51   11.24    1.51    0.58    3.08   12.30   10.40   11.25    2.85    2.28    3.89    2.32    3.93    1.49    0.75    0.07    1.37   10.19   18.42   12.08    3.57    9.37   10.94    9.52    3.18    6.10    1.67    1.00    0.97    5.70    7.39    8.10
PSATIVM    -22.38  -53.53    9.03    8.34    6.26   21.08   10.14    3.20    5.12    3.82    3.86   11.26    8.85   12.29   10.37   16.95    5.65    2.62    1.63    5.33   11.25   12.11   11.76    5.59    8.48    5.11    1.57    6.03    4.63    5.51    4.71    2.74   10.17    8.91    7.79    3.03    7.86   18.10   13.93   10.77    3.46    2.55    2.33    3.11    2.95   11.02   10.75
PSATPTQ    -23.18  -53.17   29.27   13.32    4.89   25.42   21.29   22.77   21.80    4.14    1.56    4.14   15.43    9.23    6.06    8.07    6.08    3.48    0.71    1.88    9.14   10.30    8.99    1.85    4.41    2.45    1.76    1.96    5.18    2.21    0.02    0.18    3.42    6.95    7.94    4.90   19.60   13.17   15.13    1.48    3.56    0.89    3.63    1.93    5.11   11.21    6.45
PSATCBI    -17.99  -48.54   11.81   20.54    3.29    0.16    0.02    0.10    2.57    0.21    0.01    0.01    0.23    0.79    5.33   13.93    8.90    8.06    7.07    0.36    0.00    0.00    0.10    5.11    6.87   14.57   12.60    1.46    1.39    0.56    0.09    1.53    0.17    0.00    0.02    0.65    0.44   16.57    5.99    6.98    4.54    1.55    0.28    0.11    0.29    0.01    0.35
PSATCBIV   -16.15  -48.67   12.26   22.83    2.28    0.09    0.05    0.36    3.16    2.82    0.01    0.02    0.32    0.57    2.30   11.16   10.11    6.56    8.09    0.72    0.00    0.00    0.04    6.54    7.20   17.73   11.86    1.79    1.48    0.90    0.22    1.70    0.29    0.00    0.02    0.33    2.95   23.38    9.10    5.78    6.53    1.72    0.55    0.08    0.30    0.00    0.37
PSATEMB    -18.45  -47.98   13.19   11.42    3.16    0.05    0.00    0.08    1.24    0.29    0.44    0.19    0.17    0.39    9.46    9.12   14.41   10.46    6.48    0.03    0.00    0.02    0.41    4.08   11.45    9.83    5.34    0.84    0.24    0.00    0.16    2.15    0.03    0.01    0.00    0.12    0.79   10.17    2.37   16.26    3.11    0.24    0.22    0.51    0.25    0.07    0.04
PSATIMBR   -18.42  -49.10   14.50   17.55    6.92    0.36    0.01    0.12    2.21    0.25    0.21    0.09    0.81    1.20    6.76   15.20    7.60   13.32    9.87    0.35    0.00    0.06    1.09    7.83    9.90   11.84    7.99    1.66    0.93    0.09    0.00    1.73    0.22    0.00    0.10    2.93    1.50   15.39    5.08   10.95    6.33    1.96    0.24    0.15    0.45    0.17    0.12
PSATNPTE   -19.13  -47.70   13.07   16.34    5.72    0.04    0.01    0.16    1.63    1.89    2.61    1.97    0.46    1.20    5.72    5.75   12.74   15.76   11.47    0.19    0.00    0.04    0.90    2.43   11.86    6.33    3.85    1.07    0.04    0.00    0.04    1.12    0.09    0.00    0.07    0.42    2.82   13.63    5.60   16.39    8.45    2.82    0.07    0.03    0.21    0.54    0.12
PSATARV    -18.07  -50.16   10.20   12.35    9.70    1.03    0.20    1.69    2.85    2.97    0.20    2.65    0.53    1.78    1.09   26.11    6.76    7.79    7.00    3.27    2.53    2.90    3.73   17.39    6.51    7.56   12.99    5.64    2.49    1.74    1.40    3.78    0.21    0.11    0.45    2.85    4.27   10.52    7.05    8.96    7.73   11.13    2.38    0.01    0.28    0.12    0.55
PSATSFC    -18.05  -47.68    7.91    6.75    2.32    0.22    0.00    0.09    0.60    0.15    0.00    0.00    0.04    0.46   10.89   15.45   15.49   10.83    7.53    0.02    0.00    0.00    0.16    3.62   10.48    8.89    7.15    0.56    1.04    0.09    0.31    2.60    0.04    0.01    0.00    0.07    0.03   13.10    7.42    8.73    1.71    0.34    0.27    0.05    0.06    0.00    0.16
PSATSSM    -19.02  -50.50   14.55   14.61    9.06    0.81    0.18    3.33    1.57    1.67    0.37    1.33    1.86    2.57    2.28   15.80    5.88    7.93    8.89    3.45    0.17    0.72    3.93   10.75    5.33   12.59    8.84    4.60    2.64    0.38    0.04    1.92    0.18    0.35    0.70    3.84    2.62   13.93    4.40   11.66    7.08   14.54    0.32    0.02    0.53    0.18    0.87
PSATCNI    -22.94  -50.52   22.72    2.80   21.75   21.06    8.78   24.77    3.42    4.79    0.49   12.13   22.80    5.33    8.58    6.49    2.62    5.24    5.15    2.14    4.60   10.35   14.28    9.89    2.53    2.65    1.71    2.80    2.26    0.66    0.00    0.36    0.94    0.15    0.49    2.08    3.68   10.03   18.75    0.36    1.10    8.25    2.28    2.09    1.16   11.19   20.34
PSATCPV    -22.65  -51.33   16.63    4.53    8.05   30.12   15.79   19.24    5.06    6.90    0.46    5.28   14.49    7.69    3.19    8.19    4.63    3.84    2.06    4.33    6.24   12.21   11.49    4.87    5.59    3.36    2.13    2.82    1.70    0.62    0.02    0.50    1.67    0.76    2.13    8.45   10.34   12.38   14.48    0.59    1.65    4.35    1.52    3.60    3.01   18.31   12.16
PSATCHT    -23.01  -49.73   20.28    0.70    6.25   21.75   11.12   22.54    3.53    9.65    0.28    7.86   20.41    5.66    4.10    2.36    6.88    4.15    2.15    6.22   13.11   10.88    6.47    2.73    1.47    4.78    1.67    2.91    3.34    0.67    0.02    0.49    1.53    0.29    1.43   10.15    8.32    8.55   10.49    0.87    0.56    2.53    2.64    4.26    5.35   24.99   19.04
PSATJUR    -23.22  -49.23   25.52    0.92    8.57   18.86    7.29   27.15    3.69    8.55    0.36    6.05   24.48    4.83    6.51    1.95    4.61    8.78    3.42    9.31    7.93   15.49   13.73    2.77    1.24    5.56    1.06    5.17    4.02    0.34    0.01    0.54    0.78    0.25    2.14   13.89    5.79   11.19   10.85    0.78    0.62    5.78    2.77    5.48    3.84   14.06   19.85
PSATMAU    -24.06  -50.71   20.44    1.47    1.19   17.82   14.80   25.74   22.39    8.18    2.57    8.55    8.83    6.13    1.39    3.37    8.71    3.21    0.80    2.06    5.46    9.11    8.48    1.14    2.15    4.25    1.92    2.72    7.07    1.57    0.18    0.58    2.39    2.23    3.15   13.19   11.93   10.55   10.53    1.07    0.80    0.53    4.90    7.84    8.63   12.47   13.63
PSATROS    -22.50  -52.87   16.71   18.42   15.26   37.45   19.40   16.71    6.58    2.03    0.32    3.66   12.69    9.30   13.41   13.17    3.72    3.38    1.47    8.00    7.46    6.14    9.00    4.15    7.39    3.00    1.71    2.93    2.63    0.85    0.00    0.19    3.74    4.23    9.23    7.93   11.87   18.01    9.91    0.57    3.86    1.83    0.64    1.44    1.98    7.37   10.40
PSATQMD    -16.21  -47.33    9.69    4.25    1.07    0.01    0.00    0.13    0.92    0.09    0.00    0.00    0.00    0.01    6.22    8.87    7.93    7.81    6.40    0.01    0.00    0.00    0.07    1.17    3.71    5.23    3.23    2.71    1.88    0.52    0.24    2.25    0.00    0.00    0.00    0.02    0.03   10.70   13.24    7.90    3.31    0.21    0.23    0.02    0.09    0.00    0.70
PSATRBX    -18.95  -44.76   10.49   11.97    0.83    0.02    0.04    0.30    2.20    0.80    3.89    0.16    0.36    0.98    6.59   14.33   19.36   12.47    4.95    0.06    0.00    0.00    0.66    8.14    5.19    1.90    0.60    0.01    0.12    0.02    0.20    0.04    0.00    0.00    0.00    0.00   13.04   20.04   29.61    4.74    2.18    0.02    0.00    0.49    0.01    0.05    0.30
PSATSFR    -15.93  -44.86   12.68    2.65    0.49    0.03    0.01    0.07    0.24    0.02    0.00    0.00    0.00    0.11    4.37   10.42    3.59    6.39    0.78    0.04    0.00    0.00    0.06    2.04   11.21    6.14    2.28    0.78    0.65    0.03    0.33    0.50    0.00    0.05    0.00    0.01    0.02    4.15    7.51    8.32    1.61    0.37    0.06    0.14    0.01    0.03    0.63
PSATSRM    -16.37  -45.07   14.39    6.36    0.51    0.01    0.00    0.09    0.32    0.10    0.08    0.02    0.04    0.51   13.69   12.15    7.97   11.41    1.65    0.03    0.00    0.00    0.39    6.04    7.08    3.78    2.01    0.38    0.21    0.00    1.19    0.26    0.01    0.00    0.02    0.04    1.96    6.82   14.04    5.41    1.61    0.13    0.05    0.42    0.05    0.00    0.07
PSATTMR    -18.16  -45.27   13.82   13.24    6.48    0.08    0.04    0.12    1.32    0.88    3.08    1.17    0.24    0.89    6.03   11.20   15.05   26.28    7.28    0.03    0.00    0.01    1.84    1.78    3.51    2.69    1.03    0.20    0.08    0.00    0.06    0.10    0.00    0.00    0.03    0.00    3.54   14.89   17.95    8.26    7.49    0.23    0.05    0.31    0.06    0.10    0.08
PSATBOQ    -11.35  -43.83    4.46    1.89    0.05    0.28    0.23    1.11    2.66    1.44    0.00    0.00    0.02    0.02    0.45    3.85    5.65    0.66    0.08    0.05    0.00    0.00    0.26    2.61    6.92    5.78    2.14    1.10    1.21    0.34    1.03    0.36    0.00    0.36    0.24    0.64    0.56    1.14    4.10    2.67    0.53    0.62    0.10    0.11    0.10    1.27    9.93
PSATBBO    -22.52  -48.55   19.28    6.76   17.00   11.28    2.89   18.12    2.23    5.08    2.59   16.64   15.01    9.94    9.01    4.19    3.21   14.60    9.35    9.61    4.23   13.31   10.73    5.12    3.04    4.45    1.37    4.56    4.24    0.08    0.03    0.31    0.09    0.13    0.89   13.68    7.86   13.83   12.55    2.83    8.60    6.20    1.56    3.63    1.74    4.59   16.57
PSATESZ    -23.46  -46.91   24.87   12.46    9.40    6.37    2.37   18.05    2.21   10.45    1.80    8.07   14.37    3.76    3.49    4.19    8.50   26.48   14.92   15.03    2.96   23.16   16.08    5.95    6.16    4.20    1.23    2.88    5.15    0.08    0.07    0.57    0.04    0.03    2.25   23.68   10.80   14.27   11.53    6.95   10.61   10.20    2.84   18.64    4.54    9.27   23.06
PSATIBT    -21.76  -48.99   15.73    4.20   18.57   14.14    3.20    9.06    2.35    3.06    2.71   14.64   13.70    9.60    9.31    3.99    2.33   11.48   12.03    6.17    8.03    9.75   13.72   10.57    1.32    2.50    0.98    4.22    2.58    0.19    0.00    0.33    0.14    0.43    0.72    3.20    2.81    9.04   14.58    0.70    4.88    7.10    0.69    0.63    0.97    5.95   15.23
PSATNAV    -21.12  -50.20   18.56   14.78   21.56   14.82    3.43    6.56    1.90    1.32    2.83    3.77   11.85    7.14    9.38    5.57    4.95    8.89    7.80    9.20    7.23    3.73   13.89    5.95    2.66    3.40    2.32    3.84    3.63    0.02    0.00    0.25    0.43    0.33    0.17    0.20    0.07    7.58    5.50    1.07   10.50   16.86    0.32    0.08    0.39    2.89    8.19
PSATSME    -13.40  -48.30    6.28   11.23    3.12    0.25    0.06    1.63    3.15    7.16    0.08    0.58    0.05    0.51    0.52   13.61    5.54    5.87    6.26    1.43    0.02    0.01    0.28   12.81    4.28    9.53    6.76    4.13    5.67    1.58    2.14    1.72    0.37    0.03    0.28    1.43    1.33   16.89    5.14    6.81   10.36    2.91    1.56    0.14    0.33    0.01    4.48
PSATBGR    -27.78  -51.20    5.06   11.25    1.64    6.46   34.29   17.63    2.08    3.80    4.63   50.01   19.65    3.30    0.12    2.98    4.70    1.95    0.13    0.08    7.63   10.13    2.21    0.05    0.11    5.87   13.92   17.43   12.66    0.55    0.55    1.32    7.39    9.46   21.63    2.92   24.02    7.14    2.35    3.77    2.06    2.85   14.80    9.71    9.04   10.26   18.32
PSATCNV    -27.60  -51.33   10.08   41.44    2.36    6.28   59.23   74.61   17.17   11.00    4.49   28.42   52.90    2.51    0.02    3.52    9.44    2.05    0.41    0.11    7.93    6.10    1.80    0.31    0.13   10.16   10.40   15.34   22.58    0.50    0.61    0.66    5.62   11.18   20.77    6.36   27.25   13.57    0.89    2.14    1.81    4.38   10.58    7.08    6.76   11.58   17.49
PSATFCH    -27.14  -53.04   14.11   10.57    1.19   10.83   23.04   19.02    4.73    6.03    9.03   39.80   20.77    3.77    0.46   22.22    0.88    0.16    0.00    0.16   16.24    8.85    0.52    0.74    0.71    4.14    7.16   11.57    4.85    9.54    0.02    0.01    5.95    9.78   17.47    3.72   24.69    1.97    4.44    2.61    3.17    0.78    1.36   13.60   11.72    4.64   17.23
PSATITA    -27.27  -52.38   11.92   29.83    1.09    6.31   35.38   51.46   17.04   10.34    4.11   33.72   23.25    2.40    0.22   10.60    4.60    0.69    0.07    0.22   10.37    5.79    0.55    0.54    0.54    9.32    7.13   11.75   15.56    4.43    1.46    0.24    7.99    8.33   14.47    5.21   20.56    6.25    1.23    1.39    2.84    5.09    7.05   13.44    8.95    5.57   13.71
PSATMCD    -27.52  -51.78    5.60   16.04    1.22    6.98   50.09   17.64    0.56    3.26    5.21   55.98   26.03    2.29    0.05    6.68    1.18    0.10    0.01    0.26    9.65    9.32    0.51    0.12    0.13    5.32    6.22   15.26   10.35    4.10    0.72    0.36    6.18    9.90   29.25    1.91   15.62    5.17    1.75    2.76    1.17    1.43   11.43   10.59    6.99    5.26   12.60
PSATMOJ    -27.35  -52.73    2.85    8.97    1.97   15.18   64.27    7.29    1.09    3.20    4.62   51.91   11.67    1.02    0.05   12.04    0.76    0.14    0.00    0.23   14.05    3.70    0.24    0.13    0.35    3.81    7.81   19.92    8.65   15.84    0.00    0.00   10.26    8.10   20.26    1.25   11.96    2.03    4.21    1.28    0.76    3.62   10.41   11.96    8.68    7.39   12.68
PSATQQX    -26.66  -52.54   18.76   37.69    1.11    3.97   30.67   59.64   22.68   10.06    7.37   20.88   23.20    4.88    0.90   11.61   10.11    0.72    0.02    0.55   10.33    3.88    1.34    1.85    1.43    6.08    3.49    8.41   11.04    1.08    0.14    0.17    4.63    8.48   12.71    5.60   19.94   11.35    1.08    1.56    7.61    2.24    2.09   10.28   12.34    5.52   10.25
PSATPSJ    -28.14  -55.05    0.52    0.16    0.97   30.04   48.87    0.18    0.06    0.22    6.69   41.80    2.24    0.76    0.97    9.00    0.11    0.01    0.00    2.07   42.21    1.67    0.03    0.05    0.49    9.30   20.03   13.96   11.83   17.61    0.00    0.52    5.42   32.36   11.82    0.06    0.63    0.50    1.76    0.43    0.42   38.44   27.63   13.82   10.60    6.88   13.28
PSATESP    -18.68  -51.87    6.98   12.50    4.57    5.84    0.40    1.70   14.41    0.41    0.21   21.52    0.11    0.22    0.61    3.06    5.11    4.96    8.04    0.35    8.88   17.87    3.77    4.06    1.75    2.52    8.38    3.34    1.71    3.34    0.69    4.76    1.48    2.58    0.49   13.89   14.83   10.19    0.76    2.62    0.34   11.17   11.02    0.31    1.01    0.40    0.67
PSATSRC    -19.16  -50.76   17.13   15.40   10.96    3.70    0.13    3.16    5.42    1.04    0.37   14.81    0.40    0.49    0.57    9.92    6.29    9.11    8.97    2.46   11.65   14.16    2.67    8.81    1.07    3.64    5.93    7.31    4.19    1.80    1.10    2.77    3.14    0.93    2.25    4.67    9.29    6.10    1.65    5.46    4.22   12.66    5.17    0.07    0.59    0.34    2.67
PSATFRCL   -19.12  -50.64   12.61   18.54    8.85    1.40    0.09    4.40    7.17    4.33    0.66   14.91    0.93    1.04    0.16   10.39    7.15    7.68    9.57    1.36   13.63   13.72    3.05   10.02    1.44    4.39   10.52    7.41    3.10    3.42    0.67    1.76    1.71    0.63    1.03    5.69   10.46    8.63    7.13    8.22   10.05   13.97    6.15    0.03    0.22    0.11    2.30
PSATISOT   -20.40  -51.35   19.88   20.96   23.36    8.37    1.18    7.94    1.82    1.10    2.87   10.04   10.35    6.29    5.70   11.28    8.59   10.44    8.59   13.52   13.28   10.04   12.59    9.32    2.97    5.58    3.22    5.12    2.49    0.18    0.29    0.76    6.15    0.40    1.45    0.59    5.19    8.70    2.11   10.24    5.01   10.65    1.37    0.03    0.25    0.46   10.27
PSATJUP    -20.86  -51.63   15.78   19.57   24.73   13.63    1.49    4.51    7.99    0.44    5.14   15.83    5.60    3.09    2.51   13.92    6.51    6.73    7.14   13.03   23.89   16.14   16.95   16.42    8.09    6.27    2.40   10.50    8.23    5.81    0.54    3.36    7.77    4.05    4.07    2.04   12.41   10.89    5.52   13.07    6.53   11.10    6.62    0.69    0.42    0.73   11.79
PSATSDG    -20.06  -53.18    7.39    8.79   25.36   13.48    1.77    1.29    9.02    0.64    3.21   15.31    7.03    3.44    3.70   17.02    3.71    2.83    2.93   14.56    5.23   16.00    9.81   13.37    7.83    6.10    1.10    9.62   11.33   11.58    2.94    5.73    8.97    6.58    6.48    1.31    3.49    7.40    8.00   11.06    2.24   11.71    9.67    2.55    0.23    0.98    2.60
PSATFZBT   -21.66  -52.87   14.84   11.89   20.27   13.09    6.05    0.86   10.27    5.39    5.26   11.41    9.60    7.06    8.40   10.80    3.68    2.54    2.49    6.40    9.12    6.64   15.06    7.78    8.61    2.06    1.05   11.61    6.34    5.93    1.64    2.41    7.10   12.08    9.29    3.32    7.22   10.27    7.45    7.20    4.52    6.26    3.54    2.86    4.15   10.20    9.90
PSATPPRA   -22.46  -52.91   17.84   13.42   27.49   26.11    6.98   10.19    7.59    2.08    2.36   12.17   14.94   12.38    8.41    9.81    8.24    4.96    4.94    9.78    8.55    4.84    9.11    8.05    6.19    2.66    1.01    7.05    2.89    0.37    0.12    0.66    6.67    2.34    7.45    2.96    5.75   10.33    4.56    3.88    5.63    6.49    2.14    0.68    0.74   10.39   18.79
PSATBTE    -13.69  -50.80   11.71   12.24    8.05    1.92    0.30    1.96    3.48    3.09    0.49   11.02    0.08    0.21    0.25    8.39    7.25    7.66    2.78    0.36    4.14    8.97    6.25   10.27    6.12    3.91   10.75    6.03    7.58    4.01    1.93    2.25    1.13    1.33    1.04    2.29    3.52    7.80    2.10    6.60    7.66    9.95    1.84    0.12    0.28    0.10    1.06
PSATARAG    -8.27  -49.26    8.01   11.49    4.63    1.90    0.52    2.12    1.88    7.80    4.03    1.28    0.15    0.34    0.62    6.54    7.06    6.51    4.08    0.79    2.19    2.67    8.86   13.74    3.43    9.96    9.05    8.87   12.52   10.92    4.46    3.32    3.92    1.47    1.23    4.40    3.33    5.41    2.32    5.80    8.25    6.61    3.97    1.17    1.06    1.39    3.48
PSATLAJ     -9.76  -48.37    7.99    5.39    0.93    0.37    0.49    2.01    4.99   11.94    1.34    0.14    0.03    0.19    0.27    5.33    6.04    9.17    3.31    0.92    0.06    0.12    3.46    7.01   10.58   13.39    8.86    5.60    5.37    3.14    4.49    1.21    0.59    0.38    0.50    1.60    2.08    6.63    3.49    5.36    4.72    2.14    0.54    0.47    0.22    1.48   10.93
PSATPTRL    -9.31  -47.39    8.48    7.24    0.41    0.51    0.29    5.52   14.95   18.13    0.68    0.05    0.03    0.15    2.06   10.18    5.23    8.93    3.59    2.39    0.14    0.19    2.75    6.64   14.94   15.74    4.34    7.89    7.56    6.37    5.36    1.36    0.94    4.79    0.80    3.61    4.55    2.47    4.07    1.75    6.28    0.84    1.53    6.15    0.56    5.29   15.03
PSATLJET    -7.33  -47.48    5.35    9.76    1.07    1.43    0.74    4.84   11.91   13.50    9.08    1.38    0.16    0.82    2.20    9.23    7.49    6.85    2.84    4.04    1.19    1.26    1.81    5.23    3.20   13.56    8.87   12.40   10.11   13.22    3.31    4.16    2.00    1.86    1.19    4.82    4.26    3.28    1.79    2.21   11.14    4.54    1.97    2.54    0.62    4.15    9.03
PSATUCR     -3.83  -49.65    7.41    9.83    6.55    4.09    2.22    7.03   10.41   16.94   10.09    0.83    0.38    1.37    4.45    5.14    6.46    4.35    3.18    1.56    1.26    1.59    2.72    7.12    5.60   12.26   11.80   14.16   14.87   15.87    8.80    9.59    8.57    1.88    3.09    3.27    3.28    3.21    4.41    2.78   10.73    9.34    4.70    2.70    2.16    6.74   10.48
PSATXIVJ   -29.07  -51.67    1.70    1.45    0.31    9.83   28.92    3.25    0.43    2.47    2.58   34.66    4.89    2.84    0.08    6.45    0.63    0.29    0.02    0.01   13.02    3.75    0.76    0.04    0.02    3.36   20.15   14.04   13.42    5.20    1.65    0.36    7.98   10.16   17.75    0.50    4.76    1.83    3.98   11.78    1.30    9.55    7.17   16.22    9.03   10.15   21.82
PSATDFRC   -29.45  -53.28    0.36    0.00    0.88   28.91   34.40    0.18    0.01    0.31    2.43   33.91    3.80    0.62    0.05    4.95    0.00    0.03    0.00    4.04   41.88    1.72    0.05    0.08    0.37    4.21   19.64    4.28    4.59   21.15    0.00    0.33    2.81   53.23   31.49    0.54    0.47    0.50    0.88    0.21    0.45   24.45   35.25   12.15   11.41   10.47   16.24
PSATREAL   -29.02  -53.19    0.85    0.27    0.71   18.99   37.47    0.78    0.17    1.61    2.34   63.50    4.54    0.86    0.01    7.62    0.16    0.07    0.00    0.44   32.27    2.12    0.07    0.05    0.16    4.44   15.54   10.64    8.98   20.92    0.00    0.05    2.22   28.67   13.95    0.15    0.60    0.64    2.10    0.59    0.57   19.41   19.58   15.19   10.25    9.02   10.83
PSATCTAV   -29.01  -51.39    2.50    0.21    0.98    7.20   29.28    1.38    1.45    1.97    2.25   63.77    8.19    5.29    0.92    6.93    2.73    1.28    0.09    0.00   12.73   16.03    0.64    0.14    0.06    5.82   26.18    8.37   11.81    1.94    1.96    1.34    6.99   11.53   33.53    2.28    6.16    3.44    2.85    3.89    2.29   11.56    7.83   16.83   10.83   13.34   16.54
PSATERNT   -28.56  -52.54    2.12    6.20    1.96   10.40   41.19    5.14    0.42    3.23    2.05   91.94    7.55    2.00    0.03    9.83    0.55    0.21    0.00    0.28   15.54    3.49    0.08    0.10    0.08    4.52    9.08   18.44   13.31   18.30    0.14    0.01    6.86   10.93   19.55    0.46    3.16    2.49    2.44    1.19    0.46    4.67   12.57   14.85    9.86    4.93   11.70
PSATSTPL   -27.14  -49.52    7.25   43.45    4.31    3.38   66.98   54.31   36.45   13.83    7.21   15.31   72.71    3.61    0.08    1.81   16.88    4.06    1.21    0.14   15.68   17.83    1.16    0.29    0.36    5.07    8.46    9.58   12.01    0.70    0.10    0.41    0.24    6.41   13.08    7.99   16.74   16.10    2.37    7.83    1.27    4.85   12.65    6.60    7.79   13.75   22.10
PSATCVCH   -25.14  -48.87    8.09    2.91    0.58   13.26   17.27   19.11   13.23   10.42    0.80    1.91   10.46    2.64    1.51    9.19   21.24    8.67    1.83    1.69    4.09   22.60    9.40    0.49    0.95    5.65    0.56    3.34    9.23    0.26    0.06    1.14    0.70    1.28   10.50   25.18    5.83   11.87   14.98    1.68    0.82    0.64   11.99   10.38   10.19   19.17   17.15
PSATAMY    -12.60  -69.12   18.06   24.52   19.93   27.55   26.11   11.42   10.92   13.97   29.09   15.44   12.85    6.75    6.55    6.59    8.35    7.71    5.29   11.06   11.57   22.84    8.26   39.28   22.95   31.72   27.65    9.89    7.07    9.67   16.90   15.71   21.18   38.01   22.89    6.01    9.72   14.11    9.87   13.72   15.24   15.71   11.69   21.79   13.09    5.30    3.14
PSATGJR    -10.73  -65.35   26.02   10.52    5.94    9.07   20.55   16.70    6.51    4.13    5.60   16.18    8.45    4.00    2.04   14.39    4.41    2.99    3.83    2.01    4.01    7.74    7.94   13.65   11.44    7.44   20.51   13.79   10.52   14.75   12.24   16.85   39.49   16.26    5.27    5.12    4.30   13.33    5.29    7.89    5.28    7.68    4.91    5.23    5.82    2.06    1.48
PSATPRNC   -12.43  -64.43   14.91   20.01   17.42   15.11   32.38   24.76    7.47    4.78    6.56   10.18    3.28    1.55    1.55    5.50    9.10    3.39    8.12    6.92    6.53    2.75    4.58   18.38   22.08   15.08   21.06   22.14   15.06   10.25   11.67    2.83    8.22   14.57   14.65    4.80    7.82    8.37    4.05    4.57    5.32    4.60    6.61    7.02    6.04    3.10    2.07
PSATSANT    -8.87  -63.97    6.69   12.16   22.15    9.99   11.40    6.67    5.96    6.84   17.60   18.02    6.14    4.15    3.69    7.81    2.34    2.27    7.15   16.78    6.74    2.74   10.72    8.42   11.43   13.08    8.08   20.69    8.74   15.28   14.25    5.35   10.74   21.14   14.58    6.95    4.86    6.13    6.29    4.76    9.78    6.64    8.54    9.08    6.31    4.79    3.14
PSATDARD   -10.16  -59.46    3.71   35.20   15.22   13.63    1.57    1.48    4.80   25.66   13.43    3.10    2.87    1.65   11.63    2.98    7.93    2.45    2.59    1.54    1.17    6.94    1.35   16.70   10.24   17.56   15.04   12.00    7.23   13.44   12.36    2.37   17.35   12.88    3.64    2.25    4.78    7.45    2.08    5.05    8.71    7.61    6.61    6.42    5.21    7.13    4.45
PSATGUAP   -15.12  -58.96    7.48   26.66   38.36   16.17    3.54    1.53    6.50    1.21    1.82    1.16    1.41    0.42    2.53    3.87   10.99    9.38   16.91    0.98   13.84    3.36    2.94   23.62   21.59   20.61   44.27   12.27    7.26    5.19    9.29    4.61    4.18   16.60   12.54    1.40    8.97    5.55    1.62    6.35    4.94    0.73    6.74    3.42    1.13    4.06    1.25
PSATJIRA    -9.25  -64.65   13.54   29.43   14.30   10.84   26.00   29.44   11.07    9.73   12.01   17.90   15.02    8.75    4.91    8.68    7.20    5.31    8.66    4.78    7.79   11.16    9.88   23.91   17.65   19.68   18.67   11.90   10.97    9.50    9.92    8.69   12.56   29.25   15.58    6.66    8.28   10.93    6.81    7.32    8.22   10.69   11.24   10.25   10.07    4.24    3.00
PSATROND   -11.99  -60.70    1.16   16.11   14.19   13.41    1.32    2.85    2.80   10.75    6.45    2.69    0.85    0.34    1.69    4.68    5.58    4.03    5.81    0.61    1.53   10.88    0.06   37.89   24.52   34.71   26.03   15.26   33.55   21.19    8.91    1.13    8.73   14.97    3.36    2.23    9.70    9.16    1.46    2.29    7.97    3.60   12.21    4.73    3.20    7.02    1.92
PSATSAMU    -8.75  -63.45    0.27   16.87   12.79   11.67    6.73    8.35    7.65   13.69   12.01   11.56    5.30    0.52    1.27    2.58    2.23    1.71    8.66    5.53    6.78    3.04   10.54    8.04   25.86   21.66    8.38   19.39   15.59    5.80   11.97    7.11    7.94   26.69   17.04    8.61   10.49    8.70    5.52    6.23    9.97    4.62    8.09   11.17    3.70    4.52    5.45
PSATBALB    -1.92  -59.47    3.86    7.84    9.55   10.38   14.22    5.91    4.67    7.17   10.82    1.47    0.62    0.80    0.67    6.88    2.49    8.70    0.95    0.79    0.50    0.55    5.88   11.39   10.03    9.13   19.14   13.19    8.87    8.45   17.17   13.67   10.99   22.02   22.93    9.15    5.05   10.81    9.57   15.86   19.31   11.33    4.94    6.77   13.33    8.97   12.77
PSATCUNA    -2.82  -54.30    2.44    4.26    4.10   10.32    2.98    4.59    6.12   14.89   14.07    5.78    0.45    1.04    1.50    1.76    1.07    3.00    2.11    0.98    1.12    0.99    1.53    6.21    3.25    8.78    7.88   12.90    9.96   17.28    6.14   27.86    7.91   16.34   10.73    5.21    5.27    8.88    3.41    6.27    8.91   14.02   12.09   13.21    8.92    8.61    7.79
PSATJARI    -0.65  -52.52    3.95    1.93    7.44   12.84    5.15    2.64    4.38    4.96   10.03    2.16    0.89    2.60    2.31    2.54    2.19    1.66    2.74    1.84    2.73    1.87    1.69    1.68    1.78    2.23    3.52    7.74    6.92   10.74    1.48    5.31    4.41    6.43    3.53    4.97    4.14    2.43    3.02    3.76    3.04    2.23    3.88    7.10    6.55   12.43    9.52
PSATFGOM     0.86  -51.20    6.67    6.21    9.05   14.61    6.45    8.09    7.87    7.42   13.81    2.41    2.05    4.88    6.32    4.79    9.19    5.51    2.23    3.04    5.58    5.44    2.95    2.30    2.70    3.73    5.90   13.45    5.03    9.23    2.58   11.36    2.82    7.18   10.93    5.23    3.03    2.03    4.24    5.43    3.42    3.90    4.72    7.76    7.63   14.97   10.20
PSATUBE     -6.75  -43.57    6.97    2.75    0.88    0.86    1.31    2.28    8.69    6.01    0.97    0.22    0.20    1.16    6.47   10.86    2.53    3.43    1.89    1.28    0.19    0.41    1.45    3.09    2.70   14.18    4.42    8.36    4.12   11.86    3.05    0.57    0.87    1.03    0.55    3.01    4.22    2.26    2.49    0.98    5.62    1.07    3.21    2.83    1.99    2.98   11.46
PSATBSOR    -6.74  -52.00    5.30   10.22    9.30    2.26    0.88    1.13    1.54    4.91   15.69    0.89    0.15    0.41    1.44    6.25    4.58    3.24    3.44    0.34    6.41    2.10   13.91   10.97    7.78    9.23   10.83    8.82    7.36   15.87    8.98    5.96   13.31    4.04    2.62    6.67    3.29    5.59    5.46    6.15    6.24    7.96    6.60    3.07    4.68    3.91    4.20
PSATBESP    -6.75  -51.77    4.36    7.60    6.62    1.77    1.76    1.21    2.56   15.98   17.63    0.62    0.17    0.68    2.48    4.05    5.21    2.71    2.42    1.16    0.85    0.42    1.17    7.63    6.53   11.17   10.22   11.02    9.70   20.93   21.23    7.61   18.95    1.84    3.48    3.67    2.25    2.43    2.50    2.99    8.86    6.18    4.18    4.73    0.81    4.44    9.05
PSATPIME    -3.41  -51.91    5.26    9.05    7.83    5.73    2.60    2.44    5.55   13.65   13.37    5.71    0.75    2.49    2.29    3.50    3.37    4.49    2.71    0.71    1.36    2.28    2.77    6.56    7.34    9.84   10.65    6.46   11.00   20.69   12.00   16.56   18.33    8.41   10.96    6.92    4.23    3.94    3.42    5.04    8.85   16.29    9.79    6.49    5.54    7.76    8.81
PSATIRAP   -16.74  -42.57    7.95    1.37    0.00    0.00    0.00    0.19    0.08    0.02    0.01    0.00    0.00    0.05    7.12    1.06    4.68    1.63    0.16    0.12    0.00    0.01    0.76   14.86    0.76    1.15    0.14    0.05    0.09    0.01    3.31    0.09    0.15    0.00    0.01    0.14    0.37    0.98    7.77    1.76    0.14    0.00    0.03    0.08    0.00    0.00    0.02
PSATITBI   -15.97  -39.59    2.63    0.15    0.06    0.05    0.01    0.19    0.24    0.56    0.11    0.12    0.22    0.03    1.54    0.67    3.59    0.25    0.52    0.21    0.05    0.01    0.60    3.24    0.19    1.11    0.19    0.51    0.19    0.73    1.88    0.44    0.80    0.60    0.24    0.20    0.17    0.15    1.26    0.64    0.25    0.27    0.96    0.21    0.14    0.00    0.04
PSATCOLI   -10.98  -55.77    5.49   13.03   14.26    5.59    1.80    3.64    1.00    2.85    7.86    2.89    0.48    0.09    1.70    6.92    4.63    4.44    4.44    0.69   16.33    2.07   17.14   14.51    9.70    8.00   10.97   15.32   11.08   10.98    9.41    4.37   15.62    9.78    4.28    3.01    7.37    5.37    5.58    7.11    7.54    4.14   10.52    2.72    5.38    3.18    1.85
PSATSAEL    -9.19  -57.04    5.54   18.20   17.83    6.09    2.82    1.71    1.00    6.66    9.41    4.57    0.54    0.95    4.93    5.64    5.44    2.96    2.52    0.78    4.89    0.69    8.51    9.71   15.07    6.98   10.35   14.93   13.94   23.28   11.94   14.10   18.84    7.66    7.78    6.91    7.47    5.29    4.76    7.87    7.70    9.82    9.00    4.79    6.28   11.16    0.75
PSATITQ    -17.09  -54.83   17.46    9.76   11.10    8.38    1.79    0.92   10.64    8.06    0.17   11.13    0.17    0.05    0.36    5.82   10.30    4.09    4.63    0.30    3.48   12.67   16.30   14.58    1.90    3.76    2.28    4.20    8.29    1.13    3.44    1.24    3.81    5.77    2.59    2.32    1.04    4.49    2.38    4.20    0.80    4.16   14.14    0.11    1.26    1.22    0.23
PSATJAU    -15.24  -58.73    9.66   28.47   36.22   17.09    7.58    1.91    6.94    1.53    3.60    1.23    1.36    0.30    2.17    3.25    9.40    8.22   17.81    2.31   15.09    3.75    4.14   21.44   20.89   21.76   41.75   11.94    7.16    4.56    9.55    3.59    5.15   21.32   12.45    1.58   10.77    7.87    2.12    5.91    4.79    1.18    5.04    4.72    2.37    4.09    1.73
PSATMAN    -14.87  -55.78    3.83   20.28   14.31    7.28    0.68    1.06    2.59    1.60    9.52    0.37    0.31    0.03    0.07    4.88    7.48    3.98    2.53    0.80    4.51    2.76   15.77   20.61    2.47    8.14    5.50    7.83    6.20    1.55    2.50    1.78   11.50   10.27    6.04    3.83    3.55    5.99    4.66    7.09    7.35    4.19    5.70    1.34    7.62    4.19    1.23
PSATPTP    -17.61  -54.83   19.69   19.71   19.57    6.72    3.26    1.00   14.91    3.02    0.41   14.69    0.77    0.09    0.16    4.82   10.90    1.98    3.63    0.45    5.34   22.03   11.99   20.73    2.08    3.65    1.90    4.84    8.10    2.12    2.62    0.44    6.20    7.71    2.15    2.20    3.45    6.60    2.78    4.58    0.83    4.27   18.74    0.53    1.48    2.08    0.61
PSATSTCL   -17.90  -40.20    1.38    0.00    0.01    0.00    0.00    0.06    0.03    0.85    0.02    0.02    0.13    0.02    0.03    3.26    0.33    0.03    0.43    0.16    0.00    0.00    0.34    0.21    0.38    0.59    0.00    0.32    0.07    1.54    2.76    1.18    1.76    0.70    0.25    0.14    0.07    0.01    0.02    0.05    0.15    0.75    2.62    0.07    0.00    0.00    0.00
PSATPDC    -12.58  -39.00    0.91    0.42    0.31    0.18    0.26    0.78    1.40    1.14    0.57    1.00    0.64    0.11    0.06    0.18    0.41    0.29    0.90    0.74    0.19    0.07    0.14    0.28    0.96    0.91    0.86    0.21    0.20    1.64    3.39    2.84    1.23    0.53    0.72    0.28    0.10    0.21    0.19    0.31    0.66    1.31    1.44    0.34    2.07    0.95    0.34
PSATROSA   -20.92  -41.72    9.75    4.33    0.05    0.00    0.00    0.91    4.04    0.06    0.02    0.00    0.00    0.56    6.16    6.14    1.59    2.06    0.19    0.00    0.00    0.00    1.01   19.00    2.83    0.16    0.33    0.01    0.51    0.87    1.13    0.00    0.03    0.00    0.68    0.14   11.62    4.45    1.33    2.49    0.96    0.01    0.03    0.12    0.02    0.00    0.83
PSATCAN    -20.21  -42.85   28.10   14.28    0.17    0.02    0.01    0.49    2.51    0.11    0.64    0.01    0.31    2.19    7.71   13.96   13.85   10.51    2.82    0.13    0.01    0.00    0.55   16.26    1.60    0.67    0.04    0.00    0.17    0.77    0.86    0.04    0.10    0.02    0.02    0.29   17.57   17.58   15.18    1.38    0.29    0.01    0.25    0.46    0.24    0.01    0.58
PSATSAC    -19.64  -42.85   18.20   13.66    0.19    0.01    0.00    0.12    1.34    0.13    0.10    0.03    0.16    5.18    9.76   21.91   20.32   15.74    1.22    0.37    0.01    0.00    0.83    9.38    2.14    1.66    0.12    0.01    0.03    0.31    1.42    0.20    0.53    0.07    0.11    0.20   10.31   18.04    9.00    1.15    0.14    0.02    0.10    0.84    0.01    0.00    0.43
PSATPES    -19.12  -42.66   20.59    6.66    0.19    0.00    0.00    0.10    0.40    0.13    0.01    0.01    0.00    1.42   21.28    3.19   18.79   10.06    1.07    0.88    0.02    0.00    0.31    4.59    0.53    1.99    0.07    0.01    0.03    0.27    0.66    0.56    0.49    0.07    0.09    0.43    0.69    5.39    2.35    0.55    0.06    0.02    0.36    1.01    0.00    0.00    0.66
PSATMAS    -19.50  -40.92   12.26    1.54    0.09    0.04    0.00    0.17    0.46    0.07    0.10    0.04    0.06    1.19   15.22    3.41    7.93    1.82    0.62    0.36    0.01    0.00    0.29    4.90    0.71    0.37    0.05    0.02    0.12    1.28    1.65    0.36    0.42    0.04    0.09    0.14    0.98    1.22    0.35    0.28    0.22    0.08    0.86    0.35    0.01    0.01    0.22
PSATSBR    -23.37  -45.87   15.61   19.39    9.42    1.29    1.50    9.45    6.16   14.82    4.02    5.39    8.02    2.85    4.53    7.72   15.07   20.79   24.78   10.12    1.42   14.56   14.11    5.94    4.31    4.73    2.16    3.03    2.24    0.06    0.06    0.65    0.00    0.40    2.33   12.90   15.01   11.79   19.20   11.60   17.45    5.67    6.01    4.59    4.46    5.13   17.52
PSATJAG    -23.20  -46.03   17.11   28.53   12.45    2.83    2.46   11.68    2.95    8.22    2.24   11.37   11.42    3.76    4.91    7.58    7.66   23.64   16.28   16.34    0.44    9.96   14.60    6.56    7.05    7.55    3.28    2.41    6.44    0.08    0.17    0.31    0.00    0.15    1.46   19.38   10.89   11.63   22.09   10.41   20.26    2.66    6.90    3.39    4.61    7.17   23.28
PSATFUNI   -22.53  -44.57   13.23   17.59    9.63    1.09    0.71    6.74    3.41    6.75    3.20    8.47    7.09    3.35    2.99    8.48   11.37   26.87   22.90    7.63    0.11    8.22   10.97    5.69    4.92    6.02    2.21    3.10    4.20    0.02    0.08    0.63    0.00    0.24    0.73    8.26   16.48   13.94   19.13   11.14   14.54    6.81    3.52    1.53    3.04    5.27   12.66
PSATSACE   -22.48  -43.84   19.91   21.69   19.04    0.08    0.00    8.83   13.69   18.86    7.96    9.01    6.90    3.87    1.51    4.13   22.33   40.61   40.28    1.79    0.00    1.40   10.47    4.81    4.37    7.35    0.82    2.34    1.32    0.02    0.05    0.19    0.00    0.32    0.46    3.16   15.96   22.84   28.05   10.62   21.58   10.25    0.35    0.44    0.50    2.27    7.48
PSATPIC    -21.91  -43.54   19.83   19.46   24.05    0.14    0.00    1.57   10.86   14.88    8.18    5.54   10.45    2.79    2.88    1.75   21.29   30.58   30.41    0.20    0.00    0.24    4.76    4.00    3.83    1.74    0.24    0.40    0.34    0.08    0.06    0.09    0.00    0.00    0.12    0.61   20.66   12.54   20.69    6.16   19.04    1.43    0.00    0.12    0.06    1.19    3.33
PSATSOGI   -21.94  -43.36   26.89   21.42   25.65    0.18    0.02    1.51    8.61    5.91    8.41    0.95    9.70    2.91    6.14    4.99   26.13   33.65   19.37    0.05    0.00    0.01    3.04    7.97    3.41    1.10    0.05    0.04    0.13    0.49    0.24    0.15    0.05    0.02    0.05    0.95   19.93   15.52   19.21    5.25    5.14    0.18    0.09    0.20    0.20    0.67    5.23
PSATIPSI   -21.84  -42.58   24.56   24.37   17.58    0.05    0.04    2.38    8.63   10.07    4.22    1.81    6.20    2.76   15.50    5.99   18.84   34.17   15.32    0.16    0.00    0.10    7.09    5.06    2.74    0.92    0.05    0.11    0.26    0.07    0.13    0.03    0.10    0.02    0.09    0.51   13.88   17.13   26.23    3.94    5.75    0.40    0.06    0.34    0.14    0.73    1.35
PSATTCLJ   -22.69  -43.83   21.78   15.67   12.25    0.12    0.00    6.68   20.41   23.13    5.64    3.02    5.19    1.24    3.62    7.06   13.85   39.84   43.14    0.69    0.00    1.92   11.08    4.18    3.17    0.14    0.12    1.21    0.02    0.00    0.00    0.08    0.00    0.00    0.12    3.85    7.72   20.02   25.12    8.21   20.36    8.33    0.03    0.00    0.00    0.34    5.58
PSATBIGU   -25.51  -53.67   42.49   21.25    1.80    6.81   29.83   31.38   14.13    6.12    8.15   17.90   25.47   11.96    2.00   13.55   10.62    0.76    0.02    0.57   11.38    8.27    3.14    0.54    1.46    3.69    3.35    3.35    5.90    1.11    0.01    0.09    4.40   12.84   16.22    4.22   14.06   10.21    5.73    2.05   13.11    0.75    1.94    4.97    9.66    5.41   11.63
PSATBRAU   -21.45  -42.41   36.29   21.65    1.57    0.01    0.02    1.02   10.13    0.88    1.26    0.00    1.04    2.78    5.72    9.48   15.34   19.95    2.32    0.11    0.00    0.00    4.21    6.90    1.36    0.87    0.06    0.00    0.18    2.12    1.25    0.39    0.12    0.01    0.02    0.07   13.60   20.50   22.70    3.24    0.43    0.11    0.27    0.54    0.52    0.02    0.97
PSATSUIC   -20.08  -40.58    5.63    0.08    0.32    0.16    0.00    0.26    0.68    1.26    0.66    0.28    0.79    0.35   10.31    1.57    0.25    0.15    1.45    0.09    0.11    0.00    1.16    4.47    2.79    0.82    0.31    0.06    0.75    3.19    2.32    0.81    0.70    0.09    0.18    0.40    0.67    0.95    0.21    1.80    0.70    0.43    0.73    1.89    0.09    0.09    0.89
PSATJRI     -9.30  -64.70    9.30   33.39   20.25   13.89   29.66   29.68   11.17    8.99   13.03   20.94   16.07    9.90    4.66    9.61    7.99    5.97    9.19    5.30    7.89   12.59   11.56   28.27   18.13   22.37   21.09   12.52   12.65    9.19    8.90    8.06    9.97   24.72   17.84    7.08    9.39   10.36    6.58    6.58    7.52    9.54   11.68   12.17   11.18    4.50    2.54
PSATBENI   -14.59  -67.53   25.02   20.54    2.28    5.12   16.06   29.49    8.98   12.28    9.96   10.46   12.67    4.49    6.24    6.35    4.67    4.35    5.43    3.31    7.77   10.04    6.31   17.68   18.64   14.93   13.78    9.18    7.69   11.69   14.51   11.83   21.30   43.40    9.28    4.91    5.01   12.44    8.47    9.81   10.63   14.37    9.80    7.18    7.10    3.91    4.27
PSATEPB    -12.42  -64.42   16.49   15.34   14.35   12.61   28.62   19.99    6.29    4.01    6.06   13.04    3.73    1.34    1.32    7.80    6.90    2.63    6.18    4.87    4.89    2.96    3.70   14.23   16.14   11.22   22.33   18.60   12.43    9.32   10.56    3.64   11.53   11.31   10.61    4.66    6.07   11.10    3.98    4.42    4.33    4.16    5.59    5.78    5.27    2.32    1.60
PSATEGM    -10.79  -64.35   28.23   12.86    5.72    9.98   20.75   19.45    7.66    4.85    5.93   14.68    9.90    5.24    2.51   14.61    5.37    3.79    4.69    2.65    5.24    9.16   10.11   16.90   14.75    9.48   18.94   14.78   12.01   17.39   13.53   21.01   46.58   21.01    6.79    5.43    5.21   11.98    5.78    9.41    6.48    9.18    5.52    6.21    6.70    2.62    1.80
PSATSTOA    -8.79  -63.95    5.84   11.31   22.10   10.21   10.42    6.38    6.12    6.83   17.86   17.46    5.77    4.25    3.79    7.56    2.48    2.27    7.33   17.51    5.92    2.96   10.90    8.30   11.27   14.26    7.60   21.02    8.64   15.09   13.88    4.86   10.80   22.42   14.34    7.38    5.11    6.28    6.32    4.50    9.16    6.73    8.41    8.94    5.87    4.70    2.89
PSATENC     -9.90  -66.62    8.30   34.35    6.12    5.88   28.87   23.65   20.33    6.02    9.61   20.52   11.49   14.66    1.94   10.24   10.65    2.42   15.02    6.88    7.83    5.93    7.29    7.75   10.26   16.99   16.09   19.26    3.95    2.31    3.79    1.61    4.83   15.75   19.67    9.01   10.06   12.03    4.55    2.77    8.21   10.46   13.71    5.05    9.47    3.76    3.12
PSATAMY1   -11.71  -70.63    4.31   17.42   28.15   32.03   36.24   17.19    9.52   16.21   27.51   22.84   15.29   12.56    7.28    8.41   14.57    7.23    8.18   12.81   15.14   28.05    7.14   45.23   13.55   36.44   32.38   10.14    2.47    3.51    8.25    3.50    5.21   29.09   15.84    5.10   12.76   12.23   11.47   10.37    9.18   12.02   13.52   25.96   18.99    5.94    3.07
PSATAMY2   -12.37  -71.17   10.30   21.17   20.55   27.30   24.51    9.06   10.51   14.10   38.62   15.83    9.57    4.71    7.57    4.06    7.16    9.98    5.76   15.34   14.83   27.16   11.93   44.54   20.26   29.78   34.86   12.47    7.21    9.92   18.29   12.62   15.15   34.23   21.23    6.32    8.57   13.81   10.75   15.31   17.50   17.58   14.65   25.57   11.56    4.53    3.64
PSATAMY3   -13.75  -70.18   43.09   30.20   13.18   27.43   23.89    8.81    9.54   13.52   26.82    7.36   12.72    3.09    4.98    5.81    4.51    5.86    3.44    7.08    6.25   15.27    6.42   29.01   30.29   27.41   14.79    6.82   11.80   16.19   23.24   27.33   37.81   51.75   24.41    7.21    7.52   12.74    7.11   14.88   18.86   17.72    7.89   13.65   10.32    4.88    2.83
PSATAMY4   -13.45  -69.47   19.03   31.64    8.88   15.73   15.60   10.60   16.25   11.74   13.60   15.44   16.64    7.74    5.38   10.04    6.94    5.80    2.42    5.16    5.75   12.86    3.80   29.26   31.02   32.41   21.35    7.62    5.35    7.87   15.86   21.51   32.19   38.17   36.51    5.19   10.91   19.68    9.25   14.44   12.42   12.53    8.19   17.85   12.61    6.62    2.86
PSATJRN    -13.37  -59.01   10.24   10.96   29.18   17.09    8.14    1.23    4.36    3.00    7.17    2.35    0.88    0.45    1.61    6.83    9.41    2.68    4.75    0.79    8.61    1.89    2.62   26.49   30.09   12.66   26.02   19.45    9.03    7.76   17.34    4.38    9.16    9.37   14.05    3.11    3.27   10.07    1.82    5.58    7.17    0.41    5.81    5.00    1.80    5.49    3.33
PSATAPI    -10.34  -56.98    8.75   15.17   25.09   11.99    4.60    1.62    0.43   14.79    3.99    8.62    0.62    1.87    6.99    4.35    7.36    1.42    2.46    0.56    9.57    0.45    5.08   17.19   13.04    6.23   14.65   30.12    7.28   16.82   20.08   20.57   14.21   21.29    7.81    4.01    8.36    7.61    5.08    9.64    7.49   10.57   10.54    3.05    7.37    7.00    0.64
