PSATAGV    -19.89  -50.35   20.22   15.65    8.03    0.87    0.00    0.15    4.05    0.07    1.74    0.16    0.00    0.00    0.00    0.00    0.00    1.27    8.85    2.41    5.34   12.87   26.14   14.63   16.69   25.03   21.97    6.79    8.01   13.69   16.09   22.43   39.39   19.62   22.84   88.05   33.38   23.02   22.06    7.90    2.48    5.80   11.77    8.03   10.20   13.65    5.78
PSATCMG    -21.28  -44.63    5.61   32.15   20.11    0.13    0.00    0.00    0.08    3.59    7.43    1.02    0.18    0.12    1.57    0.56    0.06    4.03    6.22   18.71    3.27    5.92   45.79   17.35   41.96    6.84   24.55    7.28   16.98   10.89   31.57   31.00   41.55   71.61    8.84   21.35    8.10   25.75   34.75   13.47   14.97   17.42   13.84    3.92    4.89    0.90    1.50
PSATCES    -20.25  -48.16   12.07   19.66   25.32    0.45    0.01    0.00    0.34    0.47    1.09    1.71    0.00    0.02    0.11    0.00    0.00    8.87    3.56   10.96   10.35   12.56   27.98   16.45   17.92   30.56   23.72    3.60    3.87   12.11   19.28   14.03   51.31   46.42   18.99   18.24   28.29   27.47   67.31   12.89    2.02    6.85   13.37   13.97    4.50    3.52    1.91
PSATELC    -21.60  -46.95   15.87    3.31   16.09    1.21    0.00    0.00    0.24    1.19    4.64    0.80    0.22    0.24    4.70    0.12    0.00    6.73   12.36   11.96    3.34    4.48   21.01   18.59   29.47   34.99   23.03    2.58    3.28    5.84   12.90   15.72   32.94   24.77   15.44    6.75    9.56   25.27   86.70   32.58   14.61   11.99    9.15    5.33    0.93    1.48    3.45
PSATFUN    -21.14  -45.04    8.07   22.89    8.79    0.06    0.00    0.00    0.01    1.20    4.68    2.19    0.09    0.06    0.38    0.09    0.02    3.71    5.10   14.11    3.79    4.63   38.79   17.33   29.36   14.72   16.22    9.48    7.14    6.79   26.89   28.76   66.53   41.09   18.29   39.69    5.83   25.53   33.59   14.15   11.54   12.36   10.52    2.01    2.91    0.61    1.40
PSATFUR    -20.67  -46.32   11.18   18.95   13.41    0.43    0.00    0.00    0.04    1.48    8.99    2.93    0.12    0.10    1.97    0.03    0.00   10.35    5.65   11.10    5.30    9.49   23.46   16.93   29.82   19.56   18.70    8.37    7.17   12.48   19.27   28.06   37.38   42.72   26.21   34.46   16.34   38.64   55.36   20.79   15.40   16.72    7.11    4.17    1.20    0.69    1.95
PSATMRB    -20.30  -49.18   20.17   11.54   15.67    0.63    0.00    0.00    1.45    0.38    2.01    1.18    0.00    0.03    0.35    0.02    0.00    5.57    5.02    6.03    6.98   14.56   33.44   21.44   24.14   32.82   25.66    3.30    5.40   16.57   20.77   10.84   50.56   34.20   13.43   42.60   36.56   32.60   60.78   12.78    1.96    6.87   12.00   10.57    6.67    5.94    5.03
PSATPRG    -21.59  -45.67   14.55    6.54   12.47    1.26    0.00    0.04    0.15    7.88    5.34    1.37    1.22    2.15   13.58    0.56    0.02    4.68   10.46   11.04    2.01    3.15   23.40   20.36   24.81   16.67   35.08    5.98    5.08    4.51   17.78   15.22   27.37   24.21    7.19   10.86   15.67   31.57   36.64   40.94   26.72   17.97    6.99    6.54    1.07    1.25    4.41
PSATPAS    -21.02  -48.18   28.01    3.89   15.88    0.93    0.00    0.00    1.31    0.79    6.20    1.26    0.11    0.11    4.46    0.34    0.00    2.69   10.59    9.21    2.24    4.99   28.61   24.56   24.82   33.48   36.41    1.72    2.69    8.97   15.99   16.07   39.88   17.20    2.91    9.25   26.79   30.24   52.77   16.34    7.04    5.92   13.99   12.10    6.95    6.47    2.83
PSATPTB    -21.61  -45.49   10.95   12.53   23.91    0.90    0.01    0.03    0.03    1.28   10.10    1.69    0.46    0.48    8.07    0.09    0.06    0.65    7.98    9.00    1.31    3.42   31.16   25.42   33.39   16.19   23.68   12.12    8.48    4.31   25.26   16.85   29.91   36.90   12.88   17.60   15.20   33.64   37.83   27.36   18.94   20.83    6.80    5.55    0.61    0.93    3.94
PSATPTC    -20.00  -48.55   11.85   19.70   15.32    0.35    0.00    0.00    0.12    0.19    0.99    0.80    0.01    0.00    0.00    0.02    0.00   10.93    2.49    9.20   15.35   13.97   30.91   14.09   17.45   25.41   21.21    5.50    6.84   10.81   26.03   15.62   49.27   50.00   29.49   23.79   27.11   15.80   29.06   16.38    7.38   16.14   10.63    7.49    3.65    1.71    1.25
PSATFZA    -26.00  -51.65    7.40    9.02    2.17    7.86   23.67   25.49   13.08    3.89    0.49    0.32    2.59   18.01   54.21    9.40    9.24    6.82   10.00    1.36    0.16    0.05    0.47    5.32   47.64    5.15    2.45    1.33    4.16   16.69   11.86   13.65    9.92    3.30    0.00    0.08    0.08    0.40    0.51    0.05    0.00    0.11    0.00    0.27   12.78   13.94    1.38
PSATJSG    -25.78  -52.00    5.24    9.71    3.76   17.95   48.25   16.85   15.34    4.13    0.74    0.49    2.61   16.82   69.74    8.77    7.19   11.70   14.12    1.63    0.41    0.33    1.62    6.21   51.90    5.64    1.27    1.37    2.92    9.66   14.30   15.44   11.96    0.55    0.00    0.01    0.01    0.01    0.08    0.00    0.01    0.17    0.00    0.20   10.29   12.12    0.77
PSATSCX    -25.53  -53.48    3.01   10.00    3.76   17.94   56.70   19.71   12.96    3.86    1.22    0.31    5.36   21.32   64.09   11.25    3.87   14.12   11.41    1.19    0.65    1.11    2.20   12.88   56.08    2.73    0.97    1.35    0.88   11.79    9.55   13.55    8.81    0.54    0.01    0.00    0.00    0.02    0.02    0.01    0.15    0.14    0.08    0.39    4.28    9.74    3.74
PSATSCL    -25.49  -51.74   12.19    5.43    1.49   18.00   41.28   33.13   10.31    5.54    0.44    0.75    2.13   18.45   51.70    7.45    5.71    4.67   13.30    1.27    0.82    0.02    1.84    9.92   57.88    2.33    1.86    1.59    1.93   12.41    5.90   14.92    5.74    1.37    0.00    0.00    0.18    0.58    0.18    0.02    0.00    0.08    0.00    1.30   10.19    6.23    3.11
PSATUVT    -26.23  -51.08    4.14    5.76    0.61    7.44   20.55   48.49   21.98    5.26    1.15    0.39    6.87   22.93   20.79   11.01    9.63   12.60   10.58    5.51    0.15    0.03    1.13    4.48   47.85   11.10    3.12    2.41    4.63   15.89    8.02    8.21    5.86    4.66    0.02    0.26    0.18    2.34    2.38    0.80    0.01    0.10    1.05    0.89    6.91    4.79    4.26
PSATBSM    -24.19  -53.74   12.91    5.34    0.70   42.31   68.71   39.38   11.39    4.00    0.25    0.19    0.88   29.44   48.58    7.27    0.98    4.01   10.34    0.82    0.51    0.57    3.45   13.20   36.65    1.32    1.42    1.44    3.63   15.05    3.88    3.46    9.81    1.65    0.00    0.00    0.12    0.15    0.47    0.16    0.33    0.24    0.21    1.99    7.70    8.76   13.94
PSATFLE    -22.97  -54.56   23.63    2.85    0.72   18.64   44.35    5.86    1.74    3.37    0.36    0.15    0.75    0.81   32.96   17.23    4.74    3.00   19.33    1.02   10.79    5.96    6.18   12.25   12.80   28.51    0.72    0.12    5.96    5.43   38.07    2.17    6.08   16.74    0.96    0.00    0.37    0.20    0.17    0.26    0.03    0.06    0.38    5.82    7.00   11.23   18.36
PSATITP    -25.42  -54.58   15.85    4.59    1.03   26.66   64.46   20.97    7.78    2.29    0.11    0.08    0.68   12.93   36.51   12.09    1.16    6.04   17.55    1.76    2.19    6.82    1.56   15.40   15.57   12.10    2.17    0.54    3.37    7.51   27.61    6.07    7.83    5.30    0.10    0.01    0.26    0.22    0.40    0.16    0.15    0.68    0.64    2.81    5.56   14.07   14.17
PSATIVM    -22.38  -53.53   21.05    0.89    0.72    6.20   23.55    6.85    4.65    2.23    0.22    0.16    0.15    0.72   12.60   12.00    3.83    0.25    7.90    1.11    6.66    7.11    1.71    6.18   18.25   48.33   19.09    0.79   17.48   10.53   83.95   16.20    7.91    9.92    0.59    0.01    0.52    0.84    0.34    0.58    0.05    0.04    1.06    8.10    8.96   13.56   14.14
PSATPTQ    -23.18  -53.17   20.30    4.69    1.35   37.53   45.74   30.71   16.89    4.43    0.34    0.48    0.75   14.36   44.51    3.54    0.27    0.74    8.93    1.69    0.62    0.06    3.26    6.36   38.95    6.03    3.35    1.19    3.42    8.23    6.51    2.53    6.60    4.24    0.00    0.02    1.39    0.91    1.10    0.14    0.03    0.00    0.29    4.77   11.37   12.17    9.28
PSATCBI    -17.99  -48.54   13.76   12.20    1.79    0.03    0.01    0.03    0.52    0.14    0.00    0.00    0.00    0.00    0.00    0.00    1.67    0.19    0.89    1.95   12.16   26.75   16.19   12.16    3.71    3.37    7.94   11.66    5.19    9.96   16.04   14.09   11.09   16.36   19.30   15.35   16.09   10.09    6.59   17.58   10.21    8.30   11.09   11.37    4.13    4.02    0.07
PSATCBIV   -16.15  -48.67    9.52   18.58    1.53    0.00    0.02    0.05    1.43    0.02    0.06    0.00    0.00    0.00    0.00    0.00    2.36    0.07    0.13    2.36   11.63   28.04    6.88    9.80    1.63    1.98    5.47   11.63    4.03    9.35    8.83   10.41    7.42    5.97   10.36   11.77    8.67    6.82    3.43   10.11   12.53    6.94    6.66   16.43    6.33    7.78    0.11
PSATEMB    -18.45  -47.98   12.95    7.47    1.63    0.00    0.00    0.00    0.01    0.07    0.20    0.05    0.00    0.00    0.00    0.00    0.25    0.32    0.01    3.58   10.70   25.77   17.86   10.66   22.78   20.63   15.98   11.98   19.02    5.20   16.30   40.35   23.42   25.07   27.33   54.08   19.38   13.16   11.99   16.99    8.17   17.38    3.73    2.12    2.26    1.43    3.24
PSATIMBR   -18.42  -49.10   12.92    9.80    3.75    0.08    0.01    0.07    0.53    0.11    0.18    0.37    0.00    0.00    0.00    0.00    0.75    1.98    0.67    2.34    8.58   27.46   24.02   13.37   13.84   16.95   16.25   10.16   15.39    6.59   14.70   37.36   25.65   34.59   26.84   36.21   21.39    9.80    9.75   15.80    8.43   10.05   16.56    7.37    3.79    4.23    0.91
PSATNPTE   -19.13  -47.70   15.68   15.33    3.10    0.04    0.00    0.00    0.01    0.14    1.07    0.54    0.00    0.00    0.00    0.00    0.02    3.27    1.04    9.32   15.74   17.46   19.18   12.70   22.77   18.74   22.64    8.47   11.40    6.50   18.39   28.43   36.41   33.10   32.35   30.60   18.75    9.78    8.69   13.49   11.95   13.86    5.02    2.75    1.46    1.16    1.47
PSATARV    -18.07  -50.16   16.86   12.08   10.33    0.43    0.05    0.26    2.33    0.24    0.05    0.10    0.00    0.08    0.00    0.01    0.63    0.74    8.20    5.56   12.08   26.19   14.69    6.09    1.70    3.01   13.18   10.49   12.32    3.06    7.06    9.47   17.82   18.62   51.84   32.14   12.37    6.00   11.96   14.39    9.44    3.68    5.62    5.93   13.29   17.50   10.91
PSATSFC    -18.05  -47.68    5.08    6.03    0.91    0.00    0.00    0.00    0.06    0.05    0.00    0.00    0.00    0.00    0.00    0.00    4.83    0.04    0.00    0.97   11.51   20.24   11.30    8.00    9.78    9.28   10.81   13.98    8.57   13.15   19.75   27.82   15.90   14.66   22.81   20.67   18.34   10.57    7.16   17.95   12.79   11.86    8.27    2.44    1.94    1.19    0.18
PSATSSM    -19.02  -50.50   21.13   16.87    7.49    0.48    0.02    0.30    1.25    0.10    0.26    0.25    0.00    0.00    0.00    0.00    0.10    1.14    2.25    6.03    8.88   18.79   18.03    7.08    8.15   11.74   20.72   16.87   15.13   10.33   16.81   32.92   33.14   34.05   51.82   70.81   19.31   10.87   10.37   13.66    8.69    8.93    8.88    9.24   10.14   15.66    5.16
PSATCNI    -22.94  -50.52   26.54    0.39    8.16   14.95    1.03   26.01    8.41   14.83    0.73    1.55    0.41    0.00   12.16    1.07    0.00    0.00    2.88    6.34    0.09    0.99    7.44   10.84   19.25   19.88   36.58    0.68    1.69   11.25    6.89    4.70    3.89   15.17    0.09    0.75   34.40   42.92    4.24    0.96    0.03    0.01    4.96    4.30   13.14    8.37    5.22
PSATCPV    -22.65  -51.33   20.31    0.44    4.33   36.32   11.54   34.04   10.26    6.27    0.31    0.72    1.95    1.78   17.03    2.34    0.01    0.14    2.77    4.03    0.24    0.60    2.12    6.29   29.43   13.87   17.94    0.82    2.13   11.50   12.43    2.07    3.12   12.04    0.06    0.26   18.13   13.92    2.89    0.26    0.00    0.00    1.50    5.49   14.07    9.45   11.00
PSATCHT    -23.01  -49.73    8.56    0.15    2.78   20.95    7.77   35.46    8.97    5.16    0.18    0.67    3.39    2.48    5.57    3.94    0.15    0.38    3.22    9.16    0.05    0.13    1.80    6.12   25.36   10.40   15.48    0.36    2.77   12.33   13.46    2.99    2.17   10.22    0.03    0.02   14.64   15.78    2.10    0.38    0.01    0.02    1.00    4.41   12.82    7.09   10.25
PSATJUR    -23.22  -49.23   20.47    0.47    2.01   10.16    2.05   33.46   18.93    3.84    0.64    0.62    1.71    3.62    1.14    2.15    0.20    0.27    6.61   16.24    0.10    0.74    9.24    8.16   20.06   11.72   20.56    0.53    2.44   11.70   16.31    5.44    3.18    4.85    0.47    0.14    7.21   22.70    7.29    1.58    0.22    0.17    3.29    6.13   11.55    7.76    6.05
PSATMAU    -24.06  -50.71    6.48    0.78    1.85   22.78   19.13   22.52   21.17    5.87    0.73    2.07    1.74   13.78   28.41    5.12    3.82    2.09    6.84    3.20    0.40    0.17    2.11    6.59   47.00    1.20    3.40    1.72    3.54    9.83    9.47    8.36    7.06    5.12    0.01    0.02    1.70    6.11    2.23    0.11    0.00    0.00    0.08    5.79    5.41    8.03    4.73
PSATROS    -22.50  -52.87   39.57    4.01    3.37   28.79   20.27   36.84   10.16    3.91    0.27    0.08    0.06    2.30   29.21    1.05    0.00    0.19    5.28    3.96    0.29    0.13    1.12    1.89   18.15   26.97   16.12    0.61    3.42    7.94   16.74   16.77   12.57    8.12    0.03    0.15    4.43    4.91    2.40    0.20    0.00    0.00    1.40    6.73   13.86   20.02    9.82
PSATQMD    -16.21  -47.33    8.14    2.00    0.99    0.00    0.01    0.00    0.31    0.27    0.00    0.00    0.00    0.00    0.00    0.00    2.51    0.02    0.00    0.76   15.05   10.83    3.13    0.74    0.73    3.12    4.85    7.64    6.57    8.73   12.69   10.17   22.67    1.65   25.44   13.14   13.61    6.56    5.54    9.61   13.72    8.67    6.09    6.15    1.17    1.16    0.08
PSATRBX    -18.95  -44.76   16.39   15.41    0.80    0.00    0.00    0.00    0.07    0.78    2.23    1.57    0.00    0.02    0.01    0.00    0.10    1.95    3.01    4.63    8.23   11.45   25.91    4.74    9.12   11.41   13.34   16.36   14.14    9.01   25.45   52.48   67.46   43.74   38.19   30.65    7.05   16.48   21.03   23.41   12.42   12.84    6.90    1.55    1.98    0.59    0.97
PSATSFR    -15.93  -44.86   13.18    2.47    0.57    0.00    0.00    0.00    0.07    0.21    0.00    0.00    0.00    0.00    0.00    0.00    0.28    0.01    0.00    0.40   23.09   19.53    3.50    0.53    0.62    2.35    6.02    5.46   13.41    9.54   14.44   17.50   13.03   13.96   19.95   20.90   19.27    7.05    5.76    9.02   15.79    6.70    6.50    3.71    3.20    0.88    0.16
PSATSRM    -16.37  -45.07   13.53    6.15    0.50    0.00    0.00    0.00    0.02    0.09    0.13    0.05    0.00    0.00    0.00    0.03    0.68    0.02    0.17    1.49   15.53   19.97    6.92    1.23    5.22    6.88   16.33   10.06   15.49    9.85   23.76   44.05   28.92   30.84   32.74   29.92   13.65    9.51    8.55   16.68   15.61   13.44    7.20    1.58    1.77    0.67    1.16
PSATTMR    -18.16  -45.27   18.34   19.47    2.57    0.06    0.00    0.00    0.03    0.08    4.89    0.78    0.00    0.00    0.00    0.00    0.32    2.74    1.29    7.35   10.64   21.04   21.25    8.45   18.84   16.35   15.31   16.35   15.39   11.59   28.31   42.64   42.21   25.66   38.14   34.64   15.49   17.45   23.91   22.17   15.60   15.11    8.61    1.83    1.13    0.43    1.03
PSATBOQ    -11.35  -43.83    2.54    0.95    0.11    0.07    0.00    0.92    1.60    2.13    0.23    0.02    0.02    0.00    0.01    0.09    0.00    0.23    0.89    1.30   10.02    5.04    0.88    0.39    0.02    0.60    3.41   12.22    3.51    5.68    3.68   11.73    8.37   14.33   13.27   18.44   21.34    1.98    1.99    0.78    2.20   11.88    8.50    5.27    9.11    5.26    3.06
PSATBBO    -22.52  -48.55   32.87    0.35   11.63    3.01    0.09    1.78    8.58    4.66    1.77    1.14    0.52    0.76    4.26    2.68    0.24    1.36    6.90   11.58    0.16    1.79   29.64   30.88   16.98   26.72   38.78    1.09    2.15    3.67   14.50   12.88   13.17    8.23    0.45    1.46   16.49   35.56   23.73    8.22    5.64    4.58   14.85    9.09   13.06    7.45    3.93
PSATESZ    -23.46  -46.91   42.67    3.83    3.90    1.38    0.11    1.92    3.14   11.92    3.90    1.38    0.29   10.28    4.63    5.97    2.73    2.72    5.21   19.27    1.10    2.63   26.25   24.14    6.95    4.92   38.16    2.39    4.10    6.73   12.78   22.49   18.06   22.95    3.17    0.97    6.21   44.24   19.37    5.80    4.91   12.04   10.77   17.56    9.41   15.53   11.88
PSATIBT    -21.76  -48.99   28.43    0.24   16.91    2.66    0.12    5.54    4.55    4.88    2.45    1.10    0.06    0.00    7.78    0.51    0.00    1.31    3.29    5.64    0.29    2.83   21.33   24.39   22.57   36.11   34.13    1.54    1.26   13.33   12.23   13.38   16.42   13.53    0.38    4.53   59.78   52.09   22.48    1.86    0.23    0.62   11.43    8.18   13.34    8.54    1.75
PSATNAV    -21.12  -50.20   26.56    6.70   12.32    2.05    0.02    2.44    4.10    2.74    5.64    0.41    0.00    0.00    0.19    0.10    0.00    0.62   10.02    3.28    0.92    3.89   19.24   11.36   24.23   30.13   19.89    1.21    4.11   15.48    4.60    5.41   57.63   19.89    0.49   17.63   52.14   55.39   23.45    2.78    0.26    0.95    8.32    6.36   12.99    7.60    4.35
PSATSME    -13.40  -48.30    8.62    9.26    3.17    0.20    0.05    0.64    2.32    0.81    0.34    0.22    0.00    0.01    0.11    0.03    0.75    0.41    0.50    3.12   15.32   23.80    7.06    3.57    0.69    2.42    4.99    8.94    3.52    6.43    8.44   22.43   15.54   13.77   15.84   16.80   11.55    7.56    8.13   12.69   13.13    8.04    6.64    9.27   11.35    9.66    2.28
PSATBGR    -27.78  -51.20    0.30    0.78    4.10   24.46   36.09   30.42    1.01    1.32    0.64    1.09   19.94   19.98    5.22   12.74    1.01   18.46   21.31    0.02    0.00    0.06    0.85   13.67   12.71   13.45    1.89    1.53    7.82    2.56    7.26    3.82   12.29    2.17    0.00    0.02    0.00    0.39    0.00    0.14    0.19    0.16    0.07    1.63    4.42    2.74    2.53
PSATCNV    -27.60  -51.33    1.00    2.71    3.87   14.76   48.20   57.46    5.22    1.96    0.72    0.82    7.61   15.46   35.43   20.16    4.23   17.79   17.01    0.19    0.05    0.03    0.60   12.85   18.42   13.86    2.29    1.61    4.65    6.07    5.54    8.87   11.85    4.66    0.00    0.14    0.01    0.19    0.11    0.36    0.16    0.06    0.01    0.91    4.82    1.54    1.55
PSATFCH    -27.14  -53.04    0.02   11.43    8.15   45.33   69.25   19.71    1.75   10.03    7.23    0.05   37.21   27.29   24.57   30.65    4.01   20.19   22.86    0.12    0.04    1.29    2.17    5.42   23.29    9.28    0.65    0.18    0.24    0.24   10.87    1.40    0.78    0.47    0.00    0.00    0.00    0.21    0.00    0.00    0.06    0.00    0.15    0.15    2.30    9.09    2.06
PSATITA    -27.27  -52.38    1.32    5.83   10.79   25.41   36.66   32.23    8.66    5.24    3.02    0.20   17.43   18.32   36.64   30.04    9.73   13.68   21.22    0.35    0.00    0.07    0.29    3.04   24.40    7.38    1.46    0.57    1.63    3.71   12.96    5.68    7.59    1.97    0.00    0.02    0.00    0.12    0.05    0.04    0.02    0.01    0.08    0.10    5.13    8.97    1.27
PSATMCD    -27.52  -51.78    0.87    1.29    7.79   25.12   47.64   28.08    0.53    0.77    5.18    1.39   25.04   13.67   10.59   32.69    1.82   12.69   29.01    0.01    0.00    0.01    0.11    2.27   16.94    9.57    0.90    0.27    2.78    0.27   14.57    1.59    2.58    1.01    0.00    0.00    0.00    0.31    0.00    0.00    0.02    0.00    0.08    0.02    1.92    6.55    1.19
PSATMOJ    -27.35  -52.73    0.25    6.61   16.40   79.08   34.98    9.22    0.37    1.43    2.56    0.21   63.99   20.37    5.55    6.60    7.70   22.86   23.90    0.02    0.01    0.90    1.63    6.77   16.95    2.85    0.47    0.24    0.27    0.57    9.99    1.34    1.25    0.64    0.00    0.00    0.03    0.17    0.00    0.00    0.02    0.09    0.40    0.66    2.50   12.89    1.08
PSATQQX    -26.66  -52.54    1.42   11.38    9.70    6.48   45.43   22.66   17.10    8.77    3.68    0.14    8.71   17.30   69.88   12.72    6.50   13.63   16.49    0.92    0.06    1.08    0.34    3.30   39.56    5.84    1.39    1.04    1.28    9.47   15.20    8.54   14.77    1.11    0.00    0.00    0.00    0.02    0.02    0.00    0.00    0.02    0.17    0.02    5.77   10.71    0.46
PSATPSJ    -28.14  -55.05    0.01    1.15   24.52   64.24   10.51    0.81    0.00    0.10    3.14    0.77   67.33    6.71    0.00    0.96    4.97   15.10   23.81    0.00    0.16    3.98    0.72    3.00   18.92    2.17    0.29    0.02    0.06    0.11    0.28    0.12    0.46    0.31    0.00    0.00    0.02    0.00    0.00    0.00    0.02    0.68    6.65    5.91    0.52    1.98    1.08
PSATESP    -18.68  -51.87   24.57    6.84    7.29    0.30    0.22    0.37    2.03    2.23    0.00    0.72    0.00    0.03    0.02    2.79    0.35    0.29    0.52    2.29    7.22   19.70   11.58    4.91    3.80    6.23   13.15    3.10    6.64   10.57    0.89   19.61    5.80   83.13   15.81    5.65    4.21    3.63    5.13    9.49    7.51    3.42   19.44   16.11   15.01   15.96   22.43
PSATSRC    -19.16  -50.76   23.76   18.81   13.53    0.42    0.06    0.72    1.98    0.41    0.00    0.28    0.00    0.26    0.00    0.42    0.25    0.56    3.51    1.86    8.77   24.82   13.24    6.75    3.78    4.73    9.71   10.39   13.75    5.57    1.97    7.75   14.31   57.51   15.89    9.47    7.73    7.24   12.64    8.95    4.73    4.52   20.82   15.98   14.66   17.82   20.72
PSATFRCL   -19.12  -50.64   17.94   16.08   10.62    0.46    0.04    0.94    1.87    0.47    0.01    0.33    0.00    0.36    0.01    0.35    0.42    1.06    4.99    2.98    7.34   26.58   20.33    8.17    3.18    5.06   12.04   15.65   14.41    4.01    3.70    4.84   19.11   17.59   36.87   19.15   12.01    5.84   10.49   10.75    8.17    4.88   16.07   11.11   11.88   22.57   13.38
PSATISOT   -20.40  -51.35   29.35   16.68   14.80    0.85    0.01    2.03    4.04    1.27    0.15    0.06    0.00    0.00    0.00    0.08    0.00    0.25   11.69    5.10    7.68   12.23   13.67   10.52   13.19   23.91   20.66    8.85   10.80    5.54   12.73   32.23   28.78   19.22   17.35   15.10   10.18   14.40    9.98    5.52    2.92    4.89   11.42    9.54   14.81   16.35   13.25
PSATJUP    -20.86  -51.63   26.23   16.71   12.20    1.64    1.06    2.74    6.73    2.99    0.15    0.08    0.01    0.04    0.02    1.21    0.15    0.24    9.43    2.84   11.17   11.79    5.41   13.56    8.41   11.33   15.78    5.28   12.01    4.10    9.26   19.34   14.53   28.53   10.90    3.81    4.13    4.99    7.94    4.45    4.00    5.23    8.92   11.43   16.92   16.88   15.41
PSATSDG    -20.06  -53.18   12.23    7.96    9.68    2.02    0.87    1.83   13.07    2.14    0.10    0.14    0.05    0.11    0.09    5.67    0.29    0.20    7.30    0.61   11.45    9.18    3.93   13.55    5.65   13.29   18.01    3.43    9.12    1.50    5.68   11.24   33.45   29.19    4.51    1.00    3.19    3.02    5.69    3.73    2.38    3.23    3.51   15.74   12.61   12.76   16.18
PSATFZBT   -21.66  -52.87   24.21    2.41    1.89    4.12   10.82    5.43    8.92    2.93    0.11    0.36    0.07    0.10    3.87   12.92    2.36    0.92    4.78    1.13    9.25   13.06    0.88    9.34   17.50   24.27   16.30    2.00    7.17    5.18   33.06   45.99   12.54    8.88    1.94    0.31    1.26    1.58    1.51    1.75    0.24    0.09    4.05   11.95   11.67   16.33   22.56
PSATPPRA   -22.46  -52.91   37.03   13.48   12.46    9.45    7.12   15.99    9.59    7.05    0.39    0.25    0.00    0.02    3.87    0.86    0.04    0.51   11.46    4.20    4.70    3.52    5.66    8.32   15.24   31.16   18.57    1.47    5.10    5.99   27.82   57.70   22.00   14.01    1.18    3.62   15.06    9.78    3.85    1.00    0.17    0.45    4.13    7.19   13.10   16.80   13.39
PSATBTE    -13.69  -50.80   17.42   17.61    6.19    0.71    0.68    1.05    1.65    1.09    0.32    0.67    0.01    0.08    0.02    0.20    0.40    0.60    1.85    1.68   10.34   20.82   15.21    5.14    3.74    4.35   11.77    9.58    6.95    5.31    6.62   10.84   16.55   29.75   30.55   27.77   17.72    8.04   14.20   16.71   16.75   12.02   15.94    8.32   10.25   17.08   14.44
PSATARAG    -8.27  -49.26   10.59   14.74    4.76    2.25    0.49    0.51    1.26    3.61    7.58    2.22    0.27    1.96    1.63    5.32    1.69    2.25    1.50    2.73    6.75   15.37    9.81    2.69    5.86    3.77    4.75    8.79    7.51    6.53    6.46   15.36   11.98   14.89   14.37   16.91   12.46    6.03    6.42   12.61   13.48   11.41    6.17    7.02   10.65   11.97   10.39
PSATLAJ     -9.76  -48.37   15.44    4.94    1.38    0.71    0.10    1.52    2.95    5.64    3.47    1.20    0.05    0.03    0.05    0.71    0.07    0.42    1.32    2.95   18.16   19.57    2.44    1.59    0.98    3.12    4.10   11.53    5.00    7.28    6.68   11.79   14.43   19.81   14.80   15.87   17.45    6.73    7.53    5.40    5.93    5.43    6.17   10.07   10.76   10.93    5.67
PSATPTRL    -9.31  -47.39   13.09    5.16    1.11    0.56    0.01    1.68    1.23    7.76    7.43    1.25    0.05    0.00    0.15    1.57    0.12    0.45   13.73    2.31   10.37   12.10    2.73    0.95    0.94    4.51    4.59    6.39    5.40    6.46    4.36    9.83    6.60   17.38   10.10   23.40   17.16    5.65    5.44    4.53    2.57    4.33    1.78    7.78    9.64   13.08   10.90
PSATLJET    -7.33  -47.48    6.98    7.74    1.07    0.56    0.05    0.75    1.82    8.05    3.16    3.92    0.23    3.15    0.19    7.49    1.83    2.54   17.24    3.64    3.51    6.24    5.58    2.16    5.83    3.21    6.41    6.48    4.83    5.46    3.84    3.54    4.31   11.59   11.57   14.85   11.65    6.83    4.86    4.57    1.88    3.82    4.84    8.62   10.86   12.06    8.95
PSATUCR     -3.83  -49.65    6.48    7.30    4.70    1.43    0.18    1.35    9.55    9.97    7.17    8.78    1.43    8.42    1.28   10.28    5.33    5.26    6.83    3.93    2.89    5.59    7.32    2.24   11.74    3.92    4.58    7.33    3.73    6.39    4.29    2.71    3.16    6.41   15.56    7.25   11.27    4.78    4.22    4.59    4.01    3.61    2.01    6.82   11.52   13.56   15.00
PSATXIVJ   -29.07  -51.67    0.04    0.19    4.17   36.72   27.23    5.68    0.48    0.72    0.80    0.47   44.50   16.35    0.81    4.43    1.29   20.20   24.62    0.01    0.00    0.28    0.50    2.37    8.41   10.03    0.98    0.79    1.61    0.70    4.78    1.01    1.69    0.87    0.00    0.00    0.00    0.18    0.00    0.00    0.11    0.00    0.03    0.78    4.79    7.98    4.43
PSATDFRC   -29.45  -53.28    0.00    0.00   30.33   62.31   10.44    1.68    0.00    0.01    4.65    3.76   53.30    6.85    0.03    1.51    5.59   18.86   30.66    0.00    0.02    4.56    1.81    0.58    2.72    4.55    0.62    0.05    0.37    0.02    0.29    0.04    1.03    0.02    0.00    0.00    0.00    0.00    0.00    0.00    0.01    0.02    3.87    8.35    2.98    5.45    2.62
PSATREAL   -29.02  -53.19    0.05    0.99   35.45   78.42   16.49    2.14    0.00    0.01    1.47    1.24   49.49   17.89    0.07    0.74    9.45   19.16   30.99    0.00    0.01    1.48    0.20    3.61    5.67    1.98    0.43    0.04    0.08    0.10    1.10    0.34    1.09    0.20    0.00    0.00    0.00    0.04    0.00    0.00    0.16    0.01    0.95    6.27    1.20   10.03    1.01
PSATCTAV   -29.01  -51.39    0.04    0.05    6.01   22.06   34.28    2.17    0.83    1.22    0.75    0.42   35.57   18.95    0.52    4.31    3.42   22.05   24.91    0.02    0.00    0.09    0.60    5.22    8.52   13.61    1.58    1.51    7.87    2.55    5.86    3.07    3.93    1.31    0.00    0.02    0.00    0.57    0.02    0.14    0.18    0.11    0.21    4.14    6.21    5.96    7.45
PSATERNT   -28.56  -52.54    0.07    3.07   19.62   88.74   19.39   11.41    0.11    0.18    3.17    0.45   46.58   18.58    1.22    6.13    6.13   15.89   28.15    0.00    0.00    0.38    0.43    3.33   11.65    1.46    0.59    0.27    0.95    0.28    6.92    0.93    1.66    0.41    0.00    0.00    0.00    0.24    0.00    0.00    0.11    0.00    0.18    1.24    0.56   11.09    2.66
PSATSTPL   -27.14  -49.52    1.81    3.44    0.43    8.55   48.79   42.23    8.51    4.07    1.62    0.59    9.61   27.14   22.53   11.79    2.46   21.05   10.99    0.40    0.11    0.08    1.06   14.29   20.36   18.80    2.44    3.85    6.35   12.41    3.11    6.76    7.42    9.05    0.00    0.54    0.01    0.32    0.22    1.15    0.31    0.12    0.11    1.81    4.59    2.08    2.94
PSATCVCH   -25.14  -48.87    2.74    0.67    0.13    8.22   10.87   36.18   26.21    5.34    2.04    0.46    9.86   35.89    7.52    6.16    1.91   12.33   11.08   19.91    0.34    0.11    1.30    4.23   59.42    2.59    1.71    1.65    5.17   14.36    7.80    3.60    6.96    3.85    0.12    0.58    0.46    7.54    3.30    0.70    0.00    0.00    0.43    8.61    5.95    7.20    6.23
PSATAMY    -12.60  -69.12    9.12   21.47    8.80   14.22   11.83   16.33    3.57    9.13   11.52    6.83    2.00   22.16   13.13    2.49    5.41    7.52   13.34   19.02    6.99    4.77   11.23    2.19   13.63    4.68    3.02   15.33   12.89   22.35    8.84    9.83    9.49   12.92    8.18    6.72    4.24    9.19    5.19    5.90   10.91    8.29   19.85   12.13   15.99    7.82    6.94
PSATGJR    -10.73  -65.35   16.56    7.65    6.32    6.88   21.39   13.80    6.76    7.00    4.86    2.21   11.24   24.34    1.89    2.18    2.24    3.01    6.36    9.52    3.25   11.11    8.24    2.50    4.06    6.43    3.62    3.91   21.83   20.07   17.38   11.56   15.27   18.48    8.46    3.07    4.74   10.41    4.19    5.00   12.02   10.22   18.24   12.12    5.14   11.45   11.74
PSATPRNC   -12.43  -64.43   12.98    9.90    3.32    5.03   15.31   10.84    3.46    8.38    6.60    2.79    4.95   12.61    3.44    3.66    4.99    3.48    2.56    5.49    3.15    5.58    6.71    2.59    0.93    5.70    2.30    1.50    3.32    7.75    3.44    3.96    6.93   17.57    5.55    4.50    4.58   14.45    6.18    9.32   13.71    5.95   10.03   11.78    6.11    2.50    4.38
PSATSANT    -8.87  -63.97    6.85    5.96   14.84   31.39   13.50    5.39    7.42   11.75    3.33   34.47    5.73    4.73    9.60   15.31    1.80    4.15   14.82    4.21    5.83    8.71   16.50   12.98    3.32   11.33    1.93    4.66    5.99    2.88    2.10    8.71    4.92   18.32   20.96   10.52    9.56   20.41    5.24    6.31    7.89    7.61   22.42    7.42    5.80    9.80    7.41
PSATDARD   -10.16  -59.46    0.32   20.15   12.28    1.75    4.67    5.85    4.87    2.44   16.08    4.92   10.87    1.52    9.82    4.06    6.04    3.95    3.02    6.17    2.38   17.47    8.47    5.27    1.29    5.29    1.78    7.23    2.23   12.96   13.92   15.83   11.69   11.82   21.03    8.81   15.00    9.38    7.76    8.96   11.43   12.88   13.74    9.96    8.85   18.23    8.81
PSATGUAP   -15.12  -58.96    0.35   17.63    9.13    1.17    8.71    8.73    4.79    0.17    1.88    0.21    0.09    1.21   14.68    3.83    4.67    1.11    1.01    1.77    2.40    8.53    7.11    2.17    3.62    4.46    0.49    7.57    5.36    2.32   32.32    5.63   16.05   25.76    3.14    0.12    4.91   10.93    1.83   17.09    7.78    4.91    8.21   11.26    7.02    1.40    5.43
PSATJIRA    -9.25  -64.65   19.78   13.27    5.29   12.44   12.53   17.86    3.65   10.60   10.25    5.52    4.43   37.63   10.10    4.08    5.64    7.72    2.78    8.75    5.83    6.58    9.92    3.15    3.84    7.35    3.01    3.30    8.87   14.85    4.55    4.20    7.01   16.25   11.89    7.46    6.46   12.09    6.71    6.20   14.68   10.95   18.72   10.19    6.03    6.31    7.13
PSATROND   -11.99  -60.70    0.15   11.03   17.70    1.57    8.85   13.09    1.28    2.21   19.81   11.25    4.75    1.11    7.00    1.37    4.61    1.68    4.75   10.89    1.60    8.99    5.83    2.56    0.53    8.88    3.92    2.50    1.59    1.22    3.33   10.21    3.48    2.78   11.54    7.75   16.69    9.03    6.87    5.98   16.72    5.16   10.53   13.21    8.09    9.52   10.65
PSATSAMU    -8.75  -63.45    1.71    1.63   16.56   13.10   22.66    4.49    1.64    9.02    4.08   15.53   15.64    3.39    8.88    9.04    5.74    9.39   19.75    2.33    3.52   10.10   10.14    6.40    5.61    9.18    2.29    7.99    1.93    1.39    8.21   11.05    2.86   21.40   21.97   13.46   10.87   30.19    4.08    5.40    6.62    9.15    7.35    3.78   11.51   10.31    3.27
PSATBALB    -1.92  -59.47    7.39   11.16   42.77   40.87   12.37   28.71   15.58   14.68    8.88   26.18   12.94    7.37    8.85   12.93   16.77   12.37   18.34   29.07   14.02    9.00   10.15   11.77   22.23    7.19    6.13    8.17   10.41    6.25    3.93    1.60    0.61    2.59    3.40    1.46    3.99    3.64    9.48    3.25    1.23    0.20    2.33    1.88   16.70    5.16    1.67
PSATCUNA    -2.82  -54.30   23.14    8.06    8.51    3.26    0.54    0.90    8.29   16.65    9.73   18.96   12.55    4.78   13.95    6.24    8.43    5.53    5.34    7.22    2.87    7.66   11.27    1.73   13.33    7.24   10.26    9.57    7.74    3.46    2.17    6.71    9.42   14.10    7.03    8.32    5.04    7.05    7.54    7.94    6.16    3.75    3.91    2.59    9.99   16.75    9.50
PSATJARI    -0.65  -52.52    3.58    2.72    2.84    5.58    2.78    7.80    3.98    5.88    4.45    9.99   15.59    4.92    4.04    5.73    6.79    3.74    8.75    3.01    3.64    1.26    5.77    3.16    3.82    6.26    5.69    4.71    3.91    3.69    6.00    7.93    5.26    7.74    9.11    1.49    1.74    5.83   14.38    2.34    0.40    0.71    4.16    5.61    7.39    7.11    5.87
PSATFGOM     0.86  -51.20   11.15    4.38    9.44   12.13    8.04   14.58   14.42   15.24   12.05    9.41   11.81    9.82    8.11   22.22   10.13    3.58    5.28   12.30    2.96    1.24    7.18    3.03    7.27   17.13   14.54   13.67    7.54    5.51    6.78    8.09    4.58   10.84   12.64    1.41    3.16    8.21   14.57    6.86    1.88    2.63    8.28    7.95   11.63   10.58    0.94
PSATUBE     -6.75  -43.57    5.64    3.32    0.81    0.45    1.47    3.29    1.84    4.00    1.47    0.71    0.05    0.24    0.04    2.63    0.59    1.15    4.43    5.79    3.07    3.93    1.13    0.39    1.10    1.18    6.45    5.74    8.41    3.18    5.15    3.95    6.32    7.24    6.98    8.56   12.68    3.13    0.91    2.59    1.85    8.48    9.23    6.87    5.46   12.63    7.78
PSATBSOR    -6.74  -52.00   11.41   16.80    7.25    1.24    1.52    0.18    0.42    1.57    5.98    2.58    1.39    1.56    3.77    5.97    2.91    3.84    3.89    0.47    4.55   13.11    8.68    7.30    3.41    6.63    7.49    6.72   10.34    3.62   16.01    6.47   16.14   13.73   16.30   13.29    6.88    5.94    5.98   14.88   19.61   11.00    8.87    4.68    8.61   10.31   12.53
PSATBESP    -6.75  -51.77    5.08   14.58   11.02    1.85    0.45    0.17    0.97    4.82   12.60    6.89    1.20    4.61    6.70    6.32    6.83    4.96    4.85    2.11    4.13   10.63    8.32    2.05    3.93    4.50    2.17    5.54    3.67    5.53    4.63    5.15    7.31   10.02   14.08   10.38    8.48    6.13    7.64    6.72    5.97    9.20    4.48    2.74   10.77   11.46   11.47
PSATPIME    -3.41  -51.91   14.74    8.72    8.21    2.50    1.11    0.72    2.91    7.14    7.93    7.34    8.41    5.76   10.73    7.75    8.87    5.02    5.03    2.67    4.59   11.56    9.76    5.57    4.94    6.12    6.77    8.16    4.43    3.69    5.18    6.27    9.02   15.22   14.47   12.18    4.58    5.08    9.02    7.81    8.77    6.28    5.13    3.15   10.26   15.67   15.92
PSATIRAP   -16.74  -42.57    8.44    2.18    0.03    0.00    0.00    0.01    0.00    0.00    0.02    0.01    0.01    0.00    0.00    0.38    0.08    0.00    0.00    0.06   27.74    6.07    0.44    0.01    1.00    3.03   20.03   15.60   11.90   10.80    6.69   31.90   16.34   20.48   17.62   26.27    7.50    4.69    4.98    6.76    8.75    9.77    8.04    1.16    0.94    1.27    1.66
PSATITBI   -15.97  -39.59    2.08    0.47    0.12    0.07    0.02    0.05    0.01    0.11    0.12    0.54    0.16    0.00    0.10    2.34    0.25    0.01    0.01    0.08   32.23    5.49    0.80    0.09    0.05    3.11   11.13    8.43    9.01   11.42    5.17   16.32   13.93   12.65   17.86   17.00   11.36    2.91    2.34    2.74    2.25    6.75    6.13    2.15    2.09    1.44    2.36
PSATCOLI   -10.98  -55.77   18.85   18.02   18.36    1.28    5.60    0.44    0.79    1.86    2.86    2.01    1.15    3.12    3.21    5.62    1.35    1.98    3.83    0.15    3.77   11.58    5.96    5.16    2.69    3.67    6.53    3.23   10.31    2.23   17.19   10.51   28.35    5.71   23.11   14.44   18.35    6.48    5.57   17.73   13.79   16.12   15.34    9.58   11.46   12.13   23.33
PSATSAEL    -9.19  -57.04    4.31   25.35   15.47    2.24    5.52    0.70    0.65    0.16   13.22    6.49    3.87    8.34    8.64    2.96    7.30    2.61    6.57    0.61    6.39   15.78    5.90    5.12    3.89   10.68   11.60    7.13   16.93    0.88   16.65   10.84   14.98   10.63   22.29   16.36    4.09    7.22    9.74    9.54   17.53   13.54   11.75    5.33   20.98   11.63   21.50
PSATITQ    -17.09  -54.83   25.04    8.18    8.20    0.36    0.30    1.84    4.88    9.28    0.00    0.20    0.00    0.01    1.04    5.30    0.38    0.51    1.96    0.35    2.60   21.87   14.44    2.38    8.21    1.02    7.44    6.78    9.47    3.80    1.27    8.77    5.80   32.96   11.97   10.99    6.02    8.98    7.59    8.87    7.71    9.76   11.00   14.83   14.45   20.18   17.24
PSATJAU    -15.24  -58.73    0.48   14.46   10.45    1.50   12.16    8.80    6.07    0.18    2.20    0.20    0.07    2.16   17.28    3.53    2.34    1.01    0.84    3.55    4.17    8.85    7.73    2.29    5.42    5.63    0.86    8.94    5.78    2.31   24.30   10.64   15.36   22.80    3.85    0.20    3.59   10.97    3.34   14.98    8.23    4.99    8.64    9.83    8.42    1.87    7.55
PSATMAN    -14.87  -55.78   10.44   14.28   10.64    0.71    2.26    1.45    2.28    1.68    0.54    1.01    0.10    0.27    1.65    4.98    0.40    0.42    1.08    0.19    2.98   11.29    5.36    4.84    1.15    1.54    2.25    1.68    2.14    4.06    6.41   25.42   12.90   19.46   10.91    7.32   16.19    9.14   16.48   34.31   16.13    9.08   17.49   11.27   14.34    3.54   13.41
PSATPTP    -17.61  -54.83   37.60   12.53   11.97    0.30    0.15    3.37    7.69    7.46    0.01    0.29    0.00    0.01    0.51    3.82    1.55    0.06    1.37    0.28    3.07    9.62   16.39    1.21    5.09    2.27   13.70    9.28   15.90    6.69    0.63    3.40    2.79   41.99   10.76    5.72    3.02   11.03    8.72    7.51    5.18   10.40   12.07   20.81   12.04   18.98   18.11
PSATSTCL   -17.90  -40.20    1.32    0.07    0.06    0.00    0.00    0.00    0.00    0.01    0.33    0.37    0.27    0.00    0.02    4.24    0.57    0.00    0.00    0.11   35.71   11.23    1.53    0.01    0.00    0.27   14.18    4.30   12.40   10.22    8.07   11.69   21.18    3.69   29.12   10.30    8.81    3.07    1.02    1.32    0.43    6.72    3.69    4.08    3.73    5.07    3.72
PSATPDC    -12.58  -39.00    0.41    0.25    0.37    0.18    0.27    0.32    0.86    0.29    0.46    1.12    0.92    1.30    0.25    2.17    2.14    3.70    0.94    0.17    1.09    1.29    0.15    0.02    0.04    0.00    0.02    0.03    0.19    0.14    0.43    0.77    7.28   10.30    6.83   22.02    1.88    0.48    0.69    4.32    4.84    3.53    3.02    3.01    1.92    2.32    1.91
PSATROSA   -20.92  -41.72   18.07    8.40    0.13    0.01    0.00    0.00    0.10    2.95    1.37    0.25    0.10    0.00    0.04    0.20    0.48    0.14    1.37   27.07    9.95    5.33   22.93    0.44   13.31   13.71   31.67   10.90    9.68    7.08   15.60   14.26   20.38   25.92   12.06   13.44    5.22    2.00   14.94   14.50   21.35    5.49    0.60    1.37    4.46    1.92    1.85
PSATCAN    -20.21  -42.85   26.42   20.63    0.43    0.00    0.00    0.00    0.02    3.22    3.83    1.38    0.01    0.02    0.07    0.14    0.14    0.71    5.36   13.60    6.39    5.22   24.05    1.76   12.35   13.56   26.32   17.87   14.77   10.10   24.03   57.66   41.55   33.95   19.78   23.69    3.72    9.38   23.14   25.84   16.57   13.18    3.33    1.51    2.15    2.53    2.87
PSATSAC    -19.64  -42.85   15.15   23.21    0.38    0.00    0.00    0.01    0.02    0.75    1.04    0.24    0.02    0.02    0.06    0.30    0.04    0.00    0.80    4.71   18.34    9.17   23.68    0.25    5.18   20.94   21.64   15.16   11.60    8.98   26.32   62.44   42.33   20.02   46.86   14.28   10.84    6.25   14.65   29.15   12.45   20.13    5.90    1.81    1.31    1.94    2.04
PSATPES    -19.12  -42.66   21.42   24.56    0.03    0.01    0.00    0.00    0.02    0.09    0.06    0.28    0.04    0.00    0.07    1.75    0.33    0.00    0.01    3.31   31.22    8.89    9.34    0.09    3.98   21.19   28.12   20.87   22.61   18.07   27.37   54.70   25.81    7.18   51.29   13.38    7.24    3.51   11.49   30.29   22.87   12.67    7.98    1.84    3.29    3.76    3.10
PSATMAS    -19.50  -40.92   13.59    4.84    0.16    0.08    0.01    0.00    0.03    0.33    0.47    0.34    0.14    0.00    0.01    0.83    0.40    0.01    0.12    7.34   21.92    6.69   15.90    0.16    1.70   16.91   40.35   22.10   16.24   10.80   22.05   33.79   34.88   23.30   37.66    9.98    5.83    2.21    7.46   13.49   19.56    6.16    4.16    2.08    2.96    2.86    2.77
PSATSBR    -23.37  -45.87   44.05    8.75    4.60    1.63    0.06    0.43    1.58   16.16   11.06    1.47    0.25    3.34   19.17   10.69    3.17    4.52   14.92   18.33    2.94    2.98   28.28   26.13   14.38    8.28   29.38    4.44    4.86    6.25   20.04   31.35   22.70   38.16    7.58    1.72   10.21   42.69   16.86   24.73   19.47   17.17    7.06   10.14    1.40    7.12    5.00
PSATJAG    -23.20  -46.03   29.38    1.97    8.91    2.16    0.01    0.08    0.95    9.69    2.78    0.73    1.34    4.35    7.02    7.64    3.63    2.84   10.24   15.11    1.25    1.51   30.43   47.61   11.98   14.14   25.34    1.57    9.29    5.74   21.45   34.68   34.15   21.51    3.51    1.25    6.50   37.78   21.67   18.10   12.51   12.70   13.49   11.87    5.89    3.11    9.28
PSATFUNI   -22.53  -44.57   17.73    5.42   15.12    1.39    0.00    0.05    0.65   13.06    6.60    1.25    1.00    3.64   17.53    4.70    1.68    3.81   14.18   13.80    1.60    2.26   30.24   29.34   21.87   12.47   35.86    3.26    7.38    5.18   29.52   30.91   33.16   40.53    7.00    2.94   12.37   33.71   25.00   35.99   25.86   19.61    6.54   12.86    2.27    3.52    7.10
PSATSACE   -22.48  -43.84    7.53   21.38   21.03    0.34    0.00    0.00    0.50   11.49   12.34    4.94    0.24    0.56   12.09    2.30    0.47    5.34    5.65   21.39    2.76    5.78   41.66   13.54   29.91    3.72   23.73    8.80   12.70   20.86   34.33   58.57   50.14   59.19    8.51    4.96   12.97   36.22   27.18   19.87   29.72   24.02   16.27    6.45    2.59    1.31    0.35
PSATPIC    -21.91  -43.54    4.33   38.63   19.38    0.02    0.00    0.02    0.17    6.64   10.53    0.99    0.09    0.03    2.73    1.01    0.02    6.61    2.99   21.84    2.58    9.83   36.65   13.37   40.94    7.90   26.21    9.17   17.36   17.41   33.36   34.10   51.67   90.52    3.69   16.82    7.05   22.28   32.65   13.00   21.70   21.09   14.19    3.11    6.13    0.49    0.98
PSATSOGI   -21.94  -43.36    5.30   52.12    3.67    0.00    0.01    0.00    0.17    9.06   13.71    0.44    0.02    0.03    0.50    0.43    0.01    6.64    4.85   21.63    3.99    7.00   25.25   14.05   36.12   14.08   24.77   13.08   23.73   21.29   42.71   50.74   57.71  112.64    4.62   19.38    3.48   12.28   38.53   19.18   23.38   24.02   10.96    1.25    9.69    1.14    0.66
PSATIPSI   -21.84  -42.58   19.28   35.99    6.18    0.00    0.00    0.04    0.23    8.51   23.56    2.33    0.06    0.02    1.81    1.13    0.24    3.15    2.32   18.62    3.84    4.54   21.35   11.11   34.64   13.25   24.65   30.48    8.77    9.45   24.13   43.65   49.00  128.11    5.43   11.97    4.83   22.81   34.97   23.66   25.76   19.89    4.76    0.98    3.56    0.35    0.45
PSATTCLJ   -22.69  -43.83   19.95   23.34    1.30    0.12    0.00    0.02    0.78    8.19   16.57    1.89    0.00    0.00    9.08    5.43    0.31    1.71    9.49   11.93    2.50    1.45   31.88   15.64   19.33    5.04   11.41   24.23    1.83    6.50    9.64   56.56   49.84   41.50    8.06    2.20   12.57   52.67   29.14   20.02   28.99   18.10   17.00    0.98    1.10    0.00    0.00
PSATBIGU   -25.51  -53.67    2.64    9.56    3.26   19.58   63.79   17.75   12.34    3.58    1.03    0.28    4.83   21.86   62.22   11.94    3.38   13.43   11.65    1.16    0.66    1.40    2.53   14.65   56.95    2.34    0.91    1.29    0.84   12.82    9.16   13.10   10.58    0.55    0.02    0.00    0.00    0.02    0.02    0.02    0.19    0.29    0.07    0.36    3.81   10.14    4.68
PSATBRAU   -21.45  -42.41   21.90   36.69    0.56    0.00    0.00    0.00    0.01    3.30    4.96    0.15    0.02    0.00    0.06    0.24    0.12    0.73    5.07   22.96    5.29    1.51   22.27    6.72   19.38   14.01   32.65   30.37   26.57   11.49   25.42   56.19   74.04   59.02    5.89   15.37    2.20    6.29   29.79   28.82   28.47   22.45    3.35    1.94    6.07    1.69    0.72
PSATSUIC   -20.08  -40.58    3.90    0.13    0.48    0.29    0.03    0.03    0.03    0.08    0.44    0.35    0.18    0.08    0.00    1.75    1.30    0.03    0.46   15.66    2.49    1.89   27.50    0.56    0.15    6.77   19.52    5.97   10.36   10.45   15.11   13.06   26.61   15.26   14.25    0.70    7.14    2.23    3.78    0.70    6.96    4.36    3.23    7.23    3.66    3.75    4.49
PSATJRI     -9.30  -64.70   15.53   13.89    5.76   16.09    8.18   16.96    3.13   12.24   10.76    6.70    2.50   38.21   11.88    2.80    6.43    8.98    2.50    8.25    5.54    5.75   10.92    3.74    4.10    8.04    1.09    3.14    5.03    5.36    3.52    2.53    3.86   14.50   12.81    9.33    6.93   13.26    7.30    7.45   16.53   11.03   17.92   10.29    4.78    2.73    3.17
PSATBENI   -14.59  -67.53   31.66   12.54    4.38    5.57   25.74   22.41    5.25    6.96    7.55    3.55   10.59   33.01    6.33    8.10    2.59    3.50    4.55   11.24    6.25    8.73    8.64    2.11    4.48    5.24    8.50    4.59   19.67   41.54    7.75    9.57   16.02   21.91    9.26    2.99    5.68    8.86    4.74    3.89   11.34    9.75   23.51   10.06    9.39   16.47   18.23
PSATEPB    -12.42  -64.42   10.49    7.65    4.44    4.32   16.65    8.52    3.85    6.92    4.82    1.97    4.44   13.79    2.42    2.70    3.63    2.62    3.17    5.47    2.70    7.99    6.89    2.44    1.43    4.65    2.20    1.50   10.14   10.69   10.90    5.66    8.85   15.69    3.51    3.05    4.37   11.49    5.67    7.85   11.46    6.90   11.70   11.01    5.00    3.86    6.04
PSATEGM    -10.79  -64.35   21.00    9.54    6.08    8.55   21.78   17.71    7.58    8.13    6.31    2.96   13.96   27.64    2.64    2.79    3.04    3.93    6.83   10.94    3.78   10.32    8.58    2.59    4.51    7.92    4.12    4.76   20.00   20.58   13.04   12.15   15.82   21.11   12.14    4.32    5.09   12.46    4.02    5.30   14.18   10.69   19.15   13.08    6.11   12.80   12.35
PSATSTOA    -8.79  -63.95    7.01    5.07   14.69   30.35   12.86    4.85    6.94   11.92    3.26   34.86    4.41    5.10    9.82   15.22    1.87    4.14   15.65    4.27    5.91    8.30   17.04   13.03    3.01   10.29    0.93    4.71    6.02    2.95    1.93    8.77    5.24   19.29   20.90   10.48    9.22   21.83    5.49    6.76    7.11    7.51   22.78    6.60    6.42   10.62    7.97
PSATENC     -9.90  -66.62    8.83   12.69    8.94    2.69    3.28    7.48    1.26    6.66   15.93    4.31    0.24   39.19    8.14    2.14    8.11   12.67    1.41    5.69    7.80    6.82    5.24    2.82    2.11   10.17    1.17    1.01    3.76    4.65    2.59    0.30    2.34    5.29   11.51    6.45    6.11   10.74    7.84    2.52    4.54   15.87   10.96   11.76    5.96    2.39    3.55
PSATAMY1   -11.71  -70.63    1.27   21.21    5.50   13.64    9.46   11.26    0.66    8.64   15.61   13.00    0.24   17.11   13.53    0.96    9.64    8.99   14.69   26.77    4.14    1.91   10.84    2.59   15.72    3.85    0.97    1.25    2.87    7.09    4.91    2.62    2.89    5.90   10.92    7.73    4.56   11.83    4.76    6.69   12.48   10.26   22.35   11.18    6.13    3.21    1.61
PSATAMY2   -12.37  -71.17    5.27   17.71    7.02   19.93    9.15   17.44    3.60   12.50   10.89    7.16    1.70   20.34   15.49    1.88    3.91    6.37   20.50   21.66   10.49    7.19   12.96    2.14   17.03    5.90    3.77    9.61    8.65   14.13    7.58    8.95    8.32   11.75    8.03    7.24    3.74    8.36    4.54    5.23   10.37    7.50   19.18   15.57   13.06    8.27    7.57
PSATAMY3   -13.75  -70.18   18.16   31.52   12.87   12.68   17.66   16.44    8.09    8.38    9.42    3.32    4.67   16.23   10.33    4.07    4.40    5.54    6.18   11.00    5.76    4.34    7.07    2.30    9.52    4.68    4.94   34.18   25.27   53.07   12.88   19.36   18.40   20.81    6.49    7.14    4.02    7.42    5.54    6.63   10.04    7.75   18.84   10.64   32.49   12.79   11.32
PSATAMY4   -13.45  -69.47   17.89   14.10   10.59    3.81   11.03   20.19    0.92    2.30   10.19    2.31    1.48   42.32   10.49    4.26    4.25   10.46    3.97   10.86    5.19    4.46   12.76    1.13    5.68    2.92    1.67   21.86   20.27   17.31   12.10    7.74    8.24   14.76    6.58    2.99    4.70   10.05    6.81    4.06   10.89    6.18   16.69    8.33   13.19    6.42    6.65
PSATJRN    -13.37  -59.01    0.79   16.99    0.99    0.91   13.73    8.55    5.19    3.06    3.61    0.56    0.75    1.56    5.97   13.04    2.56    1.56    0.99    1.81    2.49    5.10    5.49    2.20    3.61    4.78    1.24    3.09    2.50    3.62   15.75    0.91   11.28   15.59    6.96    1.34    6.91   11.93    2.69   15.40    6.09    8.29    9.90   17.21    5.91    3.39    5.69
PSATAPI    -10.34  -56.98   22.90   34.60   24.06    4.01    5.69    0.94    3.40    0.11   13.00    3.90    1.91    3.35    3.80    2.92    5.22    2.59    8.46    0.95    9.16   19.34    8.79    5.00    2.23    5.26   13.69    8.35   10.23    0.41    7.46   15.30   31.11    6.21   28.10   13.10    9.70    2.91    4.88   19.52   11.82   21.42   23.89    8.05   15.63    9.65   34.09
