PSATAGV    -19.89  -50.35   23.89   17.58    4.18    0.08    0.15    0.43    1.00    0.37   13.01    0.00    3.73    2.70    0.38    0.21    0.00    0.33    0.78    4.79    1.73    0.31    3.30   21.67    2.77    4.17   10.32   18.10   21.98   22.78    4.44    0.12    0.12   20.02   29.11   15.13   10.99    0.31    2.59    7.93    2.63   10.37   17.01   14.10    6.10    2.98    8.31
PSATCMG    -21.28  -44.63   12.91   15.16    6.21    0.00    0.00    0.75    1.27    2.60    6.02   15.52    0.24    0.01    0.02    3.86    0.00    0.11    3.10    3.94    0.08    0.15    4.55   17.79   22.51   11.27    7.08   13.94   48.65   10.03   20.46    9.76   24.02   25.67    7.90    4.46    1.04    6.99    5.61    3.25    1.23    2.52    8.91   39.06   28.73    9.15    7.35
PSATCES    -20.25  -48.16   11.02   17.02    7.21    0.03    0.31    0.70    0.94    1.53   13.94    0.25    0.01    0.11   10.17    0.03    0.00    0.10    0.16    0.18    0.02    0.24    1.41   17.46   13.28    2.86    4.51   14.67   23.16   24.31   14.35    1.17    1.64   28.59   11.89   11.98    2.08    1.59    8.67    5.99    6.83    8.67   14.95   11.27    8.23    1.75    8.42
PSATELC    -21.60  -46.95   11.45   16.01    2.60    0.05    0.10    0.75    0.65    0.81   18.47    7.69    1.81    1.15    7.57    2.01    0.00    0.12    1.04    1.59    0.32    0.19    4.60    9.55   14.64    2.75    2.01    6.85   32.97   39.92    5.57    0.54    2.55   15.90    2.96   11.34    2.06    6.36    5.61    5.17    2.01   11.55   15.34   11.86    5.78    2.33   13.51
PSATFUN    -21.14  -45.04   15.01   11.77    2.83    0.00    0.00    0.27    0.69    2.09    4.79    9.39    0.04    0.00    0.04    0.01    0.00    0.00    5.36    5.82    0.01    0.13    1.87   16.82   18.48   11.11    6.66   10.87   37.21   12.02   20.61    2.51   26.50   14.03    5.96    1.64    0.34    5.55    4.89    1.95    1.49    1.78    3.65   31.96   18.37    4.47    8.03
PSATFUR    -20.67  -46.32   16.10   11.75    1.67    0.01    0.04    0.71    0.51    1.77   15.94    6.50    0.23    0.12    1.83    0.45    0.00    0.01    6.68    3.91    0.11    0.22    2.00   13.18   21.52   12.51    2.49    5.92   31.20   26.72   13.07    2.97    8.91   15.11    6.93    4.68    0.30    6.28    5.36    2.10    2.16    3.76   11.75   14.57   14.66    3.74    7.10
PSATMRB    -20.30  -49.18   15.59   16.14    7.02    0.04    0.11    0.31    0.52    1.20   16.54    0.34    0.02    0.18    5.66    0.08    0.00    0.42    1.05    1.42    0.66    0.49    3.92   17.42    6.84    4.22    9.10   19.08   25.52   26.97    7.39    0.59    1.29   28.24    9.28    8.60    3.27    1.17    4.62    4.11    4.20    9.15   15.92   11.67    6.47    2.01    9.70
PSATPRG    -21.59  -45.67   19.40   10.60    2.19    0.03    0.04    1.09    0.45    1.87   14.21   12.31    1.72    1.24    4.58    3.23    0.00    3.12    5.17    0.86    0.37    0.31    4.88   12.96   11.26   10.64    2.31   13.23   21.77   44.75    8.49    0.73    6.33   14.72    9.61   10.85    1.81    7.60    3.41    2.78    3.56    8.72   19.80   17.32    7.24    5.83   13.53
PSATPAS    -21.02  -48.18   20.91   11.18    4.91    0.15    0.05    1.06    0.50    0.84   18.71    6.49    1.67    2.53   11.60    1.09    0.00    1.73    1.58    0.90    2.81    0.72    5.54   11.24    3.10    2.82    2.34   13.06   29.53   39.34    3.03    0.37    0.36   21.13    8.43   12.03    5.43    2.97    6.64    4.32    2.82    9.11   13.61   14.39    3.60    2.16   19.63
PSATPTB    -21.61  -45.49   19.93   17.90    2.85    0.00    0.02    0.42    0.35    1.21   10.99   17.49    0.02    0.01    0.07    2.89    0.00    0.13    6.21    2.25    0.11    0.61    2.91   11.80   19.44   12.40    3.87   11.59   31.05   23.73   19.70    1.63   12.01   18.61    9.44    7.50    0.25    7.02    3.51    1.68    2.72    3.40    7.45   18.87    8.54    3.26    9.60
PSATPTC    -20.00  -48.55   13.09   18.29    4.36    0.05    0.26    0.39    0.52    2.05    8.92    0.06    0.00    0.20    5.88    0.22    0.00    0.01    0.37    0.16    0.14    0.32    2.82    9.72   11.23    2.81    5.08   20.99   17.01   20.07   10.99    2.45    2.37   21.82    7.88   11.67    6.47    5.15    5.19    4.75    8.08    8.32   14.18   11.76   11.95    2.90    5.97
PSATFZA    -26.00  -51.65   17.68   18.07    2.96    5.58   48.11   18.77    5.64   12.02    6.09   11.92    5.30    5.80    8.47   20.15    3.73    6.24   16.28    0.99    2.75    8.94   10.47    0.69    0.29    0.03    3.40   10.94   26.83   28.47    4.12    1.16    0.69    1.02    2.16    0.85    3.09   15.14   18.97   14.50   15.06    1.06    4.16    1.37    0.71    2.34    9.06
PSATJSG    -25.78  -52.00    8.26   13.52    3.36    7.62   65.80   21.44   12.72    7.46    5.55    7.95   10.81   11.66    9.35   16.17    4.15   15.77   22.13    1.15    3.03    5.16   11.47    0.08    0.08    0.30    4.83    5.90   33.33   32.46    4.54    0.95    0.92    0.43    0.54    0.45    1.26   18.23   20.45   13.06   18.25    1.36    0.81    1.81    1.07    3.90    5.50
PSATSCX    -25.53  -53.48    6.58    7.61    2.25   16.49   58.38   21.46    8.94    3.31    2.32    2.56   16.95   19.08    9.67   13.43    1.80    8.87   17.03    0.29    1.81    2.37   16.83    0.04    0.14    0.19    8.27    5.48   61.43   16.43    1.23    0.85    0.71    0.26    0.30    0.52    0.85    8.86   20.35   14.72   21.33    1.08    0.40    2.77    0.76   15.04    1.89
PSATSCL    -25.49  -51.74   11.22   13.93    1.84    8.70   24.39   11.39    7.58    2.97    3.60   10.59    8.17   12.36   10.36   18.31    1.69   16.07   14.18    0.31    1.56    4.65   11.23    0.22    0.19    0.19    4.34    4.04   16.79   10.87    5.86    0.81    1.17    0.40    1.79    1.40    4.84   16.97   18.52   11.08   16.80    2.47    1.65    1.83    1.42    4.81    5.39
PSATUVT    -26.23  -51.08    9.29    5.66    0.97    4.80   27.26   14.56    4.95   17.21    3.08    7.47    6.25    2.03    9.96   12.29    8.44    7.76    4.26    1.24    7.73    8.01   10.05    2.34    1.25    0.48    7.44   10.34   28.52   27.63    2.82    0.94    1.60    2.25    1.96    3.30   12.43   14.68   12.42    9.44    8.26    4.45    3.05    1.53    0.34    3.61   20.17
PSATBSM    -24.19  -53.74   14.79    6.71    2.47   15.92   34.08   18.27    4.55    2.27    0.80    3.10   17.50   14.98   10.78   11.96    0.81    9.45    8.98    0.07    1.41    1.32   21.36    0.41    0.22    0.23    5.43    4.22   21.84   10.70    0.86    0.53    0.78    0.29    1.14    2.63    2.10    8.69   18.39   14.02   28.88    1.47    0.93    2.97    0.35   18.35   15.86
PSATFLE    -22.97  -54.56   13.32    3.58    1.86   12.26    8.15    3.68    3.21    2.49    7.35    8.44   11.90    1.11    6.80    7.96    0.00   11.02    7.90    0.12    1.67    2.55   11.39    5.61    0.63    1.40    5.91    8.58   19.75    0.24    0.17    0.02    0.01    0.50    0.31    1.87    0.99   22.62   24.53   12.09   22.46    1.31    0.00    0.60    1.09   15.66   12.43
PSATITP    -25.42  -54.58   14.68    6.09    2.89   16.90   32.66    8.86    2.74    2.57    3.26    2.78   17.04   10.96    8.15    7.42    0.03    5.04    5.83    0.02    3.99    0.96   15.70    1.83    0.57    0.23    6.38    6.75   22.27    4.73    1.15    0.25    0.14    0.25    0.45    1.27    1.65   19.35   18.86   13.56   21.44    1.76    0.88    2.14    0.54   13.88   14.64
PSATIVM    -22.38  -53.53   14.63    3.51    3.63   10.23    2.31    1.37    3.10    7.43    9.62   12.58    6.20    0.15    3.64    2.04    0.11    5.09    4.00    1.53    5.27    9.39    6.19   15.99    1.58    4.22    3.99   18.39   14.88    0.67    0.05    0.00    0.02    0.27    1.14    2.29    2.83    9.44   13.53    2.66   22.22    4.37    3.19    1.17    2.07   12.63   33.57
PSATPTQ    -23.18  -53.17   22.20    5.52    1.85   14.40   19.08   12.05    7.73    2.65    1.27    6.92   15.06   11.78   10.28   10.54    1.52   14.31    7.02    0.40    1.15    0.83   19.17    2.46    0.31    0.21    1.58    5.72   15.03   11.22    1.75    0.79    0.79    0.41    2.14    3.93    4.38   13.73   17.97   13.81   28.19    6.98    2.78    2.05    0.27   10.43   16.84
PSATCBI    -17.99  -48.54    7.86    9.33    1.84    0.10    0.05    0.59    0.71    0.31    0.11    0.00    0.15    0.00    0.00    0.00    0.02    0.01    0.02    0.06    0.00    0.01    0.08    1.63   24.60   20.73   11.82   10.85    8.32   16.49    8.96   12.55   17.13   16.64    5.19    2.34    0.03    0.02    1.67    1.74    8.18    7.53    6.56    7.01    5.76    9.07    6.69
PSATCBIV   -16.15  -48.67    9.29   11.32    2.49    0.28    0.11    0.55    0.58    0.07    0.24    0.00    0.08    0.00    0.00    0.00    0.08    0.03    0.02    0.09    0.01    0.05    0.03    1.11   23.56   25.51    9.04    5.35    7.36    6.50    5.55    5.88   15.05    9.22    4.27    0.53    0.01    0.01    2.19    1.31    7.68    7.32    4.91    7.31    5.55    9.67    6.16
PSATEMB    -18.45  -47.98    6.49   12.23    0.88    0.01    0.02    0.13    0.75    1.25    0.18    0.00    0.00    0.01    0.00    0.00    0.00    0.00    0.01    0.01    0.00    0.11    0.04    1.95   16.86   17.93   17.18   19.62   14.42   27.75   16.38   10.27   14.75   11.33    0.69    5.18    2.08    3.98    1.16    4.83    2.76    2.31    4.46   10.95   13.56    5.24   13.20
PSATIMBR   -18.42  -49.10   13.08   12.64    2.64    0.02    0.04    0.42    0.96    0.92    0.28    0.00    1.01    0.14    0.39    0.03    0.00    0.01    0.00    0.10    0.00    0.27    0.32    8.60   14.53    8.54    7.39   17.81   10.01   29.09   20.08    8.76    6.76   22.42    4.12    9.42    3.78    0.15    2.21    2.52    6.10    7.79    8.33   11.30    6.21    6.43    7.27
PSATNPTE   -19.13  -47.70   15.21    9.19    1.32    0.00    0.02    0.17    0.79    0.95    0.21    0.06    0.00    0.08    0.78    0.00    0.00    0.00    0.07    0.00    0.03    0.35    0.05    3.50   14.83    7.07    6.09   18.64   13.29   19.44   14.31    4.32    5.70   16.63    2.03   11.27    7.38    8.13    2.70    5.97    4.71    2.11    5.73   12.88   11.53    5.22    4.78
PSATARV    -18.07  -50.16   12.50   19.13    5.50    1.07    0.65    2.90    3.83    0.77    1.35    0.20    1.62    0.01    0.71    0.02    0.16    4.74    0.76    3.31    0.71    0.52    0.87   13.12   20.93   13.72    7.01    6.34    7.37   19.26   15.39    8.08    8.29   18.00   10.18    7.00    5.93    1.01    5.84   13.15    1.50    9.22   14.65   11.36    7.21    7.42    6.88
PSATSFC    -18.05  -47.68    7.97    9.73    1.19    0.03    0.08    0.18    0.37    0.10    0.05    0.00    0.02    0.00    0.00    0.00    0.00    0.02    0.00    0.01    0.00    0.01    0.03    0.87   25.75   24.39   14.44   18.38   10.29   16.13    8.05   13.46   32.24   13.73    1.19    1.00    0.02    0.10    0.48    3.22    3.59    4.09    5.18    6.86   10.01    8.19   10.30
PSATSSM    -19.02  -50.50   20.56   21.71    4.48    0.29    0.18    1.04    1.63    1.13    0.98    0.01    2.80    0.21    3.36    0.42    0.01    1.21    0.03    2.14    0.14    0.30    0.94   14.65    8.60    5.41    6.27    8.16   10.73   18.59   18.70    5.12    3.53   23.97    4.53    8.08    5.73    0.06    2.31    5.24    3.58    9.17   18.32    9.95    5.17    8.01    7.04
PSATCNI    -22.94  -50.52   14.77    2.20    4.10    0.90    1.72    6.64    1.28    1.42    2.97   11.17    6.63    9.49    4.62    5.33    0.03    6.45    0.65    0.38    0.58    0.08    1.86    8.48    1.60    0.79    0.96    8.78   36.55   26.50    1.26    1.01    0.74    7.57    8.00   13.15   12.22    9.45    8.15   11.74    2.28   11.97   10.74    2.07    0.51    1.61   23.55
PSATCPV    -22.65  -51.33   16.97    3.34    3.27    2.97    7.86   10.14    2.39    6.01    1.13    6.38    7.66    8.08    6.02    6.61    0.09   16.07    0.95    0.66    0.27    0.40    4.08    7.77    0.47    0.64    0.62    7.62   31.52   10.23    2.64    0.97    0.74    1.76    2.43    7.14   10.21   15.66    8.29   13.01    2.76   11.06    4.82    2.60    0.27    1.78   20.97
PSATCHT    -23.01  -49.73   17.16    0.32    1.98    1.83    5.96   13.63    1.25    7.09    0.95    9.19    6.82    6.77    3.47    1.03    0.34   10.52    0.35    2.29    0.27    0.17    5.44    9.54    1.11    1.02    0.90    5.29   23.70   12.49    2.82    0.76    0.68    4.48    2.27    6.06    8.80    7.13    8.31    9.78    1.87   11.82    7.09    0.95    0.12    1.67   28.38
PSATJUR    -23.22  -49.23   10.75    0.42    2.37    0.72    4.34   11.13    1.73    3.62    1.04    9.12    8.20    3.80    3.65    0.54    0.58    4.42    0.78    3.83    1.75    0.18    2.72    8.75    1.46    1.29    1.32    7.79   17.94   27.28    3.41    0.93    1.24    6.17   11.86   12.28   13.16   12.36    6.75    6.01    2.33   11.39    9.83    2.04    0.33    1.68   26.66
PSATMAU    -24.06  -50.71   10.03    1.78    1.56    2.29   10.59   11.39    2.19   10.43    1.71   15.58    8.10    4.19    5.25    8.18    2.36   10.41    3.17    0.81    1.59    5.70   10.09    1.75    0.51    0.39    0.42    6.54   28.36   16.68    4.93    0.88    1.24    1.73    5.58    6.76    6.77   24.49   14.22    9.70    3.74    9.74    3.74    0.88    0.66    2.14   13.96
PSATROS    -22.50  -52.87   32.06    4.26    3.01    6.95    9.43   15.45    4.49    1.66    0.54    7.22   14.69    8.25    8.98    6.98    0.05   12.30    1.84    0.14    0.42    0.46   11.98    4.39    0.48    0.32    0.69    6.76   25.70   10.11    0.69    1.03    0.67    0.33    1.22    3.56    2.91    5.15   14.90   15.09   13.41    8.74    4.43    3.02    0.05    4.98   19.70
PSATQMD    -16.21  -47.33    8.98    3.05    0.83    0.02    0.32    0.38    0.02    0.00    0.02    0.00    0.00    0.00    0.00    0.00    0.00    0.08    0.08    0.04    0.00    0.02    0.01    0.08   32.33   16.13   11.31    5.52    5.87    8.62    0.59   15.12   23.40   11.61    0.77    0.08    0.00    0.14    0.75    1.43    3.89    1.39    3.27    2.21   13.17    7.32    4.97
PSATRBX    -18.95  -44.76    8.88   10.37    0.70    0.00    0.00    0.07    0.78    2.27    2.82    0.52    0.01    0.00    0.02    0.00    0.00    0.00    0.69    3.25    0.00    0.21    0.14    8.61   11.00   34.47   17.60   14.35   28.68   13.15   30.36    9.91   29.47    8.23    1.11    0.12    0.53    1.11    2.81    2.41    0.81    0.87    2.35   16.47    9.43    4.93   11.19
PSATSFR    -15.93  -44.86    7.67    2.06    0.20    0.13    0.48    0.18    0.00    0.01    0.01    0.00    0.00    0.00    0.00    0.00    0.00    0.00    0.00    0.00    0.00    0.02    0.03    0.03   28.92   24.84   31.64   20.19   10.97   12.23    1.65    9.63   28.32    3.70    0.42    0.08    0.02    0.09    0.56    0.71    0.76    2.72    9.55    7.29   16.33   10.03   11.57
PSATSRM    -16.37  -45.07    7.10    6.70    0.30    0.04    0.13    0.12    0.18    0.37    0.10    0.00    0.00    0.00    0.00    0.00    0.00    0.00    0.06    0.07    0.00    0.04    0.03    1.24   18.37   39.19   37.26   29.04   19.56   16.38   12.37   13.76   25.66    3.71    0.48    0.37    0.39    0.99    1.62    1.31    0.93    0.73    5.17   10.86    9.83   11.15   13.15
PSATTMR    -18.16  -45.27   15.15    9.90    0.49    0.01    0.04    0.19    0.42    1.01    2.07    0.15    0.00    0.01    0.16    0.00    0.00    0.00    0.55    1.63    0.00    0.08    0.05    5.64   15.79   28.33    8.14   16.79   24.33   23.91   19.96   10.64   14.81   15.55    2.82    1.07    0.08    4.32    2.75    1.55    1.51    1.14    6.49   16.09    9.77    6.60   10.17
PSATBOQ    -11.35  -43.83    1.82    1.21    0.51    0.23    0.24    2.33    1.10    0.52    0.44    0.05    0.03    0.00    0.00    0.01    0.10    0.09    0.19    0.16    0.01    0.00    0.03    0.25   16.03   16.05   14.65   14.44    8.66   17.34   11.22    1.51    6.21    0.65    0.36    0.98    1.24    1.94    1.99    0.82    3.02   11.74    6.11    7.78   12.88   14.82   14.10
PSATBBO    -22.52  -48.55   20.13    1.76    5.42    0.56    1.19    7.20    0.79    1.66    3.44   13.90    6.30    7.06    6.23    1.75    0.31    2.86    2.93    0.86    4.68    0.40    4.28   13.82    1.35    4.34    1.44   10.09   23.25   34.33    3.02    0.88    0.64   19.21   25.63   13.01    9.18   10.26    6.18    4.98    3.78    6.76   14.59    6.02    2.15    1.96   23.42
PSATESZ    -23.46  -46.91   40.33    2.28    2.83    0.50    0.57   11.20    0.80    3.07    2.51    7.79    1.42    1.57   13.28    4.96    0.33   14.26    7.11    0.59    6.72    1.27    3.79   21.07    3.85    3.55    3.62   13.55   20.82   46.70    8.95    2.21    3.37   32.46   25.21   16.99   10.55   18.62    6.07   10.11    5.47    9.32   10.02    6.46    2.70    2.53   15.59
PSATIBT    -21.76  -48.99   17.75    4.63    6.73    0.08    1.04    2.54    0.73    1.47    6.35    2.28    1.21    8.62    5.07    2.68    0.01    0.96    2.00    0.94    0.95    0.60    4.55   12.19    1.03    1.13    1.23   12.35   34.15   30.90    0.88    0.54    0.11   13.43   23.07   14.93    7.49    2.42    4.92    8.78    2.54    6.96    5.47    8.98    1.19    1.93   21.81
PSATNAV    -21.12  -50.20   26.35    7.20    4.57    0.09    1.35    0.90    1.54    0.27   11.20    0.03    4.11   10.48    3.57    0.90    0.00    1.36    0.56    2.42    3.61    0.09    2.62    7.67    0.99    1.08    2.35   22.78   39.05   20.98    1.60    0.09    0.02   10.74   29.16   18.47   10.04    2.10    4.15    9.57    1.18   11.01    7.80   13.36    2.86    1.30   15.38
PSATSME    -13.40  -48.30    7.67   10.29    3.73    1.24    1.83    3.07    2.76    0.18    1.48    1.22    0.96    0.00    0.00    0.00    0.59    1.03    0.11    0.98    0.10    0.04    0.08    4.57   16.90   30.97   14.84   13.46    8.34   11.14    6.02    4.11   19.12   20.67    4.70    1.32    0.22    0.66    4.39    6.78    3.65    9.50    8.26    9.25    6.97   11.44    6.93
PSATBGR    -27.78  -51.20    1.30    7.02    3.01    9.89   36.72   39.70    5.90    7.78   32.41    8.28    9.21    8.80    6.66   31.82   11.67   15.88    0.87    8.33   10.90    5.99    6.48    1.39    0.15    0.15   14.55    3.57   14.84    4.34    3.88    0.49    0.70    2.00    4.19    0.38    0.07    3.75    7.80   10.06   51.81    3.22    0.32    0.93    0.59   11.83   13.75
PSATCNV    -27.60  -51.33    5.86    7.53    2.43   12.00   32.38   25.04   12.98    8.31   12.82    4.90    7.20    3.69   14.92   23.37    9.13   12.87    7.31    5.94   10.73    9.65    8.61    0.92    0.47    0.09   15.21    7.08   34.11   21.52    5.75    0.70    1.00    1.85    2.39    1.14    0.44    7.68    9.55    7.59   29.88    2.60    0.95    1.39    0.53    8.14   13.76
PSATFCH    -27.14  -53.04    0.70   10.76    1.31   19.32   43.46   21.98   25.68    1.30    3.59    1.67   21.78   23.03   16.74   27.09    3.97   15.63   10.86    2.96    1.46   12.08   19.77    0.14    0.03    1.70    6.31    0.91    8.26    1.16    0.19    0.69    0.17    0.44    0.02    0.07    0.00    7.06   17.42   15.15   21.00    0.46    0.31    1.13    1.28   13.08    1.83
PSATITA    -27.27  -52.38    3.57    8.21    3.39   13.54   35.97   32.76   13.96    9.49    5.75    8.46    7.30    6.59   11.84   25.64   11.83   14.00   12.06    8.40    5.85   15.12   12.30    0.13    0.08    0.07   11.62    5.67   25.29   17.17    2.13    0.87    0.41    0.46    0.79    0.46    0.57   10.77   18.74   13.04   28.81    0.85    0.75    1.60    1.16    7.50    6.50
PSATMCD    -27.52  -51.78    1.26   16.65    4.08   15.98   36.96   40.02   10.44    6.82    8.22    3.02   10.28    7.34   11.32   34.76   13.31   16.34    2.69    7.66    6.23   15.34   13.41    0.15    0.00    0.07   11.08    1.16   11.50    3.57    1.04    0.59    0.03    0.58    0.05    0.18    0.01    2.92   14.53   16.22   43.53    0.26    0.23    1.36    0.81    5.86    2.29
PSATMOJ    -27.35  -52.73    0.18    5.70    1.16   20.40   34.41   31.68    2.51    7.03    8.62    2.35   14.92   10.42   16.16   25.63   13.59    8.51    1.22    5.65    2.00   14.75   17.75    0.06    0.00    1.70    8.07    0.96    2.64    1.40    1.70    0.82    0.08    0.56    0.23    0.68    0.02    4.43   19.76   19.52   39.44    0.32    0.20    0.63    1.22   16.59    1.65
PSATQQX    -26.66  -52.54    3.96    8.25    2.71   10.77   64.99   25.93   17.83   13.60    3.07    7.60    8.58   13.21    9.85   16.46    8.87   17.81   23.81    4.68    2.73    9.92   12.92    0.02    0.27    0.23   10.45    5.40   49.38   28.08    5.37    1.11    0.84    0.34    0.33    0.55    0.51   17.17   19.91   10.06   20.11    2.01    0.61    1.91    0.95   12.16    8.35
PSATPSJ    -28.14  -55.05    0.10    0.21    2.72   91.03   40.21    0.22    0.11   14.99   39.58   16.57   12.35    2.08    0.80   23.86   20.65    4.14    0.30   10.03   17.03   26.95    8.30    0.05    0.00   16.19    1.33    0.76    0.13    1.47    0.20    0.30    0.00    0.16    0.10    0.00    0.42    1.91   30.32   24.98   27.15    0.04    0.01    0.19    1.59    2.08    3.04
PSATESP    -18.68  -51.87   25.56   10.75   14.80    0.66    0.42    1.84    7.14    6.77    5.73    0.14    2.42    0.13    0.03    0.46    0.06   11.22    1.25    4.32    2.82    9.72    5.84   11.22   15.67    6.24   13.73    6.53   20.81    7.66    6.41    4.70    0.37    1.05    2.33    1.54    5.37    7.39    9.48    6.59    9.64   15.08   10.25    4.30    7.42    7.32   13.09
PSATSRC    -19.16  -50.76   18.11   13.87    8.04    0.51    0.48    0.79    3.19    1.84    8.31    0.18    0.23    0.33    0.95    0.82    0.11   13.53    0.54    2.96    1.07    2.63    4.61   13.29   12.57    8.11    5.12    6.01   14.58    9.11   15.06    3.12    0.62   11.63    9.72    6.50    8.82    9.76   10.87   12.67   13.74   13.13   13.70    6.11    5.26   12.68   10.90
PSATFRCL   -19.12  -50.64   17.53   19.09    7.65    0.85    0.66    1.32    3.62    2.53    6.34    0.31    0.95    0.45    1.89    0.58    0.03   12.04    0.15    5.43    1.05    0.45    2.25   11.05   13.81   11.43    5.62    5.07   11.35    9.93   22.23    2.22    2.99   11.68   13.15    8.49   10.92    4.52    6.31   14.37   13.07   11.62   20.02    6.49    4.84   11.49    8.80
PSATISOT   -20.40  -51.35   36.39   14.84    3.75    0.46    0.64    0.89    3.24    0.33    8.08    0.23    2.88    8.13    3.51    0.53    0.03    7.57    0.74    0.89    0.39    0.33    3.97   12.55    3.77    5.45    4.74   18.71   25.38   21.59    4.53    0.41    0.09    8.19   18.28   15.09   10.71    4.71    8.45   14.73   11.39   11.95   11.76   10.95    4.22    4.41   11.91
PSATJUP    -20.86  -51.63   21.74   21.39   10.59    0.54    0.55    1.06    5.06    2.30   13.04    2.82    1.64    4.25    2.91    0.12    0.41   10.60    2.86    2.94    2.05    2.63   11.24   11.87    6.13    6.80    9.02   12.09   18.12   10.79    1.99    0.36    0.07    4.86    3.50    7.74   12.63   20.68   14.52   13.63   10.05   11.56    7.94    9.80    4.95    7.21   15.05
PSATSDG    -20.06  -53.18    8.57   10.06   12.80    0.27    0.64    1.14    9.67    3.15    5.16    5.66    2.93    0.06    3.37    0.02    2.14   20.30   12.21    2.51    1.92    0.36    7.50   16.38    5.12    5.45    5.78   28.88   20.51   10.63    0.54    0.01    0.00    0.57    2.36    1.68    4.69   23.48    5.04    3.37   10.16    6.47    5.07    6.70    4.06    8.31   11.93
PSATFZBT   -21.66  -52.87   17.29   10.55   11.61    1.26    0.81    0.84    7.28    7.51    5.96   13.16   11.18    0.89    5.81    0.80    0.33   11.30    3.20    0.98    2.77    2.66    8.51   17.54    2.99    2.89    8.08   25.45   17.12    5.73    0.02    0.00    0.01    0.24    1.83    4.26    7.90   18.81   13.61    3.00   23.66   10.48   11.20    6.77    2.73    8.30   17.88
PSATPPRA   -22.46  -52.91   31.58   13.88   11.12    2.93    1.60    4.44    4.68    1.13    3.38    4.77   11.02    8.55    7.35    2.27    0.16    7.84    2.23    0.10    0.72    0.54    8.06    9.73    1.73    1.00    3.68   15.17   19.05   16.23    0.69    0.21    0.22    3.16    4.29    9.43    5.98   15.86   13.02   15.00   10.87    8.56    6.67    8.44    1.23    3.71   24.21
PSATBTE    -13.69  -50.80   15.25   15.36    6.03    1.48    2.22    1.76    7.02    1.64    5.29    0.42    1.28    0.03    0.00    0.02    0.15    7.75    1.30    8.46    0.96    0.59    5.10    7.06   15.76   18.02   19.23   23.79   14.64   16.37   13.79    6.35   10.70   19.57    5.94    3.14    2.36    8.72    8.30    7.11    3.88   15.71   11.26    9.55    8.40   15.39    7.50
PSATARAG    -8.27  -49.26    9.40   11.98    6.71    4.20    5.08    2.58    9.01    1.26    2.71    2.08    0.94    1.21    1.84    5.46    4.91    5.85    4.51    4.47    3.28    0.74    1.50   13.27    8.17   20.52   29.68   16.03    6.98   11.64    7.92    7.74   11.67   13.72    3.91    2.09    4.87    5.94    7.15    6.11    3.61   13.65   12.16    8.16    7.87   19.68   16.12
PSATLAJ     -9.76  -48.37   10.90    6.20    2.45    1.25    2.65    4.89    4.73    0.87    2.62    1.93    1.69    0.02    0.08    1.46    1.03    1.73    1.18    1.39    0.36    0.17    0.21    9.92    6.56   25.40   23.30   13.33    7.86   12.61    3.52    2.73   18.39   12.03    1.62    0.43    5.06    1.22    5.23    6.83    6.06    7.44   10.01    5.41   11.05   17.84   11.58
PSATPTRL    -9.31  -47.39    7.54    4.60    1.86    0.85    1.51   12.86    4.92    1.78    1.78    2.67    0.62    0.03    0.18    4.74    1.91    2.02    2.35    1.93    0.27    0.19    0.58   10.79    4.95   12.03    8.90   12.06    9.30   22.36    5.24    4.17   13.88    4.22    2.53    0.62    7.83    1.15    6.04    8.75    9.64    5.26    9.70   11.77   14.00   18.36   21.00
PSATLJET    -7.33  -47.48    6.09    8.04    5.14    1.18    1.14    5.47    7.43    2.35    1.54    5.83    1.68    0.54    1.37    8.63    3.97    3.86    6.31    5.55    3.93    0.84    1.86   15.40    9.77    6.18   14.90   10.14    9.86   11.89    4.00    6.75    6.27    8.65    6.86    5.54    8.84    1.98   13.80   10.58    7.28    4.99    5.65   11.33    8.90   13.43   24.91
PSATUCR     -3.83  -49.65    6.33    8.19    6.65    3.31    1.90    6.21    8.62    3.74    1.43    4.80    3.79    1.56   16.77   11.22    8.49    6.77   11.58    9.03   10.21    1.53    3.71    4.93    5.53    5.48    5.80    6.06    8.68   13.85    4.26    8.03    6.17    9.01    8.85    3.85    3.56    4.41    8.93    8.01    3.54    5.26    4.72   11.58    9.87   13.50   20.67
PSATXIVJ   -29.07  -51.67    0.43    1.02    1.20   24.74   60.59   26.07    0.68   12.32   41.13   12.85   12.89   10.37    0.30   36.29   20.19   15.43    1.12   12.36   14.19   10.87    4.61    0.21    0.02    1.21    6.41    0.53    2.88    1.85    0.53    0.15    0.00    0.36    0.14    0.04    0.00    0.21   18.72   10.74   64.27    0.41    0.14    0.38    1.08   11.75    6.53
PSATDFRC   -29.45  -53.28    0.00    0.01    6.84   76.87   45.96    0.04    0.02   18.63   48.93   18.62    8.74    0.71    0.03   17.38   36.05    6.68    2.35   13.15   15.96   28.43    4.35    0.06    0.00   16.29    1.98    1.26    0.55    1.28    0.08    0.01    0.00    0.33    0.35    0.09    1.10    0.69   24.53   21.64   26.79    0.27    0.05    0.15    0.95    5.20    3.88
PSATREAL   -29.02  -53.19    0.02    0.12    1.70   45.67   66.28    2.56    0.10   16.95   35.95   13.95   10.98    3.43    0.63   21.97   21.82   10.63    0.16   16.90   16.20   26.35    8.36    0.08    0.00   10.82    1.34    0.37    0.45    2.43    0.27    0.16    0.00    1.03    0.05    0.19    0.04    1.22   19.33   16.19   46.58    0.16    0.05    0.20    1.98    5.72    3.24
PSATCTAV   -29.01  -51.39    0.22    0.21    1.09   18.78   76.21   27.19    1.10    4.65   35.41   16.85    8.83    9.29    0.16    8.93   20.05   21.02    1.61   11.07   12.33   10.94    2.91    2.55    0.19    0.31   12.91    2.73    4.32    2.45    0.89    0.59    0.41    0.89    2.12    0.19    0.02    0.95   11.79   11.27   66.82    0.82    0.09    0.20    1.09   16.72   11.44
PSATERNT   -28.56  -52.54    0.62   13.48    3.63   24.42   40.65   30.17    2.39   11.12   16.64    5.51   13.19    7.56    5.42   36.63   14.82    8.31    0.54    9.13    8.27   14.50   14.92    0.05    0.00    1.87    4.96    0.65    2.95    2.29    1.10    0.47    0.00    0.56    0.07    0.44    0.01    1.75   16.82   18.33   54.15    0.17    0.20    0.63    1.86    8.03    3.34
PSATSTPL   -27.14  -49.52    9.67    7.78    0.61    6.66   41.74   23.81    9.45   12.79   12.05    2.90    4.09    1.98   17.92   21.74    4.47    9.31    2.93    2.76   14.00    5.17    4.96    3.43    1.21    0.41   16.10    8.36   36.77   30.82    6.20    1.00    2.17    2.41    2.08    4.22    0.70    6.87    5.47    6.26   22.97    4.74    3.22    0.90    0.68    8.05   23.23
PSATCVCH   -25.14  -48.87    4.33    0.75    0.26    1.05   18.39   11.60    1.91   10.22    1.43    2.16   12.11    0.37    7.74    2.85    9.11    9.77    2.26    2.14    6.96    1.65   10.85    3.54    2.46    2.40    1.88    7.26   23.41   14.77    7.58    1.21    4.03    4.03    2.47   10.42   13.32    3.75    7.71    8.39    7.60    6.56    1.86    1.77    0.34    3.63   23.35
PSATAMY    -12.60  -69.12    8.92   11.72   22.36   21.22   13.21   13.38   10.89    6.39    5.45    6.66    6.48    8.04    3.20    2.52    1.68   13.66    4.01    3.42    8.34    3.52    3.11    2.33    1.95    6.78    7.82   17.63   37.12   19.86    7.40    9.75   13.31    9.10   10.14   15.85   28.29   26.42   15.81    4.48    4.16   45.03   22.41   12.53    3.54    3.76    4.96
PSATGJR    -10.73  -65.35   15.13    5.08   10.48    7.78   29.72    4.23    6.09    3.37    1.93    2.21    2.61    1.40    3.43    1.04    1.02    8.87    1.30    0.89    1.13    1.13    4.71    3.72    1.19    6.52   21.63   30.00   18.33    3.37    3.90   12.87   10.94    8.90    9.91   17.20   23.39   21.04   13.16   11.90   18.38   16.39    7.73    2.96    1.11    5.12   20.27
PSATPRNC   -12.43  -64.43   18.81   15.83   15.53   12.64   30.03    4.97    9.80    4.12    2.24    1.96    1.56    0.63    4.00    3.09    0.72    7.17    2.22    1.77    1.19    0.80    2.11    5.17    0.65    4.22   18.63   14.88   17.54    3.71    4.77    5.68    7.05    7.67    5.96    6.73   10.82   13.12   10.83    5.28   13.56   15.66   21.69   11.67    1.90    1.28   10.70
PSATSANT    -8.87  -63.97    1.75   13.51   23.37    9.94   20.49   23.48   17.24    6.04    6.96    5.96    3.66    4.94    1.86    5.48    1.89    2.92   19.82    4.49    5.88    5.26    6.21    3.44    1.68    5.17    7.34   13.70   32.09   26.23   10.23   10.22    5.23    3.74    5.56    4.44    5.12    8.57    7.99    5.56    3.02   11.11   18.20   18.51    4.62    3.39    3.06
PSATDARD   -10.16  -59.46   17.11   12.91   49.46   15.49   20.77    9.12    3.50    2.39    6.40    2.69    0.35    0.39   20.50    1.12    4.25    7.29    4.86    2.12    8.66    6.07    8.51    0.78    0.90    1.36   14.22   14.59   20.54    7.56    4.68    9.60    3.66    7.05    8.24    7.72   12.79   21.11    4.84    7.48    6.79   16.30   14.40    7.25    2.01    9.47    3.64
PSATGUAP   -15.12  -58.96    2.77   32.86   45.94    2.61    6.18    6.13    8.38    3.32    1.22    1.13    4.88    5.59    0.07    0.10    2.49    5.40    6.45    0.92    3.23    0.55    0.34   17.76    0.46    7.64    3.98   12.66    6.41    1.36   13.15    5.87    3.63    8.36    6.62    9.11   17.65   10.80    6.01    3.72    5.62   22.86   32.17    7.54    1.92    0.73    2.38
PSATJIRA    -9.25  -64.65   15.61   18.20   12.23    7.93   16.01   19.32    9.76    7.70    4.21    5.71    4.59    3.16    4.10    2.49    2.62    9.20    5.76    3.58    3.70    3.58    3.73    2.73    2.30    5.04    8.65   16.63   36.61   12.95    8.31    9.00    7.53    5.90    8.70    7.77   13.95   13.28    8.59    3.77    5.39   20.04   17.88    8.49    1.25    2.87    6.67
PSATROND   -11.99  -60.70    2.97   15.61   30.36   12.76    8.59    9.28    6.00    1.28    4.11    2.30    0.67    0.85   12.89    8.40    0.53    5.22    4.81    3.37    4.81    0.76    8.80    0.66    0.41    2.30   19.73   14.02   19.21   16.59    4.79    1.11    4.94    8.12    6.24    4.62    8.38    6.18    1.05    9.83    1.40   11.02   36.29   13.52    5.80    1.68    3.57
PSATSAMU    -8.75  -63.45    0.56    7.98   24.81   12.90   16.36   15.06   16.58    3.89    4.50    5.83    4.38    0.98    1.42   11.16    2.04    1.72   10.94    4.28    3.44    7.21    6.05    2.82    1.03    1.74    9.91   11.38   31.05   14.18    7.39    7.55    3.98    5.64    3.80    7.89    6.88    7.13    9.56    5.65    2.32   14.06   17.38    8.53    4.92    2.18    4.05
PSATBALB    -1.92  -59.47    7.45    4.71    7.26    7.76   14.64   15.26   11.97    4.03    8.37   11.99    6.51    3.12    4.98    6.32   10.35    9.98    9.88    8.84    5.89    5.60   16.15    7.91    4.13    1.79    2.42    5.82    6.90    6.99    5.00    4.95    6.49    8.88   22.20   11.34    5.14   20.66   13.06    7.76    7.08    6.37   11.09   16.60    8.14   11.81    1.50
PSATCUNA    -2.82  -54.30   15.40   10.54   13.35    5.53    6.92    7.99    6.40    3.35    3.23    8.29    2.44   11.72    9.08   19.27   12.38   11.12    4.93    6.51    3.63    8.41    8.12    9.46    2.49    3.98   10.08    6.96    6.17    2.42    5.00    3.00   11.09    5.82   12.03    3.96    1.69   11.12    8.00    8.51    4.87   10.39    5.58    9.07    9.40   40.62   15.29
PSATJARI    -0.65  -52.52    3.79    2.25    4.32    3.18    4.00    6.03    4.95    6.53    4.88    6.29    1.83    1.30    6.17    2.11    6.71    4.66    4.85    4.17    6.14    3.91    4.60    5.52    4.72    2.53    2.29    2.28    5.13    3.52    2.95    4.45    5.43    5.73   10.84    7.22    6.27   12.48   11.88    9.53    3.01    3.74    6.17    3.87    6.07    9.12    4.58
PSATFGOM     0.86  -51.20    6.73    3.47    6.26    6.53    7.67   11.28    8.29   16.02   10.25    6.43    7.74    2.54    7.67    8.23   10.07    6.04   13.51    5.83    8.02    5.90    5.66   10.87    6.80    5.83    4.11    6.10    7.92    5.60    3.33    6.76    9.01    5.43    9.99   10.18   11.88   16.87   11.74   19.08    7.66    8.77    6.30    7.45    4.01    9.33    4.80
PSATUBE     -6.75  -43.57    4.50    5.18    2.82    1.40    1.24    6.48    5.43    3.60    3.82    1.59    0.12    0.07    0.18    1.15    1.30    1.22    3.49    1.52    0.46    0.26    0.57   12.10    7.86   11.67    8.95   10.55    8.57    9.52    3.33    2.79    6.54    6.71    2.51    2.83    3.64    2.87    6.29    7.49    8.02    9.56    4.07    8.52    9.53   17.10   20.26
PSATBSOR    -6.74  -52.00   12.02   11.36    9.22    2.36    1.30    1.21    5.85    4.12    3.32    6.00    1.05    2.18    2.65    7.38    3.65    5.51    7.07    5.09    3.74    0.43    2.07    1.68    6.74   12.67   15.69   10.45    9.38    6.31    6.16    8.91   11.61   13.13    6.20    6.04    8.04    8.25    3.89    3.62    9.21   18.26   13.60    8.17    5.79   17.53   19.21
PSATBESP    -6.75  -51.77    9.95   12.61    8.18    2.23    0.63    3.79    4.81    7.19    1.57    4.39    1.44    1.36   14.00    9.06    8.58    7.66   11.13    9.44    8.41    0.87    3.04    1.18    2.67    4.55    5.31    3.57    5.50    7.51   11.11    7.26   10.35    8.22    9.06    5.26    1.93    5.88   10.82    5.08    1.91    6.83    4.13    6.88    6.24    9.91   20.33
PSATPIME    -3.41  -51.91   11.04    9.18   10.94    5.64    4.51    4.56    5.42    6.30    2.39    6.57    3.25    5.29   13.72   14.79    7.87    9.60   13.11    6.72    4.58    3.78    6.24    3.51    3.40    4.93    6.23    5.89    5.11    4.64    4.76    4.39   10.75    8.43    7.43    6.03    4.64    8.31    8.89    3.97    4.88   12.48    7.81    9.98   10.64   15.22   17.14
PSATIRAP   -16.74  -42.57    8.66    2.94    0.03    0.04    0.10    0.02    0.01    0.01    0.00    0.00    0.00    0.00    0.00    0.00    0.01    0.01    0.14    0.03    0.03    0.06    0.00    0.60   13.93   28.51   31.38   18.61   14.38    6.85    4.87    9.46   10.10    0.82    0.31    0.12    1.13    1.11    1.44    1.26    0.36    0.60    3.44   10.74   14.21   16.62   10.53
PSATITBI   -15.97  -39.59    4.10    0.44    0.17    0.34    0.21    0.05    0.09    0.02    0.19    0.15    0.04    0.03    0.02    0.24    0.33    0.14    0.88    0.49    0.93    0.60    0.21    0.23   14.16    9.67   20.55   17.79   14.72    6.54    2.04    9.81    4.65    0.89    0.64    0.75    0.51    1.57    1.03    2.34    2.22    1.05    3.03    7.62    9.78   18.06   10.15
PSATCOLI   -10.98  -55.77   24.31   21.19   12.30    2.20    1.08    2.56    5.76    2.02    4.01    8.09    1.95    1.54    2.26    3.39    1.59    2.11    7.28    3.99    0.85    0.11    0.65    3.26    8.44   13.29   17.32   13.94   12.74    6.41    3.57    9.26    7.86   14.39    6.21    6.01   11.61    8.27   10.25    6.98   12.63   19.12    7.55    7.66    4.65   10.41   15.77
PSATSAEL    -9.19  -57.04   13.84   13.04   17.36    8.26    1.95    4.30    6.14    5.32    3.84    3.25    0.92    6.77   11.72    8.46    5.29    4.03    8.76    8.07    1.59    0.57    9.29    1.06    5.18    2.69    6.90   14.21   10.59    3.45    3.20    2.35   12.42    6.71    5.26    8.52   16.17   12.67    1.64    4.71   18.77   23.82   13.91   11.91    9.13   11.78    9.03
PSATITQ    -17.09  -54.83   16.25   15.75   12.45    0.64    1.69    2.00    7.00    5.35    4.73    0.37    1.93    0.15    0.00    0.10    0.19    8.14    2.60    2.24    2.47    1.22    3.59    5.81   21.47   11.71   31.03   20.11   24.75    4.47    6.76    1.99    0.99    2.52    3.79    2.31   14.69   19.86    5.26   10.14    8.31   19.90   13.05    5.74    3.72   15.59   17.04
PSATJAU    -15.24  -58.73    3.01   28.03   41.01    3.92    7.81    5.90   10.43    5.99    3.02    0.84    4.67    5.84    0.06    0.07    1.75    5.23    7.54    0.51    1.37    0.37    0.69   15.57    0.30    9.70   11.21   11.99    7.27    0.93   14.95    8.23    3.33    6.30    7.32    7.45   20.86   11.82   12.17    4.39    8.22   22.03   26.21    6.64    1.45    0.86    2.76
PSATMAN    -14.87  -55.78   18.67    9.22   13.64    1.42    2.87    2.51    1.40    0.71    0.09    1.53    4.02    0.20    0.05    0.02    1.34    1.49   10.56    2.02    0.17    0.02    0.52   20.56    6.46   13.89   13.64    6.76   14.21    5.16   23.45    7.29    3.18   23.46    2.64    4.27   10.74    4.69   15.73    8.69    9.65   13.82    4.46    5.76    5.44   17.16   18.61
PSATPTP    -17.61  -54.83   13.74   26.17   23.72    0.49    2.06    1.31    8.46    6.68    4.80    1.71    2.51    0.12    0.00    0.01    0.09    2.51    3.20    4.59    5.53    1.19    1.93   14.81   15.30   13.47   22.59   17.47   28.43    5.81    3.91    1.91    0.19    0.61    1.97    1.80   10.31   33.92    3.87    8.11    9.06   17.97   10.08    3.68    7.82   14.50   20.16
PSATSTCL   -17.90  -40.20    1.69    0.05    0.03    0.41    0.03    0.01    0.00    0.00    0.04    0.00    0.00    0.00    0.00    0.26    0.10    0.00    0.95    0.56    0.69    0.75    0.01    0.01   16.77   12.27   12.62   13.68   11.34    3.82    0.17    9.41    2.04    1.95    1.65    3.51    0.60    2.28    1.08    1.73    2.50    0.80    1.73    9.03    7.00   20.61    5.81
PSATPDC    -12.58  -39.00    0.44    0.40    1.30    0.94    0.63    0.08    0.20    0.05    0.21    0.17    0.63    0.49    0.16    0.71    1.45    1.70    2.52    1.37    1.52    0.59    0.17    0.14    0.62    9.94    5.63    4.62    0.56    0.49    0.61    0.77    0.67    0.33    3.35    1.25    0.76    2.25    3.15    1.77    1.26    4.94    6.35   11.44   10.25    8.01   17.43
PSATROSA   -20.92  -41.72   14.64    3.30    0.47    0.02    0.02    0.66    2.44    1.81    5.32    0.75    0.00    0.00    0.02    0.00    0.01    0.00    3.59    2.81    2.36    1.87    0.12   24.80   29.30   25.23    9.82   18.91   44.73   12.80   11.15   21.45   33.90    0.35    1.81    0.43    1.97    0.85    3.90    8.38    1.08    0.87    5.30   27.69    9.06   17.40    6.16
PSATCAN    -20.21  -42.85   13.45    7.34    0.44    0.06    0.02    0.05    0.44    3.35    2.90    0.06    0.05    0.00    0.00    0.00    0.09    0.03    3.14    7.86    1.01    0.39    0.03   26.99   33.42   27.11   12.56   22.51   42.94   13.82   23.29   25.73   36.10    3.45    1.20    0.16    0.99    1.97    1.07    0.81    0.95    0.51    9.65   27.17   13.24    8.34   13.26
PSATSAC    -19.64  -42.85    8.35    9.90    0.37    0.05    0.00    0.51    0.53    0.67    0.34    0.00    0.00    0.00    0.00    0.07    0.16    0.01    2.18    0.36    0.13    0.45    0.07   20.29   24.03   32.84   34.83   17.96   38.87   15.51   19.93   19.55   30.24    3.77    1.52    0.11    1.71    2.35    1.44    2.37    1.20    0.89    5.08   21.27    9.67   12.50   14.51
PSATPES    -19.12  -42.66   17.88    4.73    0.06    0.06    0.04    0.42    0.31    0.31    0.30    0.00    0.00    0.00    0.00    0.06    0.14    0.01    0.84    0.04    0.05    0.12    0.00   16.41   35.36   40.90   64.00   22.69   27.28   19.06    8.45   24.36   27.61    3.12    1.05    0.35    1.39    1.92    1.38    2.66    0.84    0.52    7.62   11.57   13.76   36.99   19.07
PSATMAS    -19.50  -40.92   12.96    1.75    0.10    0.09    0.07    0.17    0.34    0.14    0.24    0.01    0.00    0.00    0.00    0.08    0.12    0.02    1.03    0.67    0.53    0.77    0.03    9.32   19.81   22.34   30.20   38.80   37.04   18.15   12.21   24.82   20.33    1.59    1.08    0.82    1.89    1.22    1.76    3.27    1.50    0.54    5.19    8.95   12.26   17.52   14.16
PSATSBR    -23.37  -45.87   30.87    6.91    0.79    0.58    0.08    5.39    0.43    2.66    6.13    6.31    2.78    0.92   10.78   11.47    0.14   23.32    9.44    2.61    6.73    1.27    7.53   27.39    7.05   13.02    4.68   11.77   16.91   38.32    8.91    4.14    3.61   16.21   13.71    9.37    8.73    8.84   11.62   11.00    8.14    8.64   24.90   30.31    1.60    4.33   14.93
PSATJAG    -23.20  -46.03   26.20    1.59    2.07    0.44    0.01    3.20    0.22    1.34    1.62   13.24    7.37    1.87    2.39    8.54    1.30   10.10    3.95    1.54    8.16    1.13    6.53   15.58    4.03   11.43    1.45   15.58   18.45   38.28    4.47    1.53    4.20   31.13   17.12   15.24   15.14   17.24    4.85    9.09    7.90    9.55   18.83    9.95    1.92    4.91   18.28
PSATFUNI   -22.53  -44.57   23.67    6.77    1.53    0.15    0.00    2.12    0.56    2.97    6.12   13.45    5.31    1.52    6.42   10.81    0.41    8.68    5.73    1.46    3.16    1.09    6.96   19.36    8.89   15.35    2.54   14.87   22.69   42.36    9.93    2.67    4.90   19.29   13.65   14.34    9.75   13.68    5.63    8.27    4.48    7.83   26.48   30.15    3.20    6.74   14.88
PSATSACE   -22.48  -43.84   16.15    6.99    2.44    0.01    0.01    2.78    2.54    5.45    6.83   16.53    1.06    0.00    1.32   16.28    0.00    1.17    9.16    3.30    0.48    0.07    3.81   25.62   27.89   10.34    1.25   12.48   26.59   22.71   21.44   12.58   14.68   10.72   16.81    5.62    0.82    7.80    9.75    4.39    0.93    0.64   17.49   43.79   21.29    8.91   14.60
PSATPIC    -21.91  -43.54   13.58    9.86    5.23    0.00    0.00    0.79    1.04    3.62    6.42   14.77    0.21    0.00    0.00    6.46    0.00    0.06    3.25    5.29    0.17    0.17    1.88   20.84   33.16    6.58    2.49   13.72   47.68    6.68   19.70   17.64   22.71   19.90   12.12    4.24    1.53    6.71    5.68    2.41    0.37    1.28   11.60   33.57   38.54   12.88    9.61
PSATSOGI   -21.94  -43.36   13.89   14.12    2.99    0.00    0.00    0.35    0.77    2.79    7.57    8.81    0.03    0.00    0.12    2.68    0.00    0.01    3.47    8.19    0.21    0.05    0.35   20.54   43.29    8.27   20.21   12.74   47.37   16.74   16.82   11.94   32.73   15.48    6.41    0.92    1.30    5.94    4.71    1.75    0.72    0.53   17.70   29.08   32.75   18.10   11.44
PSATIPSI   -21.84  -42.58   19.97   13.00    2.02    0.00    0.01    0.87    0.89    3.09    8.22    9.20    0.08    0.00    0.59    3.85    0.00    0.39    5.89    5.20    0.28    0.20    0.44   16.95   31.01    2.98   12.58    8.23   20.80   17.38   29.30    7.71   24.65   11.61    5.73    2.15    1.46    6.30    2.24    1.96    0.40    0.84   13.31   24.24   27.08   10.53    8.83
PSATTCLJ   -22.69  -43.83   35.97   19.13    0.37    0.00    0.02    2.27    1.14    1.50    2.81    7.27    2.87    0.04    7.33    9.82    0.02    4.59   15.09    1.53    1.24    0.00    0.70   14.91   15.91    7.22    1.98    5.07   10.21   26.40   20.52    4.73   13.89    2.93   14.77    6.16    0.46    6.23    7.80    2.41    1.62    0.70   25.57   43.61   19.50    4.06    9.09
PSATBIGU   -25.51  -53.67    6.83    8.70    2.41   18.83   55.93   21.13    7.51    2.69    2.36    2.19   19.15   21.87    9.06   13.24    1.68    7.51   15.02    0.25    2.52    2.24   17.60    0.04    0.11    0.19    8.84    4.89   59.01   13.85    1.05    0.79    0.66    0.28    0.27    0.48    0.82    8.15   18.88   16.31   20.23    0.92    0.32    2.54    0.71   14.72    1.67
PSATBRAU   -21.45  -42.41   23.14   13.46    1.03    0.00    0.00    0.05    0.15    1.84    7.18    2.01    0.04    0.01    0.11    0.70    0.00    0.16    5.45   10.28    0.85    0.24    0.07   16.10   47.04   10.41   24.89   26.85   26.35   17.21   24.62   20.19   26.49    8.12    2.96    0.66    1.06    4.53    2.61    2.69    0.49    0.59   17.23   24.35   11.82   18.10   12.69
PSATSUIC   -20.08  -40.58   10.53    0.47    0.10    0.14    0.13    0.23    0.28    0.46    0.02    0.04    0.01    0.00    0.00    0.17    0.37    0.17    2.44    2.06    1.51    3.48    0.56    2.11   11.41   19.85   18.36   60.00   30.67   19.71   19.44   46.98   14.27    4.12    1.59    1.27   15.75    4.75    4.64    5.98    5.34    2.23    4.24   19.47    9.19    9.98    5.77
PSATJRI     -9.30  -64.70   15.21   23.60   14.47    8.79   13.13   23.61   10.18    8.44    4.92    6.63    4.91    3.43    3.44    2.14    2.66    9.36    6.01    3.91    4.14    4.11    3.85    1.72    0.93    5.27    7.96   13.62   33.00   14.32    9.16    9.23    5.84    4.07    6.79    6.70   10.24   11.64    6.83    2.20    2.30   23.76   18.27    9.85    0.92    2.36    1.51
PSATBENI   -14.59  -67.53   16.64    5.30    7.32    7.44   24.66    9.93    7.43    5.58    2.37    3.65    4.13    3.30    5.37    3.44    2.41    9.42    4.05    2.31    2.63    1.59    3.36    5.32    6.17    5.74   11.51   26.43   45.50    6.76    5.53    8.06   12.14   11.06   14.34   11.35   24.58   19.34   12.86    7.77   13.90   13.83   18.32    6.23    1.83    5.14   21.35
PSATEPB    -12.42  -64.42   15.05   11.49   12.19   10.79   28.68    3.61    8.01    3.40    1.76    1.63    1.47    0.61    3.18    2.18    0.69    6.50    1.66    1.24    0.85    0.62    3.50    5.10    0.50    5.38   20.50   20.42   14.41    2.55    3.54    9.98    7.85    8.10    6.82   11.58   15.37   14.27   11.27    7.27   12.71   14.78   15.45    8.68    1.71    2.23   11.30
PSATEGM    -10.79  -64.35   18.36    6.63   12.96    8.11   31.17    5.77    6.90    4.06    2.37    2.65    3.02    1.72    4.13    1.36    1.16   10.26    1.68    1.20    1.56    1.49    3.88    3.30    1.53    6.13   20.34   28.63   22.49    4.61    5.11   10.33   11.26    8.70   10.11   14.80   22.53   22.73   13.45   11.66   20.99   17.90   10.30    3.41    1.06    5.25   22.57
PSATSTOA    -8.79  -63.95    1.80   12.34   23.77    9.53   21.03   23.55   18.19    6.41    6.49    5.65    3.28    4.75    1.57    5.45    1.94    2.66   19.56    4.04    5.72    5.60    6.32    3.57    1.76    4.81    7.37   13.35   30.42   26.78   10.54    9.80    5.23    3.82    5.27    3.93    4.68    7.50    7.57    5.51    3.14   11.14   19.09   17.65    4.83    2.57    2.75
PSATENC     -9.90  -66.62    7.76   15.43   12.67    4.69    9.63   17.30   15.76    7.26    6.05    6.27    5.48    1.33    6.10    3.58    3.50    6.26   12.24    6.58    5.09    7.11    5.09    2.87    0.62    0.74    2.30    7.71   44.48   31.52   12.55   12.05    6.22    2.98    3.77    4.99    9.30    7.33   10.50    4.00    0.85    6.07   12.41    8.48    2.34    2.12    0.45
PSATAMY1   -11.71  -70.63    4.19    8.45   11.34   15.68    8.79   14.24   11.20    5.60    4.85    9.59   10.18   11.35    3.78    3.45    1.79   17.34    3.88    3.18    7.60    4.16    3.56    1.84    0.42    6.92    3.75   12.98   32.16   25.67   10.67    9.18    8.03    4.54    5.50    9.40    5.11    5.61    3.99    0.80    0.86   37.22   16.14   12.40    1.74    1.93    1.05
PSATAMY2   -12.37  -71.17    9.14   11.36   22.29   24.30   14.87   13.35   13.67    7.43    6.04    6.08    5.67    9.28    2.91    1.98    1.68   16.80    2.91    3.36   11.66    3.76    3.19    2.34    2.28    5.98    7.76   14.76   33.21   23.13    6.96   11.60   17.18   10.16   10.44   19.42   26.13   22.71    9.53    4.52    4.32   45.37   14.61    9.31    4.20    4.18    4.65
PSATAMY3   -13.75  -70.18   12.22   14.80   34.12   23.31   14.82    9.66    8.57    6.06    7.02    6.46    3.37    3.37    2.25    1.33    1.86    4.91    3.72    2.51    4.80    2.73    2.67    2.91    3.29    8.36   11.96   25.95   41.25   13.19    7.00    8.21   12.57   11.44   13.28   19.46   54.70   52.68   38.15    9.74    5.97   46.19   33.17   14.85    6.14    4.02    9.11
PSATAMY4   -13.45  -69.47   10.37   10.57   18.23   16.32   13.33   16.84    7.50    5.62    2.49    3.53    7.87    7.35    4.79    4.54    1.28   14.99    7.69    5.58    7.37    2.85    2.95    2.28    1.57    5.27    7.46   16.56   41.55   11.76    3.83    8.19   14.48   10.89   12.62   11.61   29.62   27.51   15.11    2.17    6.50   50.74   34.01   14.79    0.92    2.69    5.37
PSATJRN    -13.37  -59.01    4.04   22.67   41.67    3.10    7.90    5.47    5.45    4.54    3.21    0.71    3.73    0.63    1.11    0.51    2.46    8.61    1.96    0.26    1.43    0.69    3.36    3.81    2.14    2.17   14.49    8.95    8.18    1.38    4.23    3.66    4.07   14.11    6.20    7.32    5.75   14.75    3.12    7.48    6.68   29.19   37.96    5.94    2.88    1.71    5.26
PSATAPI    -10.34  -56.98    9.24    8.02   20.35    7.47    4.55   11.03    4.08    1.76    2.81    2.70    1.00    2.44   12.81    9.49    4.09    2.32    6.53    7.41    0.90    0.51    5.60    1.03    1.24    1.64    8.39   13.99   15.00    8.61    3.01    2.84    7.44   11.96    9.07    5.61   11.83    6.98    1.98    4.41   19.73   34.56   10.44    5.95   12.08    9.93    3.32
