PSATAGV    -19.89  -50.35    1.16   20.47    6.54   17.80    0.67    2.22    7.46    1.59    0.78    0.01    0.01    0.00    0.00    0.00    0.00    0.00    0.47    0.19    0.00    0.00    0.00    0.50    0.07    0.01    0.00    0.00    0.00    0.00    0.00    0.00    0.00    0.00    0.00    0.00    0.00    0.00    0.00    0.00    0.00    0.01    0.01    0.00    0.31    0.14    0.10
PSATCMG    -21.28  -44.63    1.09    2.70   10.69    4.95    0.60    3.05    6.84    1.79    6.70   14.16    1.25    0.01    0.04    0.12    0.04    0.45    0.12    0.05    0.00    0.00    0.01    0.47    0.42    0.02    0.00    0.00    0.47    2.38    0.95    0.03    0.00    0.00    0.00    0.00    0.00    0.00    0.00    0.00    0.00    0.37    0.01    0.00    0.55    3.76    1.02
PSATCES    -20.25  -48.16    2.24   14.26    8.94   10.67    1.14    0.45   12.25    1.70    1.64    1.52    0.06    0.00    0.00    0.00    0.00    0.36    0.44    0.02    0.00    0.00    0.00    0.37    0.05    0.00    0.00    0.00    0.00    0.01    0.01    0.01    0.00    0.00    0.00    0.00    0.00    0.00    0.00    0.00    0.00    0.00    0.00    0.00    0.09    0.24    0.12
PSATELC    -21.60  -46.95    0.57   13.16   23.13   14.37    0.58    0.68    3.26    2.45    2.12    2.65    0.65    0.00    0.00    0.00    0.00    1.14    0.49    0.00    0.00    0.00    0.00    0.03    0.03    0.02    0.00    0.00    0.19    0.16    0.16    0.00    0.00    0.00    0.00    0.00    0.00    0.00    0.00    0.00    0.00    0.00    0.00    0.00    1.53    0.10    0.26
PSATFUN    -21.14  -45.04    0.77    4.88   11.66   12.48    0.77    0.42    7.01    3.92    5.17    7.28    0.54    0.00    0.01    0.00    0.00    0.20    0.20    0.05    0.00    0.00    0.00    0.06    0.07    0.02    0.00    0.00    0.07    0.87    0.34    0.09    0.00    0.00    0.00    0.00    0.00    0.00    0.00    0.00    0.00    0.00    0.00    0.00    0.05    2.51    0.56
PSATFUR    -20.67  -46.32    0.61   13.11   19.45   15.86    0.74    0.17    4.04    3.27    5.76    4.33    0.25    0.00    0.00    0.00    0.00    0.41    0.33    0.03    0.00    0.00    0.00    0.00    0.03    0.03    0.00    0.00    0.03    0.11    0.30    0.04    0.00    0.00    0.00    0.00    0.00    0.00    0.00    0.00    0.00    0.00    0.02    0.00    0.39    0.91    0.90
PSATMRB    -20.30  -49.18    1.05   15.05   13.66   12.24    0.84    0.48    8.22    1.26    1.28    0.64    0.07    0.00    0.00    0.00    0.08    0.17    0.18    0.02    0.00    0.00    0.00    0.34    0.03    0.02    0.00    0.00    0.00    0.01    0.02    0.00    0.00    0.00    0.00    0.00    0.00    0.00    0.00    0.00    0.00    0.00    0.00    0.00    0.53    0.17    0.14
PSATPRG    -21.59  -45.67    0.80    9.54   16.49    9.11    1.00    0.59    5.81    4.42    2.55    2.51    0.30    0.00    0.01    0.00    0.01    0.56    0.04    0.01    0.00    0.00    0.00    0.14    0.40    0.03    0.02    0.00    0.51    0.32    0.09    0.00    0.00    0.00    0.00    0.00    0.00    0.00    0.00    0.00    0.02    0.01    0.06    0.06    3.43    0.70    0.93
PSATPAS    -21.02  -48.18    0.44   15.03   20.97   14.71    1.06    0.22    6.35    1.84    0.77    0.78    0.18    0.00    0.00    0.00    0.24    0.53    0.22    0.00    0.00    0.00    0.04    0.60    0.29    0.02    0.00    0.00    0.20    0.17    0.08    0.01    0.00    0.00    0.00    0.00    0.00    0.00    0.00    0.00    0.00    0.00    0.02    0.02    7.59    0.17    0.05
PSATPTB    -21.61  -45.49    1.27    5.95   12.81    9.47    0.86    0.82    4.65    2.92    5.34    5.71    0.68    0.01    0.04    0.01    0.00    0.97    0.05    0.01    0.00    0.00    0.01    0.01    0.22    0.01    0.01    0.00    0.72    0.70    0.16    0.00    0.00    0.00    0.00    0.00    0.00    0.00    0.00    0.00    0.00    0.01    0.02    0.00    2.44    2.48    0.55
PSATPTC    -20.00  -48.55    1.50   12.15   10.88   15.24    0.87    0.42   10.59    2.56    2.96    1.29    0.04    0.00    0.00    0.00    0.00    0.26    0.47    0.05    0.00    0.00    0.00    0.08    0.02    0.00    0.00    0.00    0.00    0.02    0.02    0.00    0.00    0.00    0.00    0.00    0.00    0.00    0.00    0.00    0.00    0.00    0.00    0.00    0.00    1.03    0.18
PSATFZA    -26.00  -51.65    2.00   12.29    6.37    1.80    1.91    1.63    0.14    0.19    0.33    0.66    0.05    0.00    0.00    0.00    0.08    0.08    0.04    1.29    0.25    5.83    7.45    0.05    0.03    0.02    4.91   12.89    1.07    0.18    0.08    0.00    0.00    0.88    0.48    0.00    0.05    0.00    4.74   19.74   22.81   34.66   39.01   27.18    0.00    0.03    1.65
PSATJSG    -25.78  -52.00    3.06   13.55    5.32    2.85    0.74    0.97    0.02    0.03    0.26    0.54    0.11    0.00    0.00    0.00    0.01    0.01    0.02    1.82    0.56    9.63    3.43    0.01    0.03    0.12   10.37    6.62    1.10    0.36    0.01    0.00    0.00    2.38    1.16    0.03    0.02    0.00    9.94   27.26   13.18   36.89   42.98   27.30    0.04    0.00    2.12
PSATSCX    -25.53  -53.48    6.72   19.64   10.06    1.80    0.60    1.93    0.04    0.02    0.10    0.16    0.07    0.00    0.00    0.00    0.00    0.00    0.00    1.92    0.94   13.67    2.61    0.02    0.01    0.06   17.49    7.04    0.97    0.11    0.00    0.01    0.00    5.31    2.24    0.24    0.00    0.04   17.99   24.64    7.23   37.39   18.68   28.85    0.03    0.00    2.31
PSATSCL    -25.49  -51.74    7.76   16.52   14.93    2.88    0.76    5.48    0.13    0.21    0.55    0.92    0.12    0.00    0.00    0.00    0.00    0.01    0.00    0.34    0.27    1.50    3.90    0.00    0.12    0.24    2.29   14.48    1.13    0.05    0.00    0.02    0.00    0.15    0.67    0.00    0.00    0.00    1.88   39.67   21.76   50.16   39.64   25.82    0.00    0.00    2.11
PSATUVT    -26.23  -51.08    1.05    7.96    9.21    1.46    2.30    2.64    0.73    0.15    0.50    0.51    0.12    0.00    0.00    0.03    0.25    0.07    0.07    0.31    0.04    1.03    8.41    0.36    0.06    0.01    4.19   16.80    0.75    0.84    0.33    0.01    0.00    0.07    0.07    0.00    0.00    0.00    4.37    8.74   23.10   52.12   22.34   17.35    0.18    0.16    1.44
PSATBSM    -24.19  -53.74    3.90   13.97   25.72    1.65    4.78    5.23    0.35    0.48    0.58    0.41    0.29    0.00    0.11    0.06    0.00    0.00    0.00    0.10    0.13    5.12    7.43    0.16    0.00    0.01    1.14    6.76    0.02    0.01    0.00    0.00    0.00    0.02    0.03    0.00    0.00    0.00    8.10   29.24    8.16   28.65   10.28   36.77    0.01    0.00    0.93
PSATFLE    -22.97  -54.56    4.66   36.79    7.28    9.16   46.82    2.30    0.75    0.79    0.21    0.03    0.00    0.03    0.13    0.00    0.01    0.00    0.08    0.23    0.51   10.28    8.83    0.00    0.03    0.00    2.41    1.91    0.07    0.00    0.00    0.00    0.00    0.00    0.00    0.01    0.00    0.02   44.62   13.09    6.54   21.04    0.98   34.48    0.30    0.00    0.33
PSATITP    -25.42  -54.58    4.63   24.89   12.87    2.23   19.20    2.94    0.81    0.33    0.16    0.26    0.10    0.06    0.14    0.17    0.00    0.00    0.00    0.78    0.30    8.50    4.09    0.10    0.07    0.01    1.59    2.78    0.08    0.00    0.00    0.00    0.00    0.94    0.47    0.11    0.00    1.02   19.80   12.03    5.29   10.69    2.05   26.12    0.11    0.00    0.64
PSATIVM    -22.38  -53.53    1.49   67.28    7.77    6.41   18.33    5.72    2.53    1.70    0.14    0.50    0.02    0.06    0.14    0.37    0.01    0.00    0.16    0.74    0.63    5.77    9.67    0.03    0.15    0.03    0.06    0.71    0.01    0.00    0.00    0.00    0.00    0.00    0.00    0.00    0.00    0.00    5.81   12.09   16.91    3.20    0.13   22.23    0.17    0.01    0.00
PSATPTQ    -23.18  -53.17    2.11   12.23   29.61    1.91    7.39    8.52    0.63    0.30    0.35    0.72    0.28    0.00    0.01    0.01    0.00    0.00    0.00    0.01    0.01    0.33    3.56    0.30    0.00    0.04    0.12    1.21    0.02    0.02    0.00    0.00    0.00    0.00    0.01    0.00    0.00    0.00    3.02   15.55   12.21   20.52    3.01   35.50    0.07    0.08    0.90
PSATCBI    -17.99  -48.54    0.52    0.67   10.09   23.81    4.79    0.59    3.87    1.79    4.42    3.35    1.20    0.11    0.06    0.06    0.08    0.11    0.13    0.05    0.01    0.00    0.00    0.00    0.00    0.00    0.06    0.00    0.00    0.01    0.00    0.05    0.02    0.00    0.00    0.00    0.00    0.00    0.00    0.00    0.00    0.00    0.00    0.00    0.00    0.00    0.01
PSATCBIV   -16.15  -48.67    0.57    0.17    4.92   31.93    8.60    3.37    4.17    3.12    3.48    3.21    1.54    0.19    0.29    0.24    0.21    0.03    0.20    0.01    0.04    0.00    0.00    0.00    0.00    0.02    0.15    0.00    0.00    0.00    0.00    0.00    0.02    0.00    0.00    0.00    0.00    0.00    0.00    0.00    0.00    0.00    0.00    0.00    0.00    0.00    0.00
PSATEMB    -18.45  -47.98    1.88    1.46    4.05    9.06    1.14    0.56    8.84    2.76    5.33    3.53    0.19    0.01    0.00    0.00    0.00    0.61    0.60    0.15    0.00    0.00    0.00    0.00    0.00    0.00    0.00    0.00    0.00    0.00    0.00    0.01    0.00    0.01    0.00    0.00    0.00    0.00    0.00    0.00    0.00    0.00    0.01    0.00    0.00    0.09    0.11
PSATIMBR   -18.42  -49.10    1.64    4.80    6.60   16.40    0.96    0.33    6.23    1.99    2.75    1.73    0.03    0.01    0.00    0.00    0.00    0.29    0.60    0.23    0.00    0.00    0.00    0.00    0.01    0.00    0.00    0.00    0.00    0.00    0.00    0.00    0.00    0.00    0.00    0.00    0.00    0.00    0.00    0.00    0.00    0.00    0.00    0.00    0.00    0.40    0.15
PSATNPTE   -19.13  -47.70    3.60    4.22    2.75   15.16    1.29    0.39   11.80    3.27    3.97    4.04    0.05    0.02    0.00    0.00    0.00    0.84    0.86    0.10    0.01    0.00    0.00    0.00    0.00    0.00    0.00    0.00    0.00    0.02    0.03    0.00    0.00    0.03    0.00    0.00    0.00    0.00    0.00    0.00    0.00    0.00    0.00    0.00    0.00    1.64    0.67
PSATARV    -18.07  -50.16    5.35    1.45    5.13   12.59    0.94    1.03    4.46    1.48    1.70    0.39    0.01    0.00    0.00    0.03    0.08    0.35    0.36    0.15    0.00    0.00    0.00    0.00    0.00    0.01    0.00    0.00    0.00    0.00    0.00    0.00    0.00    0.00    0.00    0.00    0.00    0.00    0.00    0.00    0.00    0.00    0.00    0.00    0.00    0.15    0.00
PSATSFC    -18.05  -47.68    0.31    0.22    7.70   16.51    8.75    1.46    4.55    1.82    4.87    4.54    0.83    0.01    0.03    0.03    0.02    0.05    0.05    0.04    0.00    0.00    0.00    0.00    0.00    0.00    0.01    0.00    0.00    0.03    0.00    0.10    0.04    0.00    0.00    0.00    0.00    0.00    0.00    0.00    0.00    0.00    0.00    0.00    0.00    0.00    0.01
PSATSSM    -19.02  -50.50    2.02    7.47   11.45   18.80    0.80    0.80    5.36    1.20    1.89    0.63    0.02    0.01    0.01    0.00    0.00    0.09    0.39    0.15    0.00    0.00    0.00    0.00    0.03    0.00    0.00    0.00    0.00    0.00    0.00    0.00    0.00    0.00    0.00    0.00    0.00    0.00    0.00    0.00    0.00    0.00    0.01    0.00    0.02    0.34    0.09
PSATCNI    -22.94  -50.52    0.00    7.42   25.94    5.50    1.81    1.31    0.55    0.05    0.00    0.02    0.02    0.00    0.00    0.18    0.28    0.00    0.01    0.00    0.00    0.00    3.74    0.77    0.31    0.06    0.06    0.03    0.01    0.07    0.16    0.00    0.00    0.00    0.00    0.00    0.00    0.00    0.00    0.00    4.85    0.09    0.08    3.67    1.20    0.31    0.81
PSATCPV    -22.65  -51.33    0.27    4.49   25.95    3.73    4.05    4.18    0.51    0.00    0.00    0.20    0.04    0.00    0.00    0.43    0.12    0.00    0.00    0.01    0.00    0.00    0.68    0.22    0.23    0.08    0.14    0.22    0.01    0.03    0.01    0.01    0.00    0.00    0.00    0.00    0.00    0.00    0.01    1.11    7.05    4.32    0.29   16.54    0.48    0.79    0.98
PSATCHT    -23.01  -49.73    0.16    2.67   16.08    5.45    1.77    0.55    0.24    0.01    0.00    0.29    0.03    0.00    0.00    0.01    0.00    0.00    0.01    0.01    0.00    0.00    1.59    0.05    0.01    0.07    0.10    0.29    0.08    0.16    0.06    0.00    0.00    0.00    0.00    0.00    0.00    0.00    0.00    0.74   11.80    2.57    0.20   11.79    0.23    0.67    0.59
PSATJUR    -23.22  -49.23    0.08    1.50   13.02    7.16    1.88    0.47    0.59    0.04    0.05    0.54    0.34    0.18    0.06    0.00    0.01    0.07    0.02    0.00    0.00    0.00    3.31    0.65    0.10    0.08    0.08    0.59    0.35    0.47    0.16    0.03    0.00    0.00    0.00    0.00    0.00    0.00    0.00    0.03   12.48    1.79    0.21    9.98    1.67    1.03    1.30
PSATMAU    -24.06  -50.71    2.80   10.15   12.27    2.21    1.15    4.70    0.47    0.09    0.12    0.46    0.09    0.00    0.00    0.00    0.03    0.00    0.01    0.03    0.00    0.00    2.16    0.10    0.01    0.26    0.34    2.54    0.11    0.13    0.02    0.00    0.00    0.00    0.00    0.00    0.00    0.00    0.01    3.44   22.66   44.66    1.67   14.89    0.03    0.02    0.36
PSATROS    -22.50  -52.87    0.14   10.11   25.97    2.85   17.05   10.59    1.21    0.07    0.01    0.09    0.09    0.00    0.00    0.89    0.10    0.00    0.00    0.00    0.00    0.02    1.12    0.44    0.16    0.00    0.00    0.06    0.00    0.00    0.00    0.00    0.00    0.00    0.00    0.00    0.00    0.00    0.09    2.68    5.29    0.70    0.04   12.71    0.24    0.35    0.31
PSATQMD    -16.21  -47.33    0.46    0.07    2.15   16.92    5.65    2.85    3.21    2.02    2.77    5.15    2.52    0.22    0.02    0.08    0.21    0.00    0.00    0.02    0.00    0.00    0.00    0.00    0.00    0.00    0.08    0.00    0.00    0.02    0.00    0.18    0.03    0.00    0.00    0.00    0.00    0.00    0.00    0.00    0.00    0.00    0.02    0.00    0.00    0.00    0.00
PSATRBX    -18.95  -44.76    0.66    1.94    7.38   14.73    2.59    0.37    7.39    5.44    2.66   13.70    0.90    0.00    0.00    0.00    0.00    0.13    0.45    0.02    0.03    0.00    0.00    0.02    0.01    0.00    0.02    0.00    0.02    0.31    0.27    0.07    0.00    0.00    0.00    0.00    0.00    0.00    0.00    0.00    0.00    0.00    0.00    0.00    0.00    0.98    0.84
PSATSFR    -15.93  -44.86    0.31    0.09    0.22    3.30    5.86    2.65    7.96    3.56    3.56    2.80    3.34    1.04    0.28    0.09    0.01    0.00    0.01    0.04    0.03    0.03    0.01    0.00    0.00    0.01    0.03    0.01    0.05    0.00    0.03    0.01    0.03    0.01    0.00    0.00    0.00    0.00    0.00    0.00    0.00    0.00    0.01    0.00    0.00    0.00    0.00
PSATSRM    -16.37  -45.07    0.57    0.15    0.71    3.89    4.78    2.32   11.72    4.89    3.43    8.22    1.61    0.14    0.05    0.02    0.01    0.12    0.23    0.15    0.02    0.00    0.00    0.01    0.02    0.00    0.02    0.00    0.00    0.05    0.11    0.04    0.01    0.00    0.00    0.00    0.00    0.00    0.00    0.00    0.00    0.00    0.00    0.00    0.00    0.10    0.28
PSATTMR    -18.16  -45.27    1.91    2.51    7.81   12.48    4.25    0.45    6.25    3.05    4.51   10.24    0.69    0.03    0.00    0.00    0.00    0.26    0.24    0.07    0.01    0.00    0.00    0.00    0.00    0.00    0.00    0.00    0.00    0.05    0.21    0.02    0.00    0.00    0.00    0.00    0.00    0.00    0.00    0.00    0.00    0.00    0.00    0.00    0.00    0.90    1.20
PSATBOQ    -11.35  -43.83   11.42    4.61    0.94    0.44    0.28    0.19    0.43    2.22   14.37    5.30    2.85    5.77    3.39    5.53    4.44    3.49    3.05    0.54    0.12    0.20    0.14    0.26    0.08    0.09    0.95    0.21    0.01    0.13    0.00    0.07    0.00    0.00    0.00    0.00    0.00    0.00    0.00    0.00    0.00    0.00    0.00    0.00    0.00    0.00    0.00
PSATBBO    -22.52  -48.55    0.06    2.34   15.33   15.66    1.62    0.37    2.34    0.42    0.20    0.45    0.48    0.20    0.06    0.02    0.19    0.07    0.04    0.00    0.00    0.00    1.26    0.44    0.11    0.11    0.01    0.05    0.30    0.28    0.08    0.00    0.00    0.00    0.00    0.00    0.00    0.00    0.00    0.01    3.03    0.37    0.01    2.61   12.65    0.56    2.74
PSATESZ    -23.46  -46.91    0.12    1.53    7.18   20.00    8.08    2.23    2.69    1.29    0.80    2.67    4.97    2.02    0.94    0.20    0.38    0.71    0.11    0.00    0.01    0.00    8.12    2.97    0.17    0.55    0.14    0.63    2.62    1.48    0.22    0.10    0.00    0.00    0.00    0.00    0.00    0.00    0.00    0.02    4.78    0.37    0.00    4.01   11.29    2.24    4.07
PSATIBT    -21.76  -48.99    0.02    9.15   19.13    7.83    0.79    0.34    0.86    0.44    0.12    0.25    0.04    0.00    0.00    0.00    0.62    0.00    0.11    0.00    0.00    0.00    1.27    1.13    0.10    0.02    0.00    0.00    0.05    0.10    0.04    0.00    0.00    0.00    0.00    0.00    0.00    0.00    0.00    0.00    0.32    0.01    0.00    0.42    5.76    0.03    0.02
PSATNAV    -21.12  -50.20    0.17   16.35   12.36   16.43    0.84    2.40    4.47    0.59    0.20    0.02    0.04    0.00    0.00    0.02    0.18    0.00    0.08    0.02    0.00    0.00    0.03    0.80    0.16    0.00    0.00    0.00    0.00    0.00    0.00    0.00    0.00    0.00    0.00    0.00    0.00    0.00    0.00    0.00    0.06    0.00    0.00    0.00    0.97    0.03    0.01
PSATSME    -13.40  -48.30    4.00    1.08    1.78   15.41   17.82    3.01    3.10    2.48    4.55    3.39    2.89    0.88    1.31    0.90    0.73    0.41    0.11    0.05    0.01    0.03    0.02    0.00    0.00    0.02    0.07    0.02    0.01    0.00    0.00    0.03    0.01    0.00    0.00    0.00    0.00    0.00    0.00    0.00    0.00    0.00    0.00    0.00    0.00    0.00    0.00
PSATBGR    -27.78  -51.20    0.00    0.02    0.04    1.01    2.10    0.01    0.00    0.14    0.16    0.09    0.25    0.05    0.01    0.00    0.04    0.04    0.00    2.16    1.45    9.90    1.54    0.00    0.00    0.01   24.02    3.31    1.31    0.34    0.06    0.00    0.00    3.49   17.37   12.69    0.45    3.93   12.12   26.61    0.99   10.28    5.58    4.11    0.03    0.00    0.02
PSATCNV    -27.60  -51.33    0.00    0.13    0.73    0.86    1.86    0.46    0.01    0.07    0.29    0.15    0.08    0.01    0.00    0.02    0.08    0.06    0.10    2.89    1.30   15.29    6.28    0.01    0.00    0.01   22.77    8.05    2.52    0.87    0.46    0.03    0.00    3.18    3.86    2.48    0.05    0.04   28.77   34.69    4.38   35.15   19.16    7.14    0.03    0.00    0.30
PSATFCH    -27.14  -53.04    0.00    3.71    2.36    1.56    0.68    0.00    0.00    0.00    0.00    0.01    0.00    0.00    0.00    0.02    0.00    0.02    0.00    5.03    8.45   35.09    0.22    0.00    0.00    0.03   20.87    1.39    2.33    0.08    0.00    0.02    0.00   13.41   13.95   20.97    1.10    3.39   65.70   12.95    3.72   22.26   12.01   10.04    0.03    0.00    0.43
PSATITA    -27.27  -52.38    0.00    2.59    1.95    1.96    1.03    0.08    0.01    0.04    0.31    0.24    0.02    0.00    0.00    0.03    0.03    0.07    0.01    5.67    2.96   20.00    3.17    0.01    0.00    0.07   22.53    3.37    1.16    0.11    0.02    0.00    0.00    7.04    3.82    9.08    3.23    3.34   25.89   17.56    6.06   44.07   17.48   13.31    0.10    0.00    0.42
PSATMCD    -27.52  -51.78    0.00    0.00    0.08    0.37    1.11    0.01    0.00    0.00    0.01    0.00    0.00    0.00    0.00    0.06    0.00    0.02    0.00    5.39    3.05   17.17    0.21    0.00    0.00    0.00   22.09    0.20    1.27    0.06    0.00    0.00    0.00    8.83    7.10   15.47    3.10    6.21   25.41   15.43    1.74   12.33    5.17    6.59    0.00    0.00    0.18
PSATMOJ    -27.35  -52.73    0.00    0.34    0.09    0.78    0.88    0.00    0.00    0.00    0.00    0.00    0.00    0.00    0.00    0.02    0.00    0.00    0.00    9.28    6.09   18.66    0.07    0.00    0.00    0.21   26.96    0.06    1.85    0.02    0.00    0.03    0.00   12.22   19.55   26.69   29.14   25.50   22.42    5.63    0.79    5.63    4.18    5.68    0.00    0.00    0.06
PSATQQX    -26.66  -52.54    0.02   14.11    4.24    2.60    0.77    0.04    0.00    0.00    0.27    0.35    0.00    0.00    0.00    0.00    0.00    0.01    0.00    4.33    1.41   22.17    2.66    0.00    0.00    0.00   15.82    1.45    1.04    0.34    0.00    0.00    0.00    7.66    0.89    0.64    0.00    0.00   19.17   18.57    7.51   56.00   20.20   30.40    0.09    0.00    0.98
PSATPSJ    -28.14  -55.05    0.00    0.00    0.14    0.55    0.07    0.00    0.00    0.00    0.00    0.00    0.00    0.00    0.00    0.00    0.00    0.00    0.00   10.34   19.00   26.84    0.00    0.00    0.00    3.02   27.58    0.00    0.14    0.00    0.00    3.56    3.97   27.36   29.42   21.32   56.52   53.12    3.89    7.17    0.64    0.04    1.13    1.01    0.00    0.00    0.00
PSATESP    -18.68  -51.87    6.12    0.40    0.47    5.61    3.26    4.52    2.66    2.19    0.88    0.00    0.00    0.01    0.00    0.06    0.41    0.40    1.17    1.30    0.02    0.08    0.02    0.06    0.00    0.00    0.00    0.00    0.00    0.00    0.00    0.00    0.00    0.00    0.00    0.00    0.00    0.00    0.00    0.00    0.00    0.00    0.00    0.00    0.24    0.92    0.00
PSATSRC    -19.16  -50.76    9.89    1.04    5.55    9.63    0.95    2.78    4.46    1.45    0.23    0.01    0.00    0.00    0.00    0.01    0.14    0.34    0.82    0.41    0.00    0.03    0.04    0.07    0.00    0.00    0.00    0.00    0.00    0.00    0.00    0.01    0.00    0.00    0.00    0.00    0.00    0.00    0.00    0.00    0.00    0.00    0.00    0.00    0.16    0.42    0.01
PSATFRCL   -19.12  -50.64    4.68    1.57    7.00   12.17    1.51    4.07    6.18    1.54    0.92    0.00    0.00    0.00    0.03    0.01    0.28    0.92    0.80    0.39    0.00    0.02    0.02    0.00    0.00    0.00    0.00    0.00    0.00    0.00    0.00    0.02    0.00    0.00    0.00    0.00    0.00    0.00    0.00    0.00    0.00    0.00    0.00    0.00    0.06    0.38    0.02
PSATISOT   -20.40  -51.35    1.41   18.35    8.01   11.05    0.50    5.49    5.10    1.02    0.21    0.00    0.00    0.00    0.00    0.02    0.07    0.06    0.17    0.09    0.00    0.01    0.02    0.32    0.00    0.00    0.00    0.00    0.00    0.00    0.00    0.00    0.00    0.00    0.00    0.00    0.00    0.00    0.00    0.00    0.08    0.01    0.00    0.00    0.33    0.11    0.02
PSATJUP    -20.86  -51.63    1.11    7.12   13.30    6.89    1.72    6.72    3.24    1.80    0.25    0.00    0.00    0.00    0.00    0.05    0.22    0.44    0.55    0.55    0.01    0.10    0.13    1.39    0.13    0.03    0.00    0.00    0.00    0.00    0.00    0.00    0.00    0.00    0.00    0.00    0.00    0.00    0.00    0.00    0.20    0.02    0.00    0.00    0.33    0.17    0.01
PSATSDG    -20.06  -53.18    0.66    4.04    9.78    3.06    1.25    6.44    2.81    1.01    0.31    0.00    0.00    0.01    0.00    0.00    0.10    0.23    0.56    0.79    0.01    0.18    0.46    2.30    0.16    0.00    0.00    0.00    0.00    0.00    0.00    0.00    0.00    0.00    0.00    0.00    0.00    0.00    0.00    0.01    1.44    0.05    0.00    0.05    0.51    0.06    0.00
PSATFZBT   -21.66  -52.87    0.24   28.62   18.97    8.88    5.48   10.98    3.04    1.85    0.16    0.02    0.00    0.00    0.00    0.44    0.02    0.01    0.20    0.26    0.00    0.03    1.78    2.18    0.03    0.02    0.00    0.04    0.00    0.00    0.00    0.01    0.00    0.00    0.00    0.00    0.00    0.00    0.00    0.98   10.53    0.12    0.09    4.92    2.73    0.03    0.00
PSATPPRA   -22.46  -52.91    0.03   28.07   19.94    9.45    6.74    7.50    2.32    0.50    0.02    0.00    0.01    0.00    0.00    0.18    0.86    0.00    0.04    0.07    0.00    0.01    0.96    2.96    0.56    0.02    0.00    0.02    0.00    0.00    0.00    0.00    0.00    0.00    0.00    0.00    0.00    0.00    0.00    0.30    2.39    0.02    0.04    0.60    0.55    0.02    0.00
PSATBTE    -13.69  -50.80    6.83    1.19    0.84   11.18    6.05    4.33    4.07    4.08    3.08    1.78    0.32    0.05    0.49    0.32    0.49    0.96    0.98    0.53    0.01    0.07    0.01    0.02    0.00    0.00    0.01    0.00    0.00    0.00    0.00    0.00    0.00    0.00    0.00    0.00    0.00    0.00    0.00    0.00    0.00    0.00    0.01    0.00    0.01    0.09    0.00
PSATARAG    -8.27  -49.26    8.50    4.57    2.22    8.22    1.86    2.68    2.64    4.43    4.17    4.15    2.04    3.36    2.73    2.10    2.90    2.25    4.20    1.49    1.11    0.57    0.95    1.52    0.78    0.18    0.18    0.16    0.03    0.01    0.00    0.00    0.00    0.01    0.02    0.00    0.01    0.00    0.01    0.00    0.00    0.00    0.00    0.00    0.00    0.00    0.00
PSATLAJ     -9.76  -48.37   10.30    4.03    3.60    2.16    1.08    0.25    1.36    5.20    7.02    4.99    2.83    5.21    3.86    3.40    3.60    3.31    4.60    0.61    0.31    0.40    0.40    0.48    0.06    0.07    0.28    0.19    0.02    0.01    0.00    0.02    0.02    0.00    0.00    0.00    0.00    0.00    0.00    0.00    0.00    0.00    0.00    0.00    0.00    0.00    0.00
PSATPTRL    -9.31  -47.39   10.13    3.66    0.19    0.39    1.00    0.49    2.01    9.79    8.71    4.10    1.51    7.44    3.60    6.20    5.67    6.76    5.53    2.01    0.84    0.80    0.80    0.62    0.05    0.08    0.38    0.03    0.00    0.11    0.00    0.00    0.00    0.00    0.00    0.00    0.00    0.00    0.00    0.00    0.00    0.00    0.00    0.01    0.00    0.00    0.00
PSATLJET    -7.33  -47.48    4.20    0.94    0.60    1.45    3.00    1.48    5.82    7.03    4.38    3.16    1.09    5.45    3.51    5.05    4.64    4.56    7.78    3.27    4.13    1.99    3.27    2.27    0.68    0.15    0.07    0.02    0.00    0.00    0.00    0.01    0.00    0.04    0.01    0.00    0.05    0.04    0.02    0.00    0.00    0.01    0.00    0.07    0.01    0.16    0.51
PSATUCR     -3.83  -49.65    5.16    6.17   14.89    6.59    4.54    6.71    7.76    5.50    8.27    3.27    2.45    4.03    3.60    4.11    4.56    5.45    4.13    2.84    5.94    3.18    6.11    4.24    1.96    0.58    1.38    0.17    0.53    0.63    0.30    0.38    0.11    0.73    0.51    0.30    1.00    0.49    0.53    0.16    0.31    0.12    0.08    0.12    0.16    0.77    1.99
PSATXIVJ   -29.07  -51.67    0.00    0.00    0.02    0.63    0.36    0.00    0.00    0.00    0.02    0.06    0.21    0.07    0.00    0.00    0.00    0.00    0.00    4.65    3.38   15.98    0.15    0.00    0.00    0.31   27.80    0.20    0.84    0.03    0.00    0.00    0.00    9.89   14.56   18.33   15.40   18.14   18.11   10.96    2.38    2.93    3.46    3.42    0.09    0.00    0.00
PSATDFRC   -29.45  -53.28    0.00    0.00    0.02    0.55    0.15    0.00    0.00    0.01    0.02    0.04    0.05    0.01    0.00    0.00    0.00    0.00    0.00    6.32   24.91   52.46    0.00    0.00    0.00    1.06   35.72    0.04    0.31    0.00    0.00    1.22   11.97   32.78   47.55    8.25   28.27   41.30    5.47   11.54    2.72    0.40    0.55    1.71    0.00    0.00    0.00
PSATREAL   -29.02  -53.19    0.00    0.00    0.03    0.83    0.09    0.00    0.00    0.00    0.01    0.04    0.04    0.00    0.00    0.00    0.00    0.00    0.00    9.69   11.67   27.99    0.00    0.00    0.00    0.85   31.57    0.01    0.49    0.05    0.00    0.07    0.39   14.79   26.81   16.26   46.79   56.60   13.51    7.88    1.38    0.36    1.65    1.86    0.00    0.00    0.00
PSATCTAV   -29.01  -51.39    0.00    0.00    0.04    1.29    1.37    0.01    0.00    0.09    0.17    0.11    0.97    0.38    0.02    0.00    0.03    0.01    0.00    1.07    3.25   16.78    0.75    0.00    0.00    0.05   23.57    1.76    0.14    0.25    0.00    0.00    0.00    5.07   39.06   15.67    9.78   15.40   11.54   23.72    4.64    5.83    1.89    3.09    0.13    0.00    0.04
PSATERNT   -28.56  -52.54    0.00    0.00    0.02    0.62    0.39    0.00    0.00    0.00    0.00    0.02    0.01    0.00    0.00    0.00    0.00    0.06    0.00    7.24    4.30   14.58    0.06    0.00    0.00    0.44   32.41    0.02    1.53    0.05    0.00    0.00    0.00   10.50   13.98   19.13   30.00   27.76   17.76    3.60    0.20    3.92    2.76    4.67    0.00    0.00    0.00
PSATSTPL   -27.14  -49.52    0.00    0.13    0.45    0.24    3.80    2.19    0.02    0.11    0.22    0.50    0.18    0.00    0.01    0.03    0.32    0.07    0.24    2.08    0.23    9.92   12.16    0.02    0.02    0.03   19.70   12.40    2.67    2.40    1.65    0.20    0.01    0.39    0.49    0.26    0.02    0.00   35.01   40.06    4.03   47.69   31.98    2.28    0.00    0.00    0.10
PSATCVCH   -25.14  -48.87    1.39    8.29   15.02    9.63    2.16    1.67    1.71    0.09    0.18    0.86    0.16    0.01    0.00    0.02    0.14    0.05    0.11    0.00    0.00    0.00    2.76    0.64    0.18    0.09    0.06   19.78    1.16    1.50    0.61    0.06    0.00    0.00    0.00    0.00    0.00    0.00    0.00    0.92   47.79   46.84    2.26    5.25    1.83    0.79    0.12
PSATAMY    -12.60  -69.12    5.76    6.84    7.43    7.11   13.79   13.86    6.42    8.49   12.27    8.55    1.56    3.31    1.40    1.49    1.52    1.00    1.17    2.37    2.62    1.92    9.49    3.42    0.16    0.77    3.63    3.30    1.62    1.09    4.16    5.26    3.96    4.46    6.88    4.22    2.31    5.11    2.57    3.13    5.10    2.77    1.53    3.40   10.94    2.02    1.95
PSATGJR    -10.73  -65.35    6.03    1.22    1.26   10.66   10.26    2.11    1.54    2.07    2.32    1.34    1.28    0.79    0.43    0.36    0.20    0.16    0.34    1.10    1.34    2.03    8.71    0.17    0.02    0.37    1.79    0.91    0.28    0.29    1.41    1.96    1.30    3.20    2.21    1.02    0.94    2.27    2.39    4.10    4.67    2.28    0.51    4.77    2.63    0.32    0.23
PSATPRNC   -12.43  -64.43    5.13    1.37    2.31    4.20   10.16    1.88    1.73    1.82    1.12    0.88    0.82    0.20    0.20    0.14    0.11    0.28    0.59    2.00    1.26    0.95    6.22    0.00    0.02    1.15    2.48    1.40    0.17    0.25    0.15    0.45    0.80    1.15    1.58    0.58    0.46    1.08    1.10    0.96    1.67    0.70    0.14    2.23    1.59    0.10    0.13
PSATSANT    -8.87  -63.97    2.76    2.84    2.47    5.97   11.50    3.61    9.71    4.81    6.96    4.71    6.17    6.19    5.23    6.72    4.64    2.72    0.87    1.81    3.52    1.14    3.29    1.88    0.31    3.71    1.35    0.78    1.23    0.60    0.20    3.23    1.06    3.40    3.70    0.85    1.12    1.18    2.91    2.12    2.11    0.37    0.53    1.88    2.79    2.58    0.93
PSATDARD   -10.16  -59.46   14.63    1.57   11.32   10.32    4.41    1.47   10.06    5.97    5.91    4.25    3.37    3.67    4.34    3.32    1.87    4.43    2.24    2.77    1.12    2.17    1.71    0.84    0.84    1.89    2.52    0.21    1.07    0.27    0.00    0.05    0.00    0.12    0.12    0.06    0.12    0.67    0.25    0.02    0.05    0.03    0.02    0.08    0.07    0.03    0.07
PSATGUAP   -15.12  -58.96    2.29    2.77    4.10    3.88   17.56    5.36    0.85    0.91    1.05    2.95    0.14    0.04    0.00    0.00    0.00    0.02    0.37    1.31    0.17    0.26    3.31    0.06    0.18    0.03    0.18    0.15    0.00    0.03    0.00    0.03    0.03    0.46    0.21    0.00    0.55    0.67    0.43    0.06    0.40    0.03    0.12    0.61    0.49    0.18    0.18
PSATJIRA    -9.25  -64.65    7.40    0.96    2.23    2.86   11.29   10.43    7.26    5.99    8.16    5.38    1.63    2.25    0.69    0.64    0.72    0.52    0.70    1.14    2.42    1.28   10.98    1.22    0.11    0.48    1.53    2.88    1.40    0.58    0.90    2.69    1.88    2.42    2.00    1.37    1.03    2.46    1.45    1.17    3.21    2.63    0.75    2.88    8.00    0.95    0.93
PSATROND   -11.99  -60.70    1.81    1.63    1.68    2.89    7.91    5.33   12.15    2.02    3.79    1.77    1.60    0.61    3.71    1.01    0.11    0.69    1.72    2.00    0.79    4.14    2.79    0.76    0.06    1.50    2.84    0.03    0.12    0.52    0.00    0.15    0.15    0.34    0.12    0.12    0.55    0.61    0.24    0.06    1.04    0.12    0.03    0.12    0.24    0.12    0.18
PSATSAMU    -8.75  -63.45    0.75    1.38    2.59    3.77   14.67    3.32    8.83    5.72    7.78    6.33    9.51    2.89    3.53    5.79    4.03    6.66    1.27    2.26    2.26    1.96    5.88    1.08    0.53    2.11    2.78    0.66    1.09    0.34    0.30    1.83    1.33    2.12    0.99    0.63    0.99    0.82    1.36    0.95    2.29    0.41    0.30    0.77    6.57    1.16    1.06
PSATBALB    -1.92  -59.47   29.47    7.08    5.38    8.78   36.24   48.89   12.53   15.23    5.34   14.75   12.26   15.82    9.19    7.00    5.50    6.39    3.28    5.26    6.10    1.78    6.43    9.50    3.54    3.54    6.17    6.03    5.97   12.63    9.19    0.89    2.21    2.15   13.98    5.81    4.65    2.44   14.30    2.71    2.48    1.06    1.47    3.49    2.66    9.14    3.99
PSATCUNA    -2.82  -54.30    0.93    1.63    6.70   16.07    8.95    7.86    7.33   11.72    8.17    5.15    5.40    7.72    5.35    5.81    4.85    5.50    3.85    6.51    5.67    1.78    4.27    7.67    1.46    2.78    4.25    0.82    3.35    9.95    1.49    0.83    0.87    0.87    4.77    1.92    3.24    0.82    1.09    3.28    2.39    0.40    0.31    0.47    2.86    1.06    0.39
PSATJARI    -0.65  -52.52    3.03    5.11   13.78    9.07    7.36    9.84    6.86    5.61    4.03    6.03    5.38   10.00   12.09    9.05    4.25    6.59    4.51    3.80    8.45    6.93    6.77    8.66    7.27    7.52   10.13    7.25   12.34   12.15    5.20    6.65    2.25    2.28    2.69   11.32    6.60    4.40    4.17   11.41    9.39    3.01    5.76    6.45    8.42    5.55    8.33
PSATFGOM     0.86  -51.20    3.84   12.32   26.15   13.11    7.53    8.74    6.68    2.01    6.81    2.29    2.56    7.36   12.08    7.05    4.02    5.99    5.80    3.04    7.80    5.51    5.14    9.40    8.06   12.11    6.63   12.09   14.57    9.56   12.08    6.59    6.11    5.33    8.15   14.15    8.23    5.92    8.85   12.01    9.89    6.68   11.53    8.12    7.21    5.85    8.31
PSATUBE     -6.75  -43.57    3.36    0.86    0.27    0.62    1.01    0.77    3.33    6.02    6.76    3.19    1.81    6.74    3.29    5.70    5.71    3.39    5.65    3.03    1.05    2.13    2.09    0.20    0.32    0.11    0.20    0.02    0.00    0.00    0.00    0.01    0.00    0.02    0.00    0.00    0.00    0.00    0.00    0.00    0.00    0.00    0.00    0.00    0.01    0.13    0.22
PSATBSOR    -6.74  -52.00    2.79    8.14    1.92    4.83    1.29    4.65    3.30    5.13    3.93    3.95    3.16    3.88    3.26    2.96    3.74    1.59    2.53    1.65    1.73    1.31    1.32    1.82    1.47    0.34    0.58    0.33    0.23    0.06    0.03    0.03    0.03    0.03    0.04    0.01    0.14    0.04    0.04    0.00    0.02    0.04    0.01    0.00    0.00    0.01    0.01
PSATBESP    -6.75  -51.77    9.97    5.50    2.57    1.45    0.93    2.38    7.18    3.58    5.47    3.25    3.10    6.05    3.97    3.02    3.23    2.94    2.91    4.14    5.57    2.39    5.03    5.40    2.37    0.65    0.38    0.60    0.40    0.21    0.08    0.17    0.17    0.16    0.30    0.03    0.67    0.26    0.36    0.01    0.09    0.10    0.03    0.00    0.00    0.10    0.09
PSATPIME    -3.41  -51.91    3.31    1.42   12.34    8.25    3.14    5.29    8.20    6.08    5.52    3.69    2.80    6.47    3.78    4.31    3.53    4.09    2.05    2.85    2.92    1.53    3.36    5.67    2.31    1.68    2.07    0.42    1.19    2.24    0.48    0.73    0.24    0.24    1.48    1.38    2.11    0.82    0.44    0.53    1.06    0.32    0.12    0.11    0.62    0.41    0.23
PSATIRAP   -16.74  -42.57    0.46    0.06    0.12    0.98    2.52    3.17   15.85    6.01    2.62    3.80    2.96    1.42    0.27    0.35    0.30    0.05    0.16    0.19    0.02    0.03    0.02    0.04    0.18    0.20    0.27    0.03    0.16    0.28    0.79    0.16    0.07    0.04    0.01    0.01    0.05    0.01    0.01    0.00    0.00    0.00    0.00    0.00    0.00    0.05    0.21
PSATITBI   -15.97  -39.59    0.94    0.35    0.18    0.27    0.53    4.37    9.41    7.89    6.06    4.22    5.09    1.38    0.07    0.28    0.38    0.12    0.38    0.61    0.01    0.65    0.12    0.13    1.04    1.24    0.96    0.27    0.63    1.11    1.66    0.26    0.23    0.39    0.17    0.53    0.39    0.36    0.28    0.08    0.03    0.01    0.09    0.00    0.00    0.15    0.52
PSATCOLI   -10.98  -55.77    1.62    4.48    2.64   11.45    4.75    4.72    2.70    4.66    3.99    4.22    2.48    2.22    1.57    1.74    1.83    1.28    1.61    0.55    0.43    0.37    1.10    0.83    0.53    0.16    0.25    0.07    0.07    0.01    0.00    0.01    0.00    0.00    0.01    0.00    0.06    0.02    0.00    0.00    0.01    0.00    0.00    0.00    0.00    0.01    0.00
PSATSAEL    -9.19  -57.04    7.53    1.19   13.89    1.77    2.38    2.62    6.51    3.62    4.73    4.47    5.74    6.08    4.99    4.98    3.35    2.30    2.49    1.67    1.21    1.36    2.12    2.48    2.54    0.86    1.02    0.31    0.77    0.03    0.00    0.00    0.00    0.00    0.07    0.01    0.09    0.04    0.02    0.00    0.05    0.20    0.04    0.03    0.00    0.01    0.04
PSATITQ    -17.09  -54.83    0.83    1.20    1.06    4.37    7.52    3.49    1.96    0.87    1.46    0.02    0.00    0.01    0.08    0.17    0.26    1.04    1.41    1.05    0.03    0.01    0.21    1.32    0.74    0.00    0.00    0.02    0.00    0.00    0.00    0.06    0.00    0.00    0.00    0.00    0.00    0.00    0.00    0.00    0.15    0.00    0.00    0.00    0.43    0.44    0.00
PSATJAU    -15.24  -58.73    1.70    1.51    3.69    3.65   15.81    5.47    0.66    0.84    1.20    2.74    0.12    0.01    0.00    0.00    0.00    0.01    0.53    1.09    0.12    0.50    3.76    0.10    0.06    0.02    0.26    0.14    0.05    0.03    0.00    0.01    0.01    0.35    0.16    0.00    0.46    0.61    0.28    0.02    0.42    0.05    0.11    0.43    0.24    0.12    0.08
PSATMAN    -14.87  -55.78    1.17    2.15    1.56    6.26    6.26    3.31    3.50    3.02    2.18    1.64    1.12    0.52    0.50    0.23    0.43    1.13    0.68    0.29    0.07    0.02    0.09    2.13    0.30    0.00    0.02    0.09    0.00    0.00    0.00    0.00    0.00    0.00    0.00    0.00    0.01    0.01    0.00    0.00    0.02    0.00    0.00    0.05    0.17    0.02    0.00
PSATPTP    -17.61  -54.83    1.30    1.30    1.28    5.96   10.52    4.85    1.19    1.14    0.62    0.00    0.00    0.01    0.02    0.12    0.27    0.61    0.94    1.51    0.08    0.03    0.26    0.91    0.77    0.00    0.00    0.00    0.00    0.00    0.00    0.02    0.00    0.00    0.00    0.00    0.00    0.00    0.00    0.00    0.49    0.03    0.00    0.00    0.71    0.24    0.00
PSATSTCL   -17.90  -40.20    1.08    0.34    0.05    0.29    0.74   11.27    2.02   12.07    5.24    3.44   10.66    0.74    0.05    0.44    0.42    0.12    0.37    0.37    0.00    0.66    0.03    0.54    4.06    2.47    1.79    0.63    1.46    1.99    2.82    0.48    0.93    0.43    0.07    0.60    0.52    0.16    0.54    0.03    0.00    0.00    0.04    0.00    0.00    1.30    1.76
PSATPDC    -12.58  -39.00    8.41    2.21    1.54    0.40    0.21    0.01    0.30    1.78    4.24    3.35    4.38    5.53    2.53    1.28    2.15    2.30    1.40    1.47    2.72    3.75    0.42    0.81    3.99    2.24    2.22    1.42    1.92    1.08    3.14    3.64    1.60    1.28    1.17    0.86    0.68    0.94    0.57    0.45    0.25    0.19    0.40    0.12    0.01    0.00    0.04
PSATROSA   -20.92  -41.72    1.42    1.11   11.10    9.96    3.98    3.27    6.59   11.57    7.07   24.48    4.76    0.16    0.00    0.00    0.05    0.72    1.14    0.17    0.01    0.01    0.03    3.52    1.70    0.46    1.10    0.00    0.37    4.01    1.58    0.07    0.01    0.00    0.02    0.01    0.14    0.22    0.14    0.00    0.00    0.17    0.01    0.00    0.76    7.40    2.41
PSATCAN    -20.21  -42.85    0.72    2.15   26.63   23.67    2.54    1.02   12.09    7.43    3.86   10.95    0.97    0.00    0.00    0.00    0.01    0.42    0.42    0.16    0.34    0.00    0.01    0.16    0.10    0.12    0.22    0.00    0.18    1.20    0.49    0.34    0.07    0.07    0.02    0.01    0.05    0.10    0.05    0.01    0.00    0.01    0.01    0.00    0.06    4.22    0.76
PSATSAC    -19.64  -42.85    0.77    0.27   10.12   27.77    2.02    3.86    7.88    9.55    6.87   16.22    3.03    0.00    0.00    0.00    0.00    0.08    0.70    0.27    0.31    0.00    0.00    0.09    0.04    0.17    0.25    0.00    0.01    0.26    1.51    0.59    0.20    0.10    0.01    0.00    0.06    0.04    0.01    0.02    0.00    0.00    0.01    0.00    0.00    1.00    3.89
PSATPES    -19.12  -42.66    0.61    0.11    0.85   19.47    5.48    5.04    7.14    8.21    5.22    9.19    5.86    0.00    0.00    0.00    0.00    0.09    2.75    2.07    0.28    0.01    0.07    0.14    0.11    0.15    0.39    0.02    0.06    0.78    3.19    0.83    0.19    0.15    0.05    0.00    0.05    0.16    0.04    0.02    0.00    0.00    0.00    0.00    0.00    0.35    0.61
PSATMAS    -19.50  -40.92    0.78    0.31    4.70    8.22    4.82    4.97    5.16   11.10    4.74    7.93    4.84    0.08    0.00    0.00    0.01    0.20    0.85    0.23    0.05    0.10    0.23    0.27    0.18    0.14    0.53    0.10    0.40    0.74    1.26    0.29    0.14    0.14    0.05    0.23    0.50    0.64    0.43    0.05    0.00    0.04    0.00    0.02    0.01    0.80    0.59
PSATSBR    -23.37  -45.87    0.54    3.39    8.59   16.36    5.59    3.63    7.90    2.48    1.16    2.61    3.72    0.49    0.71    0.15    0.27    0.42    0.29    0.01    0.00    0.00    4.26    4.04    0.36    0.03    0.03    0.03    2.85    2.21    0.48    0.00    0.00    0.00    0.00    0.00    0.00    0.00    0.00    0.00    0.34    0.25    0.15    0.72   23.83    2.73    5.69
PSATJAG    -23.20  -46.03    0.28    1.74   10.17   22.33    4.40    1.59    3.97    1.33    0.12    0.31    1.98    0.33    0.23    0.00    0.49    0.02    0.05    0.00    0.00    0.00    1.42    0.95    0.06    0.21    0.03    0.03    0.95    0.70    0.06    0.00    0.00    0.00    0.00    0.00    0.00    0.00    0.00    0.00    0.52    0.43    0.03    1.22   22.46    1.04    5.37
PSATFUNI   -22.53  -44.57    0.62    2.75    9.79   13.03    3.04    2.02    7.27    2.00    1.68    2.49    1.51    0.11    0.12    0.02    0.30    0.40    0.06    0.00    0.00    0.00    0.40    1.46    0.10    0.07    0.01    0.02    1.41    1.26    0.12    0.00    0.00    0.00    0.00    0.00    0.00    0.00    0.00    0.00    0.20    0.18    0.08    0.40   21.07    1.88    3.54
PSATSACE   -22.48  -43.84    1.56    1.74   11.22    9.40    4.37    4.60    8.85    2.88    4.47    8.57    2.60    0.06    0.08    0.28    0.86    0.65    0.29    0.03    0.00    0.00    0.05    3.69    0.52    0.02    0.00    0.03    2.27    4.82    0.81    0.05    0.00    0.00    0.00    0.00    0.00    0.00    0.00    0.00    0.00    1.04    0.00    0.00    4.36    2.96    2.08
PSATPIC    -21.91  -43.54    1.02    2.13   15.66    6.96    1.09    3.67    5.95    1.46    7.64   13.23    2.54    0.01    0.02    0.08    0.12    0.17    0.38    0.02    0.00    0.00    0.00    1.68    0.61    0.00    0.00    0.00    0.76    3.33    1.37    0.03    0.00    0.00    0.00    0.00    0.00    0.00    0.00    0.00    0.00    0.40    0.03    0.00    1.40    2.50    1.83
PSATSOGI   -21.94  -43.36    0.97    1.52   11.14   15.11    0.95    3.28    4.83    2.54    8.38   13.80    1.37    0.02    0.01    0.00    0.04    0.07    0.59    0.08    0.00    0.00    0.00    1.83    0.67    0.03    0.00    0.00    0.40    3.68    2.04    0.15    0.11    0.00    0.00    0.00    0.00    0.00    0.00    0.00    0.02    0.12    0.02    0.00    0.64    2.14    2.01
PSATIPSI   -21.84  -42.58    0.64    1.30    7.40    7.59    2.05    2.49    6.27    1.29    5.55   15.03    2.74    0.18    0.15    0.06    0.05    0.23    1.02    0.11    0.00    0.00    0.02    4.40    0.49    0.04    0.02    0.01    1.43    4.42    1.27    0.03    0.10    0.04    0.00    0.00    0.00    0.00    0.01    0.00    0.03    0.16    0.05    0.00    1.67    4.30    1.76
PSATTCLJ   -22.69  -43.83    0.42    0.55    4.26   12.47    6.76    8.18    9.13    3.17    1.89    7.03    4.43    1.01    0.20    0.12    0.06    1.19    1.37    0.06    0.00    0.00    1.05   11.81    0.98    0.00    0.03    0.00    7.02    6.35    0.27    0.00    0.00    0.00    0.00    0.00    0.00    0.00    0.00    0.00    0.15    0.12    0.03    0.00    8.73    3.05    4.15
PSATBIGU   -25.51  -53.67    7.51   20.59   10.57    1.66    0.74    1.57    0.03    0.03    0.08    0.13    0.06    0.00    0.00    0.00    0.00    0.00    0.00    1.90    1.05   14.96    2.22    0.01    0.00    0.05   17.17    6.20    1.07    0.09    0.00    0.00    0.00    5.95    2.43    0.32    0.00    0.33   21.39   21.39    6.37   33.13   16.31   29.64    0.04    0.00    2.26
PSATBRAU   -21.45  -42.41    0.81    2.73   11.06   20.34    1.86    2.06    2.99    6.63    6.46    9.53    0.16    0.00    0.00    0.00    0.03    0.53    1.01    0.06    0.07    0.00    0.01    1.30    0.27    0.09    0.08    0.00    0.81    3.62    0.84    0.11    0.16    0.02    0.00    0.00    0.00    0.00    0.00    0.00    0.00    0.15    0.04    0.00    0.09    7.51    0.98
PSATSUIC   -20.08  -40.58    1.58    1.12    2.15    6.76    3.33    2.20    1.33    5.94    6.29   11.33    3.54    0.00    0.00    0.00    0.02    0.12    2.79    0.56    0.03    0.93    0.00    0.12    0.27    0.27    0.85    0.06    0.00    1.86    1.10    0.09    0.49    0.18    0.06    0.12    1.01    0.79    1.22    0.21    0.00    0.52    0.00    0.00    0.12    1.22    1.53
PSATJRI     -9.30  -64.70    7.25    0.92    2.64    2.70   11.63   11.53    8.27    6.25    7.56    4.98    1.34    1.42    0.45    0.33    0.70    0.59    0.82    1.08    2.48    1.26    8.12    0.80    0.03    0.45    1.09    2.05    1.34    0.51    0.40    2.46    2.09    2.19    1.88    1.38    0.95    2.79    1.57    1.12    2.85    2.73    0.80    2.62    8.81    0.97    1.01
PSATBENI   -14.59  -67.53    8.71    1.22    1.18    4.11   10.93    8.07    4.93    5.40   10.67    5.97    2.39    4.67    1.59    1.64    0.99    0.39    0.44    1.16    2.18    1.16   18.58    2.52    0.36    0.67    2.64    5.15    1.23    0.86    2.21    3.95    1.59    2.66    2.86    1.14    1.40    1.90    1.36    1.50    4.62    2.44    0.71    3.94    5.88    0.84    0.66
PSATEPB    -12.42  -64.42    5.23    1.35    1.95    5.33    9.53    1.41    1.24    1.44    0.88    0.63    0.57    0.18    0.19    0.10    0.08    0.20    0.46    1.59    0.97    1.16    6.40    0.00    0.01    0.88    2.11    1.02    0.14    0.19    0.38    0.63    0.71    1.29    1.42    0.55    0.41    0.98    1.83    1.76    1.61    0.70    0.22    2.70    1.30    0.22    0.16
PSATEGM    -10.79  -64.35    6.15    1.24    1.32   11.62   11.25    2.88    2.04    2.58    3.02    1.79    1.71    0.97    0.51    0.46    0.27    0.20    0.39    1.26    1.72    2.18    9.41    0.23    0.03    0.41    1.96    1.19    0.35    0.37    1.61    2.29    1.57    3.79    2.62    1.22    1.18    2.83    1.98    4.24    5.90    2.90    0.57    5.13    3.48    0.25    0.23
PSATSTOA    -8.79  -63.95    2.32    2.80    2.55    5.00   11.98    3.43    9.20    4.84    7.14    5.11    6.35    6.19    5.06    7.20    4.31    2.80    0.89    1.73    3.25    1.07    3.46    1.67    0.32    3.77    1.30    0.84    1.24    0.62    0.15    2.67    0.91    3.52    3.14    0.82    1.16    1.16    2.64    2.19    2.05    0.37    0.55    1.89    3.03    2.35    0.98
PSATENC     -9.90  -66.62    2.65    0.70    3.23    1.27   10.42    8.32   10.14    7.11    3.11    7.20    2.13    1.85    0.27    0.11    0.62    0.64    0.72    1.78    3.12    2.30    9.40    0.82    0.00    0.36    1.36    2.36    3.10    0.32    0.73    1.36    1.37    4.04    1.01    1.98    0.58    1.51    0.99    0.63    0.66    1.78    0.34    0.73    7.62    2.29    1.41
PSATAMY1   -11.71  -70.63    6.98    1.33    2.64    3.09   13.25   13.33    7.00    8.15    5.65    5.62    0.28    0.27    0.08    0.12    0.56    0.57    0.63    1.50    1.24    1.07   13.04    4.05    0.00    0.06    0.92    1.86    1.20    0.53    0.33    2.71    2.28    1.26    1.53    1.67    0.80    2.81    0.86    0.95    1.62    1.52    0.75    2.07    5.42    2.52    1.36
PSATAMY2   -12.37  -71.17    5.42    6.73    8.10    6.09   17.09   16.72    4.51   10.13   12.40    9.01    0.67    3.37    1.26    1.45    1.55    0.83    0.80    1.82    2.46    2.02    9.11    4.16    0.09    0.99    4.11    3.06    1.33    1.56    4.37    5.05    4.14    4.24    5.51    3.33    2.67    3.70    2.22    3.13    4.98    2.61    1.35    2.86    9.00    2.09    2.27
PSATAMY3   -13.75  -70.18    6.05   13.61   13.49   12.91   12.03   11.52    8.16    7.35   17.78   11.13    2.76    5.91    2.94    2.97    2.73    1.99    2.45    4.80    4.61    2.96    4.26    1.79    0.47    1.44    5.98    4.95    2.73    0.93    7.73    8.66    5.12    8.56   16.53    8.07    3.65   10.45    4.25    5.81    7.64    4.18    2.69    5.54   15.66    1.92    1.97
PSATAMY4   -13.45  -69.47    4.59    5.54    3.79    6.16    8.63   12.46    8.08    6.88   14.74    9.11    4.21    4.39    1.60    1.64    1.24    0.58    0.99    1.39    2.23    1.42   13.81    3.74    0.13    0.41    3.44    3.89    1.19    1.11    4.53    4.32    4.33    3.74    3.42    4.71    1.64    3.01    3.72    1.94    6.45    2.80    1.25    2.86   15.90    1.38    2.26
PSATJRN    -13.37  -59.01    1.12    1.36    2.97    2.73   10.78    5.07    3.38    1.08    1.03    2.25    0.33    0.63    0.62    0.27    0.37    0.45    1.21    1.27    0.24    0.42    3.64    0.03    0.66    0.85    0.76    0.20    0.03    0.35    0.00    0.06    0.05    0.53    0.38    0.02    0.05    0.20    0.38    0.05    0.90    0.20    0.23    0.58    0.31    0.43    0.09
PSATAPI    -10.34  -56.98   32.90    0.88   17.88    3.82    3.47    4.80   10.01    8.01    4.43    5.65    4.97    4.84    3.42    6.54    3.33    2.27    3.89    1.50    2.12    0.59    2.33    1.75    3.82    1.66    0.77    0.12    0.50    0.07    0.00    0.01    0.00    0.00    0.00    0.00    0.04    0.03    0.03    0.00    0.01    0.02    0.03    0.00    0.00    0.05    0.08
PSATSALT   -29.32  -50.68    0.00    0.00    0.02    1.89    1.18    0.00    0.01    0.17    0.26    0.35    2.91    1.01    0.02    0.00    0.02    0.00    0.00    1.22    6.03   32.26    0.55    0.00    0.00    0.00   22.25    2.66    0.06    0.40    0.00    0.00    0.00    4.64   50.17    7.69   11.35   17.55   11.78   45.38    6.77   12.18    2.14    4.94    0.18    0.00    0.00
