PSATAGV    -19.89  -50.35    0.72    0.92    1.79   13.88    3.05    3.30    2.18    1.41    1.12    2.41   17.19   11.75   14.53   23.54   31.16   19.31   18.11   20.01    7.44   18.50   26.48   11.77   22.96   11.33    8.17    5.89    6.30    4.23   10.60   11.26    9.27   12.84    2.56    2.93    8.64    8.86    8.62    3.47    3.86    1.11   15.56   19.41   12.07    3.01    1.30
PSATCMG    -21.28  -44.63    2.38    0.78    1.27   37.39   12.30    1.44    0.11    0.34    3.23    3.04   25.22    6.48   15.76   14.91   11.08    1.66    8.91   15.59   25.40   18.32   27.97   39.13   12.79   17.02   27.43    3.06    1.80    8.00    6.16    4.86    8.60   15.18   20.19    8.24    1.21    2.07    3.85   13.68   55.95    7.38    8.75    3.09    0.61    0.02    0.09
PSATCES    -20.25  -48.16    0.55    0.41    0.77   22.91    7.31    3.66    1.14    2.02    1.64    3.27   18.69   17.35   15.09   24.94   17.08   12.63   16.24   19.61    9.68   10.33   24.76   25.78   16.25    9.97   31.98    3.91    4.43    3.25   10.32    8.56    8.94    9.97    1.95    9.38    4.67    2.59    6.05    3.59    3.59    3.04    4.97   14.24    7.45    1.77    2.15
PSATELC    -21.60  -46.95    0.19    0.48    1.23   16.40   10.86    2.12    1.15    2.41    5.46    5.99   16.97    5.52   12.47   20.60   10.64   14.35    4.07    7.23   10.42   10.67   20.36   27.06   11.95    6.46   17.37    0.58    0.68    1.35    8.10    5.34    7.26   10.73   10.09   13.37   10.18    2.40    2.76    5.83    4.76    3.02    7.45   15.78    2.89    1.60    0.44
PSATFUN    -21.14  -45.04    2.36    1.80    1.57   44.84   10.46    0.69    0.10    1.08    2.96    6.93   21.69    9.18   13.86   16.07   10.75    1.67    7.64    9.44   14.14   11.90   27.02   36.80   13.43   15.05   24.69   25.12    4.91    9.97   10.09    9.74    7.91    9.06   13.78    8.03    2.45   10.47    5.25   14.74   19.72    9.02    5.00    2.25    1.09    0.10    0.09
PSATFUR    -20.67  -46.32    1.42    1.16    1.05   18.23    6.03    1.37    0.47    1.89    2.71    6.70   16.34    9.84    9.37   22.67   10.07    6.75    4.54   12.33   12.35   12.09   19.31   36.12    9.85   14.19   30.74   19.54    2.84    3.61    7.80    7.41   10.37    7.84    6.00    7.87    6.89    5.22    4.34   22.73   10.20    3.96    6.15    6.81    1.51    0.69    0.29
PSATMRB    -20.30  -49.18    0.45    0.29    1.78   16.67    4.63    3.63    1.05    2.22    1.55    3.94   18.47   11.69   15.16   25.16   17.64   14.93   14.57   22.36    9.11    8.92   24.06   24.04   21.41   14.03   18.66    4.49    3.10    2.85   12.10   11.21    8.99   11.24    2.31    8.11    4.46    4.41    8.43    3.86    3.31    2.14    5.85   22.08    8.48    3.22    1.02
PSATPRG    -21.59  -45.67    0.43    0.23    1.23   13.82    6.78    0.23    0.01    0.81    3.96    9.48   19.20    4.53    8.72   20.60    6.55    1.61    1.82   14.04   13.78   14.56   17.22   33.77   11.74    4.93   21.06    1.20    1.39    2.25    8.14    4.37    8.95    8.56   11.22    5.04    3.15    0.95    0.92    7.29    8.02    2.92    7.53    8.29    3.54    0.95    0.15
PSATPAS    -21.02  -48.18    0.20    0.11    1.57   13.16    3.05    0.43    0.59    2.01    2.73   11.21   19.03   13.63   17.60   17.20   14.30    2.99    8.09   14.05   10.24    8.95   23.40   29.52   14.26    4.73   11.28    2.14    1.43    1.43    9.40    5.15    9.40   11.30   11.89    3.75    4.62    1.67    1.29    4.57    5.12    1.97    4.09   12.36    8.33    4.93    0.90
PSATPTB    -21.61  -45.49    0.85    0.38    1.33   11.37   11.53    1.25    0.01    0.61    5.02    5.50   18.70    3.34   11.19   20.20    7.07    2.16    2.30   19.02   16.46   14.02   12.13   37.42   11.58    8.17   27.51    2.03    3.05    4.86    8.25    3.32    5.43    6.00   11.03   11.29    3.46    0.61    1.33   11.00   33.10    3.15   11.43    6.21    1.42    0.34    0.20
PSATPTC    -20.00  -48.55    1.65    1.16    1.32   13.88    6.50    3.71    1.61    2.28    1.67    5.54   19.75   15.30   14.17   21.13   13.42   20.84   15.70   19.53   10.28    9.82   18.59   21.79   23.86    8.99   19.28    9.09    9.22    4.62    9.68   10.71   10.43    9.70    3.53    8.07    6.49    5.85    9.70   18.38    3.76    5.00    6.72   13.58    3.26    1.32    2.91
PSATFZA    -26.00  -51.65    1.60    8.46    6.85    5.97    5.34    0.41    0.01    0.00    4.51    6.05    0.76    2.89    5.49   27.58    0.62    2.03   18.59    6.81   10.27    9.90    5.17   10.40    1.05    2.85    3.34    0.40    0.15    0.29    0.87    1.08    1.65   12.44    1.91    0.14    0.24    0.53    0.71    1.05    0.40    5.01   31.45    0.20    0.03    4.26   22.04
PSATJSG    -25.78  -52.00    0.80    3.59    8.64   10.53    7.95    0.07    0.00    0.00    5.03    6.83    2.94    3.38    9.07   17.12    1.35    4.72   11.15    6.33   10.15   10.60    5.00   14.58    0.54    3.73    4.38    0.40    0.75    0.37    2.14    0.79    1.07   10.71    2.71    0.91    0.02    0.05    0.22    0.22    0.51    5.24   31.97    0.67    0.02    1.55   19.39
PSATSCX    -25.53  -53.48    0.30    3.93    8.67   25.65    8.29    0.30    0.00    0.00    4.45    8.25    3.56    3.07   10.46   22.32    2.02   10.47    9.53    9.23    8.22    7.40    2.95   17.19    0.84    2.61    3.25    0.64    0.48    0.33    2.66    0.86    0.99    8.71    3.70    1.74    0.16    0.57    0.01    0.25    0.69    5.50   34.19    0.50    0.08    2.66   16.75
PSATSCL    -25.49  -51.74    0.71    1.67    7.35    9.49   17.85    0.02    0.00    0.00    3.03    9.87    1.02    4.63    9.38   31.19    0.79    1.58    8.87    5.33    3.54   12.11    3.24   20.19    1.43    4.79    8.35    0.53    0.61    0.55    2.00    1.11    2.56   11.47    6.85    0.52    0.03    0.05    0.12    1.08    0.99    7.29   27.80    0.12    0.08    5.71   16.63
PSATUVT    -26.23  -51.08    1.67    5.31    6.83   10.33    5.21    1.66    0.03    0.00    1.39   12.94    0.69    3.57    9.79   16.19    1.28    0.79   18.66    2.92    8.87    6.63    2.78   10.07    2.94    1.58    2.67    1.25    0.07    0.46    0.51    3.05    3.30   14.46    2.82    1.14    0.96    2.57    3.52    1.73    0.89    2.25   17.71    0.11    0.09    6.80   23.72
PSATBSM    -24.19  -53.74    0.09    2.27    7.42   29.64   18.16    0.00    0.00    0.00    1.77   11.26   12.06    5.69   16.68   14.99    3.33    3.55    6.02    9.02   10.39    5.47    1.63   13.17    1.93    1.25    1.55    0.58    0.62    0.64    3.38    1.37    3.22    4.87    4.07    0.88    0.29    0.27    0.00    0.54    1.17   17.66   31.73    0.27    0.96    6.59   13.45
PSATFLE    -22.97  -54.56    0.84    4.94   14.36    8.78    5.22    1.23    0.02    0.12   11.37    6.09   22.48    6.94   20.38   24.20    0.17    5.67   13.95   13.56    7.79    1.82    1.49   13.80    1.73    0.05    0.68    0.34    0.15    0.70    2.00    0.44    7.86   10.50    4.20    2.92    0.71    0.00    0.00    0.07    2.18   74.52    9.81    0.12    2.52    7.32   15.22
PSATITP    -25.42  -54.58    0.34    2.39    8.02   19.26    5.14    0.08    0.00    0.01    5.14    8.60   20.63    9.92   24.30   13.33    1.17    8.76   10.40   12.27   13.93    5.21    1.55   12.18    1.51    0.27    0.71    0.28    0.20    0.66    5.94    0.65    7.74    9.89    3.23    0.80    0.19    0.22    0.06    0.42    0.87   33.57   24.01    0.28    1.38   11.43   20.59
PSATIVM    -22.38  -53.53    1.99    1.98    6.89    5.42    5.72    2.66    0.15    0.15    3.15    5.91   14.25    9.36   26.71   10.10    0.52    4.37   21.29   16.96   17.23    7.04    2.82   18.72   11.40    0.09    0.51    0.49    0.32    1.13    4.47    4.09    8.99   15.28    8.62    2.69    1.12    0.17    0.00    0.19   12.89   64.87    2.52    1.43    2.23   22.20   20.87
PSATPTQ    -23.18  -53.17    0.40    0.44    7.95   14.14   17.41    0.00    0.00    0.00    1.63   16.54    8.70    8.55   20.58   13.05    2.74    0.77    5.69    8.89   13.24    9.69    1.49   11.00    3.54    1.02    2.55    0.52    0.58    0.77    2.47    5.82    8.17    5.62    4.62    0.30    0.40    0.08    0.02    0.92    1.13   10.51   26.53    0.46    1.36   13.35   10.44
PSATCBI    -17.99  -48.54    2.96    3.44    4.97    7.93   11.99    9.23    6.73    2.95    6.35   11.96    7.03   10.73   10.42   10.00    8.84   12.31   18.02   12.88    5.60    3.60    5.93    2.47    5.45    8.74    7.81   32.89   13.76   13.87   12.20    7.84   10.96    6.33    4.35    8.05   13.88   11.55   19.23   18.47   13.74   15.48    6.70   13.24    4.55    0.48    0.25
PSATCBIV   -16.15  -48.67    3.91    5.43    4.28    7.91   16.24    8.00    8.07    5.79   10.66   11.31    1.64    4.67    4.89    6.58    7.56   12.94   21.84    6.07    5.33    1.27    3.69    1.26    3.17    9.68    1.38   22.59   14.16   11.30   15.05    2.36   11.36    6.09    7.37    8.80   12.60    4.71   15.66   20.57   13.92   16.17    6.01    9.49    6.07    0.83    0.53
PSATEMB    -18.45  -47.98    4.84    2.11    0.99    2.88   15.72    7.28    3.93    3.49    2.27    6.31   17.15   11.23   15.36   26.06   12.64   32.98   28.21   15.53    8.06    5.20   19.69   17.65    8.88   13.27   21.57   29.49   12.02   15.45    8.00   12.82   11.94    6.77    4.14   13.68   18.49   28.16   36.72   35.79   22.06   23.03   14.02    6.45    0.45    0.92    0.59
PSATIMBR   -18.42  -49.10    3.74    2.21    2.90    2.82   12.50    7.53    5.21    2.23    2.99    6.21   14.08   16.12   15.35   24.20   14.03   22.38   17.29   18.07    5.51    8.28    9.03   10.87   10.60    8.69   16.53   19.86   18.40   10.54   11.36   15.83    9.50    8.16    3.59    8.38   13.43   23.59   33.02   26.74   11.85    4.93    5.66   14.29    3.38    0.35    0.41
PSATNPTE   -19.13  -47.70    2.46    2.47    1.62    6.63   10.94    6.08    2.51    5.01    2.01    4.41   12.38    8.90    9.96   29.74   10.39   14.26   24.72    9.42    9.74    3.13   12.74   13.71   23.24    6.38   23.36   21.63   14.81    7.40    7.96    6.65   11.90    7.46    3.22   11.98   12.87   17.70   19.36   38.11   11.88    5.28    6.88    6.92    1.21    1.37    0.93
PSATARV    -18.07  -50.16    2.33    2.45    4.95    4.89   11.81    7.70    3.04    3.63    4.06    5.94    5.27   11.59   10.71    9.33    7.78   10.08   16.85   22.83   10.73    1.94    1.77   12.61    5.15   18.02   30.38   18.34   12.07    6.59   17.89   11.21    7.43    6.00   12.07   15.31   11.59   17.34   19.10   24.36   11.15   10.44    3.84   14.92    9.39    5.40    0.47
PSATSFC    -18.05  -47.68    3.24    2.59    3.45    9.10   11.90   10.03   10.47    4.05    3.55   12.22   11.67   18.72   13.32   11.82   14.51   13.80   21.16   10.19    9.32    4.34   12.62    5.10   10.14   21.55    5.97   29.21   15.91   12.44   10.72   10.59    8.59    9.30   11.06    9.49   15.93   13.68   23.18   19.05   22.95   25.09   11.30    7.93    0.74    0.22    0.24
PSATSSM    -19.02  -50.50    2.57    1.74    2.68    5.33    8.25    5.78    5.49    2.51    2.95    5.33   13.36   18.24   19.74   16.84   21.51   18.05   16.76   23.52    8.82    7.82   10.03   12.02   21.69   17.42   13.49   14.12   15.87    7.39   12.44   16.59    9.27    9.53    5.79    6.84   17.50   20.05   28.04   17.64    8.39    4.39    6.78   19.29   10.83    1.59    0.20
PSATCNI    -22.94  -50.52    0.22    0.00    3.65    4.04    0.86    0.00    0.00    0.64    3.21   12.76    7.25    3.28    6.02   33.43    6.22    0.07    3.17    8.36   17.41   18.88   19.74    6.47    9.88    1.96    0.81    0.32    0.02    0.98    6.32    3.93   11.37    2.45    4.37    0.34    0.25    0.02    0.34    0.75    1.69    2.82    9.62    3.78   14.56    9.08    8.00
PSATCPV    -22.65  -51.33    0.41    0.15    3.75    9.59    6.77    0.05    0.00    0.38    2.89   15.99    5.26    7.69    8.86   21.18    5.00    0.16    5.22    5.99   14.90   28.44    6.02    8.51    6.54    1.69    0.69    0.13    0.16    1.10    2.65    9.88   12.33    3.32    3.26    0.73    0.34    0.00    0.13    0.48    1.05    2.69   16.81    2.43    6.94   13.78    6.41
PSATCHT    -23.01  -49.73    0.18    0.17    2.29    1.50    2.25    0.04    0.00    0.14    1.75   11.52    1.08    4.07    4.14   16.87    1.13    0.20    8.08    2.15   13.20   12.08    8.73    5.82    5.41    0.77    0.23    0.14    0.02    0.89    2.78   10.08    6.35    2.95    2.19    0.20    0.15    0.02    0.08    0.70    1.25    1.97   13.55    4.80    6.96    9.03   11.32
PSATJUR    -23.22  -49.23    0.15    0.09    1.07    1.07    1.63    0.43    0.01    0.09    4.56   14.40    0.99    3.05    5.78   21.14    1.97    0.18    5.78    1.39   16.53    6.72   15.66    7.64    7.64    1.15    0.69    0.82    0.25    0.89    2.57    7.55    6.28    3.69    2.01    0.84    0.60    0.13    0.16    1.94    2.05    2.51    5.33    4.85   10.78   13.94   13.48
PSATMAU    -24.06  -50.71    0.67    0.47    4.30   10.33    4.75    0.04    0.00    0.05    1.41   12.73    1.60    7.82    6.93   12.46    1.20    0.50    9.14    5.07    6.24   20.12    3.17   13.05    3.10    0.99    0.56    0.46    0.35    0.95    2.49    2.47    8.29    8.53    3.42    0.51    0.14    0.24    0.09    1.16    1.06    2.00   14.02    0.77    1.42   12.60   19.50
PSATROS    -22.50  -52.87    0.22    0.17    4.70   10.77    9.79    0.00    0.00    0.11    2.24   11.41   14.70   11.37   27.99   16.30    4.28    0.41    4.92   12.70   14.69   22.03    2.33    9.41    5.43    1.48    0.51    0.22    0.25    0.71    2.73    6.21   14.68    8.02    3.29    0.07    0.31    0.06    0.05    0.47    1.08    7.96   17.99    1.58    4.55   16.15   10.41
PSATQMD    -16.21  -47.33    2.11    1.95    8.07   12.71   28.97   13.11   13.31    5.64    5.42    8.71    8.42   15.41   12.90    4.84    8.07   28.72   23.38    9.03    1.69    1.31    7.41    1.63    3.31   16.57    9.23   19.15   14.47    4.91    8.90    4.75    2.03    4.20   14.92   14.97   21.19   10.88   15.73   16.22   11.28   27.89    3.28    7.49    0.72    0.67    0.26
PSATRBX    -18.95  -44.76    1.92    2.29    1.74   16.81   13.10    3.98    1.11    1.21    1.08    4.86   14.23   12.41   19.78   19.34   33.51   17.38    9.55    8.43    6.68   15.55   27.76   22.59   29.10   23.70   30.38   32.71   15.90   18.29   20.64   13.32    9.04    9.49    9.48   10.11   13.81   49.05   16.26   19.53   25.58   11.85    7.45    0.71    0.81    0.19    0.05
PSATSFR    -15.93  -44.86    1.52    2.25    5.87    9.79   21.31   14.80    7.68    2.37    5.75    8.72    6.67   16.12   19.70   10.76   16.47   18.58   16.86   10.99    1.32    0.96   14.19    1.57    2.74    7.14   13.17   16.69   28.85   16.22    8.82    1.61    3.76   12.74   10.54   11.72   28.79   16.62   20.36    9.61   15.16   14.49    7.78    2.82    0.09    0.27    0.30
PSATSRM    -16.37  -45.07    2.23    1.79    1.95   14.27   22.51   11.78    3.23    1.71    1.56    6.00   15.49   17.12   17.31   17.29   22.20   23.98   14.52   11.91    3.18    4.72   13.59    7.09   21.53   23.97    7.55   25.89   21.95   16.33   11.24    4.96    6.75    9.79   11.64   14.77   20.28   29.48   33.65   21.46   18.88   14.64    6.98    1.22    0.42    0.32    0.47
PSATTMR    -18.16  -45.27    1.85    2.00    2.51   13.79    9.88    2.82    1.66    1.96    1.34    5.63   18.17   15.17   14.65   25.93   31.53   16.54   10.18   10.75    8.88    9.13   26.45   21.27   19.18   25.98   32.37   31.21   13.22   11.26   10.52   11.63   12.46    9.81    9.34   13.43    9.68   33.15   15.34   29.17   21.91   10.71    7.10    2.27    1.59    0.65    0.32
PSATBOQ    -11.35  -43.83    0.77    0.23    0.55    4.24    2.28   15.19    4.67   13.40    9.83    1.60    0.11    0.10    0.28    1.28    1.36   10.54   12.00    8.80    3.95    1.87    1.21    1.32    2.08    5.95    4.31    9.58    7.28    5.35    1.93    1.11    1.03    2.51    1.46    1.72    4.41    9.04   16.80   13.94   20.19    6.65    1.83    0.19    0.92    0.79    0.02
PSATBBO    -22.52  -48.55    0.24    0.03    1.04    6.38    1.79    0.13    0.00    0.60    4.10   13.13    5.25    8.42   11.86    9.13    4.26    0.43    4.35    5.02   20.68    8.65   23.78   26.88    8.77    2.40    4.21    1.23    0.31    1.30    3.68    2.25    8.61    7.81    7.10    0.95    0.34    0.16    0.36    3.04    4.59    1.94    6.92    8.10    7.78    5.85    1.88
PSATESZ    -23.46  -46.91    0.17    0.02    2.50    6.01    6.70    2.16    0.08    0.24    2.39   12.49    3.72    2.79   15.75   16.11    4.67    1.02    2.70    2.26   23.70   17.07    8.07   19.41   13.52    7.92    7.28    7.86    1.44    1.74    2.74    1.00   10.46    6.89    6.54    5.75    1.21    0.48    1.08    4.03    2.91    2.59    4.28    1.52   10.04    5.43    3.41
PSATIBT    -21.76  -48.99    0.36    0.04    3.93    9.77    0.17    0.01    0.18    1.42    2.15    7.20   12.31    4.63    7.48   17.80   13.77    0.50    4.71   10.47   17.64   12.98   26.01   13.00    9.01    2.01    4.20    1.60    0.39    1.98    8.85    2.01    9.95    6.50    8.93    0.20    0.49    0.32    0.49    1.35    3.44    1.98    7.69   12.06    8.01    5.99    4.52
PSATNAV    -21.12  -50.20    0.45    0.38    1.83   12.46    0.21    0.59    0.44    1.20    1.54    3.61   14.55    7.71   12.90   22.55   20.16    2.42    9.53   21.97   22.42   28.79   24.49   15.73    8.36    3.05    7.05    1.27    0.99    4.00    8.35    2.23   11.22   16.62    2.16    0.96    1.94    0.30    0.71    0.94    2.12    2.15   17.79   13.71   10.79    6.26    5.56
PSATSME    -13.40  -48.30    1.09    6.55   12.94    3.51   26.65   10.00    9.02    7.44   11.51   14.94    4.81    4.68    6.60    7.68    6.87    5.91   18.55    9.86    4.08    3.38    5.59    2.13    4.87   11.72    6.65   12.33    9.85   10.13   14.75    4.68    6.89    5.78    4.15    3.74    8.99    6.83   11.29   20.95   22.52   17.02   12.32    9.61    4.97    2.01    0.29
PSATBGR    -27.78  -51.20    4.42   23.42   13.85    2.52    0.79    0.62    0.01    0.95   32.11    2.00    0.18    5.72   35.17    0.92    0.19   19.74   37.72    2.76    1.38    6.29    3.97   21.63    3.95    6.81    5.28    1.32    0.41    0.28    0.87    3.46    3.07    3.28    1.78    0.31    0.71    1.63    1.23    0.02    0.07    0.67   32.99    2.70    0.00    0.00   17.33
PSATCNV    -27.60  -51.33    2.04   19.80    9.74    7.76    2.44    0.82    0.03    0.10   22.77    2.86    0.31    4.38   27.07    6.94    0.40   11.63   41.46   10.90    4.37    7.50    2.14   11.68    1.99    2.87    4.94    1.21    0.28    0.31    0.64    3.69    3.04    8.30    1.10    0.34    1.02    1.78    2.72    0.14    0.10    0.80   29.98    0.85    0.00    0.14   32.30
PSATFCH    -27.14  -53.04    0.55   13.13   14.60   23.31    4.43    0.02    0.00    0.23   25.51    1.11    0.43   23.95   22.76    0.14    0.17   15.75   52.65    7.77    4.01    4.79   13.37    6.96    1.02    1.13    0.64    0.08    0.27    0.09    5.19    2.04    2.04   12.68    2.15    0.55    0.00    0.40    0.00    0.66    0.47    2.52   77.62    0.75    0.00    0.00   13.89
PSATITA    -27.27  -52.38    1.25   13.41   10.89   14.53    3.75    0.25    0.00    0.73   19.13    2.22    0.36   10.53   23.82   11.27    0.45   18.41   43.50    9.63    7.36    6.26    8.51   13.80    1.56    3.03    1.92    0.63    0.20    0.24    0.97    3.31    2.61   12.43    1.35    0.55    0.06    0.74    0.69    0.20    0.40    1.10   48.26    0.61    0.00    0.07   21.41
PSATMCD    -27.52  -51.78    0.99   13.92    6.03    8.24    1.21    0.10    0.00    1.66   35.90    0.28    0.02   11.37   29.73    0.69    0.11   36.27   52.12    3.43    1.15    2.73    9.25   18.39    1.48    3.80    1.05    0.32    0.05    0.05    0.53    5.57    3.17    7.95    1.17    0.00    0.00    0.70    0.40    0.15    0.24    0.47   55.85    1.27    0.00    0.00   11.14
PSATMOJ    -27.35  -52.73    2.69   21.07   12.10    6.36    0.81    0.02    0.00    2.51   39.63    0.02    0.04   23.66   40.65    0.02    0.06   50.67   19.11    0.95    0.82    1.45   14.87   20.46    0.87    1.80    1.02    0.26    0.24    0.09    2.35    5.43    2.55    3.08    0.98    0.53    0.02    0.63    0.02    0.37    0.43    1.59   51.06    0.64    0.00    0.00    4.41
PSATQQX    -26.66  -52.54    1.22    8.19    9.60   23.54    6.74    0.66    0.00    0.00    8.12    4.60    2.14    4.38   18.94   19.40    1.07    5.71   16.79   14.11   14.13   12.07    7.45    8.93    0.56    4.88    6.48    0.79    0.56    0.29    1.66    1.19    1.88    9.38    2.62    4.21    0.08    0.41    0.12    0.09    0.46    1.43   37.17    0.73    0.00    0.44   24.37
PSATPSJ    -28.14  -55.05    3.24   21.51    0.12    0.25    0.27    0.14    0.00    6.84   34.95    0.03    0.05   46.91    4.94    0.00    0.07   40.39    0.01    0.00    0.01    0.32   13.06   18.66    1.80    0.80    0.56    0.74    0.48    1.34    2.72    4.36    2.03    0.08    0.50    0.53    1.63    0.25    0.00    0.00    0.41   18.62   10.08    0.22    0.00    0.00    0.06
PSATESP    -18.68  -51.87    1.89    3.33    1.74    6.87    4.47    3.25    3.10    0.89    3.72    4.18    4.17    8.03    0.24   21.71    3.10   14.18    5.71    8.93   15.32    4.49   10.41   11.12   10.86   32.17    6.23    1.77    8.42    4.46   18.74   26.70   11.20    4.52   10.07    6.10    7.97   17.18   27.16    3.81    1.01    5.00    6.01    9.16    5.52   18.46    2.14
PSATSRC    -19.16  -50.76    1.35    1.08    1.65    5.93    6.13    4.78    5.46    1.48    2.81    8.30    5.37   11.59    8.84   14.12    6.86   14.76   12.51   12.62   13.74    5.80    8.15    5.38   19.00   42.13   13.88    3.21   10.34   10.16   18.52   31.40   10.60    7.78   10.79   10.75   10.50   18.76   25.36    3.70    0.83    3.27   10.49   15.58    9.78   13.11    7.79
PSATFRCL   -19.12  -50.64    1.78    1.90    4.48    6.39    7.55    6.51    5.12    1.78    3.13    6.13    6.68   15.65   13.52   13.51    6.12   11.89   15.88   18.84   12.35    4.87    6.04    5.50   19.63   20.60   19.31   15.60   16.59    8.18   20.10   25.15    8.68    8.15   10.52   16.54   14.81   19.28   19.94    9.61    2.57    7.78    6.58   19.62   10.05    6.24    4.21
PSATISOT   -20.40  -51.35    0.85    0.82    1.84   11.30    4.71    3.45    2.11    0.93    1.33    7.55   16.63   12.34   25.38   23.72   21.69   15.12   11.01   18.49   23.16   18.65   16.15    9.18   15.09   21.65    9.83    2.43    4.34    6.44   13.96   17.44    9.84   15.48    7.46    5.51    9.44   10.30    6.10    1.38    1.42    8.01   13.31   14.82   18.41    6.81    3.65
PSATJUP    -20.86  -51.63    1.29    1.41    0.96    7.53    5.57    5.56    1.86    0.93    1.82    8.26   13.64   13.05   20.94   22.85   10.74   15.57    6.00   13.82   19.63   10.61   18.23    8.84   17.92   35.83    3.86    0.92    2.42    7.23   17.57   20.70   11.94   14.57    9.54    9.21   10.35   10.22    5.57    0.83    0.24   14.09    4.12    7.73   24.17   18.09   10.33
PSATSDG    -20.06  -53.18    1.79    2.13    1.55    3.49    3.56    9.31    1.67    1.85    1.51    4.48    4.93    9.44   22.53   24.12    5.37    9.26    7.13   12.15   12.89    7.91   17.29   13.54   18.24   17.08    2.09    0.71    0.73    4.84   17.66   20.80   10.68   11.41    6.31   10.64    9.84    7.31    1.18    0.22    0.71   16.81    1.47    2.68   17.45   13.82    9.08
PSATFZBT   -21.66  -52.87    3.61    1.79    1.26    7.59    5.37    5.19    0.39    0.34    2.14    6.86   14.96    8.23   31.29   11.70    5.51    8.54   10.93   13.79   14.07    9.72    5.36   14.13   10.03    3.34    0.49    0.42    0.57    1.17    8.37    4.74    9.32   20.96    7.56    3.58    3.35    0.65    0.12    0.26    5.81   30.91    1.73    2.40   10.35   18.12   19.38
PSATPPRA   -22.46  -52.91    0.57    0.49    2.83    9.35    3.64    0.69    0.05    0.46    2.57   12.63   21.88    7.93   25.06   28.27    9.10    3.37    4.57   12.71   21.49   24.88   11.11   12.38    4.82    3.73    1.42    0.14    0.50    2.23    7.77    2.32    9.69   17.59    4.21    1.01    0.72    0.43    0.35    0.58    1.08   14.83    9.25    2.84   16.54   12.49    9.63
PSATBTE    -13.69  -50.80    0.65    3.21    7.59    2.80   17.58    9.51   10.57    5.69    6.32    8.79    4.85    6.45   10.16   14.55    3.97    6.81   17.30   22.09    8.81    4.41    8.29   14.28   14.15   22.20   12.65   12.43    8.32    6.26   16.61   11.85    5.48    5.22    4.11    8.03   12.04   12.63   17.79   21.49   16.33   18.52   12.91   16.25   11.73    3.32    2.03
PSATARAG    -8.27  -49.26    3.20    6.53   11.41    4.22   15.78   12.30    9.17   10.98    7.14   16.75    4.34    2.54    7.09    4.97    1.33    5.34   13.40   16.95    9.41    4.92    4.30    3.28    8.74    6.23   11.74    6.93    9.09    7.39   14.41    4.33    5.21    4.33    2.67    2.71    5.76    6.08   12.29   13.53   16.81   23.56   16.35    7.57    6.97    2.57    2.16
PSATLAJ     -9.76  -48.37    2.42    1.76   11.78    8.30   10.28   13.91    8.57   11.49   11.35   16.40    3.39    2.93    5.84    7.90    3.04   11.49   15.67   14.22    3.69    7.80   12.47    2.05    6.86    6.00    5.66   16.52   11.56    7.62    9.18    4.13   10.35    5.67    2.90    3.18    4.74    8.14    9.68   11.50    9.73   10.36   13.01    4.39    5.34    2.73    0.09
PSATPTRL    -9.31  -47.39    0.72    3.57    4.63    7.41    9.97   13.86    5.16   18.21   15.77   11.11    1.45    0.60    2.51    4.22    1.76   10.75   13.10   14.06    3.46    5.48    3.55    4.39    9.65    7.26    2.65    9.66    8.02    6.34    2.06    8.24    7.80    3.80    2.68    2.08    2.28    5.51    8.25   10.55   18.13   15.67    5.81    4.12   10.06    2.68    0.22
PSATLJET    -7.33  -47.48    1.13   10.11    6.59   13.26   12.25   13.96    3.86   13.53   14.39    5.97    1.60    2.64    2.98    4.88    2.12    3.68    3.67   16.65   10.99    4.03    2.51    9.97    6.09    5.99    4.32    6.54    7.31    4.66    2.62    7.91    6.48    3.58    2.23    1.75    1.34    3.57    4.15   12.20   13.26   21.35    9.41    6.71    5.07    3.60    1.83
PSATUCR     -3.83  -49.65    0.98    5.57    3.19   11.69    8.01    5.98    8.39   11.20   14.09    8.27    1.42    4.46    1.94    4.27    4.75    4.14    4.02    7.14    5.57    5.21    2.22    6.50    6.64    6.90    4.24   10.52   13.67    9.48    5.94    8.93   12.54    4.90    2.07    3.99    1.45    2.80    4.70    8.69   10.56   26.48    8.85    6.93    5.57    2.99    5.65
PSATXIVJ   -29.07  -51.67    4.80   25.04   12.63    0.79    0.03    0.07    0.00    3.20   24.00    0.27    0.00   15.56   21.40    0.08    0.14   47.58   13.86    0.40    0.40    1.76    8.20   33.17    0.50    6.10    0.81    0.46    0.27    0.09    1.01    3.91    1.30    1.50    1.36    0.00    0.05    1.14    0.09    0.00    0.23    1.13   64.06    1.62    0.00    0.02    3.22
PSATDFRC   -29.45  -53.28    8.16   32.85    0.51    0.20    0.00    0.03    0.00    8.99   25.07    0.02    0.00   54.61    0.69    0.13    0.21   31.69    0.21    0.03    0.04    0.03   13.29   26.95    2.20    0.57    0.71    0.62    1.36    0.70    2.95    5.02    0.60    0.00    0.19    0.62    0.83    0.53    0.00    0.00    0.31   17.94   15.97    0.66    0.00    0.00    0.41
PSATREAL   -29.02  -53.19    4.55   35.40    1.09    0.68    0.00    0.05    0.00    6.36   31.53    0.07    0.01   31.62    8.91    0.01    0.20   33.69    0.38    0.03    0.16    0.50   13.91   22.00    0.43    0.82    0.60    0.29    0.37    0.55    3.94    4.77    1.29    0.24    0.34    0.31    0.31    0.45    0.01    0.01    0.23    6.63   20.83    0.33    0.00    0.00    0.15
PSATCTAV   -29.01  -51.39    8.99   27.23   15.18    1.87    0.92    0.24    0.00    2.81   13.08    1.61    0.09   11.88   19.68    1.09    0.22   37.65    9.02    0.64    0.46    1.31    6.14   43.08    6.28    6.30    3.32    1.34    0.85    0.44    1.59    8.42    2.25    1.64    1.60    0.13    0.40    0.96    1.04    0.00    0.12    0.84   53.31    1.24    0.00    0.00    7.33
PSATERNT   -28.56  -52.54    3.29   26.66    7.49    3.84    0.56    0.03    0.00    4.23   40.55    0.02    0.01   23.62   31.90    0.01    0.03   44.85   15.50    0.16    0.31    0.69   16.23   30.11    0.32    1.30    0.99    0.27    0.03    0.56    2.81    5.52    2.09    1.42    0.84    0.23    0.00    0.82    0.11    0.11    0.27    3.08   60.32    0.61    0.00    0.00    2.69
PSATSTPL   -27.14  -49.52    3.67   14.97    4.62    3.60    3.85    1.79    0.27    0.01   13.44    4.78    0.41    1.42   13.34    5.72    0.58    1.76   24.21    6.77    5.56    8.19    1.28   14.67    0.96    1.00    6.14    2.62    0.69    0.52    0.64    6.39    7.95    8.05    2.22    0.92    2.95    1.87    5.06    0.22    0.05    1.20   18.20    0.28    0.00    0.68   38.26
PSATCVCH   -25.14  -48.87    1.45    1.27    4.67    5.66    5.42    1.92    0.14    0.00    1.51   16.22    1.33    4.29    5.80   21.59    3.02    0.18   21.15    0.61    3.46    6.73    1.17    8.83    5.86    2.08    1.89    1.22    0.43    0.52    1.04    4.39    3.54    4.12    1.65    0.95    3.36    2.69    3.78    5.00    1.25    1.83    6.23    0.64    1.68    9.40   18.19
PSATAMY    -12.60  -69.12   18.74   16.96   14.52   14.89    4.57    8.80   11.34    7.14    5.64    9.20   11.17    6.81    4.26   20.36   19.72   14.32    8.66   10.66   16.66   14.34   11.01    8.76   11.93   30.88   12.32    5.65    6.12    2.53    8.50    6.06   13.03   16.51   20.50   20.02   16.31   32.47   17.96   12.75   12.03   16.49   17.70   12.27    8.39    6.79   16.95
PSATGJR    -10.73  -65.35   16.63   15.23    9.60   13.85    5.44    5.03    6.13    2.32    2.68    9.70    5.57    9.84   13.46   13.37   10.95    6.12   11.26    9.93   10.98    6.30    4.07   16.07   19.27    5.93    3.57    4.85    3.36    5.69    7.77    5.65    6.52   16.42   11.32   10.57   13.28   25.14   24.56    8.69   16.36   34.65   22.43    3.19    4.80   14.53   13.69
PSATPRNC   -12.43  -64.43    8.58    2.22    6.40    3.44    6.31    9.49    9.14    1.93    1.60    6.32    5.14    1.90    2.34   16.31   10.96    1.72    5.74    3.89   13.04    6.03    3.50    2.34   18.60   15.26    4.50    4.16    2.89    3.02    8.98    8.85    8.92    9.81   11.23    4.82   10.62   10.39   16.22    6.54    3.22   16.63   24.08   12.98    8.93   11.97   16.32
PSATSANT    -8.87  -63.97    5.72   12.29    6.41    6.84    6.00    6.33    8.94    5.65    4.09    3.43    3.74    7.46    1.39    4.49    5.94    2.24    2.48    4.01    8.02    5.52    3.44    4.25   11.91   29.89    8.14    6.38    3.51    4.16   11.42    6.45   12.95   15.02    8.81    4.32    7.05    6.71   11.07   10.06   11.04    3.36    8.07   13.89   33.24    3.87   20.36
PSATDARD   -10.16  -59.46    1.29   15.08    7.48    2.63   30.69   13.73    9.03    5.03    6.69    7.27    4.58    0.83    0.50   10.49   11.21    1.06    3.02    2.91    5.46    4.50    2.03    3.95   11.15    9.28    8.05    6.72    4.01   13.61    4.33    5.13    7.25   12.35    9.31   13.37   14.00    7.24    6.98   11.73   18.99    8.70   18.55   16.27   16.90    2.35    9.36
PSATGUAP   -15.12  -58.96    5.51    2.08    5.26    7.83   18.02   12.59    6.56    5.00    2.72    6.91   11.72    0.23    2.46   13.34    4.62    2.20    4.47   14.69   19.27    3.40    3.45    9.26    6.56   15.50    6.77    3.48    4.30    5.74   20.14   27.92   10.38   15.17   12.54   13.37   14.25    7.84   10.22    2.32    1.68   13.21    9.12   15.11   16.51   16.45   16.20
PSATJIRA    -9.25  -64.65   10.99   10.97    9.58    7.11    4.98    5.17    7.03    3.58    2.97    5.22    7.60    3.18    3.68    9.35    9.36    5.93    7.00    4.91   10.87    8.85    6.58    8.35   19.38   21.76    8.02    5.58    3.17    2.40    5.62    9.24    8.98   19.44   17.67   14.58   10.32   16.69   18.53    7.74    6.02    8.46   25.02   12.71    5.14   12.70   15.41
PSATROND   -11.99  -60.70    3.14    3.88    2.68    5.71   16.68   16.66   11.29    2.84    7.28    3.75    2.32    0.70    0.08   17.93    8.32    1.05    3.89    4.68   13.15   10.16    0.67    2.99   35.16   23.74    2.56    5.46    5.00    5.43   20.14   17.97    8.42    8.54    7.48    7.14    4.94   10.96    8.03   13.00    2.47    9.03   17.94   10.86   26.18    2.38   21.12
PSATSAMU    -8.75  -63.45    3.64   13.40    7.98    3.34   10.92    6.83    9.78    6.67    3.09    3.37    1.24    2.21    0.46    6.66    8.67    3.10    2.55    3.59    7.06    7.68    2.79    5.96   10.67   21.17    5.93    6.50    3.72    3.76   12.35   11.18   15.82   19.61   12.96    2.84   13.57    4.22    9.84   12.15    6.76    7.49    5.31   14.11   32.05    7.50   13.32
PSATBALB    -1.92  -59.47   15.83    6.83    3.96    9.83   16.53    9.09    7.15   10.37    4.43    7.95    8.33    5.47    9.57    5.31   10.80   12.15    8.63   11.71   12.23   13.79    7.61   15.01   10.91   31.31   20.80   11.70    7.75   18.59   11.62   10.42    9.12    7.47   19.91   19.96   15.47   13.02    7.65   15.35    7.07    1.05    0.75   14.94   12.67    4.52    9.56
PSATCUNA    -2.82  -54.30    3.37    1.32    0.42    4.79    7.14    3.07    5.84   14.13    7.42    8.16    1.63    4.37    1.67    1.70    2.61    6.23    4.14    4.04    6.22    8.96    9.15    9.21    6.90    6.54   21.99   10.64   12.44   12.72    6.30   10.77    9.05    2.64    7.19    8.33    7.73    8.71    4.46   10.80   13.41    8.24   10.65   15.11   11.20    8.36    7.15
PSATJARI    -0.65  -52.52    1.97    0.02    0.77    1.65    3.80    4.29    2.35    5.17    2.68    3.65    3.12    2.41    3.88    1.54    4.99    5.26    6.13    5.34   11.35    9.94    6.91   10.09    5.04   15.66    6.54   10.82   13.83    8.01   13.03   12.73    7.54    4.33    3.36    9.48    9.08   10.60    6.59   13.16    4.40    0.94    8.63   10.45   11.53    5.77    7.36
PSATFGOM     0.86  -51.20    7.92    0.10    1.27    4.09    6.20    3.94    3.00    7.51    2.87    3.35    4.58    2.69    3.84    3.80    3.04    4.35    5.19    7.94    7.47   15.31   16.08   16.47    8.67   14.03   15.86   14.53    3.45    4.18   12.47    6.71    4.57    7.18    3.99   11.80    7.50   12.12    9.53   12.82    5.02    5.95   10.69   13.67   10.24    7.13   11.73
PSATUBE     -6.75  -43.57    0.24    5.15    2.21    6.91    6.15    6.51    5.90   14.95   10.79    1.22    0.59    0.76    4.05    6.05    3.06    6.89    6.74   12.46    2.79    2.16    1.98    2.41    3.27    4.81    6.36    5.57    8.49    7.20    6.07    9.43    3.66    4.05    1.92    1.26    1.74    3.20    4.43   12.58   13.79   10.28    5.10    2.25    3.74    1.84    0.42
PSATBSOR    -6.74  -52.00    7.20    5.96    5.32    6.27   12.15   12.80    6.24    8.28    5.84   18.43    8.43    1.56    3.87    6.61    1.39    1.71   10.62   15.78   14.97    5.90    4.37    3.63   13.39    4.08   17.91   10.64    7.70    7.23   15.63    8.57   13.39    7.42    3.76    3.01   10.82   10.13   10.02   12.47   13.66   17.41   15.00   10.18    9.35    3.70    2.67
PSATBESP    -6.75  -51.77    5.55   12.64    3.80   17.09    9.55    9.37    2.26    6.51    4.36   10.81    8.35    2.61    1.57    5.13    3.23    2.26    4.69    6.88   12.38    8.20    2.96    1.09    7.47    8.90    6.51    7.85   13.83   10.48    9.15    4.86   15.50   11.80    1.85    6.95    1.24    1.53    3.28   10.04   17.91    7.18   10.06    8.45    7.02    2.22    4.38
PSATPIME    -3.41  -51.91    6.50    4.59    2.76   17.62   12.01    7.04    7.01    8.66    6.42   11.62    5.41    4.11    1.77    2.20    1.54    4.94    5.75    6.17    6.92   11.35    8.20    3.03    6.59    6.55   12.72    8.93   10.69   12.05   11.78    7.62    8.43    5.76    4.98    4.50    3.99    4.45    4.94    6.32    8.87   13.38    9.86    7.87    7.85    4.59    6.53
PSATIRAP   -16.74  -42.57    4.85    3.14    6.85   20.87   27.33   38.03    5.30    0.72    1.52    3.11   17.81   10.15   12.99    7.89    5.22   12.26    8.44    5.56    1.18    0.33    0.35    0.18   17.51    8.15    3.63   32.00   20.21   11.31    3.44    0.53    4.23    8.85    8.36   12.45   22.66   23.91   31.40   17.21    9.59   11.14    0.43    0.62    0.44    0.22    0.84
PSATITBI   -15.97  -39.59    4.01    1.44    1.13    7.60   25.33   37.33    8.78    0.39    1.36    3.32    9.16    6.39    5.53    2.99    5.40   10.57    6.20    2.38    0.40    0.07    0.05    0.08    3.11    9.30   13.39   26.30   17.76    6.85    1.98    1.72    1.96    3.90    3.68    8.63   21.77   18.74   21.55   16.00   14.45    6.36    0.47    0.75    0.16    0.47    2.94
PSATCOLI   -10.98  -55.77    7.43    4.69    6.02    5.08   18.83   15.47    6.91    8.51    7.75   25.58    2.79    1.55    6.26   12.07    5.29    0.86   10.87   10.36   17.20    3.71    6.95    6.47   22.04    9.64   17.41   12.71   17.23   12.52    7.44   12.92   12.26   10.38    5.60    5.62   20.78   18.13   10.16   21.29   13.39   18.67   15.91   15.82   18.68    7.23    5.10
PSATSAEL    -9.19  -57.04   13.85    7.10    4.97    5.85    6.50    4.41    5.60    4.11    7.51   20.96    5.66    2.57    2.88    2.96    0.74    0.87   12.07    9.90   17.61   11.19    8.05    3.52   16.19    2.42   20.92   17.44   11.75   10.28   12.48    4.10    8.69   11.03   10.27    8.81   21.22   24.67   12.27   10.69    7.46   13.61   19.51    8.76   19.24    3.37    3.96
PSATITQ    -17.09  -54.83    1.76    1.52    5.35    4.84    5.41    7.37    3.83    3.34    2.41    6.96    3.45   12.55    3.42   20.72    2.81   11.81   10.17   14.86   21.67    6.18   24.34   12.26   27.33   22.86    2.53    3.88    2.46    2.84    9.78   10.05   13.34    3.69    5.41    6.73    9.51   14.71   19.34    4.77   13.11   15.12   13.28   17.36   14.12   11.86    7.70
PSATJAU    -15.24  -58.73    7.61    2.22    6.23    7.04   13.49   13.79    6.80    6.81    2.30    8.53   10.50    0.20    2.82   16.56    6.31    1.92    7.98   14.18   14.83    4.70    2.41    8.02    9.00   16.24    6.82    3.20    3.80    5.92   19.69   26.32    8.60   12.20   12.38   13.17   18.01    8.48   10.43    2.67    2.28   11.95   10.83   14.75   14.39   15.96   14.06
PSATMAN    -14.87  -55.78    5.98    2.47    5.26    4.02   19.77    8.29    7.45    9.28    3.82   13.52    1.58    8.30    4.43   15.36    5.17    0.81    8.86   10.52   16.47    9.89    8.33    5.68   33.04    5.96    5.73    4.99   11.15    8.94   19.67    7.43    6.77    9.03    7.56    3.35    7.99   11.29   18.33   14.84   22.99   20.23   24.60   18.91   12.90    7.28    5.00
PSATPTP    -17.61  -54.83    2.63    1.05    1.61    6.95    7.45    9.22    3.04    2.80    1.68    7.85    5.40   11.59    3.03   24.65    2.72   10.60   10.00   15.83   21.81    4.39   20.11   11.84   29.31   23.06    2.84    1.04    0.82    3.60   18.29   13.46   14.60    2.92    9.08   11.67   11.57   15.88   30.98    2.89   15.48   11.58   11.59   13.08   13.76   15.10   13.49
PSATSTCL   -17.90  -40.20    2.34    1.01    1.47    1.79   28.25   48.08    3.86    0.06    0.72    1.36   13.39   20.67    3.19    0.55    8.41   13.52    4.73    0.91    0.19    0.05    0.02    0.00    0.21    6.62   23.94   26.60   14.62    7.22    1.80    1.97    3.10   10.00    2.84   22.82   33.07   14.77   18.81   23.36   10.89   10.55    0.44    1.71    0.05    0.52    3.64
PSATPDC    -12.58  -39.00    0.99    0.20    0.22    0.65    5.03    7.75   24.86    5.45    3.99    0.69    0.16    0.39    0.23    0.15    0.05    0.30    0.48    0.29    0.88    1.05    0.72    0.28    0.81    0.21    0.94    0.95    3.83    3.65    1.67    0.67    0.56    0.37    0.28    0.15    1.56   15.94   13.52    1.04    0.27    0.25    0.07    0.01    0.24    1.04    0.72
PSATROSA   -20.92  -41.72    3.67    1.96    0.62   11.00   30.93    8.17    0.79    0.01    0.11    0.57   28.91    8.29   17.95   10.95   22.62   27.67   10.62    3.35    2.37    1.52   39.26   19.37   11.65   63.10   25.11   33.92    8.27   21.91    8.09    1.01    6.57    8.40   17.85   45.46    8.48   45.15   15.40   10.37   10.40    9.15    1.99    0.76    0.00    0.41    3.97
PSATCAN    -20.21  -42.85    1.88    1.10    2.08   11.24   15.75    3.61    0.53    0.62    0.42    0.98   40.53   10.12   19.59   14.32   24.14    7.25   11.47    6.45   18.68   16.79   42.23   34.14   19.20   24.47   38.20   24.55   12.74   15.05   10.80    7.10    9.37   11.10   32.91    6.99    7.59   53.10   12.51   16.17   14.68   15.23    5.67    1.03    0.20    0.15    0.88
PSATSAC    -19.64  -42.85    5.85    2.27    1.97   22.38   19.17    1.76    3.31    0.87    0.46    1.98   23.50   20.86   16.48   17.66   32.07   20.16   18.45    8.17   13.20    9.66   40.61    5.75   32.56   21.26   27.29   26.29    9.38   14.18   14.83    4.98   10.43    9.69    8.58   12.96   14.73   51.60   27.06   21.33   22.27   17.57    9.26    2.80    0.66    0.22    0.59
PSATPES    -19.12  -42.66    4.80    1.78    1.60   19.95   21.42   16.62    7.03    0.28    0.09    0.91   28.38   24.32   20.94   19.98   21.17   22.42   15.59   15.29    1.68    0.82   19.40    0.50   14.17   38.79   15.65   33.02   11.94   13.28    8.79    0.96   13.41   12.34   12.03   15.62   21.88   56.37   63.76   14.65   15.36   11.46    6.42    2.68    0.79    0.36    5.09
PSATMAS    -19.50  -40.92    3.77    1.42    1.07   25.58   26.02   21.97    2.03    0.17    0.21    0.99   27.34   17.59   24.71   17.30   26.75   21.78    9.60    6.70    1.64    0.38   14.18    2.86   14.39   38.86   19.93   28.56   14.45   14.92    6.04    0.85    9.64   14.19   20.56   21.86   24.66   39.93   36.02   18.20   10.53    8.63    1.56    1.97    0.42    0.40    4.01
PSATSBR    -23.37  -45.87    0.57    0.12    2.10   12.79   11.73    5.55    0.21    0.03    4.92   10.32    8.02    2.15   14.67   23.90    3.92    1.12    1.30    5.14   26.92   29.00    8.48   18.54   25.16   15.40   12.98    7.56    1.67    1.60    4.02    2.80   11.75    6.94   15.27   12.01    3.70    2.69    1.11    4.63    9.19    5.33    2.43    2.91    7.38    2.85    1.34
PSATJAG    -23.20  -46.03    0.23    0.02    0.86    6.30    7.84    1.53    0.00    0.17    5.46   13.87    3.59    6.85   14.50   12.76    2.12    0.26    3.51    4.99   36.50   21.38    9.22   24.03   13.58    4.58   12.18    5.16    1.62    2.29    3.88    1.40   11.75    5.68    6.35    4.33    1.07    0.46    0.61    4.21    9.95    4.43    3.85    3.30   13.95    6.87    1.04
PSATFUNI   -22.53  -44.57    0.46    0.06    1.36   13.89    9.75    1.74    0.03    0.19    4.29   10.81   14.12    4.56   12.46   19.93    4.64    0.74    1.63   10.15   27.97   20.42   14.21   26.39   17.07    8.70   13.17    3.43    1.88    2.45    5.07    2.98    9.34    8.51   15.51    6.07    1.37    0.93    0.50    8.58   14.84    3.39    3.62    4.16    6.58    2.31    0.50
PSATSACE   -22.48  -43.84    2.14    0.20    0.98   18.11   11.64    4.75    0.15    0.01    1.45    4.15   34.28    2.65   20.95   21.22   11.17    1.76    1.01   13.93   33.22   32.23   25.33   38.22   22.61   21.30   20.77    3.52    1.37    2.91    6.12    3.14    9.84   18.14   16.56   15.44    2.55    1.27    0.35    9.99   67.75    7.63    2.88    1.74    0.73    0.00    0.08
PSATPIC    -21.91  -43.54    1.28    0.24    0.85   24.06    9.41    2.09    0.24    0.06    2.41    2.17   29.66    4.24   28.93   20.39   15.05    1.36    7.87   24.38   28.79   19.41   25.09   38.83   16.48   29.24   25.85    3.45    0.52    7.39    6.23    3.66    8.76   23.80   19.35    7.20    0.82    1.80    1.71   11.29   74.55    7.42    8.36    1.16    0.37    0.00    0.03
PSATSOGI   -21.94  -43.36    3.18    0.89    2.37   21.79    9.88    1.15    0.54    0.23    1.58    2.61   25.99    7.58   17.68   16.25   14.74    2.57    6.84   26.91   25.24   22.35   19.46   51.70   11.58   23.12   38.70    7.35    0.61   10.93    6.32   14.42    6.27   21.12   20.92    4.71    1.07    3.94    3.46   12.65   22.45   17.82    9.40    1.16    0.05    0.02    0.12
PSATIPSI   -21.84  -42.58    1.18    0.33    1.34   10.05    8.95    3.01    0.20    0.05    1.05    3.71   22.07    2.59   21.38   16.80   17.90    2.58    3.39   20.29   18.48   35.28   12.85   42.22   25.82   17.47   20.77    4.77    1.24    6.70    7.57    8.84    8.07   17.21   15.91    8.10    2.04    2.58    0.98   10.99   30.79    8.15    4.43    1.16    0.15    0.01    0.37
PSATTCLJ   -22.69  -43.83    0.85    0.38    0.35   10.91   12.48    7.78    0.61    0.00    0.70    9.83   14.01    0.63   12.94   18.66    1.28    2.12    0.20    3.14   13.85   30.33   17.93   24.17   41.56   14.10   15.53    8.91    5.19    2.32    5.46    2.08    3.97    6.20    8.64   31.77    5.34    1.37    0.85    6.65   35.92   10.59    2.81    0.09    0.73    0.40    0.06
PSATBIGU   -25.51  -53.67    0.28    4.39    9.76   27.77    6.71    0.29    0.00    0.00    4.01    7.82    4.72    3.37   10.92   22.44    2.20   14.61   10.00   10.09    8.87    7.19    2.82   15.95    0.76    2.25    3.56    0.69    0.47    0.32    3.34    0.81    1.04    8.41    3.72    1.72    0.20    0.68    0.01    0.25    0.80    5.29   39.49    0.46    0.09    2.59   17.90
PSATBRAU   -21.45  -42.41    1.18    1.11    2.48    7.80   17.41    4.49    0.33    0.17    0.61    1.30   46.88    4.02   22.12   22.24   26.91    4.39    6.74   14.06   21.19   28.40   30.61   56.85   12.02   34.26   61.43   11.94    2.53   16.64    8.80   10.86    7.44   12.44   56.13   11.51   10.27   18.94    6.11   12.83   13.08   11.13    5.17    1.22    0.03    0.14    2.59
PSATSUIC   -20.08  -40.58   11.74    1.30    1.79   30.83   37.49    5.04    1.91    0.00    0.05    1.40   27.65   14.53   26.64    9.52   28.61   14.34    8.77    1.50    0.93    0.58    5.07    0.32    6.29   34.73   10.93   41.87    9.22   11.35    4.64    2.90    2.66    7.87   40.59   56.27    4.24   36.19   16.39   13.12    5.52    5.37    1.16    1.07    0.43    0.82    3.20
PSATJRI     -9.30  -64.70    9.84    8.52    7.09    6.46    4.65    4.58    7.84    3.43    2.63    2.25    4.42    2.47    1.81    8.29    9.53    6.68    6.95    3.44    8.42    6.00    7.47    6.91   22.62   26.62    8.17    5.23    2.92    1.90    4.18   10.61   10.06   14.14   16.74   11.88    8.93   17.61   17.77    8.50    3.91    4.66   25.35   16.37    6.12    9.01   15.73
PSATBENI   -14.59  -67.53   13.80   17.42   17.27    9.48    5.76    7.66    5.50    4.04    3.79   13.60   17.01    5.30    9.02   13.18    8.93    5.29    7.46    9.44   18.49   17.11    4.46   12.97   11.83   11.72    9.57    5.71    3.64    3.84    9.97    5.85    6.79   33.37   20.42   23.55   14.83   17.48   20.45    6.13   12.01   19.74   26.12    2.69    3.02   21.66   14.96
PSATEPB    -12.42  -64.42    9.61    3.69    5.32    6.00    6.60    7.58    8.00    1.66    1.46    6.81    4.57    3.52    4.33   13.19    9.85    2.47    6.74    5.18   10.54    5.16    2.75    5.80   15.60   10.80    3.37    3.53    2.73    3.56    7.43    7.32    7.15   10.51   10.21    5.42   10.73   17.01   17.10    5.61    8.31   23.14   19.57    9.32    7.05   13.58   15.86
PSATEGM    -10.79  -64.35   18.17   18.02   12.05   14.56    5.06    5.74    6.34    2.81    3.21   10.16    6.35   10.60   14.90   15.97   12.19    6.84   12.00   10.47   13.31    7.48    5.14   16.99   23.26    8.03    4.58    5.81    3.70    5.98    9.12    6.54    7.76   18.27   12.50   12.05   14.09   22.34   26.59   10.54   14.65   32.69   27.34    4.05    5.74   13.51   13.36
PSATSTOA    -8.79  -63.95    5.57   12.47    6.43    6.74    5.93    6.40    8.38    5.60    4.08    2.99    3.96    8.02    1.19    4.51    4.94    2.39    2.45    3.86    7.91    4.62    2.91    4.05   12.07   31.12    7.89    6.28    3.42    3.80   11.60    6.38   13.05   14.79    8.20    4.07    6.77    6.69   11.30    9.94   11.05    3.38    8.55   13.61   34.13    3.22   21.27
PSATENC     -9.90  -66.62   10.38   12.23    4.63    2.51    4.53    2.29    5.16    3.66    3.71    2.25    2.31    2.40    0.56    2.12    8.93    2.39    5.01    1.42    4.30    5.06    7.14    2.04   13.28   18.37    4.45    9.13    4.34    2.17    3.15    7.12    8.26   12.36   17.67    6.31    3.21    3.62   13.09    7.23    4.78    1.52    9.46   17.99    5.24   16.94   14.03
PSATAMY1   -11.71  -70.63   17.69   15.25    8.18   20.01    4.32    4.21    6.49    6.07    1.83    2.76    8.10    3.19    0.37    7.79    9.80   13.42    8.55    3.94    6.10    5.19    3.55    3.64    9.66   51.08    9.69    5.40    1.46    1.18    3.97    4.95    8.76    8.32   12.56   14.52    3.54   27.25   12.11    9.14    5.19    5.72   12.25   12.74    1.62    3.56   18.47
PSATAMY2   -12.37  -71.17   19.59   21.05   14.06   15.29    5.58   10.04   14.14    9.67    5.63   10.88    9.75    5.74    2.08   15.54   14.39   14.90    9.73   12.40   16.52   12.14    9.31    8.75   12.91   34.52   14.26    7.29    5.12    2.43    8.14    5.44   10.78   17.78   16.77   15.84   11.22   31.62   20.84    8.88   15.25   14.07   17.31   12.02    7.91    9.96   21.57
PSATAMY3   -13.75  -70.18   24.59   17.87   19.37   11.07    3.54   12.24   13.69    6.04    9.37   14.52   19.34   11.38   11.07   42.80   37.95   17.95    6.96   16.73   28.64   27.65   21.96   16.03   11.69   12.87    9.14    5.53   13.01    2.97   10.57    7.65   19.84   20.92   32.89   31.55   31.66   38.65   21.14   20.97   15.62   30.22   20.73   14.21   18.70    3.77    9.53
PSATAMY4   -13.45  -69.47    8.98    8.01   18.93   12.03    3.50    7.30    8.83    4.42    6.05    7.22    5.84    8.18    4.99   16.84   19.73    7.57    9.65    8.24   14.38   13.34    9.94    4.19   11.77   14.67   13.99    2.57    5.24    4.22   13.79    5.95   12.96   20.89   19.66   16.92   25.58   30.69   15.39   15.44   10.25   17.55   21.50    8.93    4.26    5.63   14.09
PSATJRN    -13.37  -59.01    5.69    2.89    6.99   10.40   11.90   25.27   10.17    2.43    2.11    1.50    9.20    0.76    0.70   10.68    9.34    1.55    2.15   17.33   12.31    0.92    1.95   14.50    9.63   17.03    5.08    2.11    2.26    5.77   15.76    7.61    9.64   12.47   10.60    5.65   12.19   11.93   10.56    4.14    5.57   18.19   16.74   16.74   17.68   12.77    7.87
