PSATAGV    -19.89  -50.35    2.37    5.25   10.02    4.70    0.59    0.49    1.27    4.26    6.32    0.92    0.00    0.00    0.00    0.00    0.00    0.00    0.00    0.00    0.00    0.01    0.00    0.00    0.00    0.00    0.02    0.25    0.10    0.02    0.00    0.00    0.00    0.00    0.00    0.00    0.00    0.00   21.22   21.99    8.77    1.10    0.05    0.02    0.00    0.00    0.07
PSATCMG    -21.28  -44.63    0.64    7.91   12.95    2.95    1.19    0.60    1.02    3.20    0.69   10.07    0.12    0.28    1.25    0.51    0.01    0.01    0.00    0.00    0.00    0.15    0.09    0.01    0.19    0.48    0.41    9.66    2.24   20.35    0.71    0.02    0.07    0.43    0.64    0.15    0.06    0.00    2.86   21.43   25.68   23.46    0.55    0.25    0.06    0.02    0.00
PSATCES    -20.25  -48.16    1.78    7.28    9.35    5.94    1.16    0.66    2.31    2.93    4.46    1.54    0.00    0.00    0.00    0.02    0.00    0.00    0.00    0.00    0.00    0.02    0.00    0.00    0.03    0.01    0.00    1.53    0.86    0.32    0.02    0.00    0.00    0.00    0.00    0.00    0.00    0.00    3.66   21.95   13.18    5.32    0.04    0.08    0.00    0.00    0.15
PSATELC    -21.60  -46.95    0.55   19.02    9.59    6.66    1.32    0.25    0.87    3.85    5.30    3.36    0.00    0.00    0.03    0.09    0.03    0.00    0.00    0.00    0.00    0.00    0.01    0.01    0.21    0.02    0.07   11.06    2.52    2.31    0.08    0.00    0.00    0.48    0.03    0.00    0.05    0.00    8.70   26.63    9.20    6.70    0.07    0.59    0.01    0.01    0.05
PSATFUN    -21.14  -45.04    0.57    4.91    5.11    4.76    1.95    0.49    0.70    3.98    0.49    3.61    0.03    0.07    0.19    0.21    0.01    0.03    0.00    0.00    0.00    0.08    0.02    0.00    0.18    0.36    0.37    4.91    4.18   26.51    0.48    0.01    0.00    0.39    0.21    0.04    0.10    0.00    1.31   20.87   28.70   18.88    0.30    0.03    0.00    0.01    0.00
PSATFUR    -20.67  -46.32    0.64   10.81    7.22    4.70    2.33    0.62    1.83    4.53    3.32    6.30    0.04    0.02    0.03    0.13    0.09    0.03    0.00    0.00    0.00    0.07    0.02    0.00    0.30    0.17    0.09   10.52    3.92    4.74    0.20    0.04    0.00    0.11    0.00    0.00    0.02    0.00    3.43   24.89   22.50   13.95    0.18    0.13    0.01    0.00    0.02
PSATMRB    -20.30  -49.18    2.08    9.66   11.57    7.13    0.88    0.50    1.56    3.61    6.54    1.06    0.00    0.00    0.01    0.02    0.00    0.00    0.00    0.00    0.00    0.00    0.00    0.00    0.04    0.00    0.01    2.63    0.60    0.39    0.02    0.00    0.00    0.04    0.00    0.00    0.00    0.00   10.86   25.86    9.68    3.51    0.05    0.10    0.00    0.00    0.13
PSATPRG    -21.59  -45.67    0.37   16.93   14.75    7.59    0.93    0.12    1.62    5.14    5.37    1.60    0.07    0.09    0.03    0.01    0.05    0.10    0.00    0.01    0.09    0.05    0.01    0.00    0.33    0.10    0.09   17.74    2.23    4.43    0.28    0.02    0.00    0.13    0.13    0.00    0.00    0.00   16.72   27.09   11.60    8.53    0.10    0.11    0.01    0.01    0.00
PSATPAS    -21.02  -48.18    0.16   23.38    9.87    7.72    0.87    0.49    3.73    4.91    9.95    0.48    0.00    0.00    0.00    0.00    0.00    0.00    0.00    0.00    0.00    0.02    0.00    0.00    0.01    0.00    0.17    5.07    0.43    0.40    0.01    0.00    0.00    0.08    0.04    0.00    0.00    0.00   13.63   13.56    8.00    4.75    0.02    0.20    0.00    0.01    0.09
PSATPTB    -21.61  -45.49    0.54   14.65   11.99    3.29    1.16    0.11    0.48    5.41    1.35    3.76    0.05    0.07    0.15    0.02    0.01    0.03    0.00    0.00    0.04    0.31    0.02    0.01    0.35    0.26    0.11   12.00    2.52   12.61    0.20    0.00    0.00    0.27    0.24    0.02    0.00    0.00    6.98   24.86   14.69   15.36    0.39    0.07    0.00    0.03    0.00
PSATPTC    -20.00  -48.55    2.88    7.18   11.67    4.76    2.02    0.40    1.68    4.63    2.49    3.38    0.01    0.00    0.01    0.09    0.00    0.00    0.00    0.00    0.00    0.02    0.00    0.00    0.19    0.01    0.00    1.16    1.30    1.06    0.09    0.01    0.00    0.01    0.00    0.01    0.00    0.00    2.99   20.59   16.35    4.54    0.16    0.07    0.00    0.02    0.16
PSATFZA    -26.00  -51.65    5.56   24.97    0.37    4.62    0.91   23.73    8.03   13.69    0.99    0.00    0.00    0.52    0.19    0.05    0.00    0.83   26.84    6.79    8.86    0.04    0.00    0.00    0.17   21.10   12.17    1.01    0.01    0.00    0.00    2.04    0.47    1.83    0.09    0.02    0.00   14.04    0.01    0.00    0.00    0.08    0.03    0.01    0.00    0.00    0.00
PSATJSG    -25.78  -52.00    6.38   28.26    1.23    5.68    0.88   16.51    7.05   11.96    0.47    0.00    0.00    0.08    0.03    0.02    0.00    3.40   34.70   15.77    8.02    0.01    0.00    0.02    1.22   34.01    3.62    0.15    0.02    0.00    0.00    1.23    1.09    1.62    0.06    0.00    0.00   19.60    0.00    0.00    0.01    0.02    0.00    0.02    0.00    0.00    0.00
PSATSCX    -25.53  -53.48    7.09   40.72    6.97    2.82    1.82   18.10   12.78   19.42    0.49    0.00    0.00    0.01    0.00    0.00    0.00    9.47   31.85   15.51   11.88    0.00    0.00    0.07    5.99   43.18    0.57    0.25    0.04    0.00    0.00    2.45    4.91    3.09    0.00    0.01    0.00   18.53    0.00    0.00    0.01    0.00    0.00    0.01    0.00    0.01    0.00
PSATSCL    -25.49  -51.74    7.70   33.69    1.02   11.99    0.82   28.77   19.41   14.79    0.95    0.00    0.00    0.05    0.02    0.01    0.00    0.15   35.68   33.36   14.34    0.00    0.04    0.09    0.05    6.57    7.49    0.61    0.02    0.00    0.00    0.73    2.11    5.65    0.03    0.00    0.00   16.22    0.00    0.00    0.00    0.14    0.00    0.02    0.00    0.00    0.00
PSATUVT    -26.23  -51.08    2.34   16.72    0.18    0.83    1.93   11.05   11.91    8.82    2.60    0.36    0.20    1.66    0.68    0.18    0.00    0.56    6.65   14.70   15.78    0.12    0.02    0.00    0.01   18.60   35.28    1.78    0.03    0.00    0.00    0.08    0.63    1.13    0.31    0.01    0.00    4.80    0.02    0.00    0.21    0.81    0.29    0.01    0.02    0.01    0.00
PSATBSM    -24.19  -53.74    4.23   37.95   13.86    1.43    9.52   34.90   18.90   24.24    1.23    0.00    0.00    0.00    0.00    0.00    0.02    0.67   45.14   19.04   14.70    0.00    0.00    0.00    0.01    3.37    1.44    0.39    0.32    0.00    0.00    0.67    6.16    4.88    0.00    0.00    0.00   18.14    0.07    0.00    0.01    0.02    0.00    0.00    0.00    0.00    0.01
PSATFLE    -22.97  -54.56    4.79   32.90    3.66    3.13   20.86   23.39   16.90   19.72    1.40    0.00    0.00    0.01    0.07    0.00    0.00    0.36   33.74   14.90    2.40    0.00    0.00    0.00    0.01    4.95    3.65    0.12    0.77    0.03    0.00    0.00    1.50    0.41    0.01    0.00    0.07   32.37    0.04    0.37    0.12    0.00    0.00    0.00    0.00    0.00    2.76
PSATITP    -25.42  -54.58    5.33   35.52    8.18    1.62   22.32   20.71   20.52   23.94    1.83    0.00    0.00    0.01    0.01    0.00    0.10    2.02   38.23    6.60    2.54    0.00    0.00    0.00    4.59   16.06    1.30    0.25    0.26    0.01    0.00    0.38    6.93    2.17    0.00    0.00    1.55   28.68    0.10    0.21    0.10    0.00    0.01    0.00    0.00    0.00    1.56
PSATIVM    -22.38  -53.53    2.08   28.91   12.84    6.78    5.09    6.43   11.53   13.87    4.79    0.00    0.01    0.00    0.01    0.12    1.07    0.53    1.48    9.52    1.50    0.00    0.00    0.00    0.03    0.30    0.49    0.05    0.35    0.01    0.00    0.00    0.01    0.23    0.00    0.00    0.00   21.27    0.16    0.90    1.49    0.01    0.00    0.00    0.00    0.00    3.40
PSATPTQ    -23.18  -53.17    1.62   33.50   10.89    3.51    2.81   32.03   15.85   26.74    1.94    0.01    0.00    0.07    0.01    0.00    0.00    0.03   19.63   19.86   13.09    0.00    0.02    0.01    0.00    0.41   15.14    0.78    0.31    0.00    0.00    0.05    1.15    2.76    0.00    0.00    0.00   16.41    0.11    0.09    0.29    0.20    0.04    0.03    0.00    0.00    0.18
PSATCBI    -17.99  -48.54    0.36    0.45    2.13    7.29    7.35    4.93    5.21    7.75    4.10    3.97    0.32    0.45    0.97    0.02    0.02    0.09    0.01    0.00    0.02    0.00    0.00    0.00    0.00    0.00    0.00    0.00    0.00    0.01    0.00    0.00    0.00    0.01    0.00    0.00    0.00    0.00    0.00    0.07    9.44    3.39    0.00    0.00    0.01    0.22    0.72
PSATCBIV   -16.15  -48.67    0.33    0.99    2.30    7.37   12.58   10.66    7.32    6.44    4.84    6.14    0.62    0.66    3.39    0.03    0.18    0.66    0.06    0.00    0.00    0.00    0.00    0.00    0.00    0.00    0.00    0.00    0.00    0.00    0.00    0.00    0.00    0.07    0.00    0.00    0.00    0.00    0.00    0.00    9.84    3.07    0.00    0.00    0.02    0.14    0.34
PSATEMB    -18.45  -47.98    1.36    0.18    4.14    7.06    3.94    2.20    1.59    3.44    3.88    1.67    0.14    0.03    0.03    0.04    0.02    0.00    0.00    0.00    0.00    0.10    0.00    0.07    0.20    0.03    0.05    0.11    0.25    0.08    0.12    0.16    0.02    0.00    0.02    0.00    0.01    0.00    0.09    9.84   23.32    3.95    0.01    0.00    0.00    0.16    1.33
PSATIMBR   -18.42  -49.10    4.36    0.43    4.48    6.18    2.30    1.00    2.45    6.55    2.93    3.72    0.03    0.05    0.24    0.02    0.00    0.00    0.00    0.00    0.00    0.01    0.00    0.00    0.01    0.00    0.00    0.06    0.14    0.02    0.02    0.03    0.02    0.00    0.00    0.00    0.00    0.00    1.21    5.93   22.01    1.79    0.02    0.00    0.00    0.22    0.40
PSATNPTE   -19.13  -47.70    4.33    0.89    3.64    5.03    2.76    0.52    1.64    3.72    1.34    4.75    0.09    0.00    0.01    0.12    0.01    0.00    0.00    0.00    0.00    0.05    0.00    0.00    0.48    0.06    0.00    0.25    1.97    0.68    0.41    0.11    0.00    0.00    0.01    0.02    0.01    0.00    1.67   18.02   22.18    5.79    0.07    0.00    0.00    0.10    0.44
PSATARV    -18.07  -50.16    6.57    2.04    6.29    6.95    2.32    1.57    5.70    5.74    1.94    4.04    0.00    0.14    4.73    0.68    0.11    0.03    0.00    0.00    0.00    0.00    0.00    0.01    0.00    0.00    0.00    0.01    0.07    0.01    0.00    0.00    0.00    0.00    0.00    0.00    0.00    0.01    0.43    0.38   12.59    0.18    0.00    0.01    0.00    0.01    0.00
PSATSFC    -18.05  -47.68    0.13    0.17    5.27    8.29    3.79    4.07    3.34    7.16    4.08    3.90    0.58    0.48    0.09    0.06    0.03    0.02    0.00    0.00    0.02    0.01    0.00    0.00    0.02    0.05    0.03    0.04    0.03    0.03    0.00    0.00    0.05    0.05    0.01    0.00    0.00    0.00    0.00    1.21   15.93    5.84    0.00    0.00    0.00    0.53    1.40
PSATSSM    -19.02  -50.50    6.35    2.66   10.50    5.02    1.32    0.71    2.73    5.10    2.60    1.87    0.00    0.06    0.85    0.03    0.04    0.04    0.00    0.00    0.00    0.00    0.00    0.00    0.00    0.00    0.00    0.09    0.04    0.01    0.00    0.00    0.00    0.00    0.00    0.00    0.00    0.00    2.53   12.17   19.80    1.23    0.07    0.00    0.00    0.02    0.17
PSATCNI    -22.94  -50.52    0.45   24.79    7.25    5.55    0.80    2.28    5.37    5.08   15.63    0.13    0.01    0.00    0.00    0.00    0.00    0.00    0.11    0.45    0.01    0.00    0.02    0.00    0.00    0.00    0.67    5.52    0.08    0.00    0.00    0.00    0.00    0.00    0.02    0.00    0.00    2.47   12.69    0.17    7.29   15.06    0.13    0.01    0.00    0.01    0.00
PSATCPV    -22.65  -51.33    0.17   29.76   13.61    7.43    0.82    7.48   10.59   12.76    9.77    0.33    0.03    0.13    0.05    0.00    0.00    0.00    0.26    6.70    2.22    0.00    0.01    0.00    0.00    0.00   15.89    0.94    0.25    0.00    0.00    0.00    0.04    0.34    0.01    0.00    0.00   11.19    4.07    0.06    6.35    7.88    0.15    0.03    0.00    0.00    0.02
PSATCHT    -23.01  -49.73    0.19   30.59    4.75    8.18    0.47    4.42   11.36   11.43   10.02    0.17    0.28    0.27    0.20    0.00    0.00    0.00    0.02    0.53    8.84    0.00    0.01    0.00    0.00    0.01   12.36    3.98    0.15    0.01    0.00    0.00    0.07    0.60    0.00    0.00    0.00    3.51    7.24    0.02    9.39   10.43    0.29    0.00    0.03    0.01    0.01
PSATJUR    -23.22  -49.23    0.05   26.00    5.05    4.93    0.70    2.40   11.49    6.81   16.15    0.39    0.88    0.65    0.20    0.12    0.01    0.00    0.01    0.04    3.84    0.01    0.12    0.00    0.00    0.08    3.65    9.32    0.52    0.07    0.00    0.00    0.20    0.28    0.04    0.01    0.00    0.48   12.32    0.09   12.41   17.41    0.40    0.01    0.06    0.03    0.06
PSATMAU    -24.06  -50.71    1.05   41.09    4.81   10.48    0.60   17.26   19.14   13.50    2.48    0.15    0.04    0.47    0.15    0.01    0.00    0.00    3.02    5.88   18.09    0.01    0.01    0.00    0.00    1.33   39.09    0.55    0.08    0.00    0.00    0.04    0.47    3.60    0.07    0.00    0.00    5.14    0.20    0.00    2.36    2.04    0.24    0.08    0.00    0.00    0.00
PSATROS    -22.50  -52.87    0.16   31.20   26.11    1.60    1.39   20.40    6.39   16.94    6.51    0.39    0.00    0.00    0.00    0.00    0.00    0.00    2.01    5.96    1.90    0.00    0.00    0.00    0.00    0.03    8.77    1.18    0.28    0.00    0.00    0.00    0.00    0.00    0.00    0.00    0.00   26.66    1.14    0.14    0.95    0.31    0.04    0.02    0.00    0.01    1.50
PSATQMD    -16.21  -47.33    0.50    0.51    2.56   11.12    6.63    3.47    4.16    6.02    8.55    9.54    2.27    0.46    0.05    0.01    0.01    0.25    0.00    0.00    0.21    0.01    0.00    0.00    0.05    0.02    0.05    0.05    0.00    0.00    0.00    0.00    0.00    0.03    0.00    0.00    0.00    0.02    0.00    0.02    6.09    6.26    0.00    0.00    0.06    1.22    1.63
PSATRBX    -18.95  -44.76    0.24    0.29    6.43    3.72    2.80    0.98    0.96    3.91    3.41    7.23    0.01    0.03    0.08    0.20    0.03    0.05    0.00    0.00    0.00    0.16    0.01    0.02    0.55    0.39    0.72    2.85    8.75   14.63    1.36    0.03    0.00    0.08    0.09    0.03    0.08    0.00    0.02   19.91   26.76   19.08    0.10    0.02    0.00    0.00    0.20
PSATSFR    -15.93  -44.86    0.12    0.69    1.72    7.34    5.92    5.71    4.57    4.53    2.98    7.38    6.13    0.13    0.02    0.00    0.01    0.02    0.04    0.05    0.33    0.04    0.00    0.02    0.20    0.10    0.15    0.02    0.00    0.00    0.00    0.00    0.00    0.02    0.01    0.00    0.02    0.00    0.00    1.05   10.75   11.04    0.00    0.00    0.06    1.83    1.69
PSATSRM    -16.37  -45.07    0.32    0.15    4.10    6.27    3.27    3.61    3.37    4.17    2.97    6.34    2.62    0.14    0.04    0.09    0.02    0.01    0.00    0.02    0.18    0.14    0.01    0.30    0.39    0.21    0.34    0.19    1.06    1.05    0.25    0.07    0.07    0.07    0.02    0.06    0.01    0.02    0.00    4.31   25.81   14.92    0.01    0.00    0.08    0.66    1.64
PSATTMR    -18.16  -45.27    0.47    0.59    6.91    4.49    5.10    1.21    2.12    3.67    4.09    6.96    0.10    0.00    0.02    0.13    0.01    0.00    0.00    0.00    0.00    0.07    0.04    0.10    0.25    0.14    0.20    1.99    6.09    3.59    0.44    0.06    0.01    0.01    0.06    0.01    0.00    0.00    0.00   16.24   24.97   13.24    0.08    0.02    0.00    0.00    0.37
PSATBOQ    -11.35  -43.83    6.50    1.52    0.16    0.02    0.24    0.40    0.57    3.51    2.22    5.47    5.71    8.87    0.19    0.03    0.32    0.26    0.41    0.16    0.14    0.00    0.08    0.04    0.03    0.01    0.12    0.07    0.00    0.02    0.05    0.06    0.08    0.03    0.09    0.00    0.06    0.17    0.03    0.08    0.36    0.31    2.22    0.98    2.63    2.19    1.29
PSATBBO    -22.52  -48.55    0.07   30.33    7.75    8.24    1.00    1.13    5.41    6.28   16.15    0.99    0.39    0.06    0.02    0.01    0.00    0.00    0.00    0.00    0.32    0.06    0.04    0.00    0.01    0.01    1.43    5.47    0.79    0.59    0.01    0.00    0.02    0.03    0.02    0.00    0.00    0.00   18.41    4.83   13.29   14.60    0.06    0.14    0.02    0.01    0.01
PSATESZ    -23.46  -46.91    0.15   21.35   16.16    3.27    1.78    4.67    2.67   11.15   20.85    4.40    4.40    0.98    0.56    0.09    0.00    0.00    0.00    0.03    1.74    0.05    0.10    0.01    0.00    0.12    9.58   16.29    1.83    1.74    0.15    0.01    0.45    0.55    0.21    0.02    0.00    0.00   37.08    4.72   24.01   42.99    0.57    0.23    0.30    0.07    0.08
PSATIBT    -21.76  -48.99    0.11   39.15    5.47    6.79    1.10    1.02    4.86    3.66   14.54    0.22    0.00    0.00    0.00    0.00    0.00    0.00    0.04    0.00    0.02    0.06    0.00    0.00    0.00    0.00    0.13    2.49    0.04    0.06    0.00    0.00    0.00    0.00    0.00    0.00    0.00    0.00    9.40    0.71    6.14    4.80    0.01    0.06    0.00    0.01    0.01
PSATNAV    -21.12  -50.20    0.07   16.84    7.28    7.92    0.70    0.93    3.25    3.85    8.85    0.50    0.00    0.00    0.00    0.00    0.00    0.00    0.00    0.00    0.00    0.00    0.00    0.00    0.00    0.00    0.02    0.65    0.00    0.01    0.00    0.00    0.00    0.00    0.00    0.00    0.00    0.01    7.74    2.37    4.64    2.10    0.00    0.01    0.00    0.01    0.01
PSATSME    -13.40  -48.30    2.54    1.22    2.31    3.84    7.73    8.23    7.17    4.89    5.12    6.42    2.26    2.57    3.69    0.20    0.22    0.28    0.02    0.00    0.02    0.01    0.00    0.00    0.01    0.00    0.00    0.00    0.00    0.00    0.00    0.00    0.00    0.00    0.00    0.00    0.00    0.00    0.00    0.20    6.39    5.06    0.01    0.00    0.01    0.20    0.16
PSATBGR    -27.78  -51.20    0.00    0.01    0.08    0.12    1.32    9.86    9.30    3.80    1.76    0.00    0.00    0.18    0.09    0.02    0.00   19.56   27.72    1.16    1.81    0.12    0.00    4.43    3.61   14.62    0.77    0.51    0.09    0.01    0.00    0.00    0.13    0.02    0.08    0.01    0.00    7.24    0.08    0.00    0.00    0.08    0.01    0.01    0.00    0.00    0.03
PSATCNV    -27.60  -51.33    0.00    0.72    0.04    0.34    1.28    9.32    8.29    4.03    1.45    0.00    0.00    0.43    0.47    0.14    0.01   21.40   19.95    6.86    2.89    0.18    0.00    0.43    1.56   19.46    5.17    0.30    0.03    0.00    0.00    0.00    0.17    0.07    0.20    0.01    0.00    8.42    0.03    0.00    0.00    0.09    0.02    0.01    0.00    0.01    0.00
PSATFCH    -27.14  -53.04    0.06    4.40    0.10    0.54    0.74   16.04    5.67    5.92    0.92    0.00    0.00    0.00    0.02    0.00    0.00   33.37   42.10    1.62    6.27    0.00    0.00   11.53   16.49    6.82    0.00    0.06    0.00    0.00    0.00    0.00    0.06    4.03    0.00    0.00    0.08   17.91    0.15    0.00    0.00    0.02    0.00    0.02    0.00    0.00    0.00
PSATITA    -27.27  -52.38    0.01    4.45    0.14    1.82    0.97   12.88    7.40    8.66    1.28    0.00    0.00    0.10    0.11    0.01    0.00   24.41   31.48    8.61    7.27    0.03    0.00    3.52    6.98   19.95    2.90    0.13    0.00    0.00    0.00    0.00    0.19    0.39    0.07    0.02    0.02   12.71    0.09    0.00    0.00    0.00    0.01    0.01    0.00    0.00    0.00
PSATMCD    -27.52  -51.78    0.00    0.41    0.12    0.18    1.36    4.67    6.65    6.89    0.89    0.00    0.00    0.04    0.02    0.00    0.00   34.13   29.08    0.38    2.66    0.01    0.00    6.99    8.48   13.53    0.00    0.08    0.00    0.00    0.00    0.00    0.00    0.09    0.02    0.00    0.09   14.21    0.11    0.00    0.00    0.00    0.00    0.02    0.00    0.00    0.00
PSATMOJ    -27.35  -52.73    0.01    0.99    0.12    0.52    1.10    4.78    3.90    6.21    0.66    0.00    0.00    0.00    0.00    0.00    0.00   47.61   28.50    0.15    4.97    0.02    0.00   34.74   29.79    2.31    0.00    0.05    0.00    0.00    0.00    0.00    0.02    4.94    0.06    0.00    0.09   27.18    0.17    0.00    0.00    0.00    0.00    0.00    0.00    0.00    0.00
PSATQQX    -26.66  -52.54    2.69   18.81    1.57    3.68    1.19   15.47    7.21    9.64    0.79    0.00    0.00    0.02    0.01    0.00    0.00    8.64   32.10    8.83    8.77    0.01    0.00    0.21    5.82   34.58    1.19    0.15    0.00    0.00    0.00    0.08    0.73    0.82    0.11    0.02    0.00   15.85    0.08    0.00    0.00    0.00    0.00    0.00    0.00    0.00    0.00
PSATPSJ    -28.14  -55.05    0.00    0.00    0.82    2.19    1.48    0.73    3.75    2.44    0.13    0.00    0.00    0.00    0.00    0.00    2.25   85.98   13.27    0.00    5.97    3.64    0.69   73.54   71.82    0.00    0.02    0.11    0.00    0.00    0.00    0.00    0.00    2.17    0.08    0.08   18.75   17.76    0.24    0.00    0.00    0.00    0.00    0.00    0.00    0.02    0.00
PSATESP    -18.68  -51.87    3.09    5.66    3.27    4.42    0.29    2.27    5.86    1.89    2.45    0.87    0.01    0.00    1.24    1.80    0.09    0.60    0.09    0.00    0.00    0.00    0.00    0.00    0.00    0.00    0.03    0.03    0.00    0.00    0.00    0.00    0.00    0.00    0.27    0.00    0.00    0.00    7.57    0.15   23.13    0.43    0.03    0.00    0.00    0.00    0.00
PSATSRC    -19.16  -50.76    3.93    3.50    6.87    7.95    0.41    0.73    4.58    4.94    1.74    1.29    0.01    0.01    0.77    0.76    0.16    0.18    0.08    0.00    0.00    0.02    0.00    0.00    0.00    0.00    0.02    0.06    0.12    0.00    0.00    0.00    0.00    0.00    0.37    0.00    0.00    0.01    5.25    9.31   21.04    0.57    0.02    0.00    0.00    0.01    0.00
PSATFRCL   -19.12  -50.64    5.86    4.18    7.93   11.16    1.83    1.23    5.11    6.12    1.95    2.28    0.02    0.01    1.17    1.00    0.15    0.27    0.13    0.00    0.00    0.01    0.00    0.00    0.00    0.00    0.02    0.18    0.25    0.01    0.00    0.00    0.00    0.00    0.36    0.00    0.00    0.00    4.72    4.01   21.00    0.60    0.04    0.00    0.00    0.00    0.00
PSATISOT   -20.40  -51.35    1.23    6.08   10.23    7.70    0.55    0.68    2.57    5.32    6.12    1.05    0.00    0.00    0.06    0.04    0.03    0.02    0.00    0.03    0.00    0.01    0.00    0.00    0.00    0.00    0.01    0.02    0.01    0.00    0.00    0.00    0.00    0.00    0.02    0.00    0.00    0.35    7.43   21.75   11.36    0.60    0.02    0.00    0.00    0.00    0.01
PSATJUP    -20.86  -51.63    1.69   14.12    8.74    4.81    0.99    1.96    6.27    6.22    6.42    0.77    0.00    0.01    0.20    0.56    0.26    0.36    0.06    0.28    0.00    0.00    0.00    0.00    0.00    0.00    0.00    0.03    0.03    0.00    0.00    0.00    0.00    0.00    0.09    0.00    0.00    0.43   11.07   19.32   12.95    0.34    0.02    0.00    0.00    0.00    0.02
PSATSDG    -20.06  -53.18    0.84   13.07    6.73    3.48    0.66    1.50    7.21    5.48    5.62    0.27    0.00    0.01    0.24    0.83    0.81    1.03    0.16    0.83    0.00    0.00    0.00    0.00    0.00    0.00    0.00    0.01    0.02    0.00    0.00    0.00    0.00    0.16    0.03    0.00    0.00    3.79   17.40   26.48    6.00    0.04    0.02    0.00    0.00    0.00    0.00
PSATFZBT   -21.66  -52.87    0.39   19.26   15.37   10.52    1.07    4.12    8.79   10.56    7.06    0.03    0.01    0.00    0.04    0.39    0.35    0.43    0.36    6.90    0.25    0.00    0.00    0.00    0.00    0.00    0.55    0.18    0.12    0.00    0.00    0.00    0.00    0.52    0.03    0.00    0.00   13.82    6.51    5.09    5.42    0.00    0.01    0.00    0.00    0.00    0.16
PSATPPRA   -22.46  -52.91    0.14   18.27   15.80    8.44    0.83    5.76    4.20    5.29    8.60    0.50    0.00    0.00    0.00    0.02    0.00    0.01    0.65    1.58    0.06    0.00    0.00    0.00    0.00    0.00    0.63    0.48    0.03    0.00    0.00    0.00    0.00    0.03    0.05    0.00    0.00    6.60    9.61    2.55    3.67    1.63    0.02    0.00    0.00    0.00    0.46
PSATBTE    -13.69  -50.80    5.73    2.56    4.68    4.97    3.31    3.73    7.74    4.83    2.51    2.13    0.04    4.02    4.06    0.61    0.15    0.20    0.04    0.00    0.00    0.00    0.00    0.00    0.00    0.00    0.00    0.01    0.00    0.00    0.00    0.00    0.00    0.00    0.04    0.00    0.00    0.04    1.28    0.01   10.23    0.36    0.00    0.00    0.00    0.00    0.00
PSATARAG    -8.27  -49.26    3.57    1.89    1.82    3.60    4.04    3.76    3.34    3.23    4.54    6.06    3.27   11.69    9.06    1.71    1.26    0.59    0.60    0.21    0.08    0.03    0.01    0.00    0.05    0.01    0.01    0.00    0.01    0.09    1.33    0.04    0.01    0.02    0.01    0.05    0.10    0.38    0.49    1.00    7.56    2.09    0.02    0.00    0.09    7.12    2.70
PSATLAJ     -9.76  -48.37    4.58    2.13    0.88    1.13    2.89    1.93    3.73    4.39    4.76    5.75    7.18    5.11    1.19    0.35    0.24    0.09    0.32    0.19    0.16    0.02    0.00    0.00    0.02    0.01    0.05    0.01    0.00    0.00    0.17    0.00    0.00    0.00    0.02    0.00    0.06    0.03    0.02    0.34    3.36    3.62    0.10    0.04    1.49    3.61    1.14
PSATPTRL    -9.31  -47.39    4.55    1.66    0.16    0.17    0.43    1.93    2.79    2.22    4.14    2.93    4.14   10.29    4.68    1.10    0.11    0.13    0.81    0.32    0.14    0.02    0.00    0.00    0.01    0.00    0.00    0.00    0.00    0.02    0.07    0.00    0.02    0.01    0.00    0.00    0.10    0.02    0.11    0.12    0.27    2.64    0.44    3.83    2.90    5.36    2.27
PSATLJET    -7.33  -47.48    3.92    1.65    1.19    7.29    1.13    3.92    2.57    5.33    2.36    1.66    2.25   11.23    8.29    1.67    0.37    0.59    1.48    0.21    0.12    0.37    0.10    0.03    0.20    0.10    0.01    0.03    0.04    0.26    0.64    0.09    0.04    0.05    0.12    0.20    0.43    0.59    1.04    0.43    2.31    6.36    3.70    5.32    3.98    8.66    1.94
PSATUCR     -3.83  -49.65    4.40    4.12    2.24    8.36    3.34    5.55    1.96    4.28    2.89    1.75    3.22   11.27   12.74    5.37    4.49    4.02    1.26    0.56    0.75    0.82    1.06    1.40    2.40    1.71    0.18    0.79    0.84    0.79    1.24    0.84    0.33    0.66    1.58    1.03    3.53    3.43    1.96    2.07   11.77    7.27    3.34    6.83    6.39   11.24    4.20
PSATXIVJ   -29.07  -51.67    0.00    0.00    0.18    0.21    2.09    7.09    9.09    2.81    1.10    0.01    0.00    0.02    0.01    0.01    0.00   31.39   35.76    0.12    2.42    0.24    0.00   32.24   28.79    3.94    0.05    0.46    0.00    0.00    0.00    0.00    0.00    0.05    0.03    0.00    0.02   13.82    0.32    0.00    0.00    0.00    0.00    0.02    0.00    0.00    0.00
PSATDFRC   -29.45  -53.28    0.00    0.00    0.22    2.95    3.41    0.90    3.51    2.48    0.17    0.00    0.00    0.00    0.00    0.00    0.37   61.07    8.72    0.00    4.84    2.96    2.64   48.45   93.74    0.02    0.02    0.24    0.02    0.00    0.00    0.00    0.02    0.91    0.13    0.10    9.40   15.27    0.32    0.00    0.00    0.00    0.00    0.00    0.00    0.01    0.05
PSATREAL   -29.02  -53.19    0.00    0.01    0.16    1.02    0.91    2.27    5.44    2.82    0.17    0.00    0.00    0.00    0.00    0.00    0.00   67.57   22.13    0.01    4.81    1.15    0.05   64.53   69.89    0.05    0.01    0.20    0.00    0.00    0.00    0.00    0.01    2.69    0.04    0.01    4.17   23.88    0.36    0.00    0.00    0.00    0.00    0.00    0.00    0.01    0.00
PSATCTAV   -29.01  -51.39    0.00    0.01    0.02    0.48    2.48    8.31    8.63    2.53    1.15    0.00    0.00    0.00    0.07    0.00    0.00   31.73   38.07    0.71    2.47    0.13    0.00   18.81   20.13    2.01    0.47    1.14    0.42    0.01    0.00    0.04    0.20    0.01    0.16    0.00    0.05    6.98    0.34    0.00    0.00    0.02    0.01    0.04    0.00    0.02    0.01
PSATERNT   -28.56  -52.54    0.00    0.16    0.32    0.28    0.83    4.87    7.24    5.48    0.75    0.00    0.00    0.01    0.00    0.00    0.00   41.35   33.56    0.03    4.78    0.32    0.00   34.96   33.71    4.13    0.00    0.06    0.00    0.00    0.00    0.00    0.00    0.55    0.09    0.00    0.09   20.02    0.21    0.00    0.00    0.00    0.00    0.00    0.00    0.00    0.00
PSATSTPL   -27.14  -49.52    0.01    0.87    0.14    0.13    1.95    4.06   10.42    3.48    1.81    0.00    0.00    0.71    1.03    0.35    0.02    8.37   13.10   13.93    2.57    0.39    0.00    0.03    0.47   25.57   12.10    0.75    0.08    0.00    0.00    0.00    0.23    0.12    0.33    0.03    0.01   10.12    0.01    0.00    0.00    0.05    0.02    0.02    0.00    0.00    0.01
PSATCVCH   -25.14  -48.87    0.19   23.24    1.30    3.50    2.85    3.23   18.76   10.95    5.21    1.19    0.63    2.91    0.81    0.29    0.00    0.00    0.03    4.64    3.54    0.11    0.18    0.00    0.00    0.40   36.32    2.69    0.09    0.03    0.00    0.15    0.85    1.92    0.24    0.00    0.00    1.95    0.73    0.00    4.94    9.98    0.43    0.06    0.18    0.00    0.03
PSATAMY    -12.60  -69.12   15.17   10.57    8.27    7.88    9.50    6.53   10.20    6.39   13.26    6.47    2.37    0.35    0.26    0.32    0.63    0.85    0.80    2.18    1.27    0.44    1.92    4.40    6.95    5.62   13.09    1.87    0.67    0.43    1.77    2.69    1.23    2.45    3.64    1.68    2.65    8.54   12.51    0.41    0.49    0.38    0.29    0.10    0.27    0.80    2.43
PSATGJR    -10.73  -65.35   15.80    5.63    2.98    4.27    4.23    3.60    2.72    6.77    5.87    0.91    0.23    0.04    0.02    0.11    0.62    1.17    1.67    4.14    0.89    0.12    0.29    0.88    4.58    8.20    1.26    0.12    0.06    0.05    0.43    1.65    0.90    0.94    0.79    0.38    1.89   13.47    3.10    0.03    0.04    0.02    0.01    0.00    0.00    0.35    0.82
PSATPRNC   -12.43  -64.43    3.65    6.26    6.93    3.30    2.34    4.21    2.46    4.09    1.34    0.80    0.00    0.00    0.04    0.46    2.12    2.16    1.52    3.19    0.64    0.11    0.01    0.05    0.21    0.93    0.00    0.00    0.00    0.01    0.25    0.16    0.04    0.07    0.04    0.12    0.56    6.61    0.52    0.01    0.29    0.00    0.00    0.00    0.00    0.01    0.31
PSATSANT    -8.87  -63.97    2.98    6.58    3.30    8.88    6.68   10.73    5.69    3.09    2.37    6.60    0.84    0.00    0.00    6.24    7.34    3.51    1.33    0.98    1.21    0.35    0.29    1.10    0.34    0.04    0.00    0.00    0.08    0.70    1.47    2.89    4.78    5.14    6.68    0.69    1.26    4.51   16.17    0.04    0.01    0.00    0.00    0.00    0.00    0.31    6.26
PSATDARD   -10.16  -59.46    1.70    2.29    2.42   13.13    3.12    3.47    1.37    1.96    2.78    1.24    0.23    0.02    2.40    3.03    6.40    2.38    1.17    0.08    0.23    0.15    0.00    0.02    0.00    0.00    0.00    0.00    0.00    0.02    0.12    0.03    0.02    0.23    1.57    0.45    3.29    1.67    9.85    0.00    0.20    0.00    0.00    0.00    0.00    0.02    0.55
PSATGUAP   -15.12  -58.96    0.60    1.74    7.70    4.84    4.14   11.07    4.10    2.98    1.65    1.95    0.00    0.00    1.04    2.21    0.75    2.43    0.34    0.67    0.11    0.02    0.00    0.00    0.00    0.00    0.00    0.00    0.00    0.00    0.00    0.00    0.00    0.03    0.00    0.09    0.09    2.72    0.12    0.00    2.96    0.00    0.00    0.00    0.00    0.03    0.00
PSATJIRA    -9.25  -64.65    8.66    7.26    2.54    4.44    4.38    4.34    2.80    4.81    8.11    3.87    0.85    0.14    0.07    0.15    1.02    1.13    1.30    2.54    2.01    0.40    0.28    0.75    2.10    5.99    3.45    0.61    0.20    0.13    1.03    1.59    1.43    3.78    3.54    0.89    1.25   12.04    8.12    0.11    0.21    0.13    0.06    0.04    0.02    0.19    1.41
PSATROND   -11.99  -60.70    1.52    0.74   10.10    1.93    6.35    6.56    2.27    3.49    1.94    0.68    0.00    0.00    1.22    1.42    2.03    5.02    1.22    0.12    0.06    0.02    0.00    0.08    0.00    0.00    0.00    0.00    0.00    0.00    0.24    0.00    0.00    0.00    0.52    0.49    0.70    5.62    1.74    0.00    0.37    0.00    0.00    0.00    0.00    0.00    0.61
PSATSAMU    -8.75  -63.45    0.43    5.90    3.86   10.66    7.64   11.68    3.91    2.00    4.16    5.62    0.35    0.00    0.16    3.55    4.24    3.45    1.53    0.54    0.92    0.39    0.00    0.60    0.25    0.00    0.00    0.00    0.01    0.36    0.86    0.46    1.49    1.69    3.95    0.44    1.02    3.22   14.06    0.00    0.02    0.00    0.00    0.00    0.00    0.22    3.29
PSATBALB    -1.92  -59.47    9.91    4.42   11.36   13.25    7.98   10.70    3.73    1.84   11.71   15.19   27.63   18.08   17.02   16.22   12.21    3.13    3.65    5.10    2.82   18.63    9.46   12.88    2.81    3.07    8.69   12.00    5.32    4.81    6.15    5.03    3.88   15.52   16.91    7.96    5.73    3.59   11.30   24.61   15.99   19.06    7.10   11.20   11.13    9.45   20.54
PSATCUNA    -2.82  -54.30    2.47    2.83    2.85    6.28    3.66    1.60    1.46    1.50    8.62   18.13   22.43   13.96   18.21    5.45    5.39    4.85    2.59    2.94    4.67    6.19    3.61    5.39    3.09    2.38    0.89    4.73   10.35    0.42    2.27    1.05    3.38    5.68    6.86    6.35    2.01    4.97    3.10    9.34   14.41   15.75   11.98    7.05    9.69   11.83    3.43
PSATJARI    -0.65  -52.52    6.77    2.91    7.93    7.28    9.14    9.52    1.64    5.32    8.73   10.82   17.17   14.72   14.27    2.44    7.85   13.47    7.50    9.57    7.33    7.27   11.67   11.83    7.64    4.48    1.16    7.40   14.12    0.32    2.20    8.37    2.33    8.61    9.32    8.18    7.15    0.54    7.48    6.38   12.47    8.75   10.67    5.78    7.20   10.52   10.34
PSATFGOM     0.86  -51.20    6.18    4.28    8.38   10.60    9.80    7.22    2.19    6.91    5.66    8.60   12.60   10.71   12.22    3.19    7.77   11.03    6.17   13.89    4.78   11.89   12.46    8.40    7.54    4.76    1.34   15.37   15.56    0.33    5.28   15.63    1.63    7.15    7.99    9.29    4.14    0.26    7.68    5.64    9.22    7.62    9.29    6.17    6.69   12.94   12.65
PSATUBE     -6.75  -43.57    3.45    1.32    2.61    1.14    1.00    1.38    2.68    3.98    0.95    1.07    3.45   19.06    3.00    0.38    0.40    0.79    0.73    0.02    0.22    0.09    0.11    0.07    0.03    0.07    0.03    0.02    0.02    0.28    0.16    0.07    0.02    0.02    0.00    0.05    0.15    0.13    0.19    0.17    0.41    1.37    5.35    6.92    4.35    2.52    0.41
PSATBSOR    -6.74  -52.00    3.83    2.02    1.58    4.83    3.36    3.14    2.97    2.73    3.99    6.70    3.94    7.44   11.26    3.03    3.67    1.53    0.38    0.75    0.12    0.03    0.01    0.00    0.08    0.01    0.01    0.01    0.12    0.09    0.86    0.62    0.14    0.24    0.27    1.19    0.90    2.07    3.06    2.26    7.59    1.32    0.28    0.31    0.10    2.51    3.84
PSATBESP    -6.75  -51.77    8.24    4.50    0.79    4.13    4.40    3.81    1.30    2.60    1.73    4.11    2.08    8.20    7.65    8.21    7.72    2.81    1.12    0.62    0.33    0.61    0.07    0.04    0.64    0.24    0.07    0.12    0.35    0.82    3.59    2.34    0.98    0.61    0.67    3.24    2.48    3.98    4.35    3.68   24.38    9.26    1.60    2.08    0.17   16.64    5.32
PSATPIME    -3.41  -51.91    3.28    4.18    3.54    5.53    4.68    2.89    2.03    2.06    6.92    5.75    4.46    8.45   12.31    2.80    6.38    4.01    0.75    1.64    0.89    2.13    0.53    1.11    1.69    0.70    0.22    0.15    3.23    0.89    1.73    2.82    1.07    2.71    4.80    5.33    2.97    2.63    7.32    4.93   16.90    9.89    3.97    4.81    4.79    6.96    7.23
PSATIRAP   -16.74  -42.57    0.17    0.03    0.09    9.30    5.35    8.14    4.18    5.38    2.43   17.18    8.05    0.07    0.13    0.30    0.21    0.01    0.13    0.23    0.36    0.64    0.21    0.89    0.65    0.50    0.09    0.12    0.97    0.18    0.29    0.16    0.40    0.71    0.07    0.42    0.21    0.07    0.11    0.35   13.03   17.26    0.01    0.01    0.96    2.20    1.40
PSATITBI   -15.97  -39.59    0.54    0.35    0.02    6.69    4.41    8.31    7.65    4.13    5.46   16.51    8.90    0.12    0.22    0.57    1.07    0.25    1.24    0.87    1.66    1.30    1.57    1.38    1.71    1.41    0.67    0.12    0.54    0.26    0.31    0.53    1.25    1.17    1.31    1.45    1.06    0.20    0.53    0.50    3.11   12.57    0.15    0.05    0.97    2.40    0.32
PSATCOLI   -10.98  -55.77    1.33    1.95    2.99    8.44    4.90    3.85    3.43    2.41    2.53    2.75    1.75    0.06    8.93    2.05    3.55    2.00    0.20    0.03    0.05    0.04    0.00    0.00    0.00    0.00    0.00    0.00    0.00    0.00    0.00    0.00    0.00    0.00    0.01    0.02    0.28    4.88    2.34    0.03    2.44    0.00    0.00    0.00    0.00    0.00    0.00
PSATSAEL    -9.19  -57.04    4.07    2.43    1.74    9.66    2.40    1.43    4.51    1.87    5.29   12.21    9.86    7.61    9.92    2.90    4.85    1.15    0.24    1.24    0.40    0.01    0.00    0.00    0.00    0.00    0.00    0.00    0.00    0.02    0.15    0.16    0.25    0.25    0.58    1.04    2.28    0.55   12.37    2.03    3.69    0.09    0.00    0.01    0.01    0.01    0.98
PSATITQ    -17.09  -54.83    4.01    3.35    3.45    7.36    1.34    6.45    4.63    5.49    4.14    1.41    0.00    0.00    1.38    0.62    0.32    0.31    0.20    0.00    0.00    0.00    0.00    0.00    0.00    0.00    0.00    0.01    0.00    0.00    0.00    0.00    0.00    0.00    0.01    0.00    0.00    1.64    2.59    0.34   14.76    0.35    0.00    0.00    0.00    0.00    0.00
PSATJAU    -15.24  -58.73    0.92    1.21    5.21    4.18    5.04   11.33    5.30    3.76    2.16    2.83    0.00    0.00    0.43    1.77    0.66    3.74    0.99    0.52    0.10    0.02    0.00    0.00    0.00    0.00    0.00    0.00    0.00    0.00    0.00    0.00    0.00    0.01    0.00    0.03    0.08    3.98    0.14    0.00    3.56    0.00    0.00    0.00    0.00    0.02    0.00
PSATMAN    -14.87  -55.78    1.90    2.80    4.71    4.31    6.71    7.44    5.50    4.95    2.18    5.23    0.00    0.00    1.86    0.80    1.10    2.87    0.07    0.00    0.01    0.01    0.00    0.00    0.00    0.00    0.00    0.00    0.00    0.00    0.00    0.00    0.00    0.00    0.01    0.00    0.00    8.98    0.84    0.00    9.89    0.01    0.00    0.00    0.00    0.01    0.00
PSATPTP    -17.61  -54.83    6.99    2.71    2.63   10.11    0.47    6.11    6.25    7.71    4.43    0.96    0.00    0.00    0.82    1.46    0.52    0.37    0.15    0.00    0.00    0.00    0.00    0.00    0.00    0.00    0.00    0.01    0.00    0.00    0.00    0.00    0.00    0.00    0.00    0.00    0.00    1.01    4.88    0.24    9.80    0.49    0.00    0.00    0.00    0.02    0.00
PSATSTCL   -17.90  -40.20    0.88    0.23    0.00    9.25    2.32   13.66   11.51    3.92    3.76   34.25    3.58    0.05    0.46    2.69    1.57    0.03    1.28    0.82    3.05    3.42    5.29    2.95    3.61    2.51    0.63    0.24    0.86    0.60    0.35    1.50    4.48    1.48    2.21    2.67    1.67    0.55    0.83    1.83    1.65   10.97    0.10    0.22    1.55    0.87    0.05
PSATPDC    -12.58  -39.00    3.88    0.49    0.27    0.32    0.60    0.22    0.22    0.29    0.30    0.56   15.73    3.39    2.11    1.79    1.70    4.16    2.39    3.00    2.36    1.39    0.77    1.37    1.00    1.40    0.95    0.16    0.54    0.47    1.29    1.66    1.70    1.55    1.46    2.51    3.33    1.90    0.92    0.41    0.42    0.22    1.99    3.40    1.71    2.96    1.97
PSATROSA   -20.92  -41.72    0.92    0.38    9.73    0.95    4.21    6.18    2.31    3.48    6.96   25.80    0.30    0.55    2.60    1.55    0.18    0.14    0.11    0.04    0.19    0.52    0.03    0.16    0.92    1.80    0.06    2.22   17.04    6.69    2.50    1.24    1.27    0.43    2.73    1.59    1.65    0.11    0.13    7.98   17.23   24.25    0.40    0.70    0.06    0.14    0.01
PSATCAN    -20.21  -42.85    1.01    0.25    6.00    1.36    4.93    2.94    1.08    2.34    5.17   10.27    0.10    0.13    0.48    1.09    0.14    0.05    0.00    0.00    0.20    0.71    0.12    0.02    0.17    0.12    0.68    2.19    5.26   21.53    1.11    1.18    0.12    0.27    0.31    0.06    0.20    0.09    0.16   18.03   25.20   15.91    0.02    0.03    0.01    0.06    0.01
PSATSAC    -19.64  -42.85    1.63    0.13    2.95    7.75    4.67    4.96    2.39    1.74    5.84    9.13    0.02    0.00    0.31    1.30    0.28    0.06    0.00    0.00    0.88    0.72    0.16    0.76    1.33    0.70    0.59    0.55    7.52   12.34    1.02    0.49    0.16    0.01    0.06    0.27    0.24    0.17    0.11   15.55   23.28   17.86    0.00    0.01    0.00    0.04    0.04
PSATPES    -19.12  -42.66    0.70    0.12    0.66   14.46    2.44    4.62    2.61    1.76    3.28   13.19    0.96    0.01    0.93    1.13    0.16    0.02    0.01    0.03    1.53    1.40    0.33    1.06    1.56    1.18    0.12    0.11   19.23    1.61    0.51    1.31    0.65    0.67    0.31    0.89    0.33    0.23    0.12    1.29   20.10   24.18    0.01    0.02    0.52    1.34    2.24
PSATMAS    -19.50  -40.92    0.65    0.11    1.04    5.10    1.42    7.92    4.55    3.32    7.61   22.22    0.99    0.07    0.43    1.25    0.33    0.08    0.12    0.31    1.11    1.15    0.35    1.20    1.50    1.68    0.16    0.47   12.07    3.48    0.79    1.47    2.04    0.36    0.74    0.86    0.77    0.38    0.48    1.84   11.86   18.33    0.01    0.03    0.51    2.07    0.55
PSATSBR    -23.37  -45.87    0.42   21.01   16.02    1.07    4.41    3.05    3.18   11.87   20.20    6.73    2.40    0.97    1.07    0.01    0.05    0.00    0.00    0.00    0.48    0.00    0.00    0.00    0.00    0.01    4.45   12.97    2.31    4.46    0.98    0.19    0.53    0.87    1.17    0.06    0.00    0.00   21.60   27.34   25.88   52.74    2.76    0.22    0.18    0.06    0.12
PSATJAG    -23.20  -46.03    0.28   28.27   13.65    6.22    1.05    1.83    2.04    6.99   19.53    4.39    0.77    0.32    0.32    0.00    0.00    0.00    0.00    0.02    0.17    0.09    0.02    0.00    0.02    0.02    1.46    8.64    1.74    1.65    0.03    0.00    0.06    0.31    0.37    0.03    0.00    0.00   19.99   14.10   21.88   42.51    0.55    0.21    0.03    0.06    0.06
PSATFUNI   -22.53  -44.57    0.26   20.30   17.73    4.76    1.13    0.80    1.87    6.21   13.92    5.11    0.63    0.39    0.34    0.00    0.00    0.00    0.00    0.00    0.15    0.10    0.01    0.00    0.08    0.05    0.97   13.98    2.63    4.52    0.37    0.00    0.13    0.43    0.64    0.01    0.00    0.00   19.49   22.56   16.43   28.99    1.34    0.19    0.12    0.05    0.05
PSATSACE   -22.48  -43.84    0.33    8.57   16.57    1.10    7.46    2.76    1.05    7.55    9.20    8.05    0.92    1.22    0.78    0.05    0.00    0.00    0.00    0.00    0.02    0.37    0.00    0.01    0.18    0.20    0.81   21.70    2.44   12.31    1.24    0.17    0.49    0.96    0.81    0.08    0.00    0.00    7.57   21.09   24.69   23.68    3.48    0.14    0.46    0.03    0.00
PSATPIC    -21.91  -43.54    0.36    7.68   13.76    1.08    3.96    1.27    0.81    3.14    3.97    8.61    0.53    0.46    1.65    0.58    0.00    0.00    0.00    0.00    0.00    0.06    0.05    0.00    0.18    0.27    0.89   17.58    3.08   16.48    0.92    0.06    0.12    0.61    0.55    0.34    0.03    0.00    1.77   21.82   26.73   30.64    1.83    0.18    0.12    0.09    0.00
PSATSOGI   -21.94  -43.36    0.32    3.71    9.23    0.92    3.53    1.21    1.06    9.08    3.97    7.50    0.64    0.50    1.34    0.80    0.00    0.02    0.00    0.00    0.00    0.29    0.12    0.00    0.14    0.08    2.47   16.97    3.13   26.43    1.10    0.27    0.09    0.53    0.79    0.32    0.08    0.02    0.73   17.43   33.33   29.91    0.76    0.11    0.05    0.06    0.00
PSATIPSI   -21.84  -42.58    0.42    5.80   14.23    0.48    3.68    2.47    1.16    5.15    6.68    8.03    1.91    0.53    1.23    0.23    0.00    0.03    0.00    0.00    0.04    0.11    0.07    0.00    0.05    0.05    1.72   19.61    3.32   18.00    1.13    0.24    0.50    0.62    1.15    0.42    0.08    0.05    1.90   16.46   32.62   33.14    1.96    0.08    0.05    0.04    0.01
PSATTCLJ   -22.69  -43.83    0.24   10.16   18.19    0.03    4.37    1.74    0.82    3.71    9.00   14.85    5.90    2.24    2.06    0.00    0.00    0.00    0.00    0.00    0.00    0.00    0.00    0.00    0.02    0.03    2.04   13.79    4.70    9.83    0.92    0.73    1.37    1.89    0.92    0.18    0.00    0.00   10.01   20.39   33.29   27.34    9.00    0.27    0.61    0.00    0.03
PSATBIGU   -25.51  -53.67    7.73   43.91    6.84    2.49    3.52   16.85   14.27   20.08    0.60    0.00    0.00    0.00    0.00    0.00    0.02    9.90   30.49   13.32   13.23    0.00    0.00    0.05    7.38   46.59    0.48    0.20    0.05    0.00    0.00    2.79    6.05    2.96    0.00    0.01    0.03   17.71    0.00    0.00    0.01    0.00    0.00    0.00    0.00    0.01    0.00
PSATBRAU   -21.45  -42.41    0.44    0.83    9.03    0.64    4.85    2.03    0.90    3.76    8.49    6.23    0.16    0.52    0.93    0.68    0.07    0.06    0.00    0.00    0.03    1.45    0.43    0.03    0.02    0.01    0.88   11.78    3.72   16.16    1.75    0.66    0.26    0.40    1.15    0.46    0.19    0.05    0.10   12.84   37.40   22.48    0.03    0.01    0.01    0.04    0.00
PSATSUIC   -20.08  -40.58    1.31    0.32    0.83    1.53    1.79    8.24    6.31    3.05    2.62   33.84    0.09    0.08    2.52    4.47    0.17    1.95    1.43    0.26    1.51    1.91    0.47    1.34    2.84    3.80    0.46    0.76    5.80    1.53    2.66    1.13    1.59    0.12    0.64    1.56    2.14    1.31    2.23    1.22    6.62   16.33    0.03    0.43    0.21    0.03    0.00
PSATJRI     -9.30  -64.70    7.70    7.99    2.90    4.34    3.97    4.23    2.81    4.87    6.12    1.79    0.05    0.00    0.00    0.20    1.40    1.37    1.59    2.90    2.16    0.34    0.11    0.35    1.01    4.42    2.43    0.00    0.00    0.09    0.81    0.93    1.11    3.97    3.76    0.97    1.21   12.77   10.17    0.00    0.01    0.00    0.00    0.00    0.00    0.02    1.19
PSATBENI   -14.59  -67.53   12.24    5.31    1.45    4.44    5.46    4.59    3.12    4.60   13.67   10.01    3.12    0.53    0.27    0.19    0.28    0.34    0.40    1.16    1.19    0.40    0.78    1.94    5.22    9.63    6.63    2.30    0.74    0.27    1.66    3.13    2.35    3.77    2.77    0.49    1.49   11.31    2.65    0.42    0.75    0.50    0.23    0.17    0.08    0.66    1.87
PSATEPB    -12.42  -64.42    4.79    5.38    5.37    3.30    2.68    4.15    2.49    4.56    2.28    0.65    0.00    0.00    0.03    0.33    1.71    1.84    1.65    3.28    0.63    0.09    0.01    0.12    1.16    1.39    0.02    0.00    0.00    0.01    0.30    0.52    0.08    0.10    0.07    0.11    0.79    7.70    0.40    0.01    0.22    0.00    0.00    0.00    0.00    0.17    0.36
PSATEGM    -10.79  -64.35   18.80    6.43    3.44    4.63    4.48    3.53    2.85    7.12    6.38    1.13    0.31    0.05    0.02    0.14    0.56    1.19    1.56    4.40    0.99    0.15    0.39    1.12    5.01   10.37    1.71    0.15    0.07    0.06    0.45    1.82    1.15    1.21    1.03    0.48    2.18   14.87    4.26    0.04    0.06    0.03    0.02    0.00    0.00    0.26    0.93
PSATSTOA    -8.79  -63.95    3.09    6.70    3.33    8.70    6.70   11.10    5.65    3.15    2.15    6.61    0.74    0.00    0.00    6.38    7.36    3.52    1.26    0.98    1.04    0.33    0.26    0.98    0.34    0.03    0.00    0.00    0.06    0.69    1.24    2.72    4.59    5.01    6.50    0.71    1.11    4.30   15.68    0.05    0.01    0.00    0.00    0.00    0.00    0.32    6.70
PSATENC     -9.90  -66.62    2.24    8.75    4.25    6.34    5.91    5.69    3.54    6.10    6.87    1.30    0.00    0.00    0.00    0.00    0.55    2.06    2.06    3.42    4.02    1.08    0.11    0.32    0.58    5.20    1.27    0.00    0.00    0.04    1.03    1.97    1.43    2.34    5.49    2.15    0.85    0.75   12.10    0.00    0.01    0.00    0.00    0.00    0.00    0.00    2.31
PSATAMY1   -11.71  -70.63   10.35    4.88    5.68    4.20    3.93    0.95    4.89    8.23   15.46    5.48    0.03    0.00    0.00    0.00    0.00    0.01    0.26    1.20    1.38    0.27    0.14    0.74    0.98    7.63   16.73    0.01    0.00    0.00    0.03    0.58    0.71    1.67    4.19    0.82    0.81    5.86   16.86    0.00    0.00    0.00    0.00    0.00    0.00    0.00    0.36
PSATAMY2   -12.37  -71.17   14.86    7.84    9.54    5.27   10.54    6.58   14.23    6.03   14.62    6.50    0.80    0.04    0.03    0.14    0.93    0.93    0.85    1.29    0.88    0.50    1.18    2.51    5.91    4.70   14.71    0.99    0.45    0.64    2.44    3.03    0.91    1.75    2.13    1.87    2.69    5.72   12.87    0.30    0.43    0.29    0.14    0.08    0.18    0.66    2.20
PSATAMY3   -13.75  -70.18   21.17   17.92   11.47   15.06   13.47   14.10   12.62    5.24    7.92    7.45    8.08    1.09    0.95    1.10    1.13    1.97    1.43    5.27    2.20    0.64    5.34   11.29   16.02    6.83    6.69    4.98    1.69    0.75    2.97    4.79    2.54    4.51    5.05    2.79    4.54    8.13    8.99    0.98    0.94    0.89    0.81    0.24    0.71    1.86    5.15
PSATAMY4   -13.45  -69.47   12.77   13.66    3.94    9.18    9.85    3.56    4.10    5.13   15.28    7.18    0.95    0.49    0.15    0.06    0.17    0.26    0.59    0.92    0.65    0.26    1.28    4.16    4.90    2.41   13.89    2.25    0.72    0.15    1.23    2.22    0.82    1.89    4.62    0.82    2.57   20.19   10.54    0.50    0.78    0.43    0.31    0.09    0.25    0.79    2.23
PSATJRN    -13.37  -59.01    0.99    2.13    9.71    4.50    8.11    7.77    4.79    1.12    1.30    3.59    0.00    0.00    0.90    1.52    1.06    3.12    0.91    0.08    0.02    0.00    0.00    0.00    0.00    0.01    0.00    0.00    0.00    0.00    0.00    0.00    0.00    0.00    0.00    0.17    0.90    2.23    0.09    0.00    2.09    0.00    0.00    0.00    0.00    0.00    0.12
PSATAPI    -10.34  -56.98    2.61    3.15    1.69    4.65    5.44    1.05    1.47    4.10    3.86    5.33    4.07    0.51    8.50    0.85    2.10    0.99    0.45    0.09    0.18    0.00    0.00    0.00    0.00    0.00    0.00    0.00    0.00    0.00    0.01    0.00    0.00    0.40    1.30    0.08    0.74    0.23    6.98    0.10    0.04    0.21    0.00    0.00    0.00    0.01    0.00
PSATSALT   -29.32  -50.68    0.00    0.00    0.00    1.70    3.98    8.88    9.20    2.74    1.22    0.01    0.01    0.00    0.00    0.00    0.00   34.07   35.52    0.50    3.20    0.00    0.00   25.47   37.92    1.83    0.64    2.08    1.01    0.03    0.00    0.09    0.31    0.00    0.18    0.00    0.21    5.13    0.34    0.00    0.00    0.00    0.03    0.03    0.00    0.00    0.03
