PSATAGV    -19.89  -50.35   26.97   11.26    3.97    2.76    1.80    3.96    1.97    0.13    7.21    5.85    6.00   13.23    2.17    2.90   17.20    7.87    8.05    1.67    1.86    6.69    8.97    3.86    8.30   10.74    1.08   10.52   10.37   28.78    5.55   33.57   44.66   10.26   22.01   18.08   13.81   23.13   12.63   12.75   11.91    4.51    1.67    0.80    2.94    6.27    3.61
PSATCMG    -21.28  -44.63   13.58   19.05   12.08    0.41    0.01    0.40   11.29    3.02    5.22   16.82   17.59    8.17    1.94    1.44   21.07   44.26   18.29   29.11   16.93   11.57    0.96    0.92    0.58    2.21    8.21    4.34   14.91   30.52   18.63    6.30   25.02   10.73   10.27   15.91   26.35   21.08   17.43   28.08   11.62    0.58    1.40    2.28    8.48   26.21    2.35
PSATCES    -20.25  -48.16   11.11    7.15    9.09    2.47    0.56    0.26    1.03    1.27    4.37    6.44   13.86   13.09    1.48    1.78   23.45   17.90    7.13    1.63    7.42    5.64    2.53    0.40    3.76    2.28    2.10   17.83   17.81   13.61   28.33   26.75   14.53    9.26   11.23   11.89   15.62   29.89   21.93    7.71   14.08    7.10    1.07    0.88    1.58    7.63   12.37
PSATELC    -21.60  -46.95   12.81    4.85   11.15    4.27    0.48    1.94    4.82    1.72    1.24   15.79   19.91    5.04    0.53    0.98   20.72   22.30   12.87    1.87    8.35   18.21    1.15    0.29    3.85    9.39    2.49   26.14   12.67   15.11    8.51   24.51   14.51   10.16    9.28    7.64   17.00   22.82   23.93   12.69   15.14    1.67    1.41    1.17    0.64   14.56   22.20
PSATFUN    -21.14  -45.04    8.81   15.39   11.96    0.22    0.00    0.03    1.66    0.50    6.09   14.99    7.46   15.87    0.96    1.40   22.96   41.06   39.55   33.67   41.08    9.45    0.50    1.20    0.44    4.90    5.85    4.43   12.51   16.90   11.53    4.85   20.55   12.57   11.84   10.14   16.03   14.36   12.51   24.01   20.63    0.42    0.76    3.66    7.67   23.10    2.95
PSATFUR    -20.67  -46.32   11.36    9.71    6.26    0.85    0.04    0.55    1.72    1.02    3.69   14.69   10.45   12.49    1.53    1.05   25.69   31.42   33.62    3.36   34.27   16.74    0.80    0.81    0.59    7.21    4.35   15.64   17.76   13.82    9.99   13.85   16.74   13.12   18.87   10.17   15.73   12.58   22.05   18.40   18.40    0.63    0.91    2.21    4.08   14.39    6.39
PSATMRB    -20.30  -49.18   18.98    7.84    7.45    3.97    1.72    1.44    1.66    0.76    7.70    8.30    7.64   13.73    2.24    3.49   22.24   13.30    6.73    1.12    4.69    8.39    6.32    0.45   10.85    5.21    0.58   12.61   11.20   23.29   11.57   29.34   22.08    9.54    9.74   13.74   12.34   22.47   18.98    5.49   14.55    4.31    1.19    1.03    1.75    6.01   11.21
PSATPRG    -21.59  -45.67   32.76    2.28    4.15    2.28    0.39    4.16    4.77    6.75    3.52   19.36   17.40    5.16    0.78    1.13   18.72   33.50    7.51    2.55   18.48   22.13    1.35    0.52    2.51   10.53    7.57   19.98    9.12   25.44   13.32   15.59   14.36    9.52   11.81    7.63   18.19   21.32   32.42   26.00    9.38    0.52    1.68    1.21    1.92   19.55   16.57
PSATPAS    -21.02  -48.18   17.43    2.87   11.05    4.63    2.20    2.06    5.67    2.14    7.17   15.36    9.93   12.93    1.11    1.40   20.82   14.92    1.80    1.82    2.59    6.44    3.86    1.88   13.96    9.87    2.46   12.04   10.37   30.64   16.92   33.51   11.56    9.36   11.50   10.17    9.64   23.09   31.31   22.02    8.86    1.81    0.91    0.99    1.64   11.38   17.65
PSATPTB    -21.61  -45.49   23.56    5.96    8.08    1.43    0.02    1.03    4.70    2.68    2.66   17.77   13.78    4.07    0.93    1.45   16.12   41.45   21.11    8.35   29.17   21.59    0.94    0.66    0.56    3.05    7.17   20.91   11.54   22.47   16.45    7.91   20.30   14.33   15.14    6.51   20.37   30.17   27.27   28.08   11.52    0.13    1.30    1.32    4.86   27.58   14.55
PSATPTC    -20.00  -48.55    8.42    9.09    5.68    0.95    0.59    0.23    0.03    0.62    5.38    6.61   11.01   13.74    1.81    3.06   23.17   20.39   10.88    4.89   13.67    8.46    2.54    0.27    1.77    7.38    3.62   21.97   22.24    4.76   17.02   10.86    8.88   10.88   11.08   14.56   18.19   25.83   16.97    9.56    3.73    9.95    1.54    1.32    3.16   10.10   10.72
PSATFZA    -26.00  -51.65    6.58   19.58    2.91   12.11   47.98   41.44    8.14    2.87   13.58    6.33    9.17    1.94    0.92    4.34    8.12    4.86    0.03    0.01    0.01    0.40    2.64   27.60   26.76   29.37   23.56   10.94   17.27    2.61    0.62   14.92   16.44    2.09   22.70   18.20    4.86    0.85    3.36    3.01    0.73    0.08    0.00    4.30    6.38    8.18   10.94
PSATJSG    -25.78  -52.00    4.59   23.10    2.17   20.10   61.11   15.06    4.45    1.90    4.59    7.59    8.56    2.34    1.12    4.92    7.89    1.83    0.06    0.08    0.01    0.07    1.71   32.28   20.85   29.82   12.95   13.45   11.88    5.45    1.93   10.46   11.12    2.84   15.51   15.23    6.32    0.44    1.59    3.78    0.77    0.08    0.12    6.75    3.85    9.40   16.29
PSATSCX    -25.53  -53.48   11.62   18.95    1.96   26.98   69.41    2.78    4.08    3.64    7.39   11.89    6.97    1.11    0.60    4.24    6.26    2.92    0.40    0.07    0.04    0.06    1.75   34.70   15.91   20.83   11.38   18.80    7.12   10.03    3.71   17.80   11.08    3.24   11.69    9.59    3.97    0.42    1.01    2.56    0.68    0.11    1.51    7.96    8.38   14.17   20.12
PSATSCL    -25.49  -51.74   13.19    6.44    3.60   16.63   50.97   11.83    5.05    1.40    6.07    7.55    8.54    2.30    0.98    5.47    5.27    8.26    0.35    0.06    0.00    0.44    2.41   26.57   41.48   48.85   18.61   16.82    9.23    5.05    0.82   21.65    9.41    4.33   20.23   18.94    4.71    1.11    3.40    3.04    0.27    0.02    0.00    0.96    8.36    4.70   16.40
PSATUVT    -26.23  -51.08    2.27    3.44    0.88   11.54   38.77   41.29   11.65    8.22    8.19    7.13    2.42    2.78    0.35    3.15   13.61    2.49    0.07    0.05    0.05    0.93    3.05   37.77   27.26   19.32   16.23    9.78   22.53    1.41    1.18   12.19   18.62    4.68   38.88   13.00    6.58    4.16    2.51    2.70    1.24    0.42    0.08    5.66    7.28    6.55    8.38
PSATBSM    -24.19  -53.74   31.32    7.51    2.25   14.76   44.14    6.70    3.90    4.70   14.73   11.05    6.83    1.31    0.52   12.34    3.56    3.98    1.39    0.01    0.01    0.23    7.28   31.04   35.72   30.17   19.27   27.22    9.92    3.93    1.40   19.47   10.89    4.80   13.12    5.07    2.77    0.63    0.61    1.65    0.36    0.09    0.41    1.67   20.28    8.96   12.62
PSATFLE    -22.97  -54.56   24.37    3.69    1.60   20.18   17.36    1.53    0.27    8.06    5.56   11.29   11.25    4.54    6.44   20.93   18.55    6.19    3.15    0.75    0.09    0.53    6.02   30.93   12.69   18.10    9.11   22.09    8.43    5.12    1.20    6.15   26.96   13.94    7.32    6.63    2.44    0.00    0.00    0.00    0.03    1.60    3.31   10.77   12.27    6.98   12.25
PSATITP    -25.42  -54.58   22.98   11.03    1.41   21.72   24.60    1.06    1.31    6.13   12.73    8.07    6.74    1.68    2.97   17.18    7.82    5.56    2.74    0.05    0.14    0.41    6.91   41.04   12.39   19.29   18.34   25.29   11.32    7.07    5.05    8.92   22.57    7.84    8.88    3.39    2.07    0.22    0.01    0.08    0.44    0.69    3.37    6.31   16.29    5.65   10.48
PSATIVM    -22.38  -53.53   13.81    6.93    2.15   13.21    4.60    0.12    0.23    8.16    6.03   12.09    9.99    5.01    4.93   10.63   10.06    9.80    4.70    0.82    0.39    0.87   10.17   27.33   32.06   26.94    6.35   16.11   11.17   10.56    5.26   12.92   22.82    9.58   12.93    6.97    3.47    0.24    0.00    0.00    1.94    2.27    2.60    5.92    4.70   10.42    5.31
PSATPTQ    -23.18  -53.17   24.69    4.13    1.93   24.74   27.05   19.00    4.21    2.68    7.99    9.72    8.88    1.96    0.65    9.47    4.66    9.46    0.98    0.01    0.01    0.55    8.64   35.83   33.31   27.35   22.56   20.67    9.69    2.30    4.80   20.23   14.52    6.51   12.75    6.33    2.63    1.41    3.16    1.28    0.37    0.29    0.15    0.94   13.99    7.56   13.45
PSATCBI    -17.99  -48.54   12.05   12.96    5.63    1.27    0.28    0.14    0.06    0.14    0.00    0.19    3.32   16.41   13.77   15.57   11.18   20.83   12.35   16.34   14.36   15.46    1.87    0.24    0.13    1.23    0.24    0.38    0.93    1.06   13.56   15.52    4.03   17.36   12.90   18.50   20.65   24.71   10.96   12.59    5.64   24.24   21.71    6.85    5.58    5.96    0.02
PSATCBIV   -16.15  -48.67    8.41   13.99    1.88    1.16    0.69    0.23    0.12    0.02    0.00    0.43    0.96   13.14   21.08    5.48    7.54   11.60    3.87   18.81    7.82    9.94    1.07    0.21    0.36    0.52    0.28    0.24    0.82    2.86    8.83   17.03    2.03   15.86    7.96   12.37   11.80   14.73    8.48    7.08   10.70   19.99   16.21    6.26    3.40    5.86    0.02
PSATEMB    -18.45  -47.98   13.75   20.46    3.65    0.47    0.01    0.00    0.04    0.06    0.21    2.79    4.80   10.79   14.32    9.88   22.01   24.61   15.81   19.76   25.32   13.78    1.33    0.34    0.06    3.53    1.41    1.82    5.16    3.25   12.05   15.59   20.12   12.82   21.85   19.71   25.45   19.00   12.76    6.74    1.69   22.96    9.49    7.48    6.26    4.60    0.02
PSATIMBR   -18.42  -49.10   16.95   16.98    9.69    1.89    0.25    0.01    0.02    0.07    0.26    1.52    3.31   13.96   14.29   12.69   14.39   17.06   10.89   15.82   19.92   15.20    3.35    0.20    0.20    9.84    1.71    8.90    7.44    1.34    6.62   12.18   12.62   14.29   16.06   24.21   19.94   24.57   16.52   10.34    1.88   17.42    6.43    2.52    3.61    7.89    0.14
PSATNPTE   -19.13  -47.70    9.00   23.29    5.14    0.65    0.01    0.01    0.00    0.22    1.34    9.92    9.83   19.50    3.96    5.54   20.14   28.73   15.75   13.00   25.50   14.80    1.18    0.48    0.06   11.08    5.11   13.10   32.09    6.27   17.84    5.57    6.94   10.28   12.60   15.10   18.62   15.66   11.73    7.46    1.07   23.41    2.28    2.45    3.46    9.33    1.04
PSATARV    -18.07  -50.16    8.93   15.41    5.44    1.57    1.04    1.42    0.01    0.04    0.12    0.03    2.95   10.05   29.15   13.90   10.86    8.37   20.74   17.26   13.69   17.33    7.16    4.55    0.77    2.95    1.62   10.20   12.07    9.11   12.70    9.01   12.30   16.63   15.98   16.92   19.85   25.82    8.41    4.81    0.65   19.10   10.31    2.92    1.66    3.48    0.75
PSATSFC    -18.05  -47.68   12.63   18.23    3.04    0.39    0.08    0.10    0.08    0.06    0.00    0.19    3.48   14.63   23.70   15.76   11.29   24.03   14.43   22.83   14.50   11.82    0.58    0.21    0.17    1.16    0.27    0.31    0.13    0.73   15.00   11.14    7.39   13.41   22.46   28.86   32.50   20.43    8.49    6.72    2.65   29.23   36.42    9.08    6.22    1.11    0.00
PSATSSM    -19.02  -50.50   17.63   14.18    6.45    1.76    0.81    1.40    0.00    0.05    0.88    0.64    3.16   10.00   16.61    7.92   15.29   13.55   14.39   11.80    8.19   12.60    7.87    1.40    1.72    6.63    1.19   14.97   12.69    8.58    5.59   17.32   26.08   22.16   25.35   19.72   16.63   23.63   10.77    6.38    1.32   12.06    5.56    1.54    1.95    4.61    0.16
PSATCNI    -22.94  -50.52   17.16    1.27    3.90    8.63    5.82   11.62    6.40    0.68    9.78   10.63    3.85    1.65    0.58    2.95   10.33   10.95    0.61    0.31    1.51    1.14   11.46   14.04   12.15   19.14    8.43    9.08    3.03    1.86    7.39   26.93   25.71    4.73   10.43    8.38   10.18   10.79    8.03    8.88    0.46    0.05    0.44    0.77    4.74    4.99   12.95
PSATCPV    -22.65  -51.33   16.29    0.81    3.18   25.12   16.99   18.41    6.28    1.85    7.91    9.18    5.25    0.99    0.27    6.61   12.05   12.92    0.71    0.13    0.28    0.67   14.28   36.76   30.47   22.30   19.17   15.68    4.20    1.34    6.95   18.16   11.60    5.13   11.36    9.48    4.96    8.05    8.88    2.28    0.54    0.11    0.15    0.21    8.03    1.69   11.30
PSATCHT    -23.01  -49.73    0.75    0.10    1.87   18.21   11.02   15.19    4.43    4.15    5.84    5.28    2.92    0.15    0.08    5.64   15.98   10.65    0.31    0.09    0.83    0.75   10.25   26.35   26.68   28.44   13.74   11.93   10.73    1.13    8.65   16.46   18.09    3.41   10.27   10.99    4.44   10.50    3.03    1.01    0.14    0.04    0.13    0.04    7.17    1.31   11.82
PSATJUR    -23.22  -49.23   11.32    0.41    2.61    9.75    6.85   11.33    1.84    1.39    4.15    4.57    1.83    0.25    0.08    3.39    9.93    8.06    0.95    0.05    0.76    1.74   10.37   15.50   16.94   16.02   10.00   10.56    9.19   18.74   11.39   22.94   29.88    2.72   15.33    8.45    3.05   10.44    3.05    2.40    0.56    0.13    0.15    0.19    6.32    2.72   11.71
PSATMAU    -24.06  -50.71    1.19    0.45    1.75   12.38   21.98   24.46    6.02    1.62    7.41    6.17    3.55    1.25    0.39    6.24    7.37   10.77    0.28    0.01    0.03    0.87    2.83   36.69   26.71   24.24   19.71   13.82   10.71    0.65    1.80   16.82   10.42    4.17   18.14   13.79    2.95    3.15    7.34    1.28    0.34    0.03    0.05    0.23   13.82    1.68    9.43
PSATROS    -22.50  -52.87   37.43    2.07    1.83   23.55   19.71   15.74   12.01    1.54   10.06    9.79    6.70    1.76    0.21    8.44    6.73    5.39    0.83    0.01    0.12    0.49   13.26   33.59   22.37   22.78   19.54   18.43    5.20    0.74   11.97   29.32   22.71    9.09    9.38    4.97    6.54    2.40    5.18    1.63    0.51    0.27    0.28    1.62    9.80    2.44   10.72
PSATQMD    -16.21  -47.33   14.96   16.37    0.66    0.44    0.11    0.43    0.02    0.07    0.00    0.00    0.08   18.23   24.80   10.19    3.57    8.59   12.18   16.74    5.58   11.83    0.40    0.36    0.03    0.07    0.39    0.18    0.02    0.15    7.78   14.54    1.11   13.67   32.35   32.32   31.02   12.45    3.57    0.26    2.37   23.57   43.49    5.10    0.85    0.17    0.00
PSATRBX    -18.95  -44.76   10.73   22.96    3.27    0.00    0.00    0.00    0.01    0.04    2.31    9.39   13.51   15.65    4.34    2.04   20.05   27.74   32.59   50.63   19.18    2.01    0.29    1.02    0.31    1.55    2.96    0.41    3.96    3.46    2.10    3.10   24.07   17.50   14.08   19.28   11.49   10.75   12.16   21.02   16.96   10.03    3.61    4.91    4.83   14.15    4.43
PSATSFR    -15.93  -44.86   13.77    9.97    1.47    0.07    0.09    0.05    0.00    0.00    0.00    0.00    0.05   12.40   20.41    7.03    4.24    6.60   17.71   26.43   19.25   10.12    0.34    0.25    0.00    0.01    0.23    0.10    0.12    0.31   10.52   11.84   10.26   23.83   31.49   39.00   30.55    8.86   10.70    0.52    2.89   21.98   29.87    3.97    0.45    0.20    0.00
PSATSRM    -16.37  -45.07   13.40   11.73    1.56    0.03    0.00    0.02    0.01    0.01    0.09    2.06    5.21   12.54   15.47    8.59   12.42   11.63   20.37   31.88   18.08    7.05    0.51    0.32    0.09    0.31    0.97    0.25    0.58    0.71    6.61   11.58   26.22   22.97   23.43   27.99   20.99    9.98    8.14    2.89    7.63   19.91   21.32    5.76    2.13    1.48    0.78
PSATTMR    -18.16  -45.27   14.86   21.94    4.19    0.17    0.01    0.02    0.00    0.14    1.00    6.09   13.96   16.28    4.99    3.25   18.41   31.83   37.48   23.95   30.83   14.40    0.42    0.73    0.16    3.48    4.25    2.62   11.05    2.83    8.20    6.57   22.06   17.48   25.40   21.57   13.61   14.02   10.51   13.96   11.57   12.38    4.70    5.29    6.17    7.57    0.64
PSATBOQ    -11.35  -43.83    4.40    3.05    1.42    0.30    0.69    0.34    0.17    0.09    0.11    0.81    4.14    3.27    5.13    0.55    0.18    3.00    3.76   13.92    7.00    0.59    0.09    0.11    0.05    0.15    0.36    1.09    3.36    7.77   10.24   13.22    6.69   15.44   22.94   24.24   24.60   10.40    4.78    0.09    0.22    0.01    0.06    0.10    0.28    0.50    0.02
PSATBBO    -22.52  -48.55   25.31    0.40   11.62    6.95    2.86    6.82    3.44    2.66    4.37    7.69    3.57    3.06    0.70    0.48   12.65   17.42    2.42    0.52    1.67    3.16    6.15    7.17   12.53   12.96    6.12   13.38    9.15   16.21   15.66   29.79   10.46    9.57   12.72    6.78    7.10   20.81   21.96   18.68    1.14    0.10    0.45    0.99    2.76    6.02   14.48
PSATESZ    -23.46  -46.91   61.92    5.61    3.94    4.14    2.54   10.21    2.29    8.26    7.32    5.33    2.77    0.85    0.28    0.42   15.11   30.46    5.59    2.14    1.46    3.60   10.78   16.40    8.64    8.39    0.90   11.13   18.86   14.27   26.12   22.81    2.36   18.90   18.12   17.63    9.04   33.18   12.81   11.04    2.90    1.05    0.33    0.53    4.85    3.97   17.16
PSATIBT    -21.76  -48.99   18.70    0.34   13.58    4.15    1.73    8.20    1.75    0.75    4.71   10.10    6.66    7.99    1.49    1.51   14.84    9.64    0.39    0.49    1.35    2.80   13.46    9.77   18.21   15.28    4.99    8.52    7.77   15.45   20.60   45.52   23.16    4.66   10.78    7.05   13.57   14.05   22.77   20.11    3.57    0.56    1.11    1.47    0.99    8.02   11.60
PSATNAV    -21.12  -50.20   30.87    4.42    4.08    3.99    1.72    4.93    1.78    1.14    5.99    9.85   11.02   13.75    1.65    1.36   12.81    5.07    2.30    0.80    1.24    3.58   11.69   11.53   12.04   14.43   11.33    6.79    7.64   26.51   13.44   45.80   21.30   11.06   10.90   16.55   14.17   13.10   21.11   18.53    7.98    2.34    1.13    1.60    4.27    8.21    8.92
PSATSME    -13.40  -48.30    7.17   14.94    3.24    1.26    2.76    1.14    0.10    0.01    0.02    0.17    0.50   12.89   14.99    8.04    8.35    8.58    8.83   14.99   10.62   12.68    2.64    0.91    0.04    0.20    0.17    0.26    1.14    3.62    8.08   16.97    8.95   18.34   12.89   15.38   17.53   25.27    8.73    3.37    6.94   13.48   10.60    3.73    3.07    2.60    1.51
PSATBGR    -27.78  -51.20    0.43    0.25    1.56   31.69   36.56    2.73   61.45    6.09    3.48    2.79    2.34    1.88    0.71    3.52    1.31    0.91    0.00    0.16    0.07    0.35    1.10   40.34   23.03    1.79   13.25   26.53    1.58    0.68    1.13    2.96   18.77    2.69    7.13    8.18   17.07    3.49    0.83    2.90    2.24    0.33    0.16   13.65    0.60    4.12    8.85
PSATCNV    -27.60  -51.33    0.76    0.94    1.02   28.19   64.63   36.17   29.74    8.31    3.19    5.76    1.93    1.32    0.35    3.07    2.03    1.55    0.07    0.07    0.16    0.33    1.68   37.87   18.49    2.19    7.46   12.96    8.27    0.85    0.60    7.33   25.80    2.08   14.80   18.73   14.30    2.66    2.32    2.90    1.79    0.33    0.03   12.31    2.31    9.86    6.88
PSATFCH    -27.14  -53.04    0.05    9.76    1.30   34.36   87.36    6.00   11.03    1.97    6.14   23.84   13.29    1.27    3.95    7.18    1.20    0.01    0.01    0.01    0.00    0.00    0.14   57.31   19.04    2.40   19.62   16.11    0.26    5.29    1.50   11.89   15.14    1.66    5.04   13.64    7.55    0.98    0.09    0.93    0.52    0.31    2.85   12.56    3.11   40.27   14.77
PSATITA    -27.27  -52.38    0.16    2.21    1.67   32.87   72.93   24.32   12.90    2.92    8.69   11.52   11.68    1.90    1.81    6.16    2.45    0.56    0.00    0.05    0.02    0.05    0.79   35.16   16.42    2.68    8.54   13.96    6.55    1.70    1.25    8.71   19.35    3.11   15.12   17.78   13.39    1.09    0.64    3.38    1.59    0.29    0.42   14.40    2.94   19.23   11.35
PSATMCD    -27.52  -51.78    0.01    1.44    0.65   54.67   43.45   10.49   19.69    2.52   12.18    8.20    9.63    0.26    1.66    3.75    0.51    0.40    0.00    0.02    0.00    0.02    0.08   42.24   24.10    2.24    9.29   18.05    0.20    0.76    0.49    2.79   24.32    2.00    4.88   14.37   13.79    0.85    0.26    2.09    1.42    0.24    0.38   18.30    1.07   16.42    7.28
PSATMOJ    -27.35  -52.73    0.04    2.68    1.66  102.93   23.88    0.07   17.84    1.65   12.18   13.11   11.93    0.29   14.60    5.06    0.11    0.01    0.00    0.21    0.00    0.00    0.08   67.41   33.20    2.20   15.81   13.23    0.14    3.52    0.58    4.01   18.52    1.82    2.72   11.60    8.06    0.27    0.12    0.29    0.78    0.29    2.79    7.11    1.19   32.07   17.65
PSATQQX    -26.66  -52.54    0.76   19.78    3.03   16.74   93.57   15.75   10.89    1.52    4.94   15.90   11.25    3.67    0.85    5.46    7.39    1.14    0.21    0.08    0.01    0.01    1.17   31.49   13.73    3.94    6.94   18.97    4.55    9.23    2.96   10.88   14.60    2.59   12.41   17.44   10.85    0.66    1.05    4.94    1.48    0.35    1.01   14.54    3.88   13.47   13.47
PSATPSJ    -28.14  -55.05    0.00    0.92    2.56   50.73    0.78    0.27    3.52    0.13    2.75    9.05    4.36    1.66   20.23    0.55    0.00    0.00    0.00    0.00    0.00    0.00    1.42   35.34   10.96    2.40   17.22   30.67    0.01    0.57    1.70   10.68    8.82    1.30    0.19    2.42    1.64    0.17    0.00    0.01    0.00    0.60   26.71    1.66    0.01   34.95   16.67
PSATESP    -18.68  -51.87   12.79   10.44    3.83    1.72    0.78    1.95    7.29    0.11    0.67    0.33    3.02    2.39   18.26   12.82   11.17    3.81    5.10    2.82    4.33    7.49    4.52   10.73    9.46    8.07    0.61   23.22   11.23   24.44    3.14   23.25   13.61    8.54    6.53    8.33    8.48   17.52   15.32   13.09    0.40    8.12    4.09    2.99    1.22    0.15    2.44
PSATSRC    -19.16  -50.76   15.81   28.11    4.84    0.56    0.54    4.56    2.99    0.50    0.54    0.54    2.23    3.47   19.57   12.03   15.97    5.06   15.06    3.49    5.47   12.70    5.54    9.96   13.65    6.61    3.06   11.19   10.74   18.56    4.59   19.36   15.67   16.41   17.66    9.83   12.07   22.87   10.84   11.46    0.30    9.20    4.10    2.29    1.27    0.97    3.96
PSATFRCL   -19.12  -50.64   11.97   32.49    5.09    0.88    0.52    5.04    0.85    0.38    0.27    0.29    1.62    3.66   27.15   15.04   13.82    4.97   20.76    6.10   11.89   11.75    3.82    6.03   11.91    4.59    5.14   15.41   13.55   16.89    7.65   11.66   20.76   15.13   21.49    9.57   18.10   30.79    8.61    9.85    0.69   10.49    5.76    2.48    1.60    1.84    2.90
PSATISOT   -20.40  -51.35   35.27   13.98    4.67    4.60    0.89    5.10    4.06    0.54    3.47    4.61    9.59   12.46    5.84    4.66   16.95    6.21    7.93    1.79    1.65    6.76   12.70   14.35    6.46   15.74    2.95   10.84    9.45   28.33   14.28   33.11   29.17   17.57   23.67   11.71   12.04   16.35   14.56   21.44   10.49    3.92    1.90    1.13    1.37    5.62    9.60
PSATJUP    -20.86  -51.63   26.59   20.15   13.31    6.19    2.11    3.77   11.19    0.36    6.72   10.81   10.35    7.27   13.46   10.82   15.06    5.33    9.51    1.62    1.74    6.93   14.01   21.21    4.85    9.70    4.26   20.17   15.11   26.06   24.65   26.24    6.99   11.05   23.91    8.92    6.14    5.64   13.99   18.40    6.12    7.63    3.58    1.85    2.51    7.29    9.45
PSATSDG    -20.06  -53.18   21.52   16.74   11.00    6.06    1.43    2.13    6.84    0.39    8.55    8.49   16.92    5.31    9.50    7.24   11.66    8.75    5.36    1.35    1.07    4.42    9.76   19.98    5.66    6.29    3.59   13.07   15.18   28.42   16.96   20.57    6.05    8.43   11.34    7.13    5.08    5.64    4.44   14.23    3.00    5.13    4.77    3.03    4.07    6.43    1.34
PSATFZBT   -21.66  -52.87   17.35   24.34    5.60   18.91    4.46    0.24    2.41    6.01    7.96   11.89   11.70    7.83    6.87    6.68    7.14   10.08    4.82    1.10    0.37    2.15    9.68   20.19   17.24   17.77    1.68   13.83   16.91   16.99   23.21   21.63    9.51    8.40   11.97    4.08    5.41    2.43    0.11    0.80    5.78    4.25    3.20    2.22    4.86    8.63    5.87
PSATPPRA   -22.46  -52.91   37.61   16.58    8.37   15.42    4.14    9.21    7.09    3.35    8.06   10.67    9.32    7.58    4.59    4.84    7.59    7.82    3.19    0.35    0.80    1.81   15.13   26.58    8.46   15.47    8.30   19.17    9.08    7.35   35.23   33.98   19.00   14.82   15.66    6.95    7.30    4.74    4.95    6.55    5.14    2.06    0.95    1.92    5.83    5.26   13.47
PSATBTE    -13.69  -50.80   12.14   20.33    7.57    1.44    0.58    1.46    1.57    0.10    0.24    0.08    0.23    9.01   19.18   11.66   13.73    4.53   16.32   14.03   11.95   11.38    9.04    5.53    6.85    1.28    0.86    5.68    7.14   18.71   12.36   17.78   18.07   20.33   19.06   12.40   21.53   27.70   17.00   11.16    0.56    7.89   11.76    6.47    1.86    0.99    2.67
PSATARAG    -8.27  -49.26   11.34   14.05    4.24    2.54    1.28    1.98    7.01    4.65    1.15    0.51    0.55    4.31   13.09    9.88   10.23    3.34   12.44   13.50   13.09   13.36    6.42    2.19    2.38    1.84    2.83   10.13    7.22   10.16   14.57    6.94   13.07   19.74   23.29   23.52   25.53   25.81   16.75    8.70    1.97    2.51    4.38    6.50    4.14    6.26    6.22
PSATLAJ     -9.76  -48.37   10.24   11.24    2.89    1.42    2.30    3.18    2.56    0.98    2.88    0.60    2.39    4.29   13.86    4.43    5.07    1.72   10.59   19.82    9.31   10.94    1.34    0.44    0.46    0.82    0.73    4.03    4.95    8.77   12.72   11.46    8.45   12.90   20.54   21.18   23.25   16.09   10.85    1.84    2.35    5.77    5.16    0.60    3.61    5.13    1.61
PSATPTRL    -9.31  -47.39   10.29    8.96    4.21    2.82    9.64    2.07   15.22    1.08    3.28    5.46    6.93    3.56   14.97    1.06    6.27    2.14   10.22   17.76    7.54    3.18    0.45    0.48    0.87    0.81    1.25    3.75    7.97   10.57   11.20    5.31   13.56   12.29   26.50   26.94   23.14    6.34   10.53    5.13    0.58    0.00    0.00    0.13    2.29    7.15    1.27
PSATLJET    -7.33  -47.48   10.53    6.16    3.36    2.93    5.53    1.88   15.67    9.36    2.01   17.23   10.70   10.66   11.55    1.55   15.47    3.06   14.00   12.36    3.82    4.88    1.99    1.17    4.27    5.88    5.25   12.56    9.83   17.49    6.76    4.01   22.62   11.98   19.62   30.44   23.99    8.89    6.69    3.50    1.70    0.10    0.36    1.59    6.44    4.98    3.18
PSATUCR     -3.83  -49.65   11.67   11.45    7.38    3.76    2.17    5.44    8.69   14.26    8.18    5.14    6.98    1.14    1.08    8.10    8.56    2.65   16.12    9.94    4.56    4.92    6.09    1.74    4.61   10.90    3.12    5.51   10.96   17.40   12.77    5.07   16.50   15.00   11.06   21.74   18.02   12.67    7.71    7.64    1.36    1.00    4.39    6.50    4.41    6.61    6.27
PSATXIVJ   -29.07  -51.67    0.05    0.04    0.68   90.15   16.79    0.00   49.22    3.58    5.70    3.10    6.86    1.43    3.56    5.39    0.27    0.22    0.00    0.01    0.00    0.00    0.24   40.10   31.63    1.88   10.59   22.83    0.09    0.63    0.89    1.56   21.16    2.93    1.13   14.13   18.98    2.24    0.03    1.04    1.05    0.21    1.39   11.60    0.11    9.58   14.13
PSATDFRC   -29.45  -53.28    0.00    0.07    2.94   21.95    0.03    0.22    8.73    0.21    0.73    2.43    3.76    1.71   12.98    0.87    0.00    0.00    0.00    0.00    0.00    0.00    0.26   31.02   12.17    2.17   16.82   16.52    0.05    0.01    1.27    7.83   18.52    2.55    0.35    3.05    5.70    0.31    0.00    0.00    0.02    0.72   24.12    2.35    0.02   23.17    3.33
PSATREAL   -29.02  -53.19    0.01    0.19    2.09   66.79    1.97    0.31   12.57    0.29    1.94    3.69    6.49    0.68   15.93    1.72    0.00    0.00    0.00    0.01    0.00    0.00    0.24   43.87   23.17    3.27   14.35   21.98    0.04    0.34    0.98    3.42   27.79    2.02    0.27    5.52    6.40    0.54    0.01    0.02    0.16    0.37    9.89    4.08    0.12   29.99    8.10
PSATCTAV   -29.01  -51.39    0.29    0.03    1.38   55.56   22.07    0.03   37.43    1.64    1.95    2.28    1.65    2.89    1.00    6.09    0.55    0.05    0.00    0.09    0.02    0.28    1.59   38.45   22.21    1.82   14.55   27.88    0.37    0.41    0.71    2.40   18.76    4.99    1.93    8.95   22.64    3.94    0.24    1.53    2.74    0.65    0.44   11.09    0.50    6.01   13.64
PSATERNT   -28.56  -52.54    0.01    0.59    1.36  104.07   16.34    0.03   20.48    1.17    8.69    4.40   11.19    0.24   11.23    2.84    0.08    0.02    0.00    0.15    0.00    0.00    0.05   51.07   32.34    3.11   13.44   14.01    0.08    1.27    0.85    1.66   29.79    2.23    1.28   12.19   11.41    0.44    0.05    0.23    0.79    0.37    2.06    7.60    0.23   16.71    9.03
PSATSTPL   -27.14  -49.52    2.74    1.19    0.27   11.85   86.97   61.18   19.47   15.63    2.34    6.30    1.13    1.90    0.83    1.87    5.33    1.32    0.26    0.28    0.79    0.66    3.10   48.79   17.81    2.28    9.96   12.78   17.05    0.95    0.62    9.72   26.43    1.71   20.04   15.11   10.51    7.40    5.14    2.68    1.91    1.14    0.12   10.96    3.26    7.32    5.76
PSATCVCH   -25.14  -48.87    3.50    1.98    0.25    7.20   16.26   18.95    1.96   12.82   10.56    9.90    1.14    1.33    0.29    5.23   21.09    5.31    0.20    0.08    0.18    1.40    3.69   25.68   15.85   16.36    8.74   10.77   15.50    1.50    2.08   10.56   14.65    3.75   25.09    8.76    3.42   12.88    1.13    2.14    1.31    1.37    0.15    0.18    4.24    3.11    9.22
PSATAMY    -12.60  -69.12   17.20   21.64   17.56   19.00   18.87   15.13    2.71    8.20    6.99   10.98   11.70    5.21    8.67   10.99   12.84   11.28   16.35   21.42    6.35   16.50   25.66   16.46   19.38   17.28   17.93    9.00   16.41   18.65   14.69    7.50    7.99    6.15    6.32    4.34   13.26   11.50    7.36    8.13    6.97    8.56    7.44   16.57   11.19    9.30   10.74
PSATGJR    -10.73  -65.35   20.01   11.09    5.29   12.43   22.88    4.39    1.17    3.21    2.33    3.86    5.38    1.66    8.60   15.58    7.81    8.79    6.30    9.78    5.21   11.34   21.21   33.37   48.17   16.80    6.85   20.79    8.37    3.04    7.00    4.20    5.20   18.42    6.63   13.93   21.34    4.78    2.17    2.45    1.24    2.86    7.64   11.62    2.95    4.62    4.81
PSATPRNC   -12.43  -64.43   30.25   17.66   10.36    6.52   16.48    4.50    0.85    2.20    4.97    5.83    2.40    2.61    2.17   12.53    9.89   10.51    1.26   10.77   11.08    5.09   14.27   13.36   15.12    3.71    9.54   15.85   10.96    8.36    9.12    5.95    4.51   16.57   10.77    6.27   23.76    1.86    0.23    1.48    5.08    3.91    1.89   16.80    5.11    2.74    4.72
PSATSANT    -8.87  -63.97    8.04   13.70    5.42    8.32   20.44    9.71    6.48    3.20    4.62    3.90    3.99    5.60    5.46   16.16   17.60   19.52    8.28   17.79    9.50    3.07    6.23   16.08    9.40    7.98    7.54    7.11    5.65   12.16    6.69    1.91    3.69    8.08   12.65    7.94   14.62   31.20   27.30   15.54   10.79    2.12    6.32    8.16    7.69    5.24    5.48
PSATDARD   -10.16  -59.46   10.85   12.19    7.04    6.53   10.47    7.44    1.21    5.49   18.07    4.00    1.34    3.42    3.43   15.44   13.69   14.80    8.11   16.19   10.71    9.93   18.34   10.55   15.45    8.61   18.60   14.28   10.23    9.54   10.77    5.88    3.87   13.65   16.54   26.54   16.59   24.01   32.89   16.14    3.88    6.19   11.25    9.94    8.16    2.69    6.33
PSATGUAP   -15.12  -58.96   14.07   15.19    0.95    7.20    7.50    4.00    3.59   12.15   22.80    3.20    4.62    5.49    5.63   10.68    7.83    3.01    4.49   20.77   18.43    5.05    8.88   10.36    4.50    3.95    0.89   12.85    4.33   17.30   13.79    4.03    0.95    3.30    1.98    1.56   14.77    4.39    0.00    1.37   11.20    1.71    6.53   14.65    4.39    3.63    7.81
PSATJIRA    -9.25  -64.65   15.82   14.23    7.85   12.25   19.81   15.26    1.95    6.30    2.84    6.33    4.09    2.47    6.20   12.02    9.62   10.56    8.39   14.66    6.05   10.53   15.44   13.83   12.06    7.32   12.98    5.56   13.97    9.15   11.78    5.02    5.75    3.96    4.55    2.61   24.64   16.30    7.39    6.50    7.85    4.73    5.18   16.74    9.45    9.11    7.42
PSATROND   -11.99  -60.70   10.04    6.06    6.75    4.68    2.32    3.65    0.45    6.38    9.18    8.63    3.41    0.77    1.04   11.38   18.77    4.65    5.48   20.92   33.42   11.58    9.66    5.29   11.23    1.54    5.05    9.74    3.20   11.54    5.43    8.79    5.98    7.45   11.29    7.17   20.94    5.46   12.39    5.80   10.41   10.68    1.22    9.43   13.67    1.77    3.72
PSATSAMU    -8.75  -63.45    6.12    7.20   11.02    4.88   11.44    6.07    3.48    4.82    3.38    5.26    1.66    4.78    5.54   10.81   10.67   11.73    4.97   17.16    2.53    5.07    4.78   23.87   13.71    2.59   18.90    4.30    8.44   16.97   11.47    2.60    3.77    7.91   10.86    8.85   17.69   20.84   40.38   21.14    7.20    9.34    3.47   10.25    5.70    3.28    6.00
PSATBALB    -1.92  -59.47    5.19    8.29   11.82   12.59   17.99   18.93   21.34    8.93   18.13   11.72   12.75   10.88    3.62    0.73   10.06   22.00   10.06    4.50    6.61   27.80   11.20    1.42    5.86   18.14    7.61    5.83    3.50    7.70    4.51    2.25    1.03    0.50    7.81    3.49    5.10   11.19    7.04    8.91   19.71    3.66    3.17   12.86   10.77   15.22   17.34
PSATCUNA    -2.82  -54.30    2.81    9.88   11.56   11.94    5.81   23.16    6.41    8.37   15.36   13.21    7.32    1.08    0.99    1.76   23.43   19.93   14.72    6.61    7.97    8.77    9.88    1.69    2.72    5.63    7.70    5.99    7.33    6.44    4.56    3.36    2.89    8.01    5.07    2.85    2.85    8.43   10.48   16.85    1.19   13.50    4.30    5.14    3.60    2.28    4.80
PSATJARI    -0.65  -52.52    2.87    6.48    3.15    7.92    2.94    2.41    2.44    8.89   20.94   17.19    9.45    0.61   12.12    7.35    9.35   13.64   14.66    4.72   15.90   11.65    8.38    4.13   13.19    6.67    5.06    8.30    2.47    8.44    4.49    3.71    1.65    3.74    4.25    4.90    7.99    8.14    7.19    8.34    7.62    1.08    0.76    2.15    3.47    2.94   11.23
PSATFGOM     0.86  -51.20   11.04    7.18    9.88   19.26    2.23    3.19    6.79    6.93   19.76   11.24    6.63    0.77    7.57   10.02    8.02   14.12   19.74    9.59   18.29    7.15   11.97    7.96   10.24    6.26   11.47    8.03    4.50   18.78    7.30    7.88    6.64    5.15    9.23    9.86   10.77   10.54   13.73    8.07    9.95    1.36    2.11    6.05    7.25    3.67   14.09
PSATUBE     -6.75  -43.57    7.87    5.75    2.66    1.67    3.70    1.16   12.70    2.00    1.01    6.47    6.45    4.02   12.62    1.57    4.22    5.47    5.06   10.74   10.13    3.92    0.90    0.57    1.04    5.29    5.05    7.77    3.95    9.01   17.44    4.23   22.63   11.03   20.27   20.31   10.90   10.07    5.59    3.33    0.29    0.07    0.31    0.84    3.72    5.40    2.47
PSATBSOR    -6.74  -52.00   12.32   13.31    9.49    1.89    1.03    1.93    2.84   12.75    1.83    1.34    1.04    2.73    8.51    8.75   12.88    6.00   12.06   12.69   18.52   11.94    8.10    2.25    2.90    4.47    0.89    7.66    8.10   10.91   11.51    3.66   13.73   22.54   15.90   16.49   18.56   24.41   19.90    8.41    6.03    1.43   10.24    8.13    2.45    4.85    5.26
PSATBESP    -6.75  -51.77    4.57    9.90    6.90    4.52    2.73    4.16    6.94   17.72    3.05    0.52    0.51    1.85    2.30    4.66   16.15    2.16    8.49   14.44   12.66    5.75    7.60    1.37    3.59    0.91    2.29   11.80    6.72   13.11   10.54    7.75   12.73   11.37   15.55   28.13   25.59   15.57    7.40   24.21    1.14    0.59    4.94    3.16    2.71    6.18    6.95
PSATPIME    -3.41  -51.91    7.33   10.11    8.85    6.42    3.44    8.47    3.89   15.13   11.00    4.02    2.76    1.95    2.15    3.46   14.34    6.40    5.36   11.33    9.70   10.00    4.06    2.07    4.00    4.33    4.34    7.28   11.51   11.34    9.04    4.16    8.27   11.34   10.75   18.74   14.84   17.03   11.43    4.43    1.08    3.53    2.51    3.87    3.05    5.00    6.75
PSATIRAP   -16.74  -42.57   11.33    7.31    0.39    0.00    0.01    0.02    0.00    0.00    0.00    0.01    2.93   26.81    5.36    7.01    2.82    0.92   18.64   19.95   14.68    0.18    0.19    0.15    0.14    0.40    0.67    0.14    0.12    0.71    0.74    1.48   22.74   18.26   18.06   17.10   11.12    3.65    1.24    2.18   14.61   19.10    6.68    0.21    0.63    0.03    1.11
PSATITBI   -15.97  -39.59    6.12    2.64    0.07    0.08    0.01    0.07    0.15    0.20    0.07    0.02    0.89   21.48    6.47    3.12    0.46    0.09    7.82   10.08    2.23    0.86    0.55    0.17    0.33    0.41    0.70    0.35    1.37    1.93    0.96    1.49   20.14   32.87   24.92   24.23   11.89    2.09    0.22    1.40    6.80   10.59    9.34    0.79    0.38    0.12    2.48
PSATCOLI   -10.98  -55.77   18.25   17.91   10.51    4.20    1.57    3.76    2.22   11.27    0.86    2.62    2.77    3.03    3.29   13.95   11.16   12.14   14.66   11.38   25.05   19.32   28.63    7.67    7.62   11.94    4.21   10.27    6.75   13.98   10.65    5.04   10.67   22.42    9.39   12.79   30.15   22.38   40.97   15.22   11.49    2.10   17.15   11.57    2.60    0.97    4.72
PSATSAEL    -9.19  -57.04   10.99   11.18   11.53    3.96    2.47    4.60    3.38    8.27    7.31    4.69    0.86    4.27    4.91    8.24   17.60    7.84   17.92   14.91   16.97    5.76   15.70    1.82    1.21    5.26    3.09    2.21    6.62    9.46   12.23    0.72    3.21   15.66   12.96   15.18   16.21   21.77   22.73    8.24    5.16    2.08    3.81    3.75    3.73    7.31    4.93
PSATITQ    -17.09  -54.83   20.72   15.22   10.10   10.75    3.49    1.19    6.42    1.64    0.41    0.16    0.39    4.85    3.56   11.69    8.64    2.58    5.21   12.00    7.54    6.21    9.83   14.77   12.50    9.79    0.98   14.53    7.23   11.54    2.08   14.06    9.85   26.73    7.35   21.77   12.32   10.52   20.84   16.05    0.59    1.43    8.77    8.73    6.49    0.40    1.14
PSATJAU    -15.24  -58.73   13.09   19.48    1.59    6.48    8.82    2.72    2.63    8.61   17.05    2.19    4.09    4.77    7.57   10.81   10.25    3.93    5.05   19.34   15.93    6.64    9.28   11.70    3.67    4.27    0.63   15.48    5.10   19.21   13.43    3.47    1.03    3.19    2.90    3.35   16.02    4.99    0.00    0.82   10.24    1.48    7.25   16.69    4.16    3.13    7.79
PSATMAN    -14.87  -55.78   12.60   30.04    3.44    3.24    3.52    0.94    1.97   15.59    0.43    0.27    1.54    4.78    3.44   15.04   11.18    3.10   13.05   24.63   13.40   25.42   21.28   10.85    6.25   15.28    8.81    5.49    5.39   13.99   23.49   13.40   22.75   20.09   19.49   15.53   21.87   18.77   29.58    7.71   11.99    1.49   12.26   10.64    3.86    1.50    4.93
PSATPTP    -17.61  -54.83   20.97   14.48   12.04    9.58    3.22    1.93    9.28    2.18    0.54    0.16    1.66    2.84    2.77    9.95    9.11    2.54    5.55    5.75    4.46    8.53   10.26   14.57   10.57   10.40    0.36   14.22    8.50    2.92    2.19   22.26   10.72   21.21    7.07   21.86   13.15   12.23   20.56   14.07    1.73    1.90    8.02    5.91    5.91    0.26    0.56
PSATSTCL   -17.90  -40.20    5.14    0.85    0.00    0.00    0.00    0.02    0.15    0.08    0.00    0.04    2.35   14.03   12.47    2.68    0.03    0.03    6.02   13.11    0.70    1.17    1.34    0.30    0.43    0.64    0.81    0.46    2.40    1.94    1.40    2.21   44.82   40.20   19.21    8.71   10.88    0.55    0.06    0.08    4.69    8.75    5.04    1.14    0.06    0.16    2.83
PSATPDC    -12.58  -39.00    0.48    0.41    0.16    0.14    0.47    0.25    0.27    0.46    0.07    0.01    0.16    0.16    0.67    0.14    0.38    0.34    0.69    1.60    1.10    1.10    1.17    0.46    0.23    0.38    0.90    0.98    2.14    0.84    2.95    3.39    0.34    4.10   10.21   11.83    4.56    0.29    0.27    0.10    0.10    0.08    0.19    0.16    0.07    0.31    0.19
PSATROSA   -20.92  -41.72   18.72   14.57    0.13    0.03    0.00    0.13    0.19    0.00    0.18   15.93   38.00   20.84   10.27    2.08    4.04    8.32   45.44   18.03   10.11    1.14    0.95    0.23    0.32    0.24    1.65    0.02    1.12    4.78    3.78    0.10    9.28    2.78   18.80   17.36    4.71    1.42    3.33   32.01   24.14   12.18    3.28    2.91   15.40   20.11    7.75
PSATCAN    -20.21  -42.85   22.61   28.15    3.76    0.01    0.00    0.02    0.08    0.00    0.57   10.09   18.12   24.26    2.72    1.39   24.78   17.78   42.92   50.96   21.50    0.78    0.85    0.27    0.14    0.97    1.57    0.24    1.10    2.15    0.92    1.90   14.45   13.04   20.80   18.91   16.40    6.49   10.25   39.58   16.56    0.67    1.48    5.33   17.70   10.87    6.30
PSATSAC    -19.64  -42.85   10.92   18.85    1.18    0.00    0.00    0.00    0.07    0.00    0.21   17.05   28.49   27.58    5.41    1.80   28.19   13.52   31.45   28.83   24.22    0.72    1.34    0.24    0.24    0.85    1.29    0.27    1.69    3.48    0.54    6.36   16.25    7.04   25.02   23.64   20.54   12.17   10.76   15.39   33.06    8.63    4.62    7.34    9.95    7.75    8.06
PSATPES    -19.12  -42.66    8.17   10.79    1.18    0.01    0.00    0.00    0.08    0.00    0.00    3.73   21.88   15.02    2.56    4.68   18.00    4.70   34.82   15.34   14.46    1.04    2.42    0.19    0.28    0.37    1.08    0.50    0.78    2.25    0.54    4.86   32.60    7.27   27.28   25.57   22.43    4.23    8.06    2.07   64.52   44.70   17.15    2.95    8.31    0.30    3.98
PSATMAS    -19.50  -40.92   14.24    5.46    0.14    0.13    0.02    0.02    0.12    0.02    0.01    2.47   20.16   26.36   16.79    4.44    5.27    3.68   33.89   30.36    9.38    1.28    1.87    0.34    0.85    1.03    1.13    0.72    1.16    2.28    1.77    3.35   24.51   15.82   26.45   26.46   15.58    2.49    2.72   16.62   39.26   29.47    8.83    1.51    4.55    1.25    3.20
PSATSBR    -23.37  -45.87   75.67   14.82    5.38    2.77    4.37   16.69    6.71   10.98    9.80    9.72    5.74    1.81    0.58    0.09    7.03   45.82    6.55    5.64    1.85   13.29    6.69    4.06    1.50    8.22    4.19    4.76   17.23   14.47   27.21   20.93    3.35   19.21   11.61   13.90   10.42   27.37   38.64   46.13    8.29    1.21    0.75    0.36    3.71    9.56   18.60
PSATJAG    -23.20  -46.03   56.93    3.20   14.84    4.28    7.55   15.12    6.03    6.32    6.76    8.70    3.75    1.97    0.61    0.29   11.40   42.18    6.52    1.95    1.42    5.92    3.10    4.65    5.74   13.26    1.45   13.82   22.28   12.73   21.79   16.85    0.95   22.98   14.28   13.28    9.89   29.42   23.93   29.02    3.60    0.55    0.15    0.27    2.81    3.54   20.14
PSATFUNI   -22.53  -44.57   51.52    8.36    8.89    2.53    2.93   12.73    9.01    9.40    5.36   13.17   11.92    3.85    1.01    0.37   10.30   43.41    7.84    6.31    5.73   19.33    4.01    1.43    2.30    9.73    6.31   10.01   16.24   25.81   23.45   18.35    7.46   16.30   12.21   14.61   15.55   27.11   37.28   48.90    8.92    0.46    0.97    0.37    1.38   16.51   20.65
PSATSACE   -22.48  -43.84   30.20   36.75    6.58    0.25    0.02    4.21   22.75   10.47   12.11   13.27   17.60    7.69    1.59    0.93    6.27   46.98   33.77   30.71    6.79   15.57    4.10    0.31    0.34    3.50   11.65    0.21   15.30   36.04   31.08    5.68   16.83   19.39   14.56   13.21   25.79   19.18   54.70   54.46   17.03    0.64    1.19    0.12    3.48   22.34    8.87
PSATPIC    -21.91  -43.54   13.41   28.12   12.54    0.16    0.00    0.54   13.49    1.37   11.50   18.27   26.26    4.46    1.40    0.93   17.87   43.33   28.08   31.60   15.26    5.72    0.81    0.95    0.43    1.75   10.18    0.73    8.67   31.59   15.38    2.11   23.28   15.32   10.04   17.46   23.80   11.96   28.69   41.56   11.84    0.34    1.89    1.22   15.84   25.21    0.27
PSATSOGI   -21.94  -43.36   16.67   35.15   14.92    0.00    0.00    0.09    2.56    0.01    8.40   15.38   18.54    6.74    1.69    1.12   19.41   44.79   30.08   49.87   29.19    1.14    0.92    1.14    0.03    5.18    6.48    0.11    4.01   12.86    3.28    0.55   21.32   17.91   10.15   18.97    9.48   11.58   25.42   40.21   12.47    1.92    1.30    2.41   15.03   28.37    0.76
PSATIPSI   -21.84  -42.58   28.02   30.47   11.14    0.03    0.01    0.90    4.77    0.34    9.47   20.80   11.89    5.96    0.71    1.10   12.79   47.82   38.38   33.46   22.22    1.70    0.76    0.93    0.11    2.51    3.21    0.42    5.55   20.53    7.18    0.59   18.68   15.80    9.28   16.48   11.13   10.72   53.97   52.56   12.64    0.98    1.79    1.37   13.02   18.99    0.57
PSATTCLJ   -22.69  -43.83   31.55   66.61    2.11    0.02    0.64    3.52    9.38    4.13   10.88    7.45    2.08    3.78    0.11    0.85    1.97   38.07   29.45    9.05    2.78    2.58    5.05    0.17    0.08    4.65    6.88    0.00    6.44   16.97   22.77    0.89    9.00    5.71    4.00    2.99   10.99   10.13   80.57   71.08   16.51    0.49    0.15    0.00    0.55    9.22    2.38
PSATBIGU   -25.51  -53.67   13.01   16.93    1.83   29.37   70.78    2.34    4.31    3.94    8.86   11.47    6.52    0.93    0.55    4.61    6.20    2.96    0.40    0.11    0.05    0.05    1.88   39.36   14.43   18.36   12.94   20.48    7.01   11.66    4.08   18.38   11.41    3.27   11.41    8.94    3.56    0.37    0.81    2.08    0.75    0.09    2.20    8.54   10.54   13.18   19.30
PSATBRAU   -21.45  -42.41   28.28   32.69    7.76    0.00    0.00    0.04    0.09    0.00    3.68   25.91   12.93   11.54    1.77    1.03   17.45   35.70   42.44   92.92   37.75    1.63    3.08    1.20    0.03    0.80    0.76    0.19    0.93    2.90    1.18    0.60   15.76   18.10   12.94   14.05   21.28    8.91   22.84   38.48   11.44    1.17    0.32    4.42   19.47   26.11    5.31
PSATSUIC   -20.08  -40.58    9.56    0.83    0.18    0.50    0.00    0.07    0.34    0.48    0.00    9.32   31.81   27.85   44.42    2.73    2.20    4.76   25.28   26.29    1.75    3.11    2.64    2.27    2.32    3.57    2.11    2.84    2.29    5.68    7.20    1.98   19.93   38.21   15.62   40.22   14.53    0.52    0.06   15.99   46.81   28.78    2.62    3.30    1.95    0.76   10.74
PSATJRI     -9.30  -64.70   15.01   17.99    9.57   13.62   15.38   16.72    1.39    6.11    2.65    5.97    4.27    2.05    5.82   12.77   10.67   11.34    7.03   14.52    4.90   10.44   13.38   13.75   11.09    7.73   14.81    4.87   15.67    9.85   11.73    4.95    6.43    3.09    3.98    1.68   17.83   18.59    7.01    6.47    8.69    5.15    4.58   15.56   10.62    9.66    7.75
PSATBENI   -14.59  -67.53   19.56    4.90    3.64    9.47   33.70   11.80    3.49    7.69    3.82    6.97    4.58    3.69    7.66   11.36    7.50   11.46   13.31   13.91    9.96   10.86   20.90   14.36   15.84    7.62   10.31    7.62   11.27    8.63   11.26    5.11    3.26    7.02    6.67    5.67   45.56    9.98    9.65    4.50    4.56    3.51    7.06   20.43    5.91    5.68    7.29
PSATEPB    -12.42  -64.42   23.86   13.73    8.46    6.30   16.42    3.23    0.71    1.82    3.96    4.81    2.49    2.02    3.13   11.77    7.42    8.54    1.37   10.24    8.80    5.43   14.50   17.48   26.27    8.40    7.42   16.93    8.74    6.10    7.55    4.92    4.89   17.54   10.13    9.46   19.42    1.39    0.18    1.05    3.58    3.12    3.87   14.01    3.70    2.45    4.14
PSATEGM    -10.79  -64.35   23.98   13.56    5.95   14.87   25.13    6.00    1.45    4.22    2.67    4.38    6.25    1.99    9.71   17.44   10.06   10.54    8.04   10.19    5.81   13.19   23.38   35.58   45.67   15.76    8.36   20.80   10.20    3.97    8.21    4.82    4.98   17.48    5.71   12.65   25.69    6.44    2.85    3.28    1.72    3.41    7.31   13.21    3.99    5.77    5.61
PSATSTOA    -8.79  -63.95    8.07   13.05    5.68    8.51   19.63    9.98    6.37    3.21    4.46    3.65    3.84    5.98    5.18   16.80   17.46   17.46    8.11   17.79    8.16    2.91    6.35   16.87    9.07    7.86    7.69    7.47    5.74   12.25    7.14    2.06    3.59    7.31   13.10    7.47   15.51   29.70   26.22   15.77   10.72    1.90    6.37    8.31    7.63    4.96    4.77
PSATENC     -9.90  -66.62    2.29   12.58    4.16   12.69    8.72   16.38    2.27    1.29    1.58    7.36    2.48    2.06    2.94    7.11    9.39    1.44    2.14   21.00    3.99    9.44   13.83   11.96    8.14    3.72    7.58    5.23    7.10    6.27   14.07    4.20    8.76    1.94    2.14    0.68    3.25   23.47    7.86   17.42   14.12    6.87    4.27    8.67    9.22   16.98    5.05
PSATAMY1   -11.71  -70.63    5.93   21.75   17.01    9.81   11.61   17.50    0.39    4.02    6.95    9.30    9.14    2.09    5.94    8.64   10.64    4.50   14.63   18.93    3.04   20.59   22.22   15.80    2.89   10.14   13.22    7.28   15.82   15.22   11.65    4.07    5.57    4.41    0.87    1.02    5.49   16.59    3.88    8.73    7.38    9.72    6.33   10.26   13.53   13.47   10.20
PSATAMY2   -12.37  -71.17   12.27   20.92   19.84   18.27   21.86   15.46    3.52    8.89    8.55   16.32   14.56    8.88   10.99   12.80   13.94    7.20   16.57   23.00    9.16   17.48   25.79   13.70   10.96   13.80   13.90   10.32   18.54   19.74   17.12    9.52   11.20    8.06    5.26    6.17   10.87   11.54    5.95    8.07    6.19    9.88    7.91   15.02   11.55    8.93   12.81
PSATAMY3   -13.75  -70.18   33.77   25.50   16.95   28.73   21.66   11.43    3.96    9.81    7.01    7.23   11.79    4.58    7.81    9.73   12.65   21.97   22.49   17.74    6.64   15.24   27.14   18.49   46.45   26.99   32.86   12.63   10.13   23.77   13.49    8.87    7.28    4.61   13.62    5.26   19.04    8.84   14.33   10.27    7.42    7.39    6.63   16.72    9.80    8.59    7.70
PSATAMY4   -13.45  -69.47   19.33   14.50   13.84   15.18   18.39   14.42    2.60    8.60    3.28    7.55    6.57    2.76    8.49    9.63   12.93   12.12    8.76   28.19    4.34    7.57   26.47   20.34   22.22   21.87   10.51    3.13   19.65    9.80   14.06    6.20    5.32    7.28    6.52    4.17   20.78    7.83    5.79    4.64    8.24    4.63    9.43   31.10    9.36    5.10   10.35
PSATJRN    -13.37  -59.01   12.28   19.58    2.98    3.01    6.46   14.01    2.69   10.45   24.33    1.48    2.77    4.67    2.47    5.56   14.24    5.76    5.99   13.68    9.18    5.55    7.81   12.29   17.38   11.01    0.98   11.75    5.91   31.22   13.29    3.40    1.77    5.29    3.11    1.82   15.58    3.77    0.37    7.29    7.48    4.46    4.58   14.86   11.95    2.91    5.34
PSATAPI    -10.34  -56.98   19.57   14.51    7.34    7.86    5.62    4.27    0.95    3.37   11.24    1.75    0.26    8.06    2.12    7.32   22.66   15.19   17.06   11.32    6.76    8.37   11.29    3.87    5.17    4.63   16.41    1.74   11.39   15.85    7.09    5.35    4.52   17.30   12.59   11.60    4.01   10.10   34.49   14.76   11.36    2.47    8.78    6.80    3.60    2.34    4.33
