PSATAGV    -19.89  -50.35   21.23   27.28   27.57   24.48   21.63   10.73    4.01    7.31   15.87   12.40   11.71    9.00   12.01   17.03   15.22    4.11    3.18    1.22    3.83    2.79    7.57    8.87    6.94    6.93   14.41    0.07    0.01    1.25    1.32    0.51    0.07   11.64    5.03    3.11    1.48    3.55    2.84   10.93    7.72   13.60   14.79    1.72    1.56    2.59    1.43
PSATCMG    -21.28  -44.63   47.84   22.96   19.82    5.04   61.07   12.52   24.84   16.48    8.49    3.65   12.61   15.62   16.98   12.14    6.77    2.96    0.45    7.03   18.28   20.47    9.86    0.71    1.14   12.15    0.81    0.00    0.14    0.75    4.68   12.11    4.66    2.50    0.70    0.05    0.01    1.71    0.08    2.90    6.39    8.64   12.43   18.09    4.39    7.63    1.76
PSATCES    -20.25  -48.16   16.55   37.18   12.84   13.10   10.07   10.50    5.22   22.02    5.82   10.11    6.86   11.42   13.09   22.28   11.50    4.12    5.01    8.24    2.23    3.23    5.75    9.45    2.37   18.34   11.33    0.00    0.01    0.27    5.99    1.22    3.45   23.28    2.97    0.10    0.14    0.02    1.58    3.11   15.97   20.16   12.65    2.85    1.66    3.17    1.97
PSATELC    -21.60  -46.95   23.96   27.14   11.28   12.90    7.06   14.72    2.05   14.06    8.42   12.67    8.13    9.84   12.79   23.09   11.31    2.71    4.79    9.10    1.83   10.35    6.15    1.81    0.48   20.95    2.16    0.01    0.24    1.75    2.94    3.10    7.17   17.59    4.25    0.46    0.22    0.32    0.37    0.46    8.31   15.71   14.28    9.89    2.26    2.83    2.89
PSATFUN    -21.14  -45.04   39.65   24.75   26.04    9.60   20.90   13.63    4.58   11.59   10.71    2.64   13.47   11.05   12.88   18.15    6.05    2.36    1.01    7.89    9.91   18.90    8.28    0.85    0.99   10.53    0.50    0.00    0.17    0.96    2.76    9.45    6.79    2.10    0.61    0.11    0.00    0.90    0.07    1.89    4.23    6.23   10.19   13.61    3.22    2.56    2.95
PSATFUR    -20.67  -46.32   34.81   38.26   28.36    9.91   13.88   12.30    4.54   14.37   13.29    5.63   11.22   14.96   14.35   24.55    7.47    2.94    3.21    9.26    3.33    8.27    7.65    3.48    1.09   23.53    0.60    0.00    0.21    0.63    1.60    4.74    9.77    9.54    1.10    0.30    0.01    1.10    0.18    0.56    7.23   10.67   12.45   10.98    2.20    2.43    2.68
PSATMRB    -20.30  -49.18   16.60   36.93   20.07   11.96   17.08   16.99    4.58   13.84   14.31    9.33    6.52   11.86   16.86   19.81   10.37    4.82    5.48    5.11    3.07    3.75    6.10    8.01    3.45   16.76    9.00    0.01    0.01    0.69    2.85    1.11    2.00   14.47    5.22    0.34    0.27    0.07    2.04   10.59   13.41   18.34   14.10    1.93    1.82    2.35    1.17
PSATPRG    -21.59  -45.67   38.75   35.21    9.17    7.05   14.00   15.40    4.60   10.46   13.70    7.90   12.49   11.57   15.14   22.31   10.83    3.31    6.28   11.74    5.85   13.11    8.36    0.76    0.32   20.58    0.30    0.00    0.42    1.71    1.68    8.66    8.76   12.33    1.55    0.26    0.02    1.65    0.31    0.78    7.37    7.63   14.54   11.58    2.72    2.81    0.82
PSATPAS    -21.02  -48.18   11.96   22.74   14.17   12.30   15.44   16.66    2.48   14.41    7.97    7.27   10.30   12.52   16.92   14.87   11.57    2.53    4.85    8.98    2.83   14.06    5.41    2.63    1.88   13.06   11.64    0.01    0.10    1.65    3.64    3.14    3.78    6.94    3.76    0.30    0.20    0.09    0.52    7.50    8.32   14.70   12.15    2.91    1.40    2.29    1.24
PSATPTB    -21.61  -45.49   63.40   30.31   14.74    3.59   23.63   11.48    4.76   10.82    7.75    2.16   12.43   13.83   20.27   21.20   10.88    2.49    4.67    7.62    7.22   11.91    8.98    0.40    0.64   19.38    0.66    0.01    0.16    0.60    2.64    7.43    8.46    5.87    1.10    0.33    0.00    3.23    0.06    2.17    2.98    7.09   14.95    7.58    2.58    3.34    0.78
PSATPTC    -20.00  -48.55   29.37   49.18   18.15   19.18    9.84   10.98    5.45   12.07   11.74   10.14   10.61   11.99   15.11   24.19   13.03    4.43    4.51    5.22    2.84    3.22    9.53   12.74    4.63   18.34    4.42    0.00    0.02    0.11    4.96    0.81    3.73   20.92    2.14    0.17    0.11    0.05    2.43    7.12   16.35   16.46   12.73    5.84    1.77    2.76    4.72
PSATFZA    -26.00  -51.65    0.00    0.46    0.33    0.68    2.43    9.27    1.62    8.14   15.32   12.79    5.40    3.72   16.75    4.36    2.99    2.22    7.69   10.72   11.64   12.95    2.60    3.96   11.31    2.82   13.08   14.66   17.28    6.15    0.84   10.07    6.80   15.16   12.43   12.06    1.28    7.87   11.87    9.27   23.05    2.51    8.27    2.68    0.57    0.24    0.45
PSATJSG    -25.78  -52.00    0.00    0.06    0.05    0.41    1.85    8.88    2.09   10.50    8.31   15.59   10.98    5.93    8.18    2.66    1.88    1.64    5.48    9.66   14.68    4.66    0.73    8.33    9.33    1.94    3.58   13.01   16.42   10.98    2.19    7.59    6.68   10.84    8.28    7.57    2.71    7.81   11.86    5.36   26.76    1.79    5.03    1.29    0.35    0.39    0.72
PSATSCX    -25.53  -53.48    0.00    0.00    0.02    0.41    1.24    5.95    1.18   11.05    9.68    6.74   17.56   11.17    3.94    3.09    1.50    1.41    7.98    8.66   16.62    2.08    1.84   18.06    6.45    0.84    1.52    8.38   13.61   11.79    9.63   14.23    7.00   11.59    8.59   12.15    5.29    8.24    7.77   18.92   11.32    1.32    3.00    1.59    0.41    0.31    0.37
PSATSCL    -25.49  -51.74    0.00    0.04    0.02    0.90    4.20    9.35    1.94   14.42    8.54   15.86    6.32    7.48    4.97    4.00    2.64    1.80    7.52    8.00   23.60    2.70    2.59    8.03   15.24    2.42   13.57   11.39   19.19    3.78    1.22    4.17    3.90   12.19    9.32    7.23    0.98    5.49   14.90    3.73   14.79    3.07    2.88    2.70    0.44    0.43    0.15
PSATUVT    -26.23  -51.08    0.04    0.96    1.41    0.87    6.42   10.79    1.34    3.37   18.77   14.91   10.11   11.76   24.66    4.03    4.42    6.64    8.83   12.99   15.79   14.48    2.63    7.67   12.97    7.80   14.53   15.69    8.87    1.63    1.20   11.00   11.64   13.06   13.93    6.00    2.07   11.06    5.05   19.62   10.34    6.34    5.55    3.13    0.76    0.41    0.53
PSATBSM    -24.19  -53.74    0.00    0.00    0.09    0.86    5.91    2.22    1.48   12.84   22.37    7.86   16.77   21.21    2.99    2.17    1.78    3.38    5.74    1.80    3.20    0.12    3.78   18.77    5.59    0.68    2.32   13.46   10.84    8.53    4.77    4.35    2.20   10.79    8.08   15.72    4.53    6.13    8.78   17.14    3.10    1.31    0.95    2.23    0.37    0.39    0.06
PSATFLE    -22.97  -54.56    0.00    0.00    0.02    1.23    6.76    2.53    9.64    8.57   12.54   11.95    4.84    7.58    1.41    1.56    1.90    1.19    5.34    0.03    0.00    0.01    0.01    1.97    0.23    0.02    0.21    2.64   21.94    6.31    3.77    0.80    2.45   17.37    9.43    9.63    9.07    0.11    1.76    1.30    0.10    0.02    0.00    0.65    0.35    0.35    0.01
PSATITP    -25.42  -54.58    0.04    0.00    0.02    2.09    6.14    1.78    4.32   11.64   12.94    8.80   13.17   22.23    2.93    1.73    1.68    1.92    4.99    1.50    0.11    0.01    2.41    6.27    2.70    0.24    1.06   10.61   16.95    6.54    3.93    3.13    2.15   13.73    8.48   13.63    7.66    1.54    7.66    7.83    0.31    0.12    0.24    1.29    0.37    0.16    0.03
PSATIVM    -22.38  -53.53    0.04    0.00    0.12    8.21    5.66   12.67   14.43   20.70   16.74    9.73    1.31    8.40    4.30    1.60    5.13    3.23    2.50    0.04    0.02    0.03    0.10    1.77    2.54    0.33    2.47    7.27   13.58    5.44    5.39    0.32    0.67   13.65    9.81    7.77    2.87    0.90    4.91    1.96    0.02    0.00    0.00    0.48    0.94    0.71    0.01
PSATPTQ    -23.18  -53.17    0.21    0.03    0.16    0.97    8.08    2.38    2.14   19.48   20.96    9.41    9.66   16.63    5.00    2.64    3.48    7.14    3.70    2.53    5.31    0.81    1.82   12.82   15.09    3.98    6.74   22.15    7.45    0.96    6.49    1.98    2.01    9.25    7.71   14.68    4.44    5.31    7.22   11.61    8.14    1.84    1.06    1.42    0.40    0.36    0.04
PSATCBI    -17.99  -48.54    5.65    8.07   14.41   18.21   10.23    4.83    2.54    5.36    7.72   15.50    3.32   20.40   14.19   14.38    6.83    1.73    0.06    0.00    1.53    4.60    6.96   11.51    8.76    4.55    7.81    0.09    0.03    0.24    1.17    0.03    0.73    0.97    0.76    2.18    1.20    2.52    2.26    8.39   18.06   22.65   11.07    8.88    2.73    1.43    3.33
PSATCBIV   -16.15  -48.67    2.96    3.74    8.23   12.25   10.52    3.73    2.45    3.70    7.27   14.96    1.51   26.23   11.18   11.47    2.61    1.88    0.05    0.00    1.09    2.61    5.74   20.53   10.86    4.18    8.61    0.17    0.01    0.23    1.54    0.09    0.80    1.84    0.68    3.12    1.79    2.14    4.30    9.65   13.71   19.20    7.92   11.30    1.76    1.59    7.47
PSATEMB    -18.45  -47.98   14.73   25.71   23.09   21.04    8.73    3.67    3.54    6.71   12.71   10.18   10.09   13.04   16.65   15.52    4.82    1.50    0.28    1.04    6.94    1.57   15.92   19.78    2.95    9.83    1.22    0.03    0.18    0.45    1.13    0.40    0.71    3.00    0.64    0.44    0.12    0.62    1.32    2.42    5.60   12.14   18.37   10.82    3.17    1.65    0.95
PSATIMBR   -18.42  -49.10   14.90   21.69   20.78   18.49   15.38   10.82    4.60    3.68   11.49   10.53    4.57   14.79   11.04   22.75   11.20    3.66    0.61    0.98    3.00    2.79    9.49   12.33    6.64    8.52    5.32    0.06    0.04    0.11    1.18    0.01    0.20    4.00    0.92    0.23    0.49    0.57    2.14    8.93   17.56   20.29   15.98    9.70    3.74    1.17    2.27
PSATNPTE   -19.13  -47.70   15.40   37.96   19.62   16.26    7.72    5.78    6.04    5.38   10.48   11.87    7.23   12.48   16.21   20.73    4.68    2.30    1.06    3.51    5.13    1.97   10.34   12.48    3.44   17.82    3.38    0.04    0.07    0.33    4.52    0.65    2.66    9.27    0.72    0.42    0.15    0.15    1.67    5.46    4.68   12.13   20.94   13.87    2.50    1.66    1.48
PSATARV    -18.07  -50.16   24.71   18.14    4.72   11.48   10.20    5.83    4.51    2.04    3.36    5.38    0.90   13.73   15.45   16.32    8.21    1.79    1.26    0.17    1.35    5.46    5.18    9.61   11.77    5.74   16.92    0.57    0.25    1.19    0.51    0.37    0.00    0.29    2.02    4.17    2.53   10.15   10.21   11.62   10.66    9.90   14.49   10.44    2.84    2.46    5.60
PSATSFC    -18.05  -47.68   10.56    7.69   19.96   17.58   12.84    6.14    2.28    7.15   10.72   13.98    5.21   24.62    9.62   13.44    6.23    0.69    0.08    0.01    1.29    5.02    6.89   13.59    5.05    7.45    4.57    0.06    0.05    0.72    1.16    0.00    1.03    0.70    0.70    1.79    0.64    1.44    1.83    2.71   11.87   18.35   15.59   10.07    4.66    1.46    1.14
PSATSSM    -19.02  -50.50   29.99   21.47   12.40   23.12   14.57   12.14    2.95    3.77    6.88   10.88    4.76   12.68    9.05   22.81    9.41    4.69    2.80    0.52    2.71    2.38    8.39   10.85    9.06    5.69   11.23    0.14    0.03    0.18    0.71    0.33    0.04    1.75    1.73    3.11    2.01    3.51    6.23   13.71   12.52   19.91   14.43    4.75    2.54    2.32    3.43
PSATCNI    -22.94  -50.52    0.07    0.12    6.58   19.07   13.33    8.80    1.60   20.40   21.05   10.34    5.15   18.93   10.23    8.57   15.46    3.09    5.54    2.96    2.23    2.24    1.24    1.57    6.86    2.24    9.37    8.63    0.43    3.27    0.87    4.66    2.17    7.97    6.06    7.16    2.29    1.60    1.97    7.25    2.09    8.59    4.70    0.95    0.58    0.13    0.22
PSATCPV    -22.65  -51.33    0.27    0.17    0.36    3.55    7.13    4.28    2.06   22.77   24.40    8.15    6.98    7.25    7.16    6.76    7.62    7.88    4.47    2.20    4.81    1.14    1.90    3.66   10.14    3.95    5.99   15.43    1.08    0.46    3.27    2.01    1.74   13.61   13.86    6.97    2.84    3.81    4.29    9.20   11.76    4.82    2.33    0.51    0.45    0.12    0.04
PSATCHT    -23.01  -49.73    0.14    0.14    0.45    1.24   10.44   11.78    0.99   19.51   30.62   14.12    6.45    7.49   11.26    5.93    8.29    5.99    3.09    6.71   12.17    3.12    1.99    4.17    2.75    4.91   10.76   17.89    1.64    2.31    0.34    5.17    3.14   18.13   10.64    4.38    1.98    2.58    3.35    7.65    2.95    6.55    7.29    0.63    0.71    0.08    0.05
PSATJUR    -23.22  -49.23    0.83    1.12    2.08    3.26    8.91   15.90    1.27   13.27   16.73   10.25    6.87   11.79   14.69    6.87   11.82    3.04    3.55    2.76    9.81   16.93    3.04    1.98    5.45    2.80   18.39   16.39    0.89    3.96    0.57    5.05    2.23   10.12    5.63    3.33    1.55    0.76    0.47   17.54    2.07   13.38    5.15    1.65    0.88    0.12    0.07
PSATMAU    -24.06  -50.71    0.69    0.05    1.16    1.43   10.06   10.77    1.76   13.28   24.88    8.27    5.81    5.34    9.58    2.97    6.70    8.41    3.59    7.12   14.68    5.29    1.61    5.65    9.72    9.92    9.74   14.25    2.10    0.20    6.73    3.28    5.57   12.49    6.59    3.25    0.97    4.37    2.53   10.66    9.37    3.76    2.69    1.50    0.65    0.24    0.07
PSATROS    -22.50  -52.87    0.54    0.17    0.20    2.59    4.79    1.82    4.41   20.74   15.06    7.90    6.60   11.87   15.20    3.62    5.27    8.71    3.58    0.43    0.46    0.26    2.40   13.61   15.80    2.76    3.89   20.72    1.71    0.05    4.16    0.72    0.70    7.14   13.95    9.95    2.79    4.69    5.65   10.96    6.16    1.34    0.17    1.05    0.44    0.33    0.02
PSATQMD    -16.21  -47.33   11.23    8.94    8.30    7.49   13.00    8.91    8.30   13.95    4.71   10.48    2.55   20.30    3.81    9.86    3.68    0.24    0.02    0.00    0.06   10.47    2.70   15.42   13.82   14.33    4.36    0.08    0.05    2.04    1.63    0.02    1.66    0.39    0.86    1.42    0.99    1.43    6.29    3.65    9.65   17.38    9.31    2.99    2.21    1.25    0.87
PSATRBX    -18.95  -44.76   29.67   28.00   23.34   22.27   19.43   11.28    8.40    6.12    7.18    5.21    7.92   14.63    9.25   12.29    7.81    1.47    0.11    0.59    6.58   13.74   12.77    0.78    3.75   16.73    0.31    0.00    0.20    1.62    2.66    5.58    7.58    1.24    0.10    0.30    0.01    0.32    0.09    1.09    1.11    7.08    8.79   14.44    1.94    6.14    3.95
PSATSFR    -15.93  -44.86   10.17    8.57   10.38    9.06    9.69   11.16   12.85   17.62    3.63    9.20    2.36   18.61    2.45    6.00    2.32    0.18    0.14    0.00    0.01   10.71   11.56   22.22   14.42   19.40    0.99    0.03    0.10    3.35    0.69    0.41    0.95    0.55    0.59    0.69    0.62    0.58    4.27    4.58    2.64    6.41   11.34    8.97    4.22    3.06    1.37
PSATSRM    -16.37  -45.07   16.33   16.21   16.79   17.71   12.07   10.13    9.55    9.27    7.21    7.12    9.55   18.51    7.47    7.26    3.91    0.68    0.06    0.02    0.67    6.42   16.23   13.98   11.03   11.60    0.53    0.01    0.15    1.98    0.86    0.58    1.79    1.06    0.33    0.46    0.18    0.55    0.75    1.96    1.85   11.00   10.56    9.72    4.56    2.28    2.04
PSATTMR    -18.16  -45.27   29.41   33.80   24.52   19.56   16.96   10.33   10.23    8.60   14.27   12.32   13.80   15.74   12.08   16.12    6.88    1.91    0.69    3.17    3.96    7.10   12.31   10.50    1.61   22.21    0.87    0.00    0.09    0.69    1.65    3.94    6.92    4.11    0.42    0.38    0.02    0.51    0.11    1.36    3.92   11.71   13.48   10.85    2.34    2.02    2.75
PSATBOQ    -11.35  -43.83    6.00    2.74    1.14    3.16    2.68    4.05    9.25    3.22    1.07    1.44    2.68    0.75    2.75    4.31    0.92    0.16    0.03    0.92    0.97    8.80    3.75   19.62   21.67    6.03    1.82    0.49    0.02    3.44    3.00    6.13    2.31    0.96    1.77    0.80    0.19    0.56    3.11    8.12    4.06    0.44    4.58    8.75    8.26    2.28    1.72
PSATBBO    -22.52  -48.55    5.79    4.97    6.17    6.98   14.70   24.20    2.38    9.20    9.29    8.21   10.42   11.64   15.88   10.77   14.30    3.63    7.37    5.66    6.80   23.92    7.29    0.22    1.06    5.29   10.42    0.29    0.11    2.56    2.17    5.61    2.03    5.29    1.32    0.66    0.29    0.03    0.36    7.09    8.18   15.93   11.50    5.39    1.14    0.54    0.63
PSATESZ    -23.46  -46.91    9.24    5.27    7.56    2.72    9.75   15.38    6.28    3.21   10.57   10.36    9.81   18.91   15.81   12.24   16.33    2.48    4.97    6.43   14.05   31.91   12.46    0.56    0.26    3.03    6.27    0.01    0.45    2.33    2.58    3.16    1.58    2.80    0.77    0.45    0.14    0.00    0.49    9.19   18.32   21.74   20.51   15.81    1.67    0.96    0.43
PSATIBT    -21.76  -48.99    2.91    4.72   10.48   17.16   12.40   13.36    1.34   14.26    9.06   12.64    6.24   11.72   16.26   13.41   17.91    1.43    3.26    2.80    1.76    3.54    1.91    0.97    6.50    4.26   15.55    0.39    0.08    1.43    1.81    3.25    1.10    7.97    2.96    1.75    1.82    0.16    0.12   10.91    3.30   14.83    4.33    1.81    0.89    0.74    1.15
PSATNAV    -21.12  -50.20   10.58    8.29    8.40   17.24   24.90   10.11    2.21    9.83   16.30    8.84    4.83    9.07   15.78   12.88   13.72    1.06    2.76    1.86    2.17    1.53    4.14    3.16    4.07    6.32   12.66    0.27    0.03    1.74    2.19    1.03    0.09   11.86    9.25    4.01    1.06    1.71    1.42    7.77    3.09   15.01    5.62    1.07    0.50    1.22    1.31
PSATSME    -13.40  -48.30   14.81    7.72    7.14    6.55    6.54    2.08    5.58    5.17   10.03    6.51    0.83   18.68   17.31   11.71    7.73    0.79    0.13    0.03    2.46   13.35    8.04   15.10   18.84    9.81   12.18    0.44    0.60    3.72    1.23    0.22    0.62    1.28    1.51    2.74    2.05    2.05    7.49   11.35   13.79   10.13    7.90    9.63    5.94    2.86    3.87
PSATBGR    -27.78  -51.20    0.01    0.64    0.33    0.63    1.03    9.40    0.60    7.09    2.38   14.67   15.24   12.36    9.86    3.89    2.31    2.62    6.09   14.46    8.09   24.36    3.20    7.63   15.99    2.16   11.84   11.57   17.95   17.36    8.29   11.19   10.23    5.98    7.25   13.74   12.04    6.12    7.21   24.15   24.57   15.78    7.10    0.66    0.84    0.39    0.32
PSATCNV    -27.60  -51.33    0.01    0.46    0.66    1.08    3.42    8.69    0.58    7.64    4.89   14.59   13.31   13.47   20.20    3.27    2.53    1.84   11.19    9.92   11.71   16.42    1.91    8.45   15.03    2.77   16.20   20.95   19.33   10.74    5.57   10.75    9.98    7.68    8.10   13.85   22.05   10.93   14.41   22.75   13.60   12.86   10.36    0.52    0.57    0.38    1.68
PSATFCH    -27.14  -53.04    0.00    0.00    0.00    0.00    0.07    3.25    0.36    2.55    5.76    7.12   18.26   28.18   13.30    3.13    2.14    1.69   17.23   14.59   11.31    1.77    1.34   12.56    8.28    0.23    0.17    7.32   15.84   22.66   17.83   12.40   13.93    8.72   10.01   16.13    7.35    1.40   11.44   45.34   42.11    2.24    4.78    2.27    0.44    0.00    2.98
PSATITA    -27.27  -52.38    0.00    0.04    0.04    0.02    1.31    4.26    0.34   11.44   16.73    9.48   14.82   20.49   17.29    4.53    2.09    1.84   10.85   11.46   12.04   12.05    3.78    8.76   16.65    1.11    6.66   13.52   13.84   18.15   10.70    7.66   12.35    8.99   11.09   12.73    7.32    4.61   11.52   24.95   23.98    4.68   12.56    1.03    0.88    0.17    3.48
PSATMCD    -27.52  -51.78    0.00    0.00    0.02    0.00    0.50    3.31    0.31   12.68   17.81    5.33   12.95   23.07   18.67    7.21    1.63    2.43    5.99   10.49   14.15   17.52    4.32   16.58   30.17    0.75    0.34   10.51   16.89   20.09   15.31    1.98   12.51    6.77    6.67   13.42    6.42    8.19   12.32   23.88   28.58    1.57   11.60    2.12    0.69    0.14    0.31
PSATMOJ    -27.35  -52.73    0.00    0.00    0.00    0.01    0.03    0.48    0.11    5.02   10.93   10.35   13.11   23.91   11.01    3.90    3.03    2.46    7.22   11.68   13.47    3.23    4.50   24.25   10.31    0.27    0.28    6.29   15.43   26.02   11.07    9.38   10.93   10.35    1.08   13.35    4.10    5.52   11.18   44.54   27.37    2.28   10.12    1.17    0.52    0.03    0.21
PSATQQX    -26.66  -52.54    0.00    0.00    0.00    0.15    1.19    8.45    0.92   10.51    8.73    4.43    8.49    5.75    4.81    3.16    2.25    1.42   10.90   13.02   19.34   11.75    1.97    5.96   14.34    1.47    3.42   14.95   16.40   15.08    4.84   16.41   10.57   13.04    8.53   12.26    4.40    3.49    7.59   10.85   19.77    1.88    8.67    1.66    0.87    0.12    3.74
PSATPSJ    -28.14  -55.05    0.00    0.00    0.00    0.03    0.19    0.38    0.79    1.46   12.77    4.79   19.60   37.21    1.92    1.29    1.03    4.25    6.09   11.17    8.80    0.72    2.57   30.34    5.55    0.90    0.39    2.99    7.09   21.16   22.17   18.27   24.87    4.93    0.74    3.99    6.52    0.48   43.69   37.75    1.82    1.40    2.71    2.54    0.30    0.00    0.32
PSATESP    -18.68  -51.87   29.59   11.25    6.01    2.53    9.10   10.25    1.46    5.98    9.57    5.62    3.92    9.45    7.39   10.86   17.44    3.13    1.75    6.03    0.73    2.09   12.95   12.37    1.45    3.86   14.51    7.46    0.85    7.37    0.98    0.21    0.21    0.00    0.95    3.85    4.14    4.76   12.21    9.75    9.05    7.97   16.20    2.53    0.98    2.26    2.08
PSATSRC    -19.16  -50.76   25.06   20.03    2.81   13.62   14.72    9.24    3.03    2.59   16.52   10.86    4.62    8.43   11.76    9.95   14.06    1.16    2.45    2.31    0.40    2.72   14.86   14.93   10.10    3.99    8.32    2.92    0.28    6.00    2.45    0.28    0.01    0.10    1.38    7.15    1.58    7.39   12.47    8.90   18.84   12.98   15.62    1.99    2.65    1.45    3.83
PSATFRCL   -19.12  -50.64   27.78   19.52    2.62   13.37   12.52    3.87    2.30    1.12   17.80    6.31    4.97    5.80   11.54   11.46   15.62    0.66    4.70    1.32    0.44    4.44   10.87    9.93   11.02    5.76   10.81    1.13    0.52    3.98    1.18    0.54    0.00    0.25    0.59    7.55    1.24   12.88   14.27   16.48   20.02   12.63   14.35    4.99    1.68    1.81    8.46
PSATISOT   -20.40  -51.35   23.38   15.17   17.72   26.33   20.58    7.81    3.04    5.33   11.40   11.97    8.08   12.98   12.03   14.86   16.92    2.83    2.86    0.97    0.86    1.94    7.56    5.35    8.35    5.99    9.85    1.41    0.13    3.60    1.02    0.35    0.01    3.98    6.07    7.12    1.23    7.77    6.70   10.73   12.02   10.08    8.50    1.16    1.41    1.19    1.15
PSATJUP    -20.86  -51.63   10.45   22.36   16.08   27.21   14.73    3.32    8.07    7.10    5.76   11.45    7.12    5.10   10.66   10.23   13.55    8.21    5.19    2.25    0.82    1.03    5.43   11.75    5.32    6.48   17.89    3.76    0.59    5.21    2.47    0.22    0.10    1.86   10.05    7.11    6.35    9.96   11.68   13.57    9.81    4.94    2.45    0.77    1.92    0.70    1.85
PSATSDG    -20.06  -53.18    1.94    7.64   14.13   75.92    9.06    3.46   10.07   11.27    4.44    6.37    4.01    2.13    6.18    6.04   15.15   11.36    4.39    1.91    0.42    0.29    1.88    4.53    2.11    9.72   13.01    4.32    2.98    4.98    6.47    0.26    0.17    0.08    6.45    9.19    8.01    5.86   18.70    7.86    1.98    0.57    0.04    0.47    1.52    0.34    1.37
PSATFZBT   -21.66  -52.87    0.46    0.14    4.46   22.83    8.53    4.05   12.90   19.67    9.03   11.75    1.58    3.09    7.02    5.82    8.00   11.32    2.17    0.48    0.24    0.30    2.43    2.19    3.99   14.08    6.04    5.15   11.54    5.17    5.96    0.33    0.68    5.77    8.46    9.56    5.01    4.21   16.75    5.93    0.51    0.16    0.01    0.43    0.97    0.38    0.15
PSATPPRA   -22.46  -52.91    0.59    0.95    5.92   22.63   20.81    4.69    5.58   12.75   12.89   10.30    4.30   12.48   10.32    9.09   12.07    9.64    2.97    0.67    0.49    0.48    3.93    9.53    8.56    4.89   10.20    6.79    1.93    3.43    2.69    0.74    0.16    7.69   17.10    8.43    2.32    5.70    7.62   11.28    3.89    3.24    0.87    0.82    0.59    0.22    0.77
PSATBTE    -13.69  -50.80   24.95   15.46    2.96   10.60    6.17    4.58    1.65    4.54    9.79    5.31    1.40    7.50   22.25   11.03   15.07    1.22    1.07    0.91    2.08    7.41   10.02    7.62   14.12   15.55   18.87    3.26    2.78   10.35    0.73    0.32    0.20    0.70    1.01    4.20    2.04    8.66   12.20   10.87   11.99   10.05   13.94   12.02    5.62    1.66    3.10
PSATARAG    -8.27  -49.26   14.46   12.95    2.38    4.22    2.71    2.55    3.62   17.20   10.85    1.94    1.24    5.38   10.19   11.28    4.98    0.70    0.46    0.63    4.84    8.30   11.36   19.54   20.17   23.22   13.05    7.77    0.80    3.35    2.50    4.20    2.78    2.18    3.10    5.53    2.29    1.53    9.82    8.81   11.12    7.34    7.08    7.31    8.31    3.10    6.63
PSATLAJ     -9.76  -48.37    9.40    5.71    1.48    7.33    2.79    4.13   11.49   15.52    8.35    3.67    0.82   19.35    7.54    7.33    2.35    0.16    0.03    0.03    3.88   12.39   11.26   27.00   25.68   19.01    9.40    0.73    0.13    1.59    2.33    5.78    1.25    0.37    4.16    4.77    0.39    0.60   10.06   10.05    9.52    8.95    7.82    8.51    5.25    6.18    5.90
PSATPTRL    -9.31  -47.39   11.32    6.37    0.58    0.83    4.48    3.47   10.35    7.60    5.28    0.90    1.29    3.14    1.06    3.43    1.70    0.27    0.19    0.37    1.08    7.06    5.85   16.88   22.53   16.72    8.85    0.64    0.13    0.17    1.61    6.29    1.70    0.71    8.24   13.26    0.24    0.90    7.86    7.18   10.01    2.95    4.88    5.30    6.96    2.85    9.51
PSATLJET    -7.33  -47.48   12.99    2.16    3.38    0.91    3.27    4.09   10.93   13.95   16.35    1.36    1.79    5.92    1.52    2.14    1.33    0.86    4.05    2.84    2.25    5.10    5.91    6.71   14.47   19.64   12.66    5.12    1.06    0.26    6.88    7.85    3.94    2.31    9.21    3.36    0.56    1.22    6.31    3.42    9.30    1.62    4.06    3.23    9.66    3.32    6.50
PSATUCR     -3.83  -49.65   14.23    3.47    1.17    1.18    5.14    1.82    7.40   13.52   21.46    3.24    5.20    8.66    3.66    5.05    1.72    5.66    5.65    4.97    6.68    4.33    5.17    6.83   15.26   20.49   19.56   19.67    5.19    1.84    7.11   10.36    8.69    4.04    9.64    3.92    1.10    2.27    4.71    3.51    6.68    2.05    2.93    3.06    7.18    3.70    5.67
PSATXIVJ   -29.07  -51.67    0.00    0.00    0.00    0.00    0.66    5.40    0.03    2.83   19.36   11.63    8.61   18.69   11.15    2.40    1.76    3.14    5.71   14.53    4.82   17.60    2.62    8.86   30.22    1.23    0.62    6.68   10.38   25.89   12.95    2.68   15.33    4.73    2.59   15.24    1.78    1.87   12.19   18.95   12.75    6.97    5.04    1.60    0.31    0.23    0.49
PSATDFRC   -29.45  -53.28    0.00    0.00    0.00    0.20    0.81    0.57    0.59    2.91   11.17   12.19   15.08   19.34    0.61    0.70    1.01    4.67    6.75   10.41    2.64    5.24    5.86   40.24   11.39    1.38    0.57    2.02    5.62   23.08   21.95   20.60   20.98    2.54    0.68    3.17    3.96    0.72   26.18   16.65   11.87    6.92    7.11    1.87    0.26    0.05    0.60
PSATREAL   -29.02  -53.19    0.00    0.00    0.00    0.07    1.32    2.87    0.89    5.97   22.06   11.25   10.12   23.10    2.81    1.78    1.62    2.80    8.21   16.50    4.25    4.68    1.76   31.83    6.40    0.38    0.47    2.96   11.68   20.46   21.75   12.09   19.02    4.37    0.63    3.90    1.69    0.95   26.85   26.26   14.80    3.69    6.05    2.64    0.26    0.04    0.16
PSATCTAV   -29.01  -51.39    0.00    0.69    0.51    0.59    3.90    7.29    0.72    8.45    1.61    9.62   15.07   22.96    3.07    2.47    2.46    3.02    6.16   14.83    9.02   28.21    3.45   12.41   27.23    1.27    9.76    5.10    7.99   20.14   11.94   10.39   12.73    4.77    2.34   10.79    6.09    2.62    7.59   17.79   16.92   16.58    9.85    2.17    1.68    0.61    1.03
PSATERNT   -28.56  -52.54    0.00    0.00    0.00    0.00    1.00    1.54    0.58    3.91   18.27    8.54   15.27   27.43   10.70    6.87    2.43    2.33    4.22   13.20   11.81    8.74    4.26   17.49   18.23    0.40    0.24    3.04   12.17   19.63   17.98    6.33   11.44    3.72    0.75   11.08    1.37    7.64   14.74   27.83   19.73    2.11    9.90    0.99    0.53    0.05    0.41
PSATSTPL   -27.14  -49.52    0.09    0.47    1.70    1.73    4.52   11.90    0.91    2.75    3.50   16.17   13.53   14.52   20.27    3.85    4.30    1.63   10.00   17.52   19.41    9.43    3.34    8.51    9.98    5.17   14.28   20.72   19.36    2.27    0.80   15.12    7.61    7.51    5.12   12.29   18.47   15.62   17.55   26.86    9.36   15.17    5.07    0.19    0.60    0.51    0.84
PSATCVCH   -25.14  -48.87    0.26    1.28    1.94    1.89    7.45   15.19    2.43    0.82   20.13   20.86    5.49    9.72   19.99    3.81    5.17   14.10    3.91   16.65   19.96   25.94    4.85    5.63   14.86    7.61   19.99   19.73    2.52    0.75    0.05    2.21   16.49   18.77    3.16    1.08    1.60    6.15    3.60   35.14    6.35   10.56    7.48    4.15    0.82    0.12    0.12
PSATAMY    -12.60  -69.12    2.96    1.57    4.76   22.78    8.09   11.92   20.90    3.00    8.14   14.34    7.01   11.49   10.06    2.70   11.06   12.24   12.67   11.04   14.65   16.02   10.40   32.25   12.89    5.63   20.35   14.77   18.96   21.73   30.83   19.26    8.10    2.63   10.97   12.10   12.99    7.69   12.62   14.14    7.76    5.62    7.21    3.05   11.93   19.53   11.06
PSATGJR    -10.73  -65.35    0.55    1.21    1.40    7.56    5.97   11.89   16.18    5.60   13.61   11.64    2.95    5.23    4.71    2.18    8.60    7.39    5.05    4.28    4.66    3.23   12.29   18.26    6.27   19.15   10.82   10.44   18.84   14.52    9.91    8.69    0.91    1.32    2.99    6.77    4.09    4.25   16.19    3.00    1.04    2.81    3.19    5.11    8.08   14.14   13.15
PSATPRNC   -12.43  -64.43    3.42    0.56    1.19    5.15   14.55    8.34    8.62    9.88    9.48    8.67    2.96    4.70    6.16    2.25    1.79    9.56    4.29    3.95    4.99    1.54    5.13   16.55    5.80   14.31   11.62   16.28   15.28   13.42    9.19    7.83    1.47    2.76    3.99    4.14    2.05    1.64   10.79    4.14    5.62    7.63    4.16    9.84    4.82   18.29   10.24
PSATSANT    -8.87  -63.97   12.93    8.67   12.35   12.71   11.33    5.83   13.22   14.48    1.43   13.62    2.61    5.79    2.04    2.88    3.80   13.84   11.22    6.32    5.56    6.49   19.72   14.07    8.65    5.86   16.63   23.07    7.55   24.61    1.95    6.55    2.14    5.90    3.59   14.53    6.25    1.60   22.80   11.78    5.63    3.51    1.48    6.03    4.81    3.52   11.91
PSATDARD   -10.16  -59.46   26.02   15.16   11.29   11.06    4.31    0.55    6.14    2.45    5.27   11.14    5.35    1.96    0.74    2.89    2.33    9.74    2.26    9.80    1.64    8.90    3.78   11.60   10.25   22.68   17.57   11.59   11.61   10.75    6.54    8.20    6.51    6.86    7.48    6.25    8.49    5.17    2.08   12.92    9.14    3.43    4.33    5.65    7.45   14.62    2.29
PSATGUAP   -15.12  -58.96    4.51    0.82    3.68   12.39    7.26    2.31    3.88   18.86    2.96    6.12   13.41    6.58    6.64    1.31    2.30    7.81    3.77    0.21    1.74    0.49   11.49    3.27    1.60   21.07   30.35   13.99    2.66   14.79    4.21    1.57    1.01    1.60    1.14    5.49    0.29    5.25   11.55    5.25   14.37    3.74    6.65    6.04    6.41   35.10    1.22
PSATJIRA    -9.25  -64.65    2.90    2.41    6.18   12.88    9.63    6.72   16.76    7.80    6.67    8.23    2.95   10.12    7.22    2.37    8.68   10.33    9.86    7.29    7.86    6.27   10.85   17.05   11.97    6.78   13.68    5.49   13.04   16.00   13.07   13.86    5.03    1.64    3.63    9.97    8.86    3.91   10.08   13.52    4.17    4.40    4.45    4.91   11.12   11.99   10.01
PSATROND   -11.99  -60.70   30.87    4.30   11.83   16.35   11.72    0.48    8.51    3.33    1.11    8.91    2.55   12.04    1.72    0.46    3.07    8.65    6.16    1.69    4.91    2.49   14.77   14.19    5.81   17.15   33.66    7.39    6.76    4.81    3.42    3.78    6.32    6.58    6.91    4.03    1.10    5.13    4.85   13.84   19.01   17.62    2.62   12.88   17.43   15.53   12.08
PSATSAMU    -8.75  -63.45   13.32   18.40   16.54   16.02    8.34    2.90   10.64   13.29    3.51   12.09    1.44    7.33    0.58    1.58    6.64   11.54    7.74    1.36   11.36    4.21    9.63    9.75   11.32   13.93   22.45   21.57    6.22   25.78   11.18    1.45    2.63    8.95    7.06   11.83    2.01    2.48   15.83   10.04    9.32    5.68    2.21    8.16    5.00    7.37    8.41
PSATBALB    -1.92  -59.47    0.32   19.33   12.95    9.88   17.98   12.12   11.63    2.62    5.51    1.05    2.73    4.46    2.25    1.86   20.13   29.59   19.32   15.77   15.20   15.66    8.32    3.29    5.04    2.64    0.89   11.06    2.47    4.86    5.56    5.04   24.66    6.29    6.95    3.98    8.26    2.29   11.21   18.28    8.59   13.23   12.40   12.56    8.47    8.75    3.48
PSATCUNA    -2.82  -54.30    4.06    1.99   10.69    4.31   18.31    1.25    1.05    5.18   12.18    3.92    2.46    9.04    5.79   15.15   10.62    5.79    5.09   19.64   16.03   10.63    2.51    1.82   18.14   14.90   24.04   10.57   22.57   12.79    2.00    7.80   14.30   22.66    3.65    1.40    6.29   16.45    1.91    6.00    4.52    3.84    2.10    2.82    7.90    1.95    3.41
PSATJARI    -0.65  -52.52    1.54    1.54    8.87    2.14    6.01    6.31   10.99    8.42   21.06    1.74    2.02    8.27    2.84    3.31    6.63    9.42   11.90   12.54    9.25    2.12    2.72   12.45    3.31    1.53    5.33    9.61   11.88   14.04   15.14    7.53    3.13   23.54   12.06    5.89    7.17    3.77    8.16    7.92    3.90    5.59    8.25    7.49    3.29    2.14    5.11
PSATFGOM     0.86  -51.20    5.44    1.35   14.44    3.81   14.01   13.79   19.39   12.71   11.07    1.68    2.26    7.65    1.26    4.74   11.94   12.33   14.63   16.36   11.08    1.81    4.06    7.91    2.20    2.35   15.18    9.12    7.98   17.48   16.83   15.49    3.42   17.08   11.50    8.95    9.43    8.58   10.17    9.06    4.69    9.39   20.93    6.22    3.21    8.07   10.37
PSATUBE     -6.75  -43.57   16.62    3.88    2.41    1.17    3.10    3.35    9.97   11.70    6.43    2.97    3.51    2.36    2.08    4.88    1.20    0.49    2.00    4.26    1.11    6.05   11.18    3.71   13.15   12.00    8.83    1.26    0.05    1.00    8.07    5.02    3.36    1.79    4.06    5.24    0.60    1.71    3.37    4.70    6.87    1.18    1.41    6.98    7.23    2.89    4.81
PSATBSOR    -6.74  -52.00   20.11   14.27    4.87    7.43    2.10    1.31    1.80    9.79   12.49    3.49    1.56    0.99    5.05   11.99    3.81    2.27    1.02    2.23    3.85    8.02    7.31   12.50    7.93   24.64   18.25    9.92    3.42    5.36    2.01    3.47    4.95    3.07    3.48    4.57    3.12    1.60    4.13    8.94    6.78    4.09    7.42    7.65    6.65    2.74    5.45
PSATBESP    -6.75  -51.77   14.51    9.51    1.27    1.39    1.63    2.66    5.91   19.67   13.15    4.88    3.01    4.61    0.67   11.01    2.59    7.56    1.90    3.18    6.29    3.04    3.92    3.91    8.70   20.14   12.95   16.63    2.39    1.98    5.08    7.68    8.37    3.04    4.69    3.39    2.03    0.76    3.45    1.24    9.81    1.89    2.78    2.10    4.84    2.39    4.07
PSATPIME    -3.41  -51.91   12.22    8.02    6.63    2.44    3.80    1.17    3.38   16.27   11.53    3.05    2.76    6.54    2.70   15.80    5.55    9.12    3.73    7.36    8.86    6.13    2.15    4.28   11.70   21.18   15.03   13.18   13.53    4.78    3.49    7.35   10.98    7.37    5.56    2.16    2.84    1.50    2.67    3.35    5.87    1.72    3.14    2.17    3.88    3.13    3.95
PSATIRAP   -16.74  -42.57   11.96    9.94   15.05   13.18   12.59   11.17   12.50    4.21    2.95    7.89    7.46    5.86    3.23    5.86    1.76    0.63    0.01    0.04    0.06    1.33   20.13    9.39   37.25   14.32    0.23    0.00    0.41    3.06    0.22    0.40    2.49    0.30    0.51    0.10    0.23    0.57    0.52    0.28    0.75    9.02   14.26    7.12    1.75    5.82    1.02
PSATITBI   -15.97  -39.59   12.76   12.07    8.36   10.01   10.50   12.10   10.24    2.65    3.84    4.76    2.36    1.42    3.68    2.92    1.17    0.78    0.43    0.17    0.03    0.82   56.95   32.76   25.33    7.70    0.71    0.05    2.16    4.45    1.00    1.59    2.59    1.09    0.29    0.50    0.92    1.15    1.03    1.46    2.66    6.80    6.09   10.57    3.56    4.99    1.10
PSATCOLI   -10.98  -55.77   33.02   24.50   14.29   12.53    2.97    0.97    0.47    3.90    6.32    7.64    6.38    3.01    8.46    5.86    5.78    3.48    1.45    1.25    3.50    2.46    3.68    5.31    6.78   23.31   30.78   11.68    6.46    6.76    0.59    1.18   12.20    2.08    4.50    4.72    2.60    2.80    4.41   17.91    7.00    4.51   11.96   14.66   11.17    6.57    2.82
PSATSAEL    -9.19  -57.04   31.50    9.02   10.38   11.56    0.64    1.02    1.84   11.09   10.87    7.99    1.96    0.95    1.10   14.33    9.51    2.59    2.59    5.91    4.09    5.97    1.67    3.08    4.46   28.18   18.25   10.70    9.28    6.60    0.85    2.35    6.50    6.46    5.12    5.05    4.08    2.59    0.56    6.52    4.30    3.05    4.48    4.57    2.42    8.88    5.20
PSATITQ    -17.09  -54.83   36.91   20.02   28.75   11.48    9.60    5.79    9.77    6.29    9.16    7.76    3.20    6.20   12.35    7.13   18.31    7.35    1.70    0.77    0.54    0.64    8.80    2.38    4.23   13.51   18.15    6.87    1.29    4.66    2.43    0.23    0.31    0.04    1.03    4.99    0.92    9.80   16.45    9.33    3.89    6.77   11.60    6.34    4.29    1.55    2.01
PSATJAU    -15.24  -58.73    6.62    0.71    3.34   13.31    9.80    3.33    6.43   16.84    6.03    5.97    8.83    4.40    6.33    1.41    2.69    9.81    3.30    0.19    1.56    0.83    7.58    4.89    1.70   23.75   27.80   13.95    2.34   10.56    6.21    1.89    1.06    1.85    1.45    5.37    0.31    4.23   11.38    6.66   11.25    2.79    4.46    7.20    6.21   27.63    2.34
PSATMAN    -14.87  -55.78   17.87   25.63   27.58    9.32   12.02    1.42    0.47    7.63    6.73    6.19    3.31    4.70    9.49   14.50   26.90    3.01    0.40    0.88    0.85    1.07   12.02    1.45    4.60    9.34   25.36    7.51    3.99    2.40    3.74    0.20    3.19    0.27    2.70    4.31    2.11    4.81    5.56   16.76   11.32    7.50   13.07   11.35    2.33    5.83    1.10
PSATPTP    -17.61  -54.83   12.84   17.38   37.74   19.73    8.65    3.91   10.03    9.84   13.42    4.44    4.57    7.18   14.42    6.16   10.15    2.31    1.95    1.36    0.60    0.44    2.42    2.76    5.98    7.61   19.70    6.46    1.78    5.55    3.82    0.74    0.14    0.01    0.49    4.34    0.70    6.77   17.91    8.82    3.85    4.48    1.81    1.74    3.09    3.56    1.60
PSATSTCL   -17.90  -40.20   18.51   17.43   12.25    9.01   14.69   20.68    9.75    0.84    6.43    5.01    1.92    0.47    7.38    1.57    0.45    0.69    0.05    0.01    0.05    1.56   45.31   11.38   20.55    7.31    1.11    0.02    3.31    8.18    1.17    2.63    2.52    1.71    0.20    0.46    1.54    1.90    1.78    1.51    2.77    9.37    3.16    6.21    5.04    4.97    1.00
PSATPDC    -12.58  -39.00    0.93    1.10    2.25    3.19    4.17    5.37    3.21    1.13    0.50    1.58    0.60    0.36    2.83    1.70    0.86    0.86    2.55    1.46    1.27    2.52    2.30   11.49   10.57    4.72    4.53    0.49    1.19    2.61    6.73    1.39    3.05    3.01    1.99    1.33    2.16    2.82    1.95    3.60    1.37    2.78    1.23    0.89    5.32    1.10    2.25
PSATROSA   -20.92  -41.72    6.91   28.81   28.71   22.95   20.26    8.14   12.26   25.08   10.48    8.07    3.34    8.35    8.45    4.67    1.27    0.93    0.06    0.02    5.74   31.32   12.11    1.77    6.82    6.61    0.05    0.08    2.63    8.79    4.63    7.61    3.70    0.12    0.74    0.00    0.55    0.63    1.05    1.29    1.04    1.57    3.17   21.68    2.10    6.53    5.42
PSATCAN    -20.21  -42.85   30.21   27.16   32.33   36.28   32.82   16.96   18.06   17.17    9.90   10.50    7.87   16.39   12.68   14.93    3.73    1.52    0.06    0.03   11.33   26.27    7.81    0.42   11.17   12.84    0.20    0.00    0.71    2.48    3.85    4.43    3.63    0.82    0.61    0.27    0.27    0.48    0.21    1.27    1.58    4.21    9.27   21.64    3.26    7.49    6.19
PSATSAC    -19.64  -42.85   13.68   30.39   37.31   26.32   16.17   12.42    8.58   11.66    6.65    4.22    4.81   19.23   10.16    9.16    3.89    1.42    0.05    0.02    8.17    8.17   10.18    1.41   17.10   17.23    0.41    0.00    1.04    3.80    3.56    4.09    4.63    1.19    1.40    0.36    0.77    0.81    0.54    1.29    1.99    5.89    9.90   19.85    2.98    2.85    4.59
PSATPES    -19.12  -42.66    9.47   32.26   20.99   25.45   26.81   14.99   15.31    5.61    5.72    5.51    7.29   18.63   10.01    9.54    3.42    0.92    0.05    0.04    0.03    7.99   16.48    4.58   18.19   14.71    0.39    0.01    0.94    9.74    2.39    6.26    6.34    0.85    0.72    0.14    1.20    0.64    0.81    1.02    1.53    8.16    7.97   18.86    6.14    3.17    2.01
PSATMAS    -19.50  -40.92   12.11   33.30   22.39   23.38   25.88   16.35   19.23   14.30   10.60    8.24    7.01    8.98   12.64   10.99    2.23    1.03    0.12    0.01    0.51   13.40    9.76    4.94   12.60   13.72    0.53    0.02    1.16    7.27    2.85    6.95    3.28    1.39    0.89    0.16    1.42    0.85    0.90    1.15    1.11    4.33    4.95   16.10    3.45    3.99    1.12
PSATSBR    -23.37  -45.87   17.69   11.34    8.19    3.99   12.56   17.97    7.23    2.25   11.95   13.74   13.15   15.19   18.55   16.49    7.32    6.81    4.21    7.07   17.06   28.68   14.97    1.38    0.22    9.77    0.97    0.00    0.06    1.43    9.28    8.49    7.87   13.80    1.54    0.42    0.02    0.31    1.48    3.12   15.98   15.22   16.43   19.62    2.56    2.82    1.05
PSATJAG    -23.20  -46.03    9.50    8.09    4.19    3.32   12.76   24.34    6.44    2.91   12.70   15.81    4.03   24.60   24.02   17.21    5.95    8.29    6.88    5.77   13.15   26.79   10.60    0.18    0.00   12.08    5.92    0.00    0.21    3.49    5.16    8.97    3.91    7.11    2.03    0.14    0.34    0.09    1.30    5.65   17.43   19.01   18.74   20.87    1.98    0.73    1.13
PSATFUNI   -22.53  -44.57   29.62   18.32    6.42    6.94   24.72   15.06   15.55    8.19   16.86   11.29   15.40   14.45   19.44   21.52   10.70    6.49    4.52    9.38   12.56   23.02   13.40    0.52    0.10   16.30    1.71    0.00    0.13    1.86    3.85    9.71    6.88   10.19    1.27    0.31    0.09    0.84    0.66    3.37   11.09   16.08   14.37   22.61    2.78    3.38    1.26
PSATSACE   -22.48  -43.84   34.87   23.09    8.64    4.59   36.24   24.72   16.20    6.57   26.05   11.63   10.80   20.48   26.21   32.41    6.68    5.36    1.23    9.17   22.16   26.80   12.26    1.27    0.24    8.25    0.67    0.00    0.01    0.20    2.39   12.90    6.23    3.26    0.76    0.02    0.00    1.93    0.16    2.23   10.97   16.55   25.33   24.14    7.05   14.24    2.23
PSATPIC    -21.91  -43.54   47.76   22.21   23.99    7.46   39.77    7.50   25.09   30.49   16.17   11.47   16.22   10.97   21.12   23.94    9.96    3.43    0.08    3.57   23.56   23.79    4.65    1.95    0.58   16.43    0.38    0.00    0.09    0.40    2.15   11.51    3.97    1.77    0.21    0.00    0.02    0.50    0.05    3.75    8.10   14.88   20.17   19.78    5.00   13.52    2.04
PSATSOGI   -21.94  -43.36   43.37   14.60   16.62   15.08   38.87   20.63   10.82   20.52   16.36    7.62   19.26   18.95   22.64   24.51   10.55    2.90    0.04    1.79   23.69   25.89    5.07    2.81    2.01   13.82    0.09    0.02    0.53    2.71    3.50   13.49    3.14    1.01    0.04    0.06    0.16    0.50    0.18    1.43    3.39    8.95   16.82   23.94    5.72   15.88    8.32
PSATIPSI   -21.84  -42.58   54.80   18.56   19.41   15.21   40.65   16.71   11.70   12.61   11.38    5.63   12.23   13.04   24.56   19.42    5.86    2.24    0.02    1.42   22.30   18.82   11.25    2.53    0.73    8.41    0.19    0.03    0.30    1.28    1.35    9.57    3.59    1.25    0.16    0.10    0.13    0.43    0.22    3.91    2.66    7.77   13.78   18.10    5.82   11.37    2.80
PSATTCLJ   -22.69  -43.83   26.72   21.05   10.94    7.86   30.46   18.71    4.01    0.67   12.68    9.70   12.77   17.24   16.88   14.14   12.53    5.60    0.00    2.18    8.77   30.64   15.79    1.16    0.63    5.84    0.00    0.02    0.00    0.17    2.29    6.44    1.25    4.12    0.03    0.00    0.00    0.14    0.32    0.46    8.50   10.57   13.24   14.71    4.39    4.79    1.95
PSATBIGU   -25.51  -53.67    0.00    0.00    0.02    0.40    1.71    6.13    1.04   10.00    8.92    5.89   17.98   11.98    3.52    2.91    1.44    1.50    8.09    7.58   14.54    1.65    2.25   16.92    6.12    0.69    1.30    8.25   13.94   12.15   10.15   13.68    6.96   11.73    7.93   11.55    4.85    7.15    7.22   19.67    9.41    1.14    2.59    1.93    0.42    0.25    0.31
PSATBRAU   -21.45  -42.41   50.46   26.03   23.23   42.78   29.59   19.22   25.03   24.64   15.57   15.10   12.54   19.99   16.96   19.00    4.11    0.60    0.02    0.33   25.05   38.40   10.19    1.27    4.90   13.98    0.16    0.10    0.52    2.19    2.23    6.11    4.81    0.65    0.18    0.23    0.46    0.99    0.44    1.33    2.05    4.16    9.69   19.89    4.52    7.51   10.08
