PSATAGV    -19.89  -50.35    1.47   25.43   12.52    1.00    0.57    3.05    4.78    0.39    0.11    0.12    0.00    0.00    0.00    0.00    0.00    0.00    0.01    0.76    0.03    0.17    0.21    0.05    0.03    0.07    0.26    0.12    0.00    0.00    0.00    0.00    0.00    0.19    0.01    0.00    0.00    0.00    0.00    0.00    0.00    0.00    0.01    0.00    0.00    0.00    0.00
PSATCMG    -21.28  -44.63    0.59    6.38    8.22    1.29    0.06    0.01    0.72    1.66    1.74    0.72    0.75    0.21    0.23    0.38    0.04    0.14    0.29    0.07    4.36    1.46    5.68    2.16    0.13    0.00    0.15    7.84    0.30    0.02    0.00    0.00    0.00    1.36    0.68    0.04    0.00    0.00    0.00    0.00    0.00    0.00    0.39    0.04    0.00    0.00    0.26
PSATCES    -20.25  -48.16    0.88   19.85   15.99    1.66    0.30    0.17    8.97    0.86    0.11    0.06    0.02    0.00    0.00    0.00    0.00    0.00    0.00    0.22    0.51    0.03    0.29    0.07    0.05    0.01    0.68    2.69    0.00    0.01    0.00    0.00    0.00    0.02    0.05    0.00    0.00    0.00    0.00    0.00    0.00    0.00    0.00    0.00    0.00    0.00    0.00
PSATELC    -21.60  -46.95    1.57   23.25    8.45    1.21    0.03    0.14    7.22    0.69    0.25    0.29    0.05    0.01    0.00    0.01    0.03    0.07    0.03    1.61    1.12    1.13    2.26    1.79    0.24    0.00    3.66   10.75    0.04    0.02    0.00    0.00    0.00    0.07    0.02    0.02    0.00    0.00    0.00    0.00    0.00    0.00    0.00    0.00    0.00    0.00    0.12
PSATFUN    -21.14  -45.04    0.56    4.81    6.28    1.14    0.10    0.03    4.17    1.30    0.20    0.28    0.41    0.09    0.11    0.24    0.05    0.11    0.15    0.01    1.15    1.06    6.69    1.55    0.14    0.00    0.01    7.21    0.18    0.00    0.00    0.00    0.00    0.26    0.21    0.04    0.00    0.00    0.00    0.00    0.00    0.00    0.03    0.01    0.00    0.00    0.08
PSATFUR    -20.67  -46.32    1.20   11.41    5.96    0.79    0.12    0.12    9.05    0.63    0.33    0.26    0.18    0.04    0.00    0.03    0.03    0.12    0.09    1.00    1.38    0.62    6.20    0.96    0.17    0.00    0.75    6.46    0.03    0.02    0.00    0.00    0.00    0.08    0.12    0.02    0.00    0.00    0.00    0.00    0.00    0.00    0.00    0.00    0.00    0.00    0.01
PSATMRB    -20.30  -49.18    1.14   22.93   14.52    1.23    0.43    0.77    5.85    0.59    0.06    0.05    0.01    0.00    0.00    0.00    0.00    0.00    0.00    0.60    0.31    0.17    0.37    0.06    0.02    0.02    0.63    2.38    0.00    0.00    0.00    0.00    0.00    0.15    0.02    0.00    0.00    0.00    0.00    0.00    0.00    0.00    0.00    0.00    0.00    0.00    0.11
PSATPRG    -21.59  -45.67    0.48   17.18   10.62    0.82    0.04    0.06    2.71    1.10    0.17    0.38    0.31    0.08    0.00    0.01    0.02    0.05    0.16    3.01    2.46    0.90    2.16    4.38    0.23    0.00    1.91    6.42    0.04    0.01    0.00    0.00    0.04    0.11    0.25    0.00    0.00    0.01    0.00    0.00    0.00    0.02    0.04    0.00    0.00    0.01    0.12
PSATPAS    -21.02  -48.18    1.17   25.70   15.44    1.22    0.30    0.18    6.16    0.66    0.05    0.24    0.02    0.00    0.00    0.00    0.00    0.00    0.00    2.10    0.69    0.69    2.11    0.68    0.06    0.01    4.16    2.59    0.00    0.00    0.00    0.00    0.00    0.19    0.09    0.00    0.00    0.00    0.00    0.00    0.00    0.00    0.00    0.00    0.00    0.00    0.71
PSATPTB    -21.61  -45.49    0.27   11.87    9.23    1.01    0.07    0.02    0.48    0.89    0.42    0.42    0.12    0.02    0.02    0.06    0.02    0.06    0.25    0.06    3.57    0.30    4.40    5.85    0.22    0.00    1.05    8.66    0.03    0.00    0.00    0.00    0.00    0.16    0.27    0.00    0.00    0.00    0.00    0.01    0.00    0.00    0.04    0.00    0.00    0.00    0.05
PSATPTC    -20.00  -48.55    2.30   13.69   15.23    1.19    0.25    2.68    8.31    0.78    0.09    0.16    0.09    0.01    0.00    0.00    0.02    0.02    0.02    0.17    0.65    0.07    0.75    0.14    0.08    0.00    0.19    2.26    0.01    0.01    0.00    0.00    0.00    0.01    0.02    0.00    0.00    0.00    0.00    0.00    0.00    0.00    0.00    0.00    0.00    0.00    0.00
PSATFZA    -26.00  -51.65    8.94   25.54    0.06    0.58    2.84    6.75    5.04    1.01    1.59    0.17    0.30    0.09    0.00    0.00   11.12   42.51    6.19    0.00    0.19    0.13    0.07    0.08    1.40    6.32    2.35    0.05    0.00    0.00    0.00    8.92   15.78    0.64   16.21   36.61   16.12   14.95    8.80    0.00    0.00    0.01    0.02    0.00    0.00    2.84    0.00
PSATJSG    -25.78  -52.00    8.38   28.43    0.03    1.26    3.70    5.23    4.77    0.66    2.10    0.02    0.05    0.01    0.01    0.00   20.36   50.37    2.40    0.00    0.04    0.03    0.01    0.02    1.81    8.82    0.66    0.01    0.01    0.00    0.00   11.32   12.70    0.04   18.92   30.54    9.13    9.06    5.47    0.00    0.00    0.00    0.00    0.00    0.00    4.61    0.00
PSATSCX    -25.53  -53.48    9.05   34.84    0.38    1.17    3.70    4.48    4.57    0.53    1.82    0.00    0.21    0.01    0.00    0.00   30.07   32.66    2.44    0.00    0.00    0.00    0.00    0.08    0.76   23.01    0.33    0.11    0.00    0.00    0.01   10.70   11.92    0.01   24.13   28.71    8.42    9.20    3.48    0.00    0.00    0.00    0.01    0.00    0.04    5.55    0.00
PSATSCL    -25.49  -51.74    6.64   45.27    0.60    1.21    3.57    7.93    4.09    0.55    1.12    0.01    0.02    0.00    0.00    0.00    5.99   38.79   13.48    0.00    0.02    0.01    0.02    0.13    1.17    7.31    1.86    0.07    0.00    0.00    0.00    8.79   23.04    0.55   11.67   38.50   32.39    8.85    1.36    0.00    0.00    0.00    0.00    0.00    0.00    1.13    0.00
PSATUVT    -26.23  -51.08    6.69   18.88    0.21    0.18    1.23    2.93    2.04    0.85    1.56    0.52    0.89    0.37    0.08    0.00    1.98   27.90   17.50    0.36    0.54    0.53    0.27    0.56    0.35   14.63    9.82    0.05    0.01    0.00    0.00    8.91   25.89    2.68    6.31   31.00   16.86   18.97    4.49    0.00    0.00    0.16    0.16    0.02    0.00    0.87    0.00
PSATBSM    -24.19  -53.74    3.10   35.87    0.91    1.32    4.38    5.08    4.69    0.32    2.70    0.00    0.07    0.01    0.00    0.00    5.71   40.28   15.76    0.00    0.00    0.02    0.06    0.37    0.24   20.86    5.75    0.20    0.00    0.00    0.00    6.37   11.75    0.15   16.17   32.47    4.68    3.52    0.01    0.00    0.00    0.00    0.00    0.00    0.00    2.05    0.00
PSATFLE    -22.97  -54.56   14.72   22.80    0.89    6.14    6.04   11.06    1.34    0.52    7.24    2.16    0.00    0.01    0.00    0.00   80.42   28.83    7.44    0.00    0.00    0.02    0.03    0.06    0.02   30.93    3.60    0.13    0.00    0.00    0.00    8.79    5.96    0.05   17.73   11.61    2.75    0.00    0.00    0.00    0.00    0.00    0.00    0.00    0.00    8.21    0.00
PSATITP    -25.42  -54.58    6.25   31.80    1.09    2.99    3.03    6.24    2.39    0.37    3.77    0.63    0.08    0.00    0.00    0.00   32.03   21.91   11.02    0.02    0.00    0.07    0.04    0.11    0.13   24.44    4.96    0.19    0.00    0.00    0.00    9.48    8.11    0.32   20.09   14.67    1.48    1.00    0.03    0.00    0.00    0.00    0.00    0.00    0.13    3.71    0.00
PSATIVM    -22.38  -53.53    6.21   19.16    1.40   12.32    7.24   10.55    1.45    0.67    6.43    2.34    0.21    0.02    0.00    0.00   11.56   16.98   15.85    0.08    0.00    0.10    0.04    0.02    0.11   21.68    4.46    0.21    0.00    0.00    0.00    0.90   11.52    0.35    1.21    9.13    1.60    0.00    0.00    0.00    0.00    0.00    0.00    0.00    0.00    5.05    0.00
PSATPTQ    -23.18  -53.17    2.36   47.83    1.89    1.08    1.87    5.42    3.19    0.16    0.74    0.04    0.01    0.00    0.00    0.00    0.25   20.81   27.76    0.04    0.02    0.12    0.30    0.39    0.23   12.56   11.22    0.06    0.00    0.00    0.00    4.07   15.57    1.85    4.32   10.60    9.27    2.33    0.12    0.00    0.00    0.00    0.00    0.00    0.00    5.26    0.00
PSATCBI    -17.99  -48.54    0.32    0.47    4.75    8.70    6.78    6.41    5.03    0.83    1.19    0.72    0.00    0.00    0.02    0.02    0.02    0.04    0.03    0.06    0.04    0.10    0.37    0.02    0.05    0.01    0.00    0.04    0.01    0.00    0.00    0.00    0.00    0.00    0.00    0.00    0.00    0.00    0.00    0.00    0.00    0.00    0.00    0.00    0.00    0.00    0.00
PSATCBIV   -16.15  -48.67    0.40    1.94    2.55    9.95    9.90    5.52    6.35    1.76    1.20    0.90    0.00    0.00    0.02    0.01    0.02    0.04    0.01    0.03    0.00    0.06    0.36    0.04    0.12    0.03    0.00    0.00    0.00    0.00    0.00    0.00    0.00    0.00    0.00    0.00    0.00    0.00    0.00    0.00    0.00    0.00    0.00    0.00    0.00    0.00    0.00
PSATEMB    -18.45  -47.98    1.06    0.16    6.47    3.28    1.31   10.64    4.48    0.91    0.51    0.70    0.04    0.13    0.02    0.07    0.03    0.06    0.10    0.03    0.58    0.13    0.74    0.22    0.12    0.01    0.00    0.06    0.05    0.00    0.00    0.00    0.00    0.00    0.01    0.00    0.00    0.00    0.00    0.00    0.00    0.00    0.00    0.00    0.00    0.00    0.00
PSATIMBR   -18.42  -49.10    2.00    1.49    8.13    3.80    2.60   12.93    5.72    0.91    0.35    0.19    0.00    0.00    0.00    0.01    0.00    0.01    0.02    0.07    0.42    0.10    0.28    0.00    0.08    0.01    0.02    0.23    0.01    0.00    0.00    0.00    0.00    0.00    0.00    0.00    0.00    0.00    0.00    0.00    0.00    0.00    0.00    0.00    0.00    0.00    0.00
PSATNPTE   -19.13  -47.70    3.13    1.82    6.88    0.67    0.48    9.06    7.89    0.74    0.21    0.25    0.12    0.10    0.00    0.03    0.04    0.05    0.10    0.11    1.51    0.12    0.72    0.18    0.24    0.00    0.03    1.81    0.03    0.00    0.00    0.00    0.00    0.00    0.07    0.00    0.00    0.00    0.00    0.00    0.00    0.00    0.01    0.00    0.00    0.00    0.00
PSATARV    -18.07  -50.16    6.93    1.06    5.02    6.79    5.24    7.04    5.50    0.51    0.20    0.15    0.02    0.00    0.00    0.00    0.00    0.00    0.01    0.08    0.05    0.16    0.00    0.11    0.01    0.00    0.19    0.09    0.12    0.00    0.00    0.00    0.00    0.01    0.00    0.00    0.00    0.00    0.00    0.00    0.00    0.00    0.00    0.00    0.00    0.00    0.00
PSATSFC    -18.05  -47.68    0.34    0.27    7.72    7.26    5.09    6.53    5.22    1.09    1.07    0.55    0.00    0.02    0.07    0.23    0.12    0.19    0.12    0.10    0.02    0.28    1.61    0.27    0.08    0.03    0.00    0.02    0.04    0.02    0.00    0.00    0.00    0.00    0.00    0.00    0.00    0.00    0.00    0.00    0.00    0.00    0.00    0.00    0.00    0.00    0.00
PSATSSM    -19.02  -50.50    6.37    3.05    8.53    2.45    2.06   11.28    4.25    0.49    0.22    0.13    0.02    0.00    0.00    0.00    0.00    0.00    0.02    0.14    0.32    0.15    0.05    0.04    0.03    0.01    0.17    0.14    0.06    0.00    0.00    0.00    0.00    0.01    0.00    0.00    0.00    0.00    0.00    0.00    0.00    0.00    0.00    0.00    0.00    0.00    0.00
PSATCNI    -22.94  -50.52    0.11   45.24    8.81    1.31    0.66    0.04    1.83    0.14    0.31    0.01    0.00    0.00    0.00    0.00    0.00    0.00    0.55    0.28    0.39    0.42    0.57    0.24    0.07    0.09    3.25    0.01    0.00    0.00    0.00    0.00    0.91    0.35    0.02    0.00    0.00    0.00    0.00    0.00    0.00    0.01    0.01    0.00    0.00    0.19    2.57
PSATCPV    -22.65  -51.33    0.25   49.95    7.81    1.00    0.81    0.12    1.17    0.11    0.10    0.00    0.00    0.00    0.00    0.00    0.00    1.74   12.64    5.22    0.07    0.09    0.42    0.38    0.14    1.58    9.86    0.00    0.00    0.00    0.00    0.06   13.41    0.38    2.27    3.02    0.26    0.11    0.01    0.00    0.00    0.00    0.01    0.00    0.00    4.89    0.43
PSATCHT    -23.01  -49.73    0.17   44.08   11.26    0.57    0.51    0.18    1.39    0.25    0.16    0.02    0.01    0.01    0.00    0.00    0.00    0.09    3.95    1.90    0.42    0.17    0.56    0.31    0.30    0.70    7.48    0.01    0.02    0.00    0.00    0.53   24.96    0.32    3.03    1.78    0.84    0.25    0.05    0.00    0.00    0.02    0.01    0.00    0.00    7.39    0.41
PSATJUR    -23.22  -49.23    0.11   39.17   17.43    0.64    0.73    0.82    2.55    0.64    0.53    0.19    0.24    0.09    0.02    0.00    0.00    0.05    1.82    5.53    1.02    0.45    0.75    0.53    0.38    0.01   10.12    0.31    0.15    0.00    0.00    0.10   14.30    1.03    1.19    0.23    0.29    0.16    0.05    0.01    0.00    0.24    0.18    0.02    0.00    3.31    2.55
PSATMAU    -24.06  -50.71    3.16   46.05    3.37    0.51    0.77    1.87    1.49    0.34    0.36    0.05    0.06    0.01    0.00    0.00    0.00   22.82   25.57    0.16    0.11    0.06    0.58    1.00    0.56    5.75    5.87    0.05    0.00    0.00    0.00    2.64   21.33    2.27    1.74   14.73   10.10    2.14    0.75    0.00    0.00    0.00    0.00    0.00    0.00    3.51    0.00
PSATROS    -22.50  -52.87    0.15   50.15    1.78    1.01    1.44    1.47    3.73    0.09    0.06    0.00    0.00    0.00    0.00    0.00    0.00    3.20   13.60    3.53    0.01    0.16    0.15    0.22    0.00    0.87   11.94    0.01    0.00    0.00    0.00    0.30    9.86    3.36    2.44    0.20    0.11    0.00    0.00    0.00    0.00    0.00    0.00    0.00    0.00    1.14    0.01
PSATQMD    -16.21  -47.33    0.16    0.27    5.25    9.98    8.47   10.89    3.57    2.86    0.79    0.58    0.00    0.02    0.08    0.21    0.42    0.52    0.31    0.11    0.00    0.31    0.96    0.26    0.06    0.07    0.00    0.02    0.01    0.02    0.00    0.00    0.00    0.00    0.00    0.00    0.00    0.00    0.00    0.00    0.00    0.00    0.00    0.00    0.00    0.00    0.00
PSATRBX    -18.95  -44.76    0.41    0.72    3.08    3.44    0.23    4.30   14.40    1.15    0.65    0.25    0.29    0.09    0.04    0.10    0.17    0.11    0.07    0.02    0.17    0.57    2.95    0.62    0.20    0.03    0.00    0.82    0.20    0.00    0.00    0.00    0.00    0.02    0.51    0.25    0.00    0.00    0.00    0.00    0.00    0.00    0.00    0.00    0.00    0.00    0.04
PSATSFR    -15.93  -44.86    0.16    0.19    1.77    4.22    3.82   16.59    2.47    5.42    1.09    0.20    0.03    0.10    0.01    0.26    0.35    0.22    0.18    0.02    0.00    2.61    0.55    0.68    0.16    0.12    0.01    0.20    0.02    0.01    0.15    0.04    0.01    0.00    0.00    0.00    0.00    0.00    0.00    0.00    0.00    0.00    0.00    0.00    0.00    0.00    0.00
PSATSRM    -16.37  -45.07    0.34    0.09    3.46    4.34    1.76   10.86    6.47    1.16    0.61    0.29    0.17    0.12    0.02    0.11    0.27    0.20    0.10    0.02    0.33    3.72    0.82    0.68    0.08    0.06    0.09    0.21    0.17    0.02    0.04    0.01    0.05    0.01    0.11    0.04    0.00    0.00    0.01    0.00    0.00    0.00    0.00    0.00    0.00    0.00    0.01
PSATTMR    -18.16  -45.27    1.13    1.57    2.42    3.29    0.32    6.53    9.19    0.96    0.52    0.30    0.18    0.17    0.00    0.04    0.09    0.25    0.27    0.06    1.08    0.45    2.97    0.52    0.17    0.00    0.00    1.62    0.05    0.00    0.00    0.00    0.01    0.02    0.13    0.19    0.00    0.00    0.00    0.00    0.00    0.00    0.00    0.00    0.00    0.00    0.00
PSATBOQ    -11.35  -43.83    1.15    0.84    0.37    0.16    0.12    0.21    0.47    2.37    3.59    4.83    0.81    0.33    0.36    0.35    0.34    0.38    0.73    0.81    0.02    0.10    0.72    0.22    0.55    0.28    0.23    0.30    0.03    0.00    0.00    0.02    0.01    0.00    0.00    0.00    0.02    0.00    0.00    0.00    0.00    0.00    0.00    0.00    0.00    0.00    0.00
PSATBBO    -22.52  -48.55    0.12   30.93   26.53    0.89    0.23    0.19    3.62    0.58    0.35    0.22    0.06    0.03    0.00    0.00    0.00    0.00    0.09   11.56    0.99    0.48    1.92    1.53    0.18    0.00   15.09    0.72    0.01    0.00    0.00    0.00    2.06    1.61    0.06    0.00    0.00    0.02    0.00    0.00    0.00    0.04    0.04    0.00    0.00    0.25    4.01
PSATESZ    -23.46  -46.91    0.21   28.36   19.67    1.72    0.98    3.02    4.31    2.54    1.19    0.76    0.92    0.14    0.03    0.00    0.00    0.00    0.02   20.98    2.29    0.83    1.99    2.22    1.28    0.00   29.11    6.31    0.41    0.00    0.00    0.00   10.41    9.79    0.51    0.00    0.01    0.32    0.00    0.02    0.00    1.28    0.73    0.00    0.00    2.55    4.40
PSATIBT    -21.76  -48.99    0.50   34.50   20.81    1.14    0.41    0.16    3.70    0.52    0.07    0.05    0.01    0.00    0.00    0.00    0.00    0.00    0.04    4.97    0.59    0.40    0.56    0.20    0.10    0.01    2.23    0.23    0.00    0.00    0.00    0.00    0.01    0.46    0.01    0.00    0.00    0.00    0.00    0.00    0.00    0.00    0.00    0.00    0.00    0.00    2.38
PSATNAV    -21.12  -50.20    0.85   31.86   19.87    1.20    0.57    0.26    2.27    0.38    0.14    0.02    0.00    0.00    0.00    0.00    0.00    0.00    0.04    0.27    0.07    0.22    0.25    0.08    0.03    0.06    0.57    0.06    0.00    0.00    0.00    0.00    0.00    0.52    0.01    0.00    0.00    0.00    0.00    0.00    0.00    0.00    0.01    0.00    0.00    0.00    0.03
PSATSME    -13.40  -48.30    0.62    1.98    1.86    6.04    4.69    4.31    3.73    0.84    1.49    1.60    0.04    0.00    0.00    0.04    0.03    0.03    0.03    0.06    0.01    0.02    0.08    0.10    0.09    0.02    0.00    0.06    0.02    0.00    0.00    0.00    0.00    0.00    0.00    0.00    0.00    0.00    0.00    0.00    0.00    0.00    0.00    0.00    0.00    0.00    0.00
PSATBGR    -27.78  -51.20    0.00    0.00    0.01    1.02    3.58    1.28    0.40    0.35    1.15    0.18    0.32    0.01    0.00   14.32   26.82   24.34    1.14    0.00    0.03    0.02    0.02    0.00    0.02    4.76    0.14    0.00    0.00    0.00    5.75    5.55    0.44    0.00   30.23   29.73    2.05    5.10    0.39    0.18    0.03    0.02    0.00    0.00    0.13    9.05    0.00
PSATCNV    -27.60  -51.33    0.01    0.80    0.04    0.13    4.87    2.57    1.10    0.55    1.25    0.27    0.77    0.32    0.07    2.69   20.37   31.91    0.92    0.00    0.18    0.32    0.15    0.05    0.15    3.52    0.31    0.03    0.01    0.00    0.68   13.19    7.50    0.01   30.96   18.31   10.75   17.75    0.21    0.02    0.00    0.08    0.07    0.02    0.01    4.70    0.00
PSATFCH    -27.14  -53.04    0.40    2.91    0.00    3.33    1.20    0.54    0.02    0.31    1.92    0.00    0.00    0.02    0.19    8.70   68.55   14.96    0.02    0.00    0.00    0.00    0.00    0.00    0.34   13.63    0.00    0.00    0.00    0.00    3.30   19.39    3.33    0.00   56.18   31.68    0.34   24.84    0.72    0.00    0.00    0.00    0.02    0.00    6.04   13.55    0.00
PSATITA    -27.27  -52.38    0.45    4.31    0.01    1.57    2.50    1.75    1.01    0.45    1.08    0.04    0.06    0.04    0.00    4.26   41.12   22.04    0.56    0.01    0.05    0.07    0.02    0.01    0.63    7.44    0.14    0.01    0.00    0.00    2.00   14.56   10.52    0.00   30.06   19.54    3.51   23.71    0.77    0.02    0.00    0.01    0.00    0.00    1.70    9.00    0.00
PSATMCD    -27.52  -51.78    0.00    0.30    0.00    3.43    0.99    0.84    0.16    0.38    0.79    0.00    0.01    0.00    0.00   10.15   51.71   17.14    0.02    0.02    0.03    0.02    0.02    0.00    0.04    5.33    0.02    0.00    0.00    0.00    3.89    8.19    1.01    0.00   35.45   34.33    0.32    7.31    0.06    0.03    0.00    0.00    0.00    0.00    1.69   11.80    0.00
PSATMOJ    -27.35  -52.73    0.01    0.33    0.00    3.59    0.20    1.14    0.01    0.16    0.26    0.00    0.01    0.08    0.04   15.57   97.02    4.62    0.00    0.03    0.00    0.00    0.00    0.00    0.60    8.60    0.00    0.00    0.00    0.00    6.38    3.83    0.32    0.00   31.01   20.63    0.20    9.41    0.12    0.00    0.00    0.00    0.00    0.00   13.57    5.25    0.00
PSATQQX    -26.66  -52.54    5.08   14.71    0.00    0.96    6.59    2.72    0.97    0.40    1.64    0.00    0.01    0.00    0.00    0.00   25.79   28.66    0.97    0.00    0.02    0.01    0.01    0.00    1.79   15.62    0.19    0.00    0.00    0.00    0.09   13.12   18.77    0.00   18.95    9.26    2.50   15.66    6.29    0.00    0.00    0.00    0.00    0.00    0.05   10.39    0.00
PSATPSJ    -28.14  -55.05    0.00    0.00    0.00    0.29    0.04    0.00    0.00    0.01    0.01    0.00    0.28    0.72    5.05   35.67   25.94    0.16    0.00    0.00    0.00    0.00    0.00    0.03   19.71   11.21    0.00    0.00    0.00    0.00   25.54    0.31    0.00    0.00   12.36    1.40    0.02    3.81    0.35    0.02    0.02    0.01    0.00    0.00   17.77    0.10    0.00
PSATESP    -18.68  -51.87    6.81    2.22    9.06    6.31    4.94    5.69    7.27    0.86    0.38    0.46    0.35    0.00    0.00    0.00    0.00    0.00    0.64    0.87    0.31    0.52    0.49    0.47    0.11    0.02    0.18    0.38    0.00    0.02    0.00    0.00    0.00    0.00    0.00    0.00    0.00    0.00    0.00    0.00    0.00    0.00    0.00    0.00    0.00    0.00    0.06
PSATSRC    -19.16  -50.76   13.52    3.40    4.36    5.62    1.68   10.73    6.24    0.28    0.20    0.17    0.03    0.00    0.00    0.00    0.00    0.00    0.16    0.40    0.15    0.94    0.19    0.55    0.16    0.04    0.20    0.35    0.26    0.00    0.00    0.00    0.00    0.09    0.00    0.00    0.00    0.00    0.00    0.00    0.00    0.00    0.00    0.00    0.00    0.00    0.01
PSATFRCL   -19.12  -50.64    8.35    1.93    5.24    5.50    3.11   10.36    5.85    0.51    0.33    0.31    0.04    0.00    0.00    0.00    0.00    0.00    0.09    0.31    0.22    0.98    0.03    0.40    0.05    0.03    0.15    0.58    0.12    0.00    0.00    0.00    0.00    0.05    0.00    0.00    0.00    0.00    0.00    0.00    0.00    0.00    0.00    0.00    0.00    0.00    0.00
PSATISOT   -20.40  -51.35    3.54   20.62   14.95    1.83    0.79    4.95    4.98    0.33    0.06    0.04    0.01    0.00    0.00    0.00    0.00    0.00    0.21    0.22    0.01    0.09    0.05    0.09    0.09    0.06    0.50    0.17    0.05    0.00    0.00    0.00    0.00    0.48    0.01    0.00    0.00    0.00    0.00    0.00    0.00    0.00    0.00    0.00    0.00    0.00    0.01
PSATJUP    -20.86  -51.63    7.86    8.52    6.19    3.20    2.27    9.60    3.39    0.58    0.07    0.06    0.04    0.00    0.00    0.00    0.00    0.01    1.04    0.19    0.08    0.10    0.07    0.86    0.36    0.23    4.49    0.94    0.01    0.00    0.00    0.00    0.02    0.47    0.01    0.00    0.00    0.00    0.00    0.00    0.00    0.00    0.00    0.00    0.00    0.00    0.04
PSATSDG    -20.06  -53.18    8.34    6.08    3.69    7.45    4.61    9.38    2.18    0.65    0.07    0.15    0.16    0.00    0.01    0.00    0.00    0.04    0.97    0.09    0.00    0.19    0.05    1.11    0.02    4.12    8.22    1.46    0.00    0.01    0.00    0.00    0.04    0.20    0.00    0.00    0.01    0.00    0.00    0.00    0.00    0.00    0.01    0.00    0.00    0.00    0.05
PSATFZBT   -21.66  -52.87    2.90   15.70    3.95   10.70    7.38   11.17    1.55    0.64    1.51    0.73    0.06    0.00    0.00    0.00    0.00    4.77    1.65    2.78    0.00    0.31    0.00    0.18    0.03   13.74    5.96    1.69    0.00    0.00    0.00    0.00    3.65    0.59    0.12    0.27    0.35    0.00    0.00    0.00    0.00    0.00    0.01    0.00    0.00    0.45    0.05
PSATPPRA   -22.46  -52.91    0.90   30.46    4.71    2.43    1.47    4.51    2.34    0.28    0.05    0.01    0.00    0.00    0.00    0.00    0.00    0.38    1.03    2.10    0.03    0.21    0.05    0.09    0.06    1.40    2.24    0.63    0.00    0.00    0.00    0.00    0.61    0.49    0.51    0.00    0.00    0.00    0.00    0.00    0.00    0.00    0.00    0.00    0.00    0.07    0.36
PSATBTE    -13.69  -50.80    4.19    2.66    5.56    5.05    4.91    5.26    5.23    0.48    0.57    2.94    1.23    0.00    0.00    0.00    0.00    0.01    0.18    0.10    0.03    0.09    0.08    0.15    0.03    0.01    0.19    1.25    0.02    0.00    0.00    0.00    0.00    0.01    0.00    0.00    0.00    0.00    0.00    0.00    0.00    0.00    0.00    0.00    0.00    0.00    0.00
PSATARAG    -8.27  -49.26    4.49    2.29    1.76    3.29    4.78    1.95    2.75    2.43    5.22    5.41    5.74    0.79    1.14    0.14    0.19    0.14    0.30    0.59    1.57    0.91    1.02    0.42    0.16    0.08    0.04    0.16    0.32    0.04    0.00    0.01    0.12    0.15    0.21    0.14    0.02    0.00    0.00    0.00    0.00    0.00    0.00    0.00    0.00    0.00    0.00
PSATLAJ     -9.76  -48.37    4.94    3.29    0.52    1.06    2.17    1.76    2.86    4.39   13.32    4.86    3.20    0.13    0.10    0.13    0.16    0.25    0.13    0.11    0.16    1.23    0.32    0.13    0.11    0.15    0.01    0.29    0.02    0.00    0.02    0.01    0.05    0.02    0.00    0.00    0.01    0.00    0.00    0.00    0.00    0.00    0.00    0.00    0.00    0.00    0.00
PSATPTRL    -9.31  -47.39    5.04    0.52    0.12    0.53    1.11    1.00    3.78    5.98    6.86    8.14    7.21    0.19    0.18    0.19    0.66    0.47    0.48    0.38    0.27    0.33    0.67    0.20    0.35    0.25    0.03    0.37    0.21    0.01    0.01    0.01    0.07    0.01    0.00    0.00    0.06    0.00    0.00    0.00    0.00    0.00    0.00    0.00    0.00    0.00    0.00
PSATLJET    -7.33  -47.48    2.86    0.98    1.56    0.83    4.20    1.77    4.96    8.06   11.07    8.00    7.56    1.26    1.13    0.42    0.87    0.67    1.00    0.65    0.92    1.94    1.67    0.40    0.36    0.45    0.22    0.53    0.50    0.06    0.02    0.07    0.05    0.10    0.21    0.02    0.06    0.03    0.00    0.00    0.00    0.00    0.00    0.02    0.01    0.00    0.00
PSATUCR     -3.83  -49.65    4.94    8.70    3.42    6.60    3.30    2.62    3.43    3.83    5.55    4.18    4.84    5.13    3.84    2.63    1.11    4.00    2.67    3.37    4.07    2.64    3.59    2.33    1.65    1.22    1.07    4.41    4.33    2.43    0.68    0.73    0.21    0.69    1.38    0.60    0.54    0.34    0.17    0.06    0.03    0.02    0.18    0.16    0.24    0.17    0.05
PSATXIVJ   -29.07  -51.67    0.00    0.00    0.00    2.28    0.31    0.66    0.12    0.17    0.31    0.00    0.00    0.00    0.34   32.54   34.78   11.13    0.02    0.06    0.02    0.03    0.01    0.01    0.02   14.65    0.02    0.00    0.00    0.01   18.59    0.66    0.00    0.00   17.82   13.03    0.18    2.59    0.63    0.03    0.24    0.08    0.00    0.00    5.45    9.87    0.00
PSATDFRC   -29.45  -53.28    0.00    0.00    0.00    0.42    0.01    0.00    0.00    0.04    0.02    0.00    0.02    3.68    5.08   53.95   18.28    0.32    0.00    0.05    0.00    0.00    0.00    0.02   14.41   13.90    0.01    0.00    0.00    0.00   22.01    0.01    0.00    0.00   12.40    1.08    0.03    2.83    0.20    0.45    0.10    0.00    0.00    0.00   14.85    0.15    0.00
PSATREAL   -29.02  -53.19    0.00    0.00    0.00    0.95    0.11    0.03    0.00    0.00    0.00    0.00    0.00    2.28    1.13   50.53   29.73    0.79    0.00    0.06    0.00    0.00    0.00    0.00    4.23   16.31    0.00    0.00    0.00    0.00   27.57    0.41    0.00    0.00    7.58    1.17    0.04    3.53    0.25    0.00    0.10    0.01    0.01    0.00   14.02    1.14    0.00
PSATCTAV   -29.01  -51.39    0.00    0.00    0.00    2.22    0.63    0.26    0.14    0.16    0.44    0.09    0.30    0.02    0.21   27.40   29.51   15.22    0.87    0.05    0.00    0.00    0.00    0.00    0.00   11.37    0.02    0.00    0.00    0.00   17.54    0.67    0.00    0.00   16.67   12.45    0.21    8.96    0.60    0.09    0.34    0.05    0.00    0.00    1.95   10.68    0.00
PSATERNT   -28.56  -52.54    0.00    0.00    0.00    3.96    0.15    0.58    0.00    0.08    0.07    0.00    0.00    0.02    0.20   36.99   73.73    5.99    0.00    0.05    0.00    0.00    0.00    0.00    0.08    7.63    0.00    0.00    0.00    0.00    9.63    1.34    0.09    0.00   20.42   15.05    0.11    2.40    0.27    0.00    0.02    0.00    0.00    0.00   10.44    6.12    0.00
PSATSTPL   -27.14  -49.52    0.01    0.99    0.05    0.14    8.32    1.90    0.83    0.39    1.49    0.99    2.42    0.85    0.57    0.84    6.56   47.38    4.84    0.00    0.23    1.05    0.49    0.23    0.15    2.45    4.43    0.24    0.02    0.02    0.00   21.12   15.81    0.18   20.10   22.48   11.60   19.89    0.31    0.03    0.00    0.58    0.54    0.15    0.02    0.82    0.00
PSATCVCH   -25.14  -48.87    2.71   45.33    3.68    0.24    0.72    0.97    1.89    1.46    0.47    1.15    1.88    0.53    0.08    0.00    0.00    5.14   21.99    1.56    2.12    1.16    0.60    0.99    0.44    4.10   27.56    0.18    0.12    0.00    0.00    8.24   35.58    3.20    3.81   28.41    8.18    1.74    0.61    0.03    0.00    0.58    0.55    0.03    0.00    1.37    0.00
PSATAMY    -12.60  -69.12    6.35    4.90    3.46    6.94   23.86    8.01   11.12   10.21   10.70    7.83    4.25    2.71    2.05    2.77    4.05    7.14    4.15    0.77    0.22    0.71    1.90    1.48    0.78    2.57    4.58    1.13    0.72    0.21    0.33    0.80    1.54    1.60    1.95    4.37    2.81    2.70    2.38    1.05    1.83    1.63    0.86    0.89    0.72    6.14    5.04
PSATGJR    -10.73  -65.35    6.36    3.07    2.03   11.63   12.23    3.58    2.34    2.23    4.67    2.34    1.45    2.66    1.30    3.38    8.28    4.97    1.85    0.13    0.04    0.44    0.77    0.54    0.85    5.94    1.85    0.06    0.04    0.05    0.19    0.93    2.49    1.11    0.95    3.81    1.50    0.50    0.53    0.34    0.47    0.31    0.10    0.06    0.85    6.23    0.96
PSATPRNC   -12.43  -64.43    8.65    2.90    2.98    5.17   11.84    3.41    3.84    2.36    5.45    2.57    2.47    2.59    2.42    1.64    7.74   13.82    4.20    0.07    0.08    1.15    1.43    0.56    0.57    4.72    2.49    0.02    0.15    0.13    0.43    0.81    9.63    3.17    0.51    2.36    2.31    0.24    0.04    0.01    0.00    0.00    0.00    0.00    0.01    0.68    0.10
PSATSANT    -8.87  -63.97    0.93    8.24    5.84    6.72    8.73   13.20    6.74    5.55    6.23    1.83    4.46    7.87    4.04    8.87    2.41   18.32    8.93    5.75    2.72    3.90    2.91    2.51    2.14    2.91    4.49    1.07    0.70    0.38    1.33    2.35    4.12    5.88   13.17   10.52    3.47    0.51    0.97    0.09    0.01    0.12    0.30    0.00    0.01   10.04    3.91
PSATDARD   -10.16  -59.46   16.99    1.97    7.47   19.34   15.26    3.19   12.73    4.31    6.59    4.90    2.26    2.51    8.49    4.48    5.09    3.01    5.38    1.04    1.75    5.25    0.60    2.46    1.86    7.08    3.91    0.65    0.19    0.48    0.63    0.36    0.20    0.03    0.27    1.85    2.15    0.21    0.01    0.00    0.00    0.00    0.01    0.00    0.00    0.28    0.00
PSATGUAP   -15.12  -58.96   19.25   12.46    2.09   10.97    8.03   13.44    3.68    2.08    7.32    3.91    9.18    5.20    2.27    1.94    8.50    8.58    1.42    0.23    0.06    2.00    2.26    0.58    0.17    0.92    2.98    0.27    0.64    0.17    0.21    0.24    0.37    1.19    0.00    0.00    0.09    0.06    0.00    0.00    0.00    0.00    0.00    0.00    0.00    0.03    0.00
PSATJIRA    -9.25  -64.65    8.22    2.16    3.10    5.31   16.37   10.64    6.68    4.65    7.67    5.12    3.13    4.85    3.00    1.50    4.36   11.34    6.31    0.51    0.16    0.73    1.35    0.81    0.65    2.19    5.00    0.22    0.11    0.06    0.20    0.58    2.63    4.59    2.25    3.04    3.27    1.03    0.73    0.80    0.69    0.75    0.26    0.30    0.34    8.08    3.67
PSATROND   -11.99  -60.70    2.20    6.88    1.17    5.39   15.75    4.91   11.09    1.87    7.55    0.99    5.58    1.77    9.44    5.95   16.82    4.59    4.62    0.84    0.50    3.52    1.59    2.03    0.49    2.78    5.48    0.73    0.37    0.26    0.49    0.55    0.64    0.21    0.00    0.92    1.28    0.06    0.00    0.00    0.00    0.00    0.00    0.00    0.00    0.06    0.03
PSATSAMU    -8.75  -63.45    0.52    9.10    3.84    6.16   13.12   10.52    7.34    4.30    5.07    1.48    6.40   10.12    1.76    5.34    6.05   12.12    8.35    5.37    1.39    5.76    2.19    2.24    1.02    3.68    3.96    1.49    0.38    0.43    1.29    0.97    3.37    3.28   13.99   21.61    2.42    0.28    1.06    0.01    0.00    0.05    0.03    0.00    0.00    6.67    0.94
PSATBALB    -1.92  -59.47    7.14   17.69   19.39   13.73   13.40    6.97   14.34    8.86    8.03    3.66    9.81   22.22    3.01   22.41   14.64    6.05    8.79   13.82    9.96   10.63    2.96    2.51   16.41    6.87    7.60    5.25   14.36   14.13    7.50    8.37    5.60    3.40    5.58    4.32   12.33    1.96   20.55    9.61    6.92   14.17    6.83    9.57   17.21   11.05    0.56
PSATCUNA    -2.82  -54.30    1.06   10.15    7.26   23.11   12.13    3.89   18.91    8.37    4.35    4.48    2.75    7.28    1.56    2.42    7.41   13.12    6.57    9.00    7.89    4.90    5.08    2.40    4.62    1.76    2.10    5.31    7.48    5.70    5.53    2.73    2.93    2.39    1.86    4.34    1.38    0.97   17.43   12.48    0.65    0.57    0.29   11.79    6.67    1.13    0.04
PSATJARI    -0.65  -52.52    6.71    5.85    9.44   19.14   17.85    4.34    4.13    5.72    4.55    8.05    2.83    2.94    3.92    3.11    4.84    8.15    5.47    3.32    8.03    5.90    5.85    2.76    2.91    3.07    4.55    2.87    8.58    6.43    2.15    4.67   11.90    9.71    5.08    5.17   17.10   15.87   14.67   11.00    9.89    7.90    5.29    5.86    6.84   11.15    1.50
PSATFGOM     0.86  -51.20    6.99    9.20    7.25   10.96   17.72   11.31    3.62    4.21    8.13    9.67    3.10    2.31    6.49    2.73    6.20    5.07    7.09    6.32    7.27   12.98    6.83    3.97    8.24    6.57    6.46    9.35   10.66    8.01    6.62   25.90   20.00   14.15   10.10   11.34   15.66   12.07   13.23    9.52   12.20   13.29   10.09   14.02    7.23   18.40    0.93
PSATUBE     -6.75  -43.57    1.78    0.30    0.14    0.26    2.42    0.73    1.65    4.72   13.12    3.88    0.97    0.59    0.37    3.04    0.63    1.13    0.54    0.33    0.45    0.42    0.35    0.04    0.17    0.23    0.18    0.40    0.32    0.01    0.04    0.15    0.03    0.00    0.00    0.00    0.01    0.00    0.00    0.00    0.00    0.00    0.00    0.00    0.00    0.00    0.00
PSATBSOR    -6.74  -52.00    3.30    4.29    3.26    5.71    5.77    1.39    3.87    1.90    3.50    4.08    3.66    1.69    0.78    0.75    0.27    1.05    2.20    2.10    2.38    3.18    0.54    1.44    0.90    0.33    0.15    0.31    1.19    0.32    0.05    0.02    0.44    0.36    0.62    1.47    0.19    0.01    0.00    0.00    0.00    0.00    0.00    0.00    0.03    0.01    0.00
PSATBESP    -6.75  -51.77    7.70    8.30    0.87    8.81    5.46    0.81    2.07    3.51    7.65    3.13    4.85    2.30    8.10    1.67    1.18    1.89    1.99    3.09    5.64    4.78    4.71    5.31    3.95    0.93    0.68    1.70    4.36    2.60    0.35    0.24    1.35    1.11    2.12    2.62    0.27    0.06    0.04    0.01    0.00    0.00    0.01    0.00    0.28    0.02    0.00
PSATPIME    -3.41  -51.91    2.28    7.15    4.29   13.35   10.92    2.94    5.13    3.48    4.30    4.37    3.95   10.66    5.36    5.61    3.20    3.54    2.81    4.82    4.67    6.39    1.99    2.61    3.09    1.10    0.91    3.15    4.83    4.17    1.06    0.71    1.36    1.73    3.19   11.07    0.87    0.37    0.43    0.27    0.06    0.02    0.10    1.78    1.82    0.29    0.00
PSATIRAP   -16.74  -42.57    0.21    0.02    0.24    2.88    5.29   22.95    5.05    1.97    0.47    0.27    0.63    0.35    0.31    0.51    0.87    1.16    0.22    0.07    2.25   16.46    1.27    0.75    0.09    0.10    1.23    0.75    0.58    0.56    0.22    0.24    0.34    0.01    0.19    0.12    0.06    0.02    0.18    0.18    0.21    0.00    0.00    0.09    0.03    0.00    0.02
PSATITBI   -15.97  -39.59    0.56    0.15    0.02    0.59    3.43   13.17    5.08    3.24    0.40    0.37    0.67    0.35    0.71    0.73    1.86    1.29    0.12    0.29    4.60   10.52    2.36    1.17    0.89    1.94    1.59    0.36    1.08    1.39    1.39    0.84    0.35    0.07    0.23    0.63    0.41    0.28    0.39    1.18    0.65    0.11    0.05    0.76    0.19    0.03    0.28
PSATCOLI   -10.98  -55.77    3.83    6.18    4.89    7.71    5.29    2.69    9.33    2.44    3.10    4.26    1.73    2.26    1.12    0.45    0.12    0.40    5.61    0.72    0.90    1.89    0.21    0.63    0.36    0.22    0.24    2.13    0.04    0.18    0.02    0.03    0.04    0.18    0.02    0.16    0.02    0.00    0.00    0.00    0.00    0.00    0.01    0.00    0.00    0.00    0.00
PSATSAEL    -9.19  -57.04    4.29    8.80    5.20    5.27    8.03    2.65    7.71    1.37    1.84    4.42    1.52   10.70    7.90    3.21    0.61    4.35    2.05    1.85    4.15    5.51    1.19    2.13    1.84    0.66    0.12    0.27    0.26    0.85    0.11    0.01    0.04    0.23    0.38    0.91    0.55    0.00    0.00    0.00    0.00    0.00    0.00    0.00    0.01    0.00    0.00
PSATITQ    -17.09  -54.83    3.10    3.09    5.73    5.48   10.17    4.91    8.20    0.40    0.87    4.15    3.62    0.13    0.00    0.00    0.01    0.00    0.81    0.16    0.38    0.85    0.80    0.02    0.08    0.08    1.21    2.90    0.24    0.00    0.00    0.00    0.00    0.28    0.00    0.00    0.00    0.00    0.00    0.00    0.00    0.00    0.00    0.00    0.00    0.00    0.09
PSATJAU    -15.24  -58.73   16.20   11.64    2.37   10.47    9.84   10.43    4.07    2.26    4.64    3.33   10.66    5.18    5.25    2.21    8.13    6.30    0.97    0.24    0.02    1.53    2.47    0.89    0.20    1.58    3.05    0.24    0.29    0.22    0.20    0.17    0.31    1.15    0.01    0.01    0.14    0.05    0.00    0.00    0.00    0.00    0.00    0.00    0.00    0.01    0.00
PSATMAN    -14.87  -55.78    0.43    3.81    6.25    6.99   11.38    2.41    4.79    0.93    2.11    0.99    4.02    1.75    0.01    0.02    0.03    0.06    2.79    0.29    0.20    0.52    0.17    0.14    0.20    0.31    0.64    1.96    0.02    0.01    0.01    0.00    0.00    0.34    0.00    0.01    0.00    0.00    0.00    0.00    0.00    0.00    0.01    0.00    0.00    0.00    0.00
PSATPTP    -17.61  -54.83    6.63    2.94    4.40    6.77    8.61    6.27    8.35    0.64    0.51    2.49    2.89    0.02    0.00    0.00    0.02    0.02    0.49    0.05    0.11    0.91    0.99    0.08    0.11    0.43    1.45    1.22    0.11    0.00    0.00    0.00    0.00    0.15    0.00    0.01    0.00    0.00    0.00    0.00    0.00    0.00    0.01    0.00    0.00    0.00    0.01
PSATSTCL   -17.90  -40.20    0.88    0.15    0.00    0.53    5.81   13.12   20.68    5.44    0.78    0.90    3.64    0.62    2.23    2.11    3.64    1.91    0.48    1.32    7.73    6.00    4.06    1.29    2.19    2.26    0.68    0.23    1.49    2.53    1.16    1.04    0.28    0.03    0.36    1.88    0.29    0.51    0.71    1.75    0.62    0.04    0.92    2.82    0.31    0.00    0.35
PSATPDC    -12.58  -39.00    6.26    2.69    0.24    0.10    0.07    0.14    0.05    0.78    2.22    1.86    1.47    0.31    1.04    2.37    2.98    6.18    5.65    0.23    2.77   13.63    4.60    4.48    3.50    2.37    4.76    0.82    1.56    1.33    1.60    0.34    0.85    0.67    1.74    2.28    1.29    0.62    0.68    1.59    0.81    0.48    0.36    0.05    0.78    0.37    0.08
PSATROSA   -20.92  -41.72    1.72    0.44    2.22    2.29    0.80    1.49   14.24    5.91    0.10    1.25    0.95    0.16    0.73    0.29    0.89    0.52    0.56    0.02    2.93   15.50    0.98    0.26    0.10    1.86    1.75    6.45    1.30    0.13    0.11    0.02    0.11    0.71    4.79    1.28    0.00    0.00    0.30    0.02    0.00    0.00    0.74    0.63    0.07    0.00    2.14
PSATCAN    -20.21  -42.85    0.88    0.58    7.04    1.19    0.22    0.18    7.06    2.36    0.11    0.68    0.62    0.15    0.43    0.51    0.51    0.68    0.36    0.02    0.51    3.14    6.57    1.02    0.55    0.31    0.20    2.40    0.38    0.00    0.01    0.01    0.04    0.38    1.40    0.53    0.01    0.00    0.02    0.03    0.00    0.00    0.09    0.06    0.01    0.00    0.14
PSATSAC    -19.64  -42.85    1.17    0.51    6.15    3.48    0.64    1.46   11.90    2.27    1.46    1.34    1.07    0.10    0.20    0.71    1.11    1.23    0.42    0.10    0.71    9.60    1.99    0.50    0.13    0.32    0.50    0.67    0.70    0.01    0.05    0.00    0.25    0.38    1.75    0.65    0.04    0.00    0.04    0.01    0.01    0.00    0.01    0.02    0.01    0.00    0.36
PSATPES    -19.12  -42.66    0.52    0.07    0.71    2.21    1.84    9.85   15.87    3.38    1.89    2.90    4.65    0.85    0.30    1.07    2.51    1.75    0.75    0.09   13.43   59.70    2.29    1.35    0.24    0.84    2.02    3.63    1.92    0.34    0.30    0.12    0.80    0.06    1.95    1.23    0.35    0.04    0.48    0.11    0.11    0.00    0.03    0.05    0.01    0.00    0.89
PSATMAS    -19.50  -40.92    0.93    0.27    1.24    1.94    1.81   13.34   14.99    3.84    0.60    0.91    0.99    0.23    0.31    0.82    2.04    1.15    0.48    0.26   16.74   35.41    1.91    0.81    0.42    0.65    2.04    3.60    1.19    0.46    0.46    0.16    0.51    0.08    1.61    0.81    0.17    0.11    0.59    0.22    0.19    0.00    0.17    0.59    0.19    0.02    0.27
PSATSBR    -23.37  -45.87    0.37   17.63   34.17    2.66    0.56    1.57   11.27    3.81    1.21    1.54    1.74    0.19    0.02    0.01    0.00    0.00    0.00   18.46    5.76    1.51    3.86    5.07    1.68    0.05   22.47   16.43    0.88    0.00    0.00    0.00    2.86    8.51    0.85    0.00    0.00    0.08    0.00    0.01    0.00    0.58    1.59    0.13    0.00    1.49    5.97
PSATJAG    -23.20  -46.03    0.15   30.21   48.34    1.24    0.10    0.63    3.20    1.35    1.10    1.01    0.69    0.21    0.00    0.00    0.00    0.00    0.00   13.99    3.05    0.41    1.50    3.08    0.26    0.00   18.07    3.89    0.09    0.02    0.00    0.00    0.40    4.61    0.15    0.00    0.00    0.03    0.00    0.00    0.00    0.09    0.58    0.00    0.00    1.04    4.43
PSATFUNI   -22.53  -44.57    0.27   16.76   28.82    1.74    0.10    0.27    4.44    2.11    0.64    1.01    0.73    0.25    0.01    0.00    0.00    0.00    0.12   14.59    4.37    0.61    3.33    5.21    0.39    0.01    7.26    7.21    0.16    0.01    0.00    0.00    0.31    2.59    0.22    0.00    0.00    0.02    0.00    0.00    0.00    0.12    0.55    0.00    0.00    0.43    2.70
PSATSACE   -22.48  -43.84    0.30    5.14    7.21    6.13    0.86    0.12    3.58    3.51    1.26    1.74    0.47    0.04    0.05    0.02    0.00    0.06    0.04    2.03   10.71    0.72    5.13    3.84    0.09    0.01    0.64   14.92    0.68    0.01    0.00    0.00    0.27    7.20    1.33    0.02    0.00    0.00    0.00    0.00    0.00    0.05    2.82    0.11    0.00    0.06    2.81
PSATPIC    -21.91  -43.54    1.07    2.83    4.52    1.09    0.13    0.02    0.75    1.00    3.58    1.43    0.83    0.11    0.24    0.34    0.02    0.12    0.09    0.06    5.16    1.37    5.20    1.40    0.03    0.00    0.15    8.53    0.44    0.05    0.00    0.00    0.00    2.20    0.76    0.03    0.00    0.00    0.00    0.00    0.00    0.00    0.76    0.06    0.00    0.03    1.46
PSATSOGI   -21.94  -43.36    0.67    2.74    3.99    1.44    0.11    0.02    1.88    3.85    1.77    2.08    2.27    0.51    0.53    0.69    0.20    0.26    0.12    0.13    2.27    2.87    5.10    0.77    0.22    0.01    0.03    8.12    0.79    0.02    0.00    0.00    0.00    2.72    0.44    0.08    0.00    0.00    0.00    0.00    0.00    0.00    0.73    0.11    0.00    0.03    0.99
PSATIPSI   -21.84  -42.58    0.95    2.52    5.08    7.39    0.54    0.09    1.22    4.72    1.13    1.71    0.92    0.12    0.52    0.25    0.07    0.30    0.19    0.07    6.16    3.15    5.46    0.58    0.09    0.15    0.05   15.86    0.54    0.04    0.00    0.00    0.19    9.56    0.49    0.26    0.00    0.01    0.01    0.00    0.00    0.12    0.99    0.20    0.01    0.15    3.66
PSATTCLJ   -22.69  -43.83    0.65    8.10   27.08    5.31    1.04    0.56   13.61    7.77    0.21    1.17    1.17    0.05    0.02    0.00    0.03    0.03    0.00    4.82   14.39    1.83    4.76    0.73    0.00    0.00    2.81   46.02    1.92    0.00    0.00    0.00    0.76   19.65    1.19    0.00    0.00    0.03    0.00    0.00    0.00    0.55    2.35    0.27    0.00    0.49    6.87
PSATBIGU   -25.51  -53.67    9.78   35.71    0.51    1.16    3.68    4.89    4.70    0.61    1.85    0.00    0.38    0.03    0.00    0.02   39.64   28.63    2.08    0.00    0.00    0.00    0.00    0.06    0.67   26.40    0.31    0.10    0.00    0.00    0.01   10.86   10.86    0.01   26.48   27.78    9.74    9.13    3.33    0.00    0.00    0.00    0.00    0.00    0.39    5.88    0.00
PSATBRAU   -21.45  -42.41    0.33    1.34    6.50    4.37    0.28    0.10    2.36    4.91    0.08    1.44    1.29    0.27    0.74    0.68    0.37    0.54    0.30    0.05    2.25    4.22    4.11    0.72    0.63    0.31    0.00    8.53    0.71    0.02    0.00    0.00    0.02    0.84    0.64    0.20    0.00    0.00    0.05    0.03    0.00    0.00    0.85    0.40    0.06    0.00    0.49
PSATSUIC   -20.08  -40.58    0.87    0.27    0.17    2.65    1.45    4.56   17.26    5.44    0.71    0.67    0.85    0.02    0.73    1.66    2.09    1.22    0.18    0.84   36.16    7.14    2.91    2.52    1.04    0.29    2.96    5.45    1.24    0.15    0.61    0.03    0.06    0.09    3.88    1.04    0.03    0.03    1.37    0.09    0.03    0.00    0.21    1.43    0.46    0.00    0.06
PSATJRI     -9.30  -64.70    9.11    2.70    3.64    5.26   12.60   11.26    6.96    4.98    7.90    4.84    2.54    5.98    3.50    1.56    4.05   13.58    7.47    0.54    0.19    0.75    1.36    0.92    0.78    1.90    4.30    0.13    0.06    0.03    0.24    0.70    3.05    5.62    2.60    4.04    3.74    1.18    0.75    0.80    0.66    0.71    0.25    0.21    0.20    8.21    4.36
PSATBENI   -14.59  -67.53    4.60    1.04    1.61    5.82   27.82    8.85    4.90    3.48    6.65    5.32    4.38    2.34    0.76    1.90    5.50    4.33    2.81    0.68    0.17    0.79    1.34    0.53    0.33    3.07    6.93    0.50    0.27    0.14    0.15    0.23    1.25    1.67    0.97    1.14    2.06    0.75    0.79    0.73    0.82    0.99    0.36    0.56    0.68    9.12    2.53
PSATEPB    -12.42  -64.42    8.64    3.00    2.38    6.29    9.89    2.48    2.70    2.07    4.83    2.63    2.18    3.51    2.11    2.83    7.41    9.95    2.98    0.05    0.06    0.83    1.11    0.45    0.57    5.19    1.83    0.01    0.11    0.10    0.34    0.98    7.19    2.29    0.50    2.49    1.78    0.22    0.13    0.01    0.06    0.01    0.00    0.00    0.31    1.17    0.17
PSATEGM    -10.79  -64.35    5.70    3.03    2.41   12.67   14.82    4.93    3.25    2.51    5.26    2.16    1.46    1.68    1.32    2.60    8.78    6.59    2.53    0.17    0.06    0.55    0.91    0.67    0.95    5.80    2.42    0.08    0.05    0.05    0.21    0.77    2.77    1.42    1.11    4.19    1.90    0.61    0.60    0.45    0.56    0.41    0.14    0.08    0.79    7.60    1.18
PSATSTOA    -8.79  -63.95    0.84    8.12    5.84    6.54    8.42   13.12    7.12    5.85    6.32    1.90    4.69    8.21    4.03    8.17    2.54   18.87    8.23    5.21    2.80    4.11    2.73    2.59    2.22    3.03    4.51    1.06    0.72    0.38    1.30    2.11    4.02    5.89   13.93   10.78    3.55    0.45    1.01    0.03    0.00    0.11    0.26    0.00    0.00    9.78    3.47
PSATENC     -9.90  -66.62   12.20    1.98    4.55    3.22    6.09   11.32   10.98    6.03    9.28    7.04    5.03    2.96    8.38    0.84    2.54   17.27   10.84    0.50    0.04    0.66    1.84    1.24    0.93    1.42    4.23    0.08    0.06    0.05    0.15    1.13    4.22    5.68    5.02    2.25    3.42    1.01    0.59    1.21    0.54    0.29    0.17    0.26    0.50    2.07    3.14
PSATAMY1   -11.71  -70.63    6.51    3.71    3.68    6.66   11.57   10.12   11.03    5.81   12.04    5.87    4.10    1.69    2.60    2.82    3.18    7.50    4.67    0.15    0.01    0.33    1.67    0.99    0.59    2.08    3.06    0.18    0.00    0.00    0.00    0.00    0.00    0.25    1.02    6.15    3.41    2.53    2.89    1.81    2.23    2.79    0.65    0.47    0.08   15.22   10.42
PSATAMY2   -12.37  -71.17    6.90    6.08    3.70    6.17   27.80    7.92   13.44   13.33    9.57    8.73    3.96    3.30    3.11    3.04    4.40    6.06    4.36    0.44    0.12    0.73    1.65    1.18    0.93    4.05    5.26    0.93    0.38    0.04    0.33    0.91    1.22    1.63    1.86    4.98    2.68    3.00    2.85    1.13    2.32    1.33    1.22    1.16    0.81    2.48    4.87
PSATAMY3   -13.75  -70.18    6.62    5.88    3.89    8.62   23.46    6.01    9.15   11.47   13.11    9.43    3.78    3.64    0.93    3.19    4.20    7.45    3.61    1.68    0.53    1.31    2.79    2.99    1.04    1.75    5.80    2.55    1.95    0.72    0.81    1.90    3.95    3.53    3.54    3.04    2.59    3.39    1.55    0.53    0.63    0.60    0.54    0.70    1.34    3.93    1.70
PSATAMY4   -13.45  -69.47    4.85    2.71    2.03    6.51   35.24    7.76    9.70    8.83    6.83    6.77    6.34    1.69    0.47    1.33    3.42    6.04    4.03    1.24    0.34    0.35    1.47    0.62    0.27    0.97    3.72    0.99    0.86    0.17    0.10    0.10    1.06    0.48    1.12    1.40    2.52    0.86    1.80    0.42    1.89    2.17    0.75    1.27    0.59    2.80    1.27
PSATJRN    -13.37  -59.01    7.97    8.68    4.10    8.80   11.14    8.20   12.03    2.21   13.44    1.33    4.01    1.66    4.38    6.52    6.22    6.02    5.99    0.66    0.37    2.53    2.58    0.57    0.88    1.76    4.37    0.33    1.56    0.32    0.24    0.79    0.05    0.70    0.00    0.11    0.46    0.02    0.00    0.00    0.00    0.00    0.02    0.00    0.00    0.08    0.00
PSATAPI    -10.34  -56.98   11.64    3.79    4.68    9.13    6.47    1.14    6.15    1.49    1.94    8.69    1.31    9.52    8.48    3.89    0.82    1.08    2.13    0.97    2.11    5.57    0.59    1.34    0.75    0.61    0.58    0.56    0.10    0.33    0.09    0.00    0.00    0.03    0.06    0.40    0.31    0.00    0.00    0.00    0.00    0.00    0.00    0.00    0.00    0.00    0.00
PSATSALT   -29.32  -50.68    0.00    0.00    0.00    2.86    0.34    0.32    0.01    0.16    0.59    0.05    0.22    0.01    0.54   25.68   29.17    9.66    0.31    0.05    0.00    0.00    0.00    0.00    0.00    9.66    0.03    0.00    0.00    0.02   21.67    0.34    0.00    0.00   13.09   11.05    0.18   12.12    0.58    0.03    0.79    0.09    0.00    0.00    3.81   13.18    0.00
