PSATAGV    -19.89  -50.35   29.00   18.87   14.69    0.69    0.17    0.75    2.14    9.29   10.18    7.09    5.33    8.80   10.47   14.68    7.69    8.20    2.67   11.95    2.62   29.53   31.79   23.75   16.67    4.54   17.34   15.24    3.64   27.44   52.94    3.80    0.17    1.42    5.61    4.44   22.12    5.94    6.36    0.54    0.49    0.23    0.26    3.77   17.34   25.62   24.57
PSATCMG    -21.28  -44.63    9.18   24.72    1.66    0.21    0.00    0.27    2.52    2.71    4.35    1.36    1.39    2.46    7.62   11.71    2.59    4.69   12.92   16.22   10.76   11.14   19.47    3.65   17.09    5.00    9.04   24.32   15.02   26.43   38.46   69.38    8.08   31.67   21.56   23.01   16.14    8.75    6.53    0.04    0.10    0.56    4.74    3.73    4.36   25.54   14.54
PSATCES    -20.25  -48.16    6.07   13.25   13.47    0.24    0.01    0.66    0.39    1.56    3.70    1.08    0.91    5.75   14.24   17.12    4.91    3.92    1.80   16.33    1.17   32.71   11.34   17.63   19.48    3.60   15.70   29.61    8.96   25.00   48.31   17.89    0.36   14.02    4.72   22.32   13.47   13.74    2.42    0.00    0.00    0.03    0.50    1.08   20.03   28.97   18.28
PSATELC    -21.60  -46.95   15.58   33.16   22.16    0.73    0.02    2.35    1.43    5.58    7.63    1.00    0.31    5.10   11.80   24.00    4.82    8.58    5.00   11.99    2.53   28.62    2.81    4.74   13.51    1.76    8.89   29.97    3.24   25.40   50.29   25.45    1.06    7.71   13.85   21.15   11.68   12.46    3.12    0.01    0.01    0.15    8.08    4.84   15.13   34.26   27.21
PSATFUN    -21.14  -45.04   12.43   33.09    0.94    0.07    0.00    0.03    0.54    2.74    4.39    0.76    0.93    4.21    7.34    8.69    2.15    5.31    7.72   19.05   12.58   14.46   22.22   16.17   26.33    3.56   10.55   30.28   11.05   28.22   27.03   35.11    8.54   32.55   22.08   10.89    7.46    7.35    2.42    0.01    0.04    0.21    3.44    3.88    3.65   22.84   11.82
PSATFUR    -20.67  -46.32   10.34   33.94    7.10    0.20    0.00    0.39    0.84    1.74    6.10    0.86    0.78    3.55    8.08   15.36    1.94   10.87    7.73   11.60    4.43   24.12    8.10   12.74   15.53    3.20   10.36   27.83    7.36   24.66   32.31   25.79    3.56   29.56   19.35   13.75   12.64    7.79    4.27    0.02    0.12    0.63    4.84    3.21    8.31   25.60   23.30
PSATMRB    -20.30  -49.18   10.76   16.70   22.27    0.36    0.02    0.70    0.97    5.14    6.08    1.81    1.86    6.70   16.90   14.02    5.27    7.80    2.30   15.71    1.53   36.34   14.47   18.35   18.42    3.24   15.26   30.52    5.47   28.90   62.20    8.62    0.17    7.39    6.40   14.10   16.22   14.01    4.63    0.08    0.01    0.04    0.40    1.96   18.36   30.37   22.06
PSATPRG    -21.59  -45.67   25.14   28.95   13.75    0.75    0.03    1.31    2.19    7.58    4.85    0.84    0.33    3.16   15.04   22.56    6.67   10.95   12.81   12.75    4.24   21.39    1.39    3.22    7.23    2.87    5.23   29.28    8.49   38.64   40.08   45.25    0.17    9.94   19.07   19.75   10.02    8.19   10.36    0.05    0.09    0.90    8.01    1.95    7.13   38.55   29.25
PSATPAS    -21.02  -48.18   18.26   11.22   17.86    0.74    0.02    2.25    1.04   10.22    2.42    0.65    0.34    3.21   16.02   19.41    3.09    8.51    2.74    9.53    1.48   32.20    2.83    4.61    6.77    2.32   11.42   36.42    5.57   35.72   41.98    5.50    0.06    4.94   16.80   14.85   14.81   14.78    5.92    0.14    0.00    0.02    2.40    1.67   11.48   35.21   23.57
PSATPTB    -21.61  -45.49   21.10   29.34    4.10    0.46    0.02    0.70    0.60    2.28    4.60    0.82    0.57    4.64   11.49   18.73    1.72    4.13    6.32    8.63   10.01   17.19    4.35    2.28   13.16    2.30    6.25   27.04    9.59   29.33   41.19   64.59    3.72   23.48   26.94   30.27   12.77    8.18    5.52    0.01    0.10    0.93    6.75    2.45    4.86   47.47   32.28
PSATPTC    -20.00  -48.55    8.00   16.98   13.13    0.15    0.00    0.07    0.51    1.46    6.23    2.53    2.46    3.50   13.31   15.10    5.89    8.96    4.75   12.91    6.49   27.14   20.54   18.99   19.25    3.65   14.96   20.44    9.02   14.59   40.43   25.20    2.02   16.43    5.97   18.11   12.99   12.46    2.98    0.01    0.00    0.07    1.03    1.38   10.33   24.57   22.05
PSATFZA    -26.00  -51.65   28.22    7.85    1.86    3.24   38.96   27.58   19.26    5.30    0.42    0.23    0.02    2.41    5.82    1.58   47.09   43.92   52.55    1.40    8.24    0.05    0.53    0.75    1.29    6.04    9.76    6.60    0.86    1.87    0.57    0.25    0.06    0.47    7.25    2.58    3.46    3.40    7.49    8.63    3.40    9.16   22.80   18.07    9.42    3.88    4.75
PSATJSG    -25.78  -52.00   12.17   14.53    2.29    5.54   57.31   11.60   15.15    2.91    0.43    0.38    0.01    4.68    4.63    5.45   38.93   39.96   41.64    1.75   13.77    0.05    0.75    1.84    1.20    5.22    5.11    7.98    0.74    0.58    0.09    0.09    0.19    0.99    4.99    2.24   13.72    1.94   10.02    8.64    4.24    6.73   15.15   18.54    9.20    3.52    4.75
PSATSCX    -25.53  -53.48   10.46   23.16    4.39   13.21   41.66   15.95    9.62    0.99    0.65    0.24    0.03    6.24    4.73    8.38   32.36   24.19   18.90    4.71   15.93    0.74    0.93    1.66    0.56    4.69    7.60    7.00    1.27    1.48    0.34    0.09    0.35    1.47    4.08    2.59   23.41    3.05   12.07    4.25    6.85   11.12   14.35   21.91    9.23    1.80    4.34
PSATSCL    -25.49  -51.74   34.46   11.92    1.51    7.43   28.80   30.11   12.19    9.93    0.21    0.24    0.00    3.97    2.58    8.67   31.01   55.87   62.52    2.50    6.50    0.30    1.37    0.83    0.28    4.94    8.05   12.44    0.79    2.88    0.21    0.21    0.21    1.65    6.90    2.47   12.02    0.99    8.88   12.57    2.64    9.19   21.59   23.61    9.19    2.01    2.08
PSATUVT    -26.23  -51.08   21.67    4.32    2.40    7.46   38.17   23.35   43.90    5.82    1.08    0.30    0.11    1.61   11.83    0.84   33.71   35.98   49.27    2.41    7.06    0.39    0.53    0.62    0.46    7.41   10.05    2.62    0.77    4.95    8.55    0.89    0.01    0.14    1.45    3.91    2.46    8.45    4.52   14.39    4.38   13.70   22.75   13.75   11.78   10.46    4.14
PSATBSM    -24.19  -53.74   26.93   12.30    2.71   25.26   30.11   41.96    5.12    1.19    0.76    0.08    0.02    6.26    4.18   10.48   39.81   61.49   27.35    8.32   26.77    9.79    2.54    0.41    0.49    5.17   12.86    5.05    3.82    2.60    0.38    0.26    0.34    0.92    2.30    1.90   18.58    3.74   14.97    9.16   10.06   11.62   20.33   13.94    8.24    3.13    7.17
PSATFLE    -22.97  -54.56   23.61    4.97    0.97    6.80   20.55   27.84    0.68    0.90    7.76    6.30    2.53    6.46    6.06    5.73   35.42   21.39    1.17    9.70   28.67   15.25   14.55    7.15    9.21   16.44   12.49    4.65    2.31    1.70    0.81    0.45    0.20    0.05    0.07    0.81   10.03   13.45   12.59    8.77    3.97   11.54    3.93   14.58    7.99   23.11    9.30
PSATITP    -25.42  -54.58   27.53   13.68    2.27    8.64   39.97   29.91    3.80    0.87    6.78    0.67    0.93    6.84    6.47    9.27   42.07   41.52    2.18    8.56   29.58   15.41   16.47    5.89    3.72    9.91   10.11    5.78    3.00    3.62    0.89    0.10    0.26    0.06    0.19    1.00   17.49    9.08   13.08    9.21    8.62   12.22    7.09   19.20    9.30    7.18    9.15
PSATIVM    -22.38  -53.53   17.85    2.18    0.92    8.15    6.71   14.01    0.51    1.02    7.94   12.18    7.24    6.11    8.64    7.56   25.02   17.00    3.24   10.51   17.88   11.49   32.53   11.49    7.40   15.08   17.79   10.81   13.24    5.25    1.31    0.96    0.33    0.34    0.04    2.25    4.35    8.57   15.30   14.03    7.65    8.33   14.58   13.85    8.86   25.98    6.60
PSATPTQ    -23.18  -53.17   26.55   12.89    4.56   29.74   26.13   38.86    6.06    4.68    0.71    0.05    0.08    7.37    4.64   17.12   24.83   54.55   40.29    6.71   16.50   14.02    3.14    0.28    0.26    3.51   15.67    6.38    4.41   16.26    1.10    0.57    0.13    0.42    0.18    1.64   12.99    5.40   14.99   18.22   10.73    8.29   10.40   18.32   11.08    7.19    8.76
PSATCBI    -17.99  -48.54   12.06    7.67    3.97    0.02    0.01    0.05    2.34    3.43    7.72   18.35   10.59   12.19   15.30    9.62    3.75    6.07    2.60    6.84    1.40    6.29   17.15    6.14   11.84    8.38    9.87    4.14    7.87    5.67    7.18   32.03   30.17   10.48   16.26    9.68    5.52    0.20    1.08    0.00    0.10    0.54    0.33    1.38    5.59   10.19    3.90
PSATCBIV   -16.15  -48.67    5.76    5.11    6.59    0.04    0.05    0.09    4.68    6.40    8.36   22.11   11.62   10.17    8.77    5.03    2.59    6.21    1.80    4.68    2.49    4.78   12.24    2.69   10.72    4.89   11.31    3.62    5.43    1.34   11.14   18.98   56.17   11.71   15.98    3.01    1.37    0.40    0.54    0.00    0.37    0.19    0.39    1.43    3.65    5.36    4.28
PSATEMB    -18.45  -47.98   12.55    9.97    2.00    0.00    0.02    0.00    0.18    1.46   10.84   10.36    8.78    4.34   15.11   10.75    1.86    2.42    2.17    3.58    1.23    4.94   12.91   19.29   10.53    7.21   12.55   13.26    6.35   16.20   15.75   24.22    9.77   12.87   15.64    5.66    3.43    2.11    1.88    0.02    0.08    0.72    1.27    0.29    9.01   15.10   14.99
PSATIMBR   -18.42  -49.10   18.42   15.40    7.77    0.02    0.02    0.03    1.38    1.70    5.01   13.10    9.91    6.38   16.17   15.24    5.52    4.43    6.66    6.22    3.61   11.20   23.90   18.24   12.43    8.79   14.36   11.35    7.20    5.40   12.51   32.06    4.16    5.95   14.17   16.64    8.11    3.31    2.70    0.00    0.05    0.57    0.33    1.28    9.80   21.79   12.56
PSATNPTE   -19.13  -47.70   15.57   11.25    3.16    0.00    0.02    0.01    0.33    1.13    9.03    6.97    4.59    1.96   16.46    6.95    3.12    5.51    9.01    5.44    7.76   11.95   20.76   15.97   13.82    7.42   16.94   14.24    6.80    9.43   20.27   33.72    5.09   12.56    8.20    6.91    6.98    6.04    1.63    0.00    0.02    0.36    2.09    1.04    4.69   15.35    9.87
PSATARV    -18.07  -50.16   11.92   15.29    6.17    1.00    0.24    0.88    2.44    2.81    2.46   16.00   10.31   12.57   13.32    6.29    7.51    4.04    3.72    5.08    7.07   10.77   19.43   16.97   12.43   15.97    7.62    1.72    4.25    1.11   17.33   14.02    3.63    4.76    5.07   10.99    2.18    7.42    4.14    0.68    0.67    0.82    0.76    4.06   13.40   16.54   12.10
PSATSFC    -18.05  -47.68    6.76    7.89    1.44    0.00    0.02    0.00    0.97    2.11   11.25   17.91    9.63   10.34    9.88    9.13    1.58    1.95    1.14    6.66    0.65    1.25   12.58    5.24   15.28    9.58    8.69    5.77   12.34    6.60    6.86   24.47   31.54   11.47   17.36    9.46    5.99    0.41    0.90    0.05    0.14    1.32    1.03    1.16    6.24    9.89   12.52
PSATSSM    -19.02  -50.50   17.57   21.85    9.61    0.40    0.34    0.49    1.76    3.07    2.91   14.02    9.50    9.05   17.92   15.22    5.89    7.27    3.55    5.92    3.95   20.56   34.36   19.53   11.74   10.65   14.26    5.94    4.17    2.36   33.34   22.21    2.38    3.69    9.80   10.44    4.39    6.36    4.79    0.18    0.23    0.16    0.33    5.20   14.62   25.57   23.46
PSATCNI    -22.94  -50.52   33.90    7.52    3.28    4.43    2.38   12.60    5.85   10.97    0.17    0.30    0.73    4.72   19.49   11.09   20.57   19.79    5.58    7.69    3.36   28.56    0.13    0.17    0.77    0.29   14.03   27.34   17.27   33.45   28.67    0.42    0.12    0.26    4.26    4.96    7.50    3.13   18.85    8.21    1.28    0.54    0.16    9.72   19.02   26.63    8.88
PSATCPV    -22.65  -51.33   35.88    7.98    5.27   24.40   21.07   21.13    4.70    7.50    0.32    0.11    0.56    7.97    8.46    9.78   19.38   18.50   34.19    6.86    4.43   17.29    1.33    0.04    0.17    0.61    9.71   13.01    7.41   49.13    8.33    1.15    0.04    0.03    0.73    4.44    6.98    7.68   18.77   16.38    4.78    1.14    1.02   15.24   18.62   12.10   11.77
PSATCHT    -23.01  -49.73   27.23    3.91    2.92    5.62    8.38   27.27    7.13   24.23    0.07    0.01    0.04    3.69   15.21    3.17   24.30   13.78   10.14    7.89    3.20    5.64    0.28    0.00    0.12    0.27    2.48    8.73    4.79   50.31   40.14    0.48    0.01    0.01    0.57    6.51    3.03    6.72   10.53   15.70    1.79    0.42    0.55    8.10   19.64   18.33    5.83
PSATJUR    -23.22  -49.23   16.25    3.70    2.94    2.91    6.32   30.49    6.55   20.99    0.37    0.14    0.06    2.93   20.54    4.84   16.12   18.33    7.36   10.29    2.79   11.59    0.20    0.04    0.16    0.03    2.44   10.59    6.31   67.37  119.52    2.28    0.12    0.26    2.83   20.32    5.23    7.25    8.98   16.22    1.03    0.30    0.10    4.27   22.69   29.31    8.42
PSATMAU    -24.06  -50.71   13.11    1.57    3.37    6.85   18.00   35.26   13.66   13.15    0.10    0.01    0.00    2.77    7.14    5.19   17.72   22.86   23.13    2.27    4.15    0.80    0.69    0.03    0.04    2.81    4.87    4.47    2.01   20.72    8.38    0.54    0.00    0.10    0.03    3.34    2.53    5.98    4.60   14.62    1.33   10.04    8.18   17.87    9.52    9.87    3.35
PSATROS    -22.50  -52.87   37.80   12.96    5.62   30.65   20.36   29.67    4.33    1.34    1.45    0.03    0.47    8.31    8.16   18.63   12.94   26.33   29.60    4.91    9.61   25.76    4.82    0.89    0.72    3.30   20.58   12.94   11.28   25.42    1.71    1.02    0.17    0.02    0.29    2.06   15.24    7.37   16.23   32.89   19.65    4.45    2.51   21.98   15.62    9.95   18.77
PSATQMD    -16.21  -47.33    6.44   11.43    1.17    0.00    0.05    0.01    0.20    3.16    6.71   17.70   15.81    9.34    2.86    5.81    1.76    1.37    0.92    4.70    0.55    0.02    0.94    0.37   13.37   12.66    7.19    0.90   13.92    8.13    4.21    8.96   27.45   19.30    8.97    1.24    1.05    0.20    0.18    0.03    0.21    1.59    0.61    0.84    1.22    4.65    7.89
PSATRBX    -18.95  -44.76   10.16   12.87    0.26    0.00    0.01    0.03    1.16    1.06   10.82    3.19    1.80    5.36    6.03    8.44    0.55    1.93    4.36    4.70    3.62   16.41   13.05   17.98   17.46    5.95   17.31   25.11   11.07   14.22   24.54   20.41   22.33   16.28   18.85    9.60    0.76    2.13    0.40    0.00    0.08    0.11    1.50    3.81    6.31   13.11    4.71
PSATSFR    -15.93  -44.86    5.19    9.61    0.59    0.03    0.00    0.00    0.75    0.80   15.40   17.70   16.80    7.91    5.06    4.87    1.74    0.96    0.77    2.59    0.39    0.01    0.34    3.87   13.43   15.70   10.52    4.56   23.86   11.88    8.38   11.80   33.44   18.21   13.75    3.74    0.40    0.16    0.06    0.14    0.28    0.51    0.49    0.88    4.55    7.75    6.46
PSATSRM    -16.37  -45.07   11.55    7.18    0.38    0.00    0.00    0.01    0.80    1.19   13.42   12.48    7.03    8.12    6.93    6.12    1.40    1.28    1.37    1.53    0.28    3.24   12.19    7.40   16.82   12.33   15.50   14.93   15.26    8.94   15.50   16.78   27.09   13.77   16.46    4.97    0.66    0.58    0.28    0.05    0.25    0.49    0.62    1.06    4.92   10.20    8.92
PSATTMR    -18.16  -45.27   18.16   19.37    1.11    0.02    0.00    0.01    0.24    2.15    7.49    3.50    2.67    5.39   12.07   12.15    1.71    5.70    3.28    4.67    6.86   12.55   15.77   14.91   15.37    7.53   14.47   18.28   10.82   17.47   22.46   25.68   17.15   32.35   25.48    9.94    4.66    3.77    0.29    0.03    0.16    0.22    2.35    4.10    7.94   18.04    9.36
PSATBOQ    -11.35  -43.83    1.45    0.97    0.19    0.03    0.01    1.93    4.83    6.24    4.96   31.68   13.97    6.85    3.08    1.23    1.98    0.39    2.45    4.00    0.68    0.54    1.52    5.88    5.70    7.57    7.14    0.75    3.70   16.13   13.03    8.85   10.34   11.62    7.70    2.46    0.90    0.45    0.79    0.09    0.27    0.37    0.38    0.46    0.83    0.26    0.55
PSATBBO    -22.52  -48.55   27.69    7.35   15.53    2.18    0.17    9.19    3.30   15.42    0.63    0.21    0.05    1.31   21.41   12.99   10.37   17.61    5.63    9.47    3.17   27.09    0.09    0.20    0.80    0.48    2.31   24.36    4.49   35.71   64.72    1.76    0.29    3.55   13.90   16.56   11.76   12.80   12.17    3.32    0.13    0.11    1.66    3.30   14.34   31.37   12.55
PSATESZ    -23.46  -46.91   19.73    7.61   11.24    4.04    0.21   14.71    3.53   15.91    3.72    1.69    0.52    0.34   26.65    9.65    6.38   13.62    9.28    4.95    1.23   19.24    1.69    1.15    0.97    0.14    3.30    1.44    3.39   37.61  109.89    7.47    0.70    1.58   14.79   20.67    8.26   11.92    6.58    5.35    0.00    0.08    1.65    7.93    6.33   33.50   13.10
PSATIBT    -21.76  -48.99   24.04   10.20    8.80    2.07    0.24    3.93    2.79   11.48    0.84    0.18    0.45    2.12   13.94    9.37    8.80    9.59    2.40    4.37    0.86   28.19    0.37    0.97    2.56    1.40   13.91   35.90    9.08   37.47   31.03    0.62    0.09    3.00    7.90    3.97    9.53    7.25   10.93    3.97    0.16    0.23    0.14    2.89   11.44   38.20   12.95
PSATNAV    -21.12  -50.20   28.27   18.55   11.24    2.58    0.25    5.56    1.61   11.26    3.09    0.86    3.36    5.89   12.22    8.87    9.81    6.31    1.86    9.19    2.06   25.97   17.93    9.36    4.85    4.10   20.93   24.29   11.25   49.23   17.47    1.02    0.03    0.71    2.78    3.86   12.64    5.24   12.66    3.55    0.58    0.26    0.21   10.91   14.84   36.81   26.75
PSATSME    -13.40  -48.30    7.84    8.67    7.75    0.76    0.75    1.19    2.21    8.23   11.12   11.42   12.30   11.90    6.89    5.71    4.23    4.50    2.55    3.91    2.16    3.41    7.81    4.49   14.36   10.77    8.36    0.94    7.07    6.71   14.18   18.55   28.21   20.79   16.49    6.04    1.68    0.48    0.21    0.30    0.16    0.16    0.70    0.75   11.81   14.91    6.83
PSATBGR    -27.78  -51.20    0.82    2.67    1.52   21.68   46.69   20.23   44.33    1.41    1.38    0.04    0.01    4.63    0.84    0.14    6.36    3.34    0.95    1.04   63.87    0.81    0.51    0.92    2.72    5.26    1.45    1.43    1.44    0.61    1.60    0.18    0.00    0.23    1.80    3.43    9.08    1.18    2.72    9.94    2.45   12.10   16.97    7.47   10.37    4.38    2.54
PSATCNV    -27.60  -51.33    2.17   13.59    1.93   19.22   56.35   25.74   66.47    1.84    1.11    0.12    0.09    2.79    4.87    0.35   11.20    4.10    3.55    1.97   28.74    0.44    0.84    1.44    1.56    7.86    5.04    1.45    1.72    2.83    1.53    0.29    0.01    0.11    2.62    2.33    7.28    1.05    2.62   11.87    9.43   15.08   21.04    9.74    6.88    4.42    3.51
PSATFCH    -27.14  -53.04    0.00   80.22    4.18    7.19   83.64   23.16   29.26    0.57    0.53    0.60    0.01    2.33    5.41    4.47   15.98    1.23    2.85    1.42    8.54    0.05    0.12    0.43    0.73    9.25    9.04    5.49    6.20    2.12    0.16    0.01    0.07    0.32    0.85    4.62   19.93    0.56    3.68    9.06   12.88   11.95   11.46   18.07    6.00    2.78    1.17
PSATITA    -27.27  -52.38    0.56   40.19    1.98    6.78   52.33   27.10   47.04    1.29    0.60    0.21    0.00    4.75    6.47    2.21   17.84    3.00    7.66    2.06    9.20    0.06    0.20    0.94    3.11    9.00    6.94    2.05    3.65    1.40    0.35    0.05    0.01    0.20    2.36    3.32   10.10    1.53    3.14    9.26    6.41   10.34   20.89   13.18    8.60    3.75    3.57
PSATMCD    -27.52  -51.78    0.02   11.09    0.87    9.06   50.24   35.48   54.66    0.47    0.11    0.01    0.00    8.13    2.03    1.30   12.96    0.72    0.52    1.08   22.36    0.02    0.02    0.32    1.07    9.03    1.08    0.89    2.69    0.58    0.14    0.10    0.00    0.06    0.29    2.56   13.00    0.50    6.59   12.94    4.15   11.02   18.04   14.01   15.23    2.20    1.14
PSATMOJ    -27.35  -52.73    0.00   20.39    2.66   11.10   65.80   38.57   46.16    0.40    0.38    0.59    0.02    7.34    1.14    1.84   13.92    1.04    0.75    1.38   11.92    0.02    0.04    0.79    1.12    9.41    4.18    3.75    3.35    1.28    0.26    0.02    0.05    0.21    1.05   13.69   17.06    0.64    1.68   12.34   19.68   13.78    4.58   15.66    5.34    3.57    1.11
PSATQQX    -26.66  -52.54    0.45   37.85    2.65    4.06   55.46    5.81   17.12    2.08    1.12    0.72    0.04    3.24    5.62    5.19   25.39    7.24   14.91    2.87   14.96    0.02    0.38    2.27    4.83    7.21    8.40    6.74    2.75    1.88    0.34    0.06    0.20    0.87    4.23    3.28    9.08    2.30    6.41    5.45    5.71    8.59   15.03   16.72    6.30    2.55    6.67
PSATPSJ    -28.14  -55.05    0.00    0.10    8.12   35.28   29.82    4.11    1.63    0.06    0.23    1.58    1.40    7.07    0.00    0.36    3.25    0.19    0.00    5.81   42.85    0.18    0.00    0.09    1.82   20.92    0.10    2.87    3.70    0.91    0.37    0.00    0.00    0.00    0.27   21.05   21.25    0.08   27.59   12.28   18.05    0.30    6.55   21.29    1.83    1.21    0.82
PSATESP    -18.68  -51.87   31.95   14.93    2.64    0.73    0.55    2.12    1.05    7.26    3.14    7.45    5.42    4.76    5.17    2.18    5.13    6.67    9.77    3.37    0.69    5.71    8.10    5.69    4.99    9.09    3.52    8.42   10.13   21.82   18.17   11.20    1.51    2.96    5.49    4.97   10.16    7.93    8.39    4.00    6.77   13.98    3.08    2.14   20.54   28.29    6.56
PSATSRC    -19.16  -50.76   27.07   11.27    5.03    0.57    0.25    1.05    1.74    6.99    2.93   11.55    9.43   11.70    5.04    6.76    9.93    6.18   13.88    5.34    0.47   16.20   16.00    9.46    6.70   12.43    5.20    2.26    5.45    8.13   29.14   10.83    1.43    2.36    8.07    9.02    8.11    9.28    8.81    8.61    5.40    4.12    1.99    4.48   17.60   33.59    9.93
PSATFRCL   -19.12  -50.64   27.37    5.21    6.86    0.58    0.35    1.73    2.04    7.06    3.23   11.07   10.53   12.48    6.66    7.11    6.71    6.68   10.20    5.53    1.48   13.47   19.35   12.06    5.44   11.59    7.01    1.46    2.42    2.89   28.91   15.33    2.15    2.88    8.79    7.87    7.24   11.02    6.24    4.33    2.56    2.37    0.88    4.08   15.44   29.24   15.40
PSATISOT   -20.40  -51.35   40.21   20.61    6.89    1.04    0.07    4.18    3.44    8.75    7.39   11.96    9.44    9.51    9.81   19.54   16.79    3.55    5.00   10.20    0.30   23.91   31.27   18.92   10.52    9.17   18.02   11.06    4.13   20.61   33.90    1.10    0.64    0.26    1.24    5.92   21.05    9.41    9.25    8.41    0.80    0.32    0.49   14.85   27.06   28.90   21.23
PSATJUP    -20.86  -51.63   23.25    8.10    7.93    0.92    0.11    2.40    4.06    3.86    8.59   15.29    9.76   11.67   10.48   14.94   17.92    4.98    8.67   15.57    2.46   17.72   21.49    8.02    7.74    9.72    8.81   12.10   17.43   60.08   40.07    2.01    1.43    0.63    1.15    0.99   14.14   13.87   13.91   17.00   13.60    6.69    3.08    6.09   23.35   14.21    7.25
PSATSDG    -20.06  -53.18   14.56    0.83    5.92    3.92    0.17    1.13    1.22    2.43   14.12   15.11    9.24   11.82    5.41    6.29   15.84    0.73    2.69   11.70    0.30    5.88    9.36    4.57    7.21    7.08    8.38   39.34   33.28   93.89   19.32    2.28    0.63    0.49    1.60    0.81    2.91   10.41    8.82   11.40   20.16   23.12   14.74    4.24   15.98    6.13    5.17
PSATFZBT   -21.66  -52.87   19.74    2.10    2.73    8.57    1.91    3.32    0.99    0.99    9.14   13.47    9.51    9.74    7.79   10.50   20.34    6.35    5.23    9.31    4.38    8.30   16.79   12.64    5.27    8.14   15.15   60.39  107.32   33.65    5.94    0.41    0.32    0.35    0.31    1.34    3.52   11.16    9.97   12.95    9.99   12.74   14.37   10.87   15.86   14.84    7.36
PSATPPRA   -22.46  -52.91   31.61    9.47    7.80    8.66    1.76   17.06    4.56    3.19    4.78    4.52    5.30    9.64   14.77   15.77   12.26   12.71    4.77    9.46    7.66   23.73   19.26    6.85    4.85    5.65   22.06   22.69   30.15   25.98    7.51    0.50    0.12    0.06    0.67    1.47    7.29    6.45   19.50   20.76    9.95    3.74    2.34   14.96   18.13   17.88   20.36
PSATBTE    -13.69  -50.80   21.93   18.87    7.47    1.17    0.85    2.52    1.73    2.41    2.48    6.43    9.87    9.74   13.56    7.67    5.78    3.54    6.86    3.07    3.13    6.13   11.77    9.44    9.09   11.13    9.22    4.41    9.27    7.02   26.47   17.76   10.14    6.89    7.91    8.78    6.33    3.65    2.60    0.94    2.03    6.20    5.21    3.03   21.83   19.37   17.95
PSATARAG    -8.27  -49.26   12.15   10.55    8.08    3.87    3.53    3.90    4.08    3.21    5.51    6.34   14.39   15.17   12.49    7.64    3.80    8.52    7.14    2.71    2.19    3.60    4.96    4.51    6.40    6.98    6.61    2.85    7.03   12.07   12.10   16.72   16.32   17.05   15.64    6.09    2.75    4.14    2.46    1.48    2.19    2.55    3.76    2.61   21.08   11.86   11.29
PSATLAJ     -9.76  -48.37    8.87    9.00    1.39    0.57    0.26    3.28    5.09    4.71   10.93   13.90   16.40   14.67    9.41    5.38    4.67    4.83    2.97    3.86    1.95    1.61    5.62    2.07   12.36   12.90    6.14    2.61    3.91   17.29   13.71   19.45   16.93   15.69   14.06    3.32    1.41    0.69    1.83    0.88    0.33    0.37    0.74    0.42    3.89    4.18   11.66
PSATPTRL    -9.31  -47.39    4.06    6.76    0.82    0.25    0.02    2.90    4.08    9.82    8.35    9.98   20.32    9.92    9.95    6.57    4.49    8.67    3.92    5.17    3.83    2.92    6.12    1.19    6.52    7.54    9.18    0.47    4.57    9.08   15.67   12.23   19.05   12.10   12.85    6.45    1.69    3.45    2.80    2.24    0.42    0.30    0.28    0.32    2.74    1.65    6.35
PSATLJET    -7.33  -47.48    4.30    2.60    0.91    0.50    0.62    6.23    6.14   24.66    6.85    9.86    7.55   10.75    9.22    9.76    3.62   14.15    6.85    4.04    6.23    7.00    3.82    1.50    2.89    6.87    2.15    1.35    3.57    6.85   10.07   18.16   19.95   11.21    8.91    4.73    3.12    3.71    4.30    0.79    0.31    0.42    1.20    2.59    5.96    5.00    6.90
PSATUCR     -3.83  -49.65    7.35   14.17    6.20    1.65    2.87    9.25    6.34    8.11    8.51   10.31   12.93   15.47   10.05    9.47    6.50   17.17   10.03    9.13    4.15    6.77    4.97    5.86    4.76    4.54    2.76    3.86    5.55    6.67    6.28   11.46   15.80   10.62    9.29    5.14    4.20    4.85    4.13    2.50    2.47    1.95    6.26   14.13   16.82   11.14   13.15
PSATXIVJ   -29.07  -51.67    0.03    1.28    0.88   16.62   43.13    8.00   25.97    0.18    0.22    0.06    0.01    5.23    0.12    0.25    4.54    1.02    0.72    0.33   92.77    0.25    0.04    0.18    2.98    5.29    0.28    1.40    3.10    1.11    0.65    0.20    0.00    0.03    1.05    3.34   11.69    0.55    5.83   20.63    4.62   13.26   15.14   12.33    8.03    2.18    1.19
PSATDFRC   -29.45  -53.28    0.00    0.01    8.18   38.44   20.68    0.27    2.61    0.12    0.27    1.35    3.04    9.82    0.00    0.16    2.54    0.32    0.01    1.69   88.35    0.27    0.00    0.06    3.67   10.77    0.01    1.37    1.34    0.77    0.64    0.04    0.00    0.01    1.18   12.79   18.53    0.10   19.36   19.06   15.48    0.48    2.94   18.81    1.07    0.95    0.60
PSATREAL   -29.02  -53.19    0.00    0.13    3.69   20.67   22.54    6.63    7.40    0.08    0.47    0.90    0.33   10.42    0.02    0.59    3.23    0.27    0.01    2.85   70.13    0.27    0.01    0.09    2.19   13.82    0.03    1.37    4.08    0.73    0.30    0.04    0.00    0.00    0.39   14.10   19.76    0.15   10.27   24.05   22.63    5.59    5.80   17.53    3.29    1.19    0.78
PSATCTAV   -29.01  -51.39    0.72    0.38    1.14   37.03   36.44    2.96   25.90    1.46    1.70    0.07    0.01    4.85    0.08    0.12    6.45    3.21    0.78    0.77   54.70    1.48    0.65    0.56    2.55    3.63    0.61    1.35    2.80    1.16    1.97    0.24    0.01    0.13    1.61    7.97   14.19    1.46    1.78   16.23    4.96   10.05   14.54   15.63   16.94    3.09    2.04
PSATERNT   -28.56  -52.54    0.01    3.96    1.10   10.13   31.01   29.04   31.04    0.32    0.34    0.28    0.02   10.69    0.40    0.55    7.08    0.47    0.05    1.30   39.92    0.06    0.02    0.35    2.83   10.04    0.24    1.25    3.98    0.72    0.23    0.05    0.02    0.05    0.34   12.47   16.43    0.27    6.53   17.20   16.63   10.62    6.70   14.43    8.04    3.95    0.76
PSATSTPL   -27.14  -49.52    4.94   12.09    1.63   28.53   64.21   15.79   69.23    2.87    3.72    0.92    0.34    0.41   11.74    0.39    7.09   13.10    6.21    3.99   36.69    0.61    1.80    2.19    0.74    3.10    5.98    1.30    1.78    2.98    3.85    0.96    0.02    0.22    4.10    3.39    8.54    2.29    3.80   12.99    9.36   11.84   18.68   14.04    7.14    5.59    2.64
PSATCVCH   -25.14  -48.87    8.35    0.94    1.63    2.67   24.05   26.58   10.71    9.92    0.90    0.44    0.18    2.75   19.27    1.95   18.97   27.97   21.97    1.62   11.52    0.37    0.58    0.27    0.35    4.39   10.13    2.30    1.63   10.53   15.44    1.16    0.08    0.00    0.21    9.67    1.07    9.64    3.75   20.20    1.13    6.68    5.55    5.13   17.09   13.73    3.60
PSATAMY    -12.60  -69.12    7.52    8.91    4.74   11.78   12.50   11.88   11.43    8.69   10.76   20.87   15.31   10.02   11.90   10.79   10.47   11.38   11.45    9.22    7.80    6.31    6.68    7.65   12.75   16.55   25.54   12.66    7.95    8.31   24.45    6.25   10.51    9.89    4.48   14.81   11.08   12.55   10.40    9.21   11.24   13.64   11.61    6.05    3.53    9.73   13.58
PSATGJR    -10.73  -65.35   10.75    3.99    4.03    5.46   20.61    6.05    4.69    5.81    5.49    8.48    3.92   21.70   15.46   16.80   25.24   32.37    7.91    5.13    9.96    5.43    8.74    9.76   12.95   18.46   11.51   11.31   23.98   22.73    9.21    5.66   12.50    6.58    8.14    7.95   16.10   19.52    5.01    1.99   19.94    2.66    2.94    8.10    5.10    9.22   12.99
PSATPRNC   -12.43  -64.43   28.24   10.63   10.13    3.05    8.46    5.32    5.17    4.93    2.44    3.12    2.21    8.18    6.27   11.93    7.82   11.95    7.29    6.71    4.09    5.68    5.43    4.89    8.84    7.10   11.19    6.76    5.41   14.12   23.85   14.38   10.28   11.59    5.78    5.81    3.40   10.08    9.94    1.29    9.91    4.55    4.07    9.28    5.13    7.17   13.06
PSATSANT    -8.87  -63.97    3.25   21.53    6.47    8.12   11.37    9.12    2.67    6.01    3.85    5.02    7.89    7.16    4.25    5.12    4.69    7.44    7.63    9.18   12.25    8.57    8.94    8.88   15.23    9.59   10.02    6.31   10.39    2.77   21.46   20.10    8.90    3.47    9.31    9.55    8.84    9.21    2.93    3.89    6.01   10.57    2.94   12.08   13.75    8.67    7.70
PSATDARD   -10.16  -59.46    4.31   15.37   22.59   17.35    8.85    8.47    4.39    3.40    2.70    3.34   13.28    4.51   11.75   18.76    6.59    7.71    6.18    9.36   16.44   18.66    9.81    4.07   10.84   10.75    6.20    6.44    7.49    1.56   12.26   19.41   10.92   12.29   13.01    7.50   17.35   12.25    5.31    3.19    9.45   10.44    8.12    8.87    3.99   14.05   11.27
PSATGUAP   -15.12  -58.96   13.45   13.78   11.35    8.03   11.86   10.38    6.53    5.63    2.73    8.13    1.10    8.70    6.56    6.93    8.70   12.33    6.20   11.22    2.18    5.43    4.68    5.98    7.25    5.36    7.77    3.59    2.06    6.71   11.67    5.48    6.01    3.75    6.93    4.76   21.42   24.41    4.73    1.62   13.31   15.59   15.47   26.34    4.58    2.99    4.12
PSATJIRA    -9.25  -64.65   13.02   13.16    6.12    5.68   15.07   10.99    8.16    6.75    6.83   10.84    9.12    8.57   10.12   10.72    9.43   14.90    7.98    8.72    6.53    4.47    4.45    8.23   10.98   13.69   15.06    9.02    3.89    7.43   14.56    9.76   10.32    8.13    5.58    7.61    5.35   11.07    5.87    2.92    9.58   10.26    4.29    5.88    6.00    6.22   12.95
PSATROND   -11.99  -60.70   12.30   11.57    9.34   10.76   11.05   13.11    5.87    3.69    4.82    1.36    3.14    3.63    6.87   12.07   10.76    4.56    3.20    2.14    7.49    7.54    7.28    3.22    3.57    9.23    3.98    3.19    3.01    0.50   25.73   19.58   17.03    8.51    9.58   10.13    6.47   15.14    5.68    2.53    6.01   14.50    6.84   17.94   17.73   15.26   10.35
PSATSAMU    -8.75  -63.45    1.20   12.58    7.06    9.21    8.56    7.74    5.32    5.73    5.28    2.67    5.43    4.11    3.61    5.15    4.96    8.77    7.51    6.28   15.01   11.19    8.89    5.19    7.79    7.57   13.84    5.12    8.92    2.74   21.01   11.18    6.81    6.20    7.73    9.15    6.49    9.46    2.77    1.84    3.71   14.79    4.51   14.91   14.05   10.58    6.73
PSATBALB    -1.92  -59.47    8.65    6.12   11.64   18.53   20.25   11.50    8.88    3.81    4.53    7.49   20.39    4.10   10.46    5.38    1.31    4.67   13.43    3.53    6.30    2.77    2.58    2.43   12.25   17.53   14.41   12.33   11.13    5.34    2.20    1.54    1.46   16.26    7.92    7.84    7.30   12.85   17.53   25.17    6.56    5.76   28.24   18.15   28.77   17.31    3.87
PSATCUNA    -2.82  -54.30   10.24    6.79    6.18   22.79   15.99   11.03    3.62    4.54    6.57   10.64    4.63    5.40   15.16   11.38    7.81    9.39   12.22    4.39    9.36    8.37    5.55    1.59    2.55    5.55    6.36    2.43    3.10    4.01    0.38    9.61    8.51   17.99    6.87    5.32    5.75   13.97    9.78    4.88    2.59   13.82   24.44    3.56   15.83   15.97    9.75
PSATJARI    -0.65  -52.52    6.54    6.55    5.73   21.00   12.08   11.60    5.99    1.48    1.60    7.56    2.04   20.78    7.42    3.01    2.28    3.27    2.85    1.91    5.34    3.48    5.32    1.50    4.62    6.82   10.74    5.82    1.60    1.99    2.31    3.02    5.05   12.99    3.89    8.65    4.19    6.83    6.10    7.83    5.75    8.64    6.89    7.47   11.78   12.08    7.01
PSATFGOM     0.86  -51.20   11.40    8.97   13.05   21.76   15.72   12.68    5.16    1.87   14.17   10.12    1.37   29.71    3.93    3.19    5.05    7.02    4.44    4.88    8.33   11.48    4.36    2.20    8.86    9.42   11.57    9.01    3.32    1.94    2.98    2.20    5.72    9.12    2.57    3.86    7.37    9.22    7.32   11.39    8.01   10.68    6.14   16.92   10.35   13.10    7.96
PSATUBE     -6.75  -43.57    3.64    3.69    0.83    0.25    0.02    2.62    7.11   13.10    7.12   13.66    6.88    9.56    4.57    6.97    3.94    2.36    3.90    3.57    3.01    2.98    2.67    2.33    2.53    4.34    2.69    0.74    4.81    8.95   10.38    7.50   11.93   10.70    8.63    7.55    2.92    1.70    2.65    0.22    0.34    0.27    0.20    0.67    0.30    3.50    4.26
PSATBSOR    -6.74  -52.00   16.86   17.25   11.56    2.81    4.43    5.18    1.51    1.99    6.46    8.07   11.49   21.97   16.93    9.23    3.19    4.24   10.58    2.81    3.20    4.08    5.23    6.77    5.92    8.17    5.13    4.69    9.54    3.52   10.81   15.06   16.87   15.22   13.69   10.70    5.53    3.87    2.26    1.80    4.53   11.49    9.99    7.27   11.44   10.88   16.19
PSATBESP    -6.75  -51.77    6.11   14.60   12.50    5.54    4.93    2.47    1.96    1.46    8.18    6.09   10.36   25.87   11.65   10.43    3.06   12.40    4.52    9.31    4.43    6.39    5.02    5.66    3.71    7.17    1.40    0.90    5.68    8.08    4.51    8.68   11.97   21.62    8.77    3.44    9.57    6.45    4.45    1.49    0.33    2.76   15.10   19.78   19.81    6.53   10.82
PSATPIME    -3.41  -51.91    9.92   12.06   14.94   12.30   12.39    7.39    2.55    2.57    6.96    6.95    3.76   14.60   13.73   10.83    4.31    7.26   10.29    5.24    6.65    5.18    6.44    5.23    4.78    4.37    3.84    3.08    6.55    9.47    3.33    7.83   10.71   16.78   11.65    7.07   10.04   11.88    3.48    3.58    1.34    7.95   10.87    5.69   13.68   10.53   12.35
PSATIRAP   -16.74  -42.57    4.42    0.88    0.00    0.01    0.00    0.01    0.21    0.64   20.23   20.86    9.37    5.01    2.21    0.77    0.45    0.24    0.55    0.19    0.16    0.72    2.77    9.28   16.63    7.65    9.77   16.62    8.34    8.45   16.46    8.30    9.47   10.14    5.06    2.96    0.15    0.35    0.14    0.39    0.56    0.71    0.66    0.35    6.94    9.43    4.33
PSATITBI   -15.97  -39.59    0.48    0.13    0.00    0.16    0.12    0.05    0.29    0.29   15.54   29.58   19.75    5.39    0.41    0.46    1.43    0.79    0.48    0.61    0.28    0.16    1.08    9.39   11.46   12.99    4.20    8.00    9.18   12.95   10.54    3.49    6.55    4.76    1.63    1.09    0.66    0.42    0.56    1.23    1.81    1.81    0.75    2.33    3.37    2.35    1.13
PSATCOLI   -10.98  -55.77   32.06   16.36   22.69    8.09    1.36    6.68    1.70    3.32    1.90    7.22   16.66   15.72   20.40   14.49    5.34    7.29   13.34    4.95    2.65    2.54    4.36    5.89    9.30    9.83    5.90   16.75    7.20    0.56   18.30   16.47   16.71   11.96    9.21   11.13    5.22    3.61    2.47    2.29    3.68   14.35    5.47   13.28   16.21   14.64   19.39
PSATSAEL    -9.19  -57.04   25.64    9.29   18.95    9.00    6.39    9.63    1.74    1.78    5.27    5.25   19.89   16.40   22.22   17.95    5.63    3.38   11.05    4.27    5.49    4.96    4.64    5.45   13.31    6.43    8.45    4.33   11.81    2.88   17.83    8.48   12.13   16.57   16.27    9.11    6.83   14.38    0.95    4.50    1.78   10.21    5.71    4.30   14.62    7.11   16.03
PSATITQ    -17.09  -54.83   28.51   20.58   18.91    1.88    0.90    5.86    0.82    5.98    2.67    5.31    6.78   12.96    6.54    6.34    9.64    5.27    4.70    3.49    0.42    1.87    6.88    6.02    5.42    4.01    6.76    6.13   10.56   25.21   10.48   12.91    3.21    5.95    3.64    3.11   16.65   12.21    5.00    1.59    4.36   14.60   10.84   11.35   11.50   16.39   10.71
PSATJAU    -15.24  -58.73   13.24   13.25   11.16    8.78   12.26   10.85    7.30    4.96    3.39    8.19    1.98    8.78    7.51   10.32    8.05    8.94    5.51   14.02    1.63    5.46    6.84    8.09    6.92    6.61    9.83    4.07    1.63    4.81   10.30    6.48    6.73    4.39    7.47    4.81   22.03   20.95    5.69    1.40   12.70   11.71   12.76   27.46    5.69    3.31    5.55
PSATMAN    -14.87  -55.78   20.32   19.77   26.67    2.94    1.24    6.33    1.10    4.10    1.31    4.04    7.64    5.04   12.04    2.93    2.14    6.38    6.18    2.35    1.06    3.20    4.08    2.03    4.97    7.58    5.64   15.18    9.07    2.61   26.92   14.40   12.58    3.55    8.07   13.01    4.42    5.16    2.61    1.22    9.13   23.11   12.13   12.26    8.74    9.59   14.54
PSATPTP    -17.61  -54.83   27.39   12.74   16.92    2.27    0.39    4.91    1.42    5.82    4.13    4.72    7.59   16.52    6.99    4.87   10.78    9.61    5.40    4.36    0.27    1.37    4.03    3.11    3.63    2.55    8.63   10.34    7.92   30.07    8.72   11.87    1.98    3.19    5.03    2.91   11.15   17.77   10.49    2.46    6.35   20.37   11.95   17.90   14.26   11.32    9.39
PSATSTCL   -17.90  -40.20    0.08    0.01    0.00    0.01    0.00    0.02    0.25    0.01   10.26   36.15   15.92    5.58    0.28    0.36    1.25    0.86    0.24    0.14    0.01    0.00    4.65   22.38    8.12   12.66    4.93    7.82    8.91    6.96    9.17    2.86    3.11    3.23    0.33    0.48    0.39    0.18    0.66    0.73    3.26    2.22    2.08    1.22    5.80    0.57    0.45
PSATPDC    -12.58  -39.00    0.54    0.24    0.37    0.60    0.62    0.98    4.43    0.44    0.31    5.67    8.99    1.55    0.42    2.38    2.12    2.15    1.19    0.69    0.72    0.26    0.12    6.14    7.73    2.71    0.25    0.27    4.80    1.63    1.63    5.80    2.59    0.71    0.60    1.09    1.45    0.49    0.92    0.92    3.20    1.81    3.58    2.23    0.27    0.36    0.12
PSATROSA   -20.92  -41.72   21.03   12.29    0.00    0.06    0.00    0.45    2.28    9.02   17.95    4.30    2.48    2.79    1.40    3.35    0.57    0.20    3.84    0.15    0.03   17.98   40.08   43.11   27.10   56.21   11.37   44.84    3.69   53.95   21.60   10.23   28.61    8.77    5.21    1.79    0.05    0.63    0.34    0.46    1.31    5.11    2.23    6.29    4.50    5.77    3.30
PSATCAN    -20.21  -42.85   17.74   27.24    0.25    0.05    0.02    0.08    5.57   10.24   12.47    1.08    4.72    7.44    3.69   10.12    1.09    6.27    8.06    2.95    3.05   30.80   44.75   50.77   27.13    5.84   14.02   32.98   17.56   25.22   29.54   18.32   18.52    8.89   11.19   10.19    0.17    0.42    0.42    0.18    1.11    2.89    1.09    7.65    6.37    9.63    4.90
PSATSAC    -19.64  -42.85   12.08   17.75    0.04    0.01    0.01    0.18    5.05    8.69   16.26   14.39    3.74    6.70    5.93    9.94    0.05    1.33    3.76    0.57    0.19   30.04   31.58   30.20   22.07    9.44   20.17   40.35   15.30   24.48   27.05   13.36   16.13   13.21    9.77    9.44    0.47    0.19    0.41    0.57    0.93    4.28    0.83   14.50    5.84   15.80    6.23
PSATPES    -19.12  -42.66   18.09    5.38    0.03    0.01    0.01    0.06    2.58    4.61   16.30   14.02    8.62    3.53    4.82    4.19    0.28    0.68    1.11    0.09    0.31   18.14   35.26   27.36   40.07   14.63   25.21   17.79   13.40   13.19   27.04    8.38   20.88   14.10   11.66   10.80    0.35    0.50    0.42    0.55    1.53    3.76    1.25   10.39    2.56   22.90    5.76
PSATMAS    -19.50  -40.92   13.34    1.70    0.00    0.21    0.03    0.14    1.25    2.59   16.80    7.60    5.49    4.43    1.65    1.93    0.33    0.41    1.44    0.10    0.22   10.89   23.27   20.53   25.25   30.71   22.62   22.04    8.54   14.89   21.71   12.30   24.19    9.10    2.86    1.79    0.34    0.49    0.49    0.91    1.77    2.58    2.77    8.75    7.56   10.50    4.18
PSATSBR    -23.37  -45.87   22.77   11.88    7.69    4.28    0.00    5.62    9.35   23.61    5.55    2.69    0.51    0.19   15.98   19.63    5.20    7.35   16.47    6.28    4.64   23.65    3.41    0.69    1.77    0.94    5.30    8.66    6.07   31.60   62.60   15.08    0.81    3.58   11.29   21.00   13.06   15.01    7.10    3.55    0.01    0.30    5.14    2.32    7.14   24.82   15.70
PSATJAG    -23.20  -46.03   24.31    4.68   23.06    1.97    0.02    3.17    9.40   16.04    2.41    1.17    0.08    0.52   23.01   21.85    8.79    6.06   10.94    4.64    3.72   29.91    0.82    0.32    1.56    0.27    5.36   13.50    3.10   44.46   59.62    6.01    0.67    6.96   17.36   21.82   11.02   17.79   10.93    0.43    0.00    0.09    6.90   10.50    6.01   19.47   10.07
PSATFUNI   -22.53  -44.57   28.73   10.63   16.45    1.24    0.00    2.33    8.91   13.57    4.67    1.40    0.45    0.51   15.31   22.39    6.76   11.78   16.07    8.55    1.90   22.11    1.87    0.22    3.67    2.41    4.96   24.66   10.33   39.09   54.03   34.61    1.38    6.88   16.76   22.80    9.91   12.64   12.46    0.85    0.02    0.47    7.45    5.33    5.82   23.57   19.04
PSATSACE   -22.48  -43.84   23.24   10.99    3.27    0.22    0.00    3.46    5.52   25.83    7.19    1.91    2.11    0.54    4.75   19.58    2.13    4.66   25.18   18.75   15.75   21.93    4.39    0.22    2.66    2.14    7.70   13.11   20.27   27.58   35.80   75.98    6.16   22.03   19.30   31.91   12.82   13.47    8.99    0.02    0.02    0.31    4.61    8.04    8.61   22.09    7.20
PSATPIC    -21.91  -43.54    7.76   11.46    1.42    0.07    0.00    0.69    7.43   11.75    2.70    2.53    2.56    0.55    3.65   12.92    2.75    2.72   16.91   21.76   11.22    9.55   12.19    0.96    8.82    4.10    6.24   19.07   18.48   27.59   39.26   82.50    6.81   28.08   19.23   25.82   14.34    9.03    4.64    0.03    0.12    0.70    2.17    4.21    2.29   19.59    7.81
PSATSOGI   -21.94  -43.36   11.00   19.68    1.89    0.01    0.00    0.50    8.64   12.99    3.27    4.26    3.37    1.54    6.74    9.25    3.90    7.54   15.72   17.71   22.61   18.98   15.66    4.07   15.91    3.72    7.37   21.41   19.15   30.02   36.81   65.31   10.00   19.68   16.75   25.04    5.43    8.59    1.39    0.09    0.31    0.46    2.44    1.65    7.78   20.90    7.52
PSATIPSI   -21.84  -42.58   17.57   11.58    1.93    0.01    0.01    1.26    3.49   14.77    5.25    2.37    2.53    1.07   11.78   15.11    2.59    7.64   18.04   10.23   12.47   29.73    5.44    2.26    4.69    1.88    7.90   13.50   11.59   26.50   34.52   70.04    7.85   15.88   15.78   15.54    3.66    3.73    3.07    0.27    0.20    0.83    1.68    1.64    4.79   17.27    8.33
PSATTCLJ   -22.69  -43.83   24.40   10.38    1.38    0.33    0.00    3.94   10.42   16.24    7.10    4.39    0.60    0.03    7.69   16.57    1.86    4.20    8.91   13.69   17.85   29.57    2.79    0.18    0.35    0.55    7.93    4.90   10.18   19.67   28.53   41.63    3.37   13.18    9.67   43.40   10.16    8.15    7.20    0.00    0.00    0.03    1.37    0.24    4.58   16.27   20.29
PSATBIGU   -25.51  -53.67   10.21   28.36    4.70   15.26   39.44   15.80   10.15    0.84    0.72    0.29    0.05    6.44    4.85    8.07   31.25   22.43   15.10    5.23   17.70    1.13    0.94    1.54    1.01    4.59    8.53    6.43    1.59    1.55    0.42    0.09    0.46    1.43    3.48    2.53   26.14    3.98   13.11    3.53    8.22   11.56   12.50   22.05    9.04    1.82    5.28
PSATBRAU   -21.45  -42.41   20.20   36.58    0.42    0.00    0.00    0.51    4.07   12.35   17.81    1.78    2.57    3.39    6.50   11.34    1.61    5.21   15.71    2.03    5.27   35.05   27.72   27.35   27.30    3.37   10.70   21.82   11.49   27.02   35.52   32.00   15.26    6.62   16.55   17.40    0.14    0.92    1.62    1.64    2.89    3.16    2.48    3.15   10.65   18.89    4.93
PSATSUIC   -20.08  -40.58    6.05    0.11    0.01    0.51    0.05    0.26    2.27    0.17   30.64    2.76    6.48    6.82    1.46    0.87    1.92    0.38    1.83    0.32    0.37    2.20   15.98   19.84    8.22   21.50   11.22   22.25    5.19   22.51   15.98   15.29   18.40    5.86    1.68    1.13    1.28    0.76    0.49    0.82    2.81    4.67    4.36    5.80    7.60    5.40    1.16
PSATJRI     -9.30  -64.70   12.60   17.01    7.03    4.57    8.54    9.53    8.51    5.80    4.36    9.98    9.31    6.47    7.96    9.58    7.93   13.01    8.79   10.39    7.21    3.78    4.42    8.23   10.82    9.30   14.90    8.05    2.41    5.72   17.10    9.83    5.07    7.50    4.46    7.46    2.96   10.26    6.14    2.46    6.47    9.28    3.66    5.55    6.60    5.54   12.63
PSATBENI   -14.59  -67.53   14.11    4.14    3.58    9.06   33.23   15.66    8.11    9.77   13.05   15.83   10.65   15.16   17.41   15.43   13.82   21.58    5.01    4.82    5.20    6.09    5.45    8.98   11.89   25.95   18.49   11.61    8.11   13.01    9.63    9.61   24.71    9.11    8.64    8.62   12.83   13.59    5.71    4.71   18.45   13.18    6.33    6.71    4.35    9.11   15.80
PSATEPB    -12.42  -64.42   21.37    7.46    7.63    2.49   10.00    3.86    4.89    4.21    2.07    2.48    2.12   10.91    5.03   10.49   10.53   21.37    7.16    5.32    6.69    5.29    6.73    5.83    8.60    7.96    9.90    6.09   10.71   19.93   18.81   10.46   10.13    9.00    7.89    6.24    6.36   12.40    8.66    1.28   12.49    3.25    3.09    8.97    5.05    6.16   11.66
PSATEGM    -10.79  -64.35   12.75    5.53    4.84    6.94   23.00    8.13    4.88    6.97    7.08   11.27    4.56   22.81   20.31   20.21   28.23   28.39    8.27    6.24    8.95    5.84    8.17   10.44   14.79   21.71   13.31   13.80   24.00   18.25   10.05    7.10   13.23    7.79    6.39    8.23   17.09   20.39    4.80    2.23   20.30    3.58    3.69    8.03    5.31   10.97   14.51
PSATSTOA    -8.79  -63.95    3.56   21.86    6.36    8.73   11.12    9.41    2.76    5.95    4.07    4.60    8.30    6.89    4.10    5.37    4.72    6.64    6.83    9.19   12.16    8.83    9.56    9.00   15.21    9.48   10.03    5.42   10.01    2.85   21.83   20.51    9.20    3.64    9.91    9.46    9.19    9.24    2.90    3.76    6.40   11.29    2.94   12.26   12.76    8.28    8.07
PSATENC     -9.90  -66.62    6.05   10.18    7.92    3.38    9.72    7.45    3.77    5.28    5.22    2.02    5.10    4.47    2.18    3.25    4.52    5.50   12.03    7.86    6.89    6.61    2.03    6.34    9.59    7.78    4.50    6.20    3.80    1.11    9.25   11.59    5.37    9.39    4.17    8.39    0.94    7.90    5.53    2.30    3.47    8.93    2.53    6.99    9.98    3.38    5.73
PSATAMY1   -11.71  -70.63    3.18    9.47    2.74    1.66    5.44   11.11    4.35    3.38    4.78   11.30    9.15    3.15    3.40    7.03    6.92    7.68   13.17   12.22    5.03    3.75    5.20    5.90    8.57   10.91   12.99    3.82    0.38    1.04   26.68    4.36    3.07    4.85    1.04    6.24    2.66   11.34    8.25    6.70    7.53   12.92    6.97    5.24    3.36    3.73   10.00
PSATAMY2   -12.37  -71.17    4.21    8.46    4.62    9.58   12.20   14.56   12.79    9.46    8.43   19.26   11.70    8.74    9.77    8.97    9.67    9.54   16.53   11.33    9.74    7.19    6.98    7.99   10.97   19.67   22.01   11.06   11.47    8.71   26.94    7.06   10.26   12.15    4.88   18.40   10.20   13.61   11.63   10.62   15.93   11.28   14.12    9.42    4.38   11.80   14.59
PSATAMY3   -13.75  -70.18   14.68    8.67    5.46   26.32   18.28    9.62   14.51   13.07   19.70   27.69   25.88   17.98   20.17   14.13   12.37   12.96    6.07    5.98    7.52    7.87    8.67    9.07   19.10   20.23   34.89   20.54   12.53   15.18   25.08    9.61   18.88   14.35    7.02   16.80   19.96   13.04   13.18   13.23    8.84   19.86   16.28    3.93    2.83   12.65   14.77
PSATAMY4   -13.45  -69.47   11.72    9.12    6.28   10.09   14.51   10.07   14.32    8.26   12.82   24.96   12.27   10.64   13.91   13.72   14.47   18.64    5.83    4.34    7.41    4.77    3.54    6.48   13.87   11.60   36.99   18.33    5.04    5.97   11.42    1.78    8.96    5.77    5.30   15.28   10.84    9.97    4.60    2.53    9.76   10.98    6.09    2.68    2.60    8.37   11.90
PSATJRN    -13.37  -59.01   19.59   15.56    8.59   11.52   10.30    7.31    3.25    5.23    3.04    6.76    1.46    5.74    7.02   14.25    6.25   17.50   18.21    3.52    4.70    3.49    6.68    6.83    7.42    7.01    7.16    7.68    5.16    3.21   18.04    7.97    9.72    4.52    1.97    1.37   15.64   15.91    8.16    1.08    6.84   10.73   10.09   23.71    8.06    7.43    3.49
PSATAPI    -10.34  -56.98   41.57    9.66   19.74   14.86    5.02    7.71    0.96    4.36    4.76    2.91   19.33    6.61   40.30   21.24   11.27    3.43   12.10    7.34    7.52    6.50    8.90    5.38   16.25    8.59    6.61    5.24    5.58    0.23   10.03   16.58   18.70   13.24   12.23   14.74    2.98   10.12    0.99    9.12    4.34   13.86    5.49    6.47   12.41    7.89   14.42
