PSATAGV    -19.89  -50.35   35.50   26.69   11.91    1.77    0.31    1.87    3.08    3.83   11.18    1.37    0.00    0.00   28.58    1.83    3.60    4.32    1.83    1.76    3.88    2.72    1.75    1.35    1.83    0.90    5.08    6.04   14.43    0.78    0.49   12.35    3.35   11.91    4.64    0.24    0.45    0.03    0.04    0.81    0.52    0.86    5.91    3.39    0.17    0.08    0.36
PSATCMG    -21.28  -44.63    7.98   31.84    9.34    0.48    0.00    0.08    0.10   10.72    3.07    3.96    0.28    0.02   24.93    7.49   15.91    4.15    1.07    0.45    0.16    0.05    0.01    0.13    0.30    4.73    0.81    0.06    0.23    0.99    0.11    0.40    0.61    0.03    0.13    0.04    0.53    0.65    0.07    0.00    0.01    0.00    0.11    0.10    0.00    0.00    0.12
PSATCES    -20.25  -48.16   12.89   22.88    7.61    0.50    0.00    0.29    1.46    4.32    9.10    1.10    0.01    0.01    4.26    2.97    3.57    3.65    0.39    0.64    0.86    0.67    0.04    0.03    1.98    0.03    8.05    3.06    5.27   13.15    7.25    1.70    9.91    9.27    0.00    0.00    0.04    0.07    0.01    0.00    0.09    0.10    0.14    0.55    0.01    0.02    0.10
PSATELC    -21.60  -46.95    8.15   22.94   10.00    0.32    0.09    0.21    2.24    5.97    5.33    1.97    0.16    0.95   10.57    3.48    5.44    0.26    0.13    0.13    0.15    0.49    0.05    0.12    0.13    2.99    9.93    0.93    6.24   10.46    3.96    1.71    7.70    1.88    0.01    0.09    0.03    0.12    0.06    0.07    0.68    0.19    0.00    0.12    0.00    0.00    0.06
PSATFUN    -21.14  -45.04   14.54   31.60    5.65    0.11    0.00    0.01    0.12    7.99    3.02    1.14    0.03    0.00   12.36    6.70   11.19    3.03    0.47    0.35    0.09    0.14    0.02    0.09    0.52    9.31    0.23    0.00    0.55    0.95    0.02    0.19    0.11    0.01    0.19    0.06    0.41    0.29    0.01    0.00    0.01    0.00    0.01    0.11    0.00    0.00    0.05
PSATFUR    -20.67  -46.32   13.21   27.66    2.65    0.30    0.01    0.04    0.51   10.11    5.62    1.22    0.02    0.44    6.45    4.30    5.36    1.09    0.13    0.21    0.20    0.33    0.09    0.21    0.17    7.32    2.37    0.70   10.91    7.20    0.53    0.58    2.10    0.12    0.01    0.06    0.13    0.16    0.01    0.03    0.05    0.07    0.04    0.34    0.00    0.00    0.18
PSATMRB    -20.30  -49.18   22.46   28.86   10.75    1.13    0.06    1.15    3.18    3.47   10.16    1.43    0.01    0.01   12.51    1.88    2.93    2.26    0.70    0.55    0.56    1.00    0.18    0.10    3.43    1.02    6.12    1.68   13.45    6.63    4.57    3.59    8.49    8.88    0.17    0.04    0.03    0.13    0.01    0.16    0.14    0.18    0.48    1.60    0.06    0.04    0.13
PSATPRG    -21.59  -45.67   18.66   20.10    3.66    0.37    0.12    0.28    2.86   13.95    1.91    3.32    0.43    1.29    9.44    6.68    5.08    0.56    0.03    0.06    0.06    0.24    0.11    0.28    0.57    6.16    3.17    0.14   13.64    7.58    0.33    1.28    3.54    1.18    0.00    0.03    0.22    0.16    0.07    0.13    0.23    0.04    0.07    0.18    0.01    0.00    0.21
PSATPAS    -21.02  -48.18   18.08   22.82   10.00    0.79    0.36    0.81    5.38    2.84    2.91    1.93    0.51    0.16   17.53    4.54    3.02    0.29    0.18    0.14    0.13    0.43    0.04    0.14    2.91    2.06    9.34    2.24   16.22    9.37    7.80    1.57    8.12    9.03    0.00    0.11    0.06    0.21    0.02    0.12    0.28    0.13    0.36    0.89    0.10    0.00    0.05
PSATPTB    -21.61  -45.49   18.89   22.16    3.11    0.60    0.00    0.07    0.63   13.67    2.07    2.48    0.09    0.03    2.23    1.59    5.88    1.01    0.39    0.06    0.07    0.14    0.14    0.34    0.27    4.12    0.53    0.04    4.65    2.20    0.14    0.43    1.58    0.06    0.01    0.02    0.18    0.55    0.02    0.02    0.00    0.00    0.14    0.15    0.00    0.00    0.24
PSATPTC    -20.00  -48.55   21.82   23.38    4.65    0.67    0.02    0.21    0.98    2.06    9.81    1.52    0.01    0.00    2.56    2.42    3.57    2.68    0.55    1.06    2.35    1.41    0.09    0.15    1.19    1.15    7.66    3.02    9.85    9.65    3.98    0.92    8.12    7.55    0.02    0.04    0.10    0.05    0.01    0.09    0.27    0.15    0.23    1.64    0.00    0.00    0.10
PSATFZA    -26.00  -51.65    6.33    2.13    1.16    4.16   42.13   19.90   11.81    2.72    0.55    0.09    9.07   21.25    0.00    0.08    0.19    0.42    0.02    0.09    0.02    0.54    0.71    7.44    4.27    1.64    3.98   25.89   14.26    1.69    2.44   10.04    5.32   16.04   16.13    0.11    4.41    0.13    3.06    2.86    2.76    2.65    3.77    6.58    2.62    0.08    3.50
PSATJSG    -25.78  -52.00    1.27    4.04    1.68    8.83   55.46   22.90    6.77    3.62    1.38    0.08   15.51   29.28    0.00    0.06    0.07    0.19    0.08    0.22    0.06    0.90    1.56    7.32    4.50    2.52    5.50   42.20   12.46    2.20    1.25   12.15   16.29    4.90    9.35    0.02    8.15    0.07    3.55    0.59    3.86    2.66    4.69    9.11    1.55    0.02    3.35
PSATSCX    -25.53  -53.48    1.06   13.42    1.48    6.85   63.93   17.32    2.38    2.61    0.67    0.06   19.05   28.17    0.00    0.02    0.36    0.45    0.06    0.11    0.08    1.53    4.58   13.27    7.21    4.00    4.78   45.45   11.19    1.62    1.47   15.26   22.75   13.56   13.22    0.01    5.77    0.20    0.90    1.65    1.21    2.17    2.06    5.27    0.75    0.05    6.16
PSATSCL    -25.49  -51.74   11.84    2.33    2.32    7.97   37.13   10.72    1.37    7.51    1.29    0.11   12.58   37.25    0.00    0.11    0.06    0.38    0.07    0.48    0.08    1.29    0.80    8.54    2.86    2.88    3.94   20.70   42.82    4.62    1.40   11.80   13.22   11.05   12.55    0.00    6.21    0.26    2.99    3.72    3.69    3.31    2.26    4.65    1.19    0.06    3.20
PSATUVT    -26.23  -51.08    5.53    2.07    0.34    2.43   30.66   44.81   13.64    2.97    0.83    0.68    8.40   16.97    0.00    0.41    0.81    2.07    0.15    0.03    0.00    0.22    0.89    5.83    2.28    4.99   12.52    6.83   12.13    8.73    2.50   10.94    6.73   16.25    9.78    0.51    2.59    0.54    0.21    1.89    0.26    0.34    0.20    3.65    2.23    0.05    2.53
PSATBSM    -24.19  -53.74   10.35    8.67    2.03    5.59   30.90   23.67    0.61    1.98    0.22    0.16   11.38   35.94    0.15    0.20    2.73    0.94    0.22    0.12    0.55    0.90    1.53    9.25    3.94    2.80    4.20   27.65   19.74    8.38    6.61   17.08   17.88   26.37   22.89    0.27    5.83    0.17    1.50    1.16    0.92    1.07    0.98    2.54    2.12    0.13    2.64
PSATFLE    -22.97  -54.56   29.65   13.45    2.59    3.95   14.09    8.65    1.19    5.08    3.88    2.60    5.20   20.11    1.81    1.93    3.46    2.97    1.75    1.88    0.47    0.45    4.84    8.96    1.91    4.95   20.24   25.33   13.14    4.49    4.86    4.06   27.95   15.80   11.42   10.32    3.54    0.70    0.79    0.66    0.23    4.28    1.65    3.81    0.86    0.72    6.16
PSATITP    -25.42  -54.58   13.92   21.29    1.79    4.90   21.82   14.71    0.60    1.40    0.62    1.44    6.38   19.10    1.53    1.14    3.52    0.91    0.58    0.83    0.49    1.13    4.92   14.40    1.85    2.78   14.20   32.32   13.12    6.03    9.94   12.30   33.69   20.43   15.21    2.53    4.78    0.18    2.26    0.74    0.25    2.48    2.93    3.25    0.78    0.45    4.36
PSATIVM    -22.38  -53.53   19.27   14.09    3.35    7.33   15.03    9.79    1.49   12.40    7.55   13.31    1.51   13.51    9.70    3.99    1.49    3.90    1.62    2.06    0.92    1.17    1.10   11.45    2.70    4.51    9.74    4.68    4.67    7.12    4.00    1.98   22.30   12.80   16.79   16.53    3.23    0.49    2.65    0.31    0.39    6.28    4.42    5.78    1.58    1.57    4.14
PSATPTQ    -23.18  -53.17   16.61    6.74    2.38    8.42   29.09   25.28    0.95    3.80    0.09    0.82   13.80   29.19    1.47    0.74    3.56    1.58    0.15    0.14    0.35    0.92    1.39    8.31    1.76    0.76    5.25   12.87   14.40   14.00    7.13   11.43   22.67   20.57   23.94    0.19    5.82    0.39    1.60    1.79    0.90    0.25    1.71    5.62    3.31    0.07    1.50
PSATCBI    -17.99  -48.54   10.37   15.12    6.11    0.69    0.27    1.69    1.46    6.75   11.36    0.09    0.13    0.01    0.03    0.58    7.56    8.93    5.54   11.92    8.00    5.64    1.95    3.70    4.27    4.97    7.24    2.56    7.61    0.94    2.90    1.83    3.04    5.86    1.78    0.28    0.04    1.06    1.38    0.24    0.11    1.13    3.77    4.31    0.14    0.14    2.34
PSATCBIV   -16.15  -48.67    2.73   16.59    7.55    1.06    0.48    3.78    2.29    8.86    7.49    0.55    0.14    0.00    0.02    2.55    6.43   10.44    6.76   13.31   10.93    9.44    3.01    7.02    5.47    6.40    8.03    2.86    7.69    1.14    2.41    2.27    3.70    8.05    4.33    0.69    0.14    0.55    1.01    0.40    0.18    1.46    5.36    7.30    0.22    0.38    2.26
PSATEMB    -18.45  -47.98   22.51   18.42    2.66    0.41    0.05    0.00    0.60    1.54    1.08    0.28    0.15    0.00    0.66    0.66    6.83    5.47    2.54    5.85    2.89    1.24    0.15    1.18    1.87    1.12    9.61    3.75    6.60    7.92    3.20    0.14    2.57    0.99    0.02    0.10    0.07    0.04    0.02    0.02    0.09    0.15    0.18    0.54    0.03    0.00    0.19
PSATIMBR   -18.42  -49.10   26.09   14.01    4.84    0.61    0.02    0.55    2.13    6.48    4.75    0.34    0.06    0.00    0.74    1.08    8.27    7.37    4.44    8.97    3.09    2.08    0.46    1.46    3.72    4.13    8.28    3.80   12.77    6.15    3.99    3.69    4.77    6.45    0.64    0.13    0.11    0.75    0.92    0.09    0.10    0.45    3.64    4.88    0.11    0.10    1.79
PSATNPTE   -19.13  -47.70   25.32   17.30    2.66    0.92    0.12    0.01    0.94    1.14    3.70    0.54    0.08    0.00    1.28    1.96    4.66    4.02    0.38    2.72    4.26    1.81    0.24    0.26    2.16    0.52    6.41    2.01    8.07    8.24    3.69    0.50    4.47    1.15    0.02    0.09    0.10    0.10    0.03    0.02    0.13    0.20    0.55    0.93    0.00    0.02    0.18
PSATARV    -18.07  -50.16   14.79   13.08    4.48    1.04    0.80    0.46    5.73    4.03   15.68    8.90    0.26    0.09    0.35   11.42    4.15    8.05    6.89    7.99    5.47    2.56    2.21    7.85    5.16    2.98    2.29    8.56    8.27   11.18   10.93    9.67    3.64   11.05    6.93    5.15    1.44    5.29    5.70    3.34    1.32    9.38    7.97    8.52    1.03    2.22    7.67
PSATSFC    -18.05  -47.68   10.49   14.63    5.29    0.58    0.10    0.32    1.06    5.95    3.70    0.00    0.13    0.00    0.01    0.11   15.53    6.28    3.58    7.63    4.98    6.79    3.00    3.22    2.75    2.74    7.26    4.86    4.59    3.44    1.86    0.52    1.18    3.06    0.92    0.19    0.08    0.71    0.04    0.00    0.04    0.56    1.08    0.64    0.04    0.04    0.14
PSATSSM    -19.02  -50.50   25.02   17.63    7.08    0.99    0.49    0.79    4.86    4.24   11.51    2.54    0.10    0.05    2.34    1.43    5.72    9.12    3.94    9.45    2.54    2.54    0.87    3.53    2.89    2.65    5.12    7.10   14.38    2.43    6.66    8.16    4.26    9.04    4.96    0.52    0.18    1.31    1.53    3.17    0.72    2.36    8.36    6.25    0.33    0.42    3.99
PSATCNI    -22.94  -50.52   33.56    5.99    8.34    4.88    1.49   27.20    3.33    1.46    0.03    1.29    0.16    0.08   16.06    6.14    2.64    1.72    0.91    0.54    0.70    0.73    0.77    2.79    0.95    0.12    4.20    5.16   13.32    5.22    3.46    9.95   21.64    4.29    2.87    0.70    6.56    3.97    0.70    2.34    0.01    0.17    2.08    2.80    0.86    0.01    0.28
PSATCPV    -22.65  -51.33   24.20    3.97    2.92    7.79    9.46   30.08    2.40   12.55    0.10    0.71    2.02    2.42    8.42    1.60    3.44    1.65    0.74    0.31    0.24    0.63    1.17    4.36    0.87    0.23    6.42    7.26    8.31    6.63    4.56    8.85   18.49   19.51   10.29    0.26    8.73    1.06    1.94    3.49    0.13    0.01    3.83    4.63    3.13    0.03    0.40
PSATCHT    -23.01  -49.73   20.95    1.95    5.34    4.98   11.59   31.34   10.83    2.11    0.01    0.28    1.39    2.22    8.38    1.09    1.43    0.73    0.13    0.02    0.00    0.58    0.95    3.67    2.06    0.21    3.88    5.59    6.63    6.88    3.08    7.17   13.98   12.82    4.13    0.62    7.31    1.15    1.06    1.48    0.00    0.02    0.76    2.30    2.70    0.01    0.04
PSATJUR    -23.22  -49.23   22.54    1.80    8.33    4.65    6.81   20.66   15.89    1.54    0.48    0.58    0.58    0.20   13.34    0.97    2.48    1.04    0.15    0.06    0.00    0.68    0.59    2.44    1.60    0.26   12.95    5.30   10.00   14.78    4.74    7.08   11.77    5.36    2.70    1.81    3.25    2.32    0.66    0.91    0.02    0.04    1.68    3.77    1.34    0.00    0.01
PSATMAU    -24.06  -50.71   20.38    0.50    0.77    3.61   20.82   14.00    5.58    9.22    0.17    0.38    8.96   19.44    1.22    0.02    0.83    0.51    0.14    0.03    0.01    0.71    1.25    4.17    1.14    0.44    5.23    5.62    8.52   14.26    1.28    7.32   10.67   25.06    8.54    0.01    6.85    0.97    1.36    1.50    0.29    0.01    0.02    4.97    5.14    0.09    0.88
PSATROS    -22.50  -52.87   16.59   11.34    2.63    8.14   10.55   25.93    0.38    6.22    0.01    2.01    6.36    2.44    6.79    2.69    6.05    1.71    0.66    0.65    0.60    0.74    1.32    8.27    0.89    0.62    7.26    3.55    8.77    5.41    4.08   10.37   27.44   23.97   17.23    1.01    4.61    0.20    2.95    2.31    0.21    0.19    5.57    6.51    2.94    0.12    0.89
PSATQMD    -16.21  -47.33    9.02   13.78    2.95    1.40    0.39    3.12    1.00    7.97    7.22    0.03    0.12    0.00    0.00    0.27    5.36   13.87    4.35    3.97    9.58   17.07    5.91    7.48    3.37    1.66    4.08    1.78    0.75    0.65    0.08    0.01    0.11    0.82    2.10    0.96    0.03    0.15    0.11    0.02    0.03    0.67    1.88    0.92    0.17    0.38    0.09
PSATRBX    -18.95  -44.76   14.93   13.61    1.56    0.00    0.00    0.00    0.38    2.48    5.07    0.51    0.03    0.00    0.38    9.97   18.07    4.12    0.86    0.35    0.18    0.18    0.03    0.07    0.24    1.97    0.01    0.00    0.03    0.30    0.00    0.18    0.03    0.00    0.13    0.01    0.22    0.17    0.00    0.00    0.00    0.00    0.00    0.02    0.00    0.00    0.07
PSATSFR    -15.93  -44.86   16.91    6.80    1.31    0.19    0.22    0.16    0.80    7.59    0.82    0.06    0.02    0.00    0.00    0.76    5.12   10.10    8.46    4.62    6.35   11.35    6.98    3.54    2.92    1.27    1.32    0.27    1.47    2.10    0.17    0.02    0.39    0.78    0.49    1.30    0.04    0.04    0.06    0.01    0.01    1.24    0.59    0.14    0.03    0.11    0.01
PSATSRM    -16.37  -45.07   12.58    8.81    1.18    0.11    0.02    0.04    0.46    3.03    1.06    0.07    0.02    0.00    0.05    4.03    8.02    5.83    3.30    2.70    2.30    1.49    0.99    0.65    0.75    1.68    0.81    0.63    2.22    3.23    0.06    0.12    0.35    0.11    0.30    0.06    0.17    0.07    0.01    0.00    0.03    0.10    0.19    0.07    0.01    0.04    0.06
PSATTMR    -18.16  -45.27   18.46   19.44    2.26    0.21    0.04    0.00    0.11    2.74    5.39    0.39    0.00    0.00    3.24    4.92    8.96    4.22    0.75    0.96    0.63    0.35    0.09    0.10    0.26    5.94    0.35    0.70    4.10    3.30    0.08    0.36    1.12    0.04    0.01    0.01    0.03    0.02    0.00    0.01    0.01    0.03    0.03    0.14    0.00    0.00    0.10
PSATBOQ    -11.35  -43.83    2.61    5.25    1.20    0.60    0.07    0.50    1.73    3.24    0.67    0.23    0.04    0.00    0.56    1.39    2.03   13.06    5.71    3.32    9.13   11.53    4.41    6.95    0.77    0.96    0.69    0.86    0.25    0.80    0.29    0.10    0.79    9.09    5.75    1.44    1.14    0.32    0.47    0.40    0.20    5.63    4.09    0.41    0.25    0.28    0.23
PSATBBO    -22.52  -48.55   18.78    7.27    9.55    1.86    1.45    4.50   17.84    0.74    0.48    1.69    1.76    0.04   27.20    7.14    2.75    0.43    0.06    0.07    0.02    0.79    0.15    0.26    3.09    2.06    7.90    1.25   15.37   16.99    4.68    3.15    6.47   10.92    0.25    0.87    1.63    2.19    1.63    0.68    0.12    0.10    0.74    2.44    0.40    0.00    0.05
PSATESZ    -23.46  -46.91   26.36   10.44    2.63    0.55    1.43    1.97   22.67    8.02    4.83    2.06    1.16    0.04   56.36    5.18    5.90    2.03    0.30    0.12    0.03    0.18    0.06    0.01    1.66    0.88   10.78    1.06   15.38   18.13    2.28    1.83    1.55   17.18    0.90    0.82    1.51    1.15    4.74    2.22    0.12    0.32    1.27    1.49    0.26    0.03    0.11
PSATIBT    -21.76  -48.99   33.87   17.50   10.56    3.24    1.30    7.07    4.03    0.56    0.16    2.13    0.05    0.00   18.98    4.75    2.07    0.57    0.51    0.24    0.80    1.68    0.20    0.74    3.05    0.23    4.57    2.42   12.92    4.55    3.44    9.56   16.42    9.91    0.32    0.53    0.95    1.42    0.10    0.91    0.02    0.13    0.43    6.70    0.24    0.00    0.09
PSATNAV    -21.12  -50.20   22.91   23.56    8.21    2.39    0.61    5.26    2.28    3.41    0.86    3.93    0.00    0.01   22.16    8.13    2.69    1.84    1.19    0.78    5.74    0.79    2.21    3.39    2.68    0.08    5.18    4.91   12.92    1.54    1.21    8.70   16.33   16.21    1.53    0.11    0.72    0.39    0.06    0.23    0.04    0.81    6.67    3.13    0.33    0.03    0.78
PSATSME    -13.40  -48.30    6.11   13.04    4.39    1.07    0.95    1.60    2.97    4.80    8.15    6.77    0.17    0.03    0.04    7.87    3.61    4.43   12.10    4.35   13.57    9.96    3.96   12.65    5.30    4.09    2.24    2.34    3.73    4.43    2.56    3.94    4.76   13.27    5.84    2.75    4.46    1.96    3.06    0.77    0.96    6.32    7.30    6.87    0.61    1.54    4.37
PSATBGR    -27.78  -51.20    0.50    3.17    2.90    8.60   54.24   57.46   15.14    0.66    0.26    0.08   11.37   21.65    0.09    0.56    0.80    0.40    0.07    0.49    0.04    0.58   25.14   10.35    9.20    9.44   11.55   16.08    0.36    0.27    1.44   15.34   12.83   10.78   18.38    0.14    0.08    0.02    0.48    1.99    5.77    2.51    1.01    0.02    0.95    0.05    6.37
PSATCNV    -27.60  -51.33    1.55    2.96    2.44    5.18   47.26   58.63   20.57    1.62    0.71    0.54   11.55   40.94    0.00    0.85    1.57    0.99    0.20    0.37    0.01    0.36   11.74   14.14   13.89    8.87   10.06   18.36    0.56    0.65    2.54   18.35    7.57   11.09   12.67    0.27    0.48    0.04    0.51    2.09    1.97    0.88    0.07    0.09    2.09    0.03    4.12
PSATFCH    -27.14  -53.04    0.00   16.02    1.44   12.25   49.34   54.16    3.86    0.33    0.30    0.03   40.50   54.44    0.00    0.00    0.00    0.00    0.02    0.02    0.01    2.70    6.87   10.55   10.93    4.33    9.77   19.06    0.40    0.02    2.71   28.44   22.39    1.59   34.22    0.00    2.56    0.11    0.15    0.47    3.71    2.43    0.17   10.99    0.12    0.23    5.92
PSATITA    -27.27  -52.38    0.49    5.18    2.42    7.06   59.17   49.93   11.96    0.77    0.26    0.05   21.13   37.37    0.00    0.03    0.09    0.13    0.02    0.07    0.00    1.21    5.02   13.25    7.48   10.62   10.60   18.26    0.75    0.39    1.79   17.40    8.41    4.20   17.04    0.01    1.17    0.03    1.45    1.45    8.70    3.74    1.59    2.33    3.33    0.23    6.94
PSATMCD    -27.52  -51.78    0.24    6.34    1.15    8.99   48.25   66.37   12.60    0.05    0.01    0.00   21.09   38.84    0.00    0.00    0.01    0.00    0.00    0.11    0.01    2.63   12.12    7.49   14.57    8.59   10.00   18.25    0.47    0.01    4.20   17.78   11.81    1.39   34.73    0.01    0.23    0.00    0.31    0.78    5.14    1.46    0.38    0.44    3.01    0.03    6.82
PSATMOJ    -27.35  -52.73    0.11    3.33    0.98   16.98   51.67   27.87    5.85    0.08    0.05    0.00   46.40   32.75    0.00    0.00    0.00    0.01    0.00    0.14    0.00    5.86   15.40    6.35    9.09   11.14    9.44   16.97    0.15    0.01    4.78   13.58    9.26    0.83   27.21    0.00    2.23    0.02    0.67    0.21    3.14    3.19    0.46    8.16    0.20    1.83    8.13
PSATQQX    -26.66  -52.54    0.16    7.96    2.45    4.22   88.08   27.81    9.14    2.56    1.40    0.02   16.51   20.48    0.00    0.00    0.05    0.08    0.03    0.39    0.02    1.27    0.84   12.51    6.00    4.49    7.45   29.37    1.05    0.90    1.27   10.77   15.96    3.85   11.81    0.04    4.47    0.14    1.91    0.79    7.49    3.91    3.66    7.11    1.91    0.02    6.21
PSATPSJ    -28.14  -55.05    0.03    0.17    1.71   46.17   55.12    0.03    1.47    0.00    0.02   10.52   69.61    0.69    0.00    0.00    0.13    0.01    0.18    2.80    0.00   31.73   22.53    0.49   28.52   14.55   15.36    8.17    0.00    0.01   14.65   22.15   19.92    0.03   20.21   18.72    1.16    0.07    0.43    0.27    1.39    6.45    0.27    9.00    0.04    8.28    8.52
PSATESP    -18.68  -51.87   18.74   13.60   14.23    1.36    0.66    1.01    2.78    3.31    8.44    5.55    0.01    0.15    8.00    5.22    8.62    6.20    5.60   11.96    3.65    6.67    2.90    6.62    1.43    3.65    2.79    3.31    4.21    0.21   11.72    9.37    5.13    8.99   10.30    0.72    3.94   15.23    2.01    7.02    5.04    5.16    2.53    3.20    0.85    0.49    9.06
PSATSRC    -19.16  -50.76   26.32   19.44   17.99    1.45    0.35    0.74   10.69    4.76   16.28    9.60    0.06    0.03    9.19    9.14    5.07    7.20    6.34    7.11    4.79    3.76    2.05    9.19    3.22    3.77    3.54    5.77    6.73    2.92   10.35   16.39    7.29   13.04    8.10    3.32    6.17    7.88    4.88    8.47    3.67    6.89    6.72    8.19    3.88    0.74    5.52
PSATFRCL   -19.12  -50.64   25.29   16.89   11.47    1.25    0.34    0.25   11.49    3.94   19.76    9.47    0.12    0.09    5.85   11.01    2.47    8.66    7.52    7.75    6.44    3.67    1.88    8.93    3.22    3.83    6.55    8.10    8.02    6.83    9.98    9.07    5.12   11.57    5.48    2.49    4.79    5.53    6.41    7.83    5.93    9.97    8.84    8.77    2.53    0.77    8.89
PSATISOT   -20.40  -51.35   33.13   27.00    9.81    1.91    0.22    2.22    7.70    4.18    9.01    6.70    0.07    0.03   21.08   11.21    2.93    7.51    2.47    3.09    1.50    3.29    3.08    9.04    1.87    1.54    3.49    5.41   14.63    3.71    1.36   12.81   17.22   14.10    5.81    1.35    1.27    0.16    1.52    5.69    0.78    2.28    8.08    7.14    1.17    0.23    1.44
PSATJUP    -20.86  -51.63   20.49   30.96    9.52    2.63    0.27    0.56    2.89    9.58   13.01   12.77    0.43    0.05   13.99   12.56    2.91    5.52    2.67    3.60    5.98    5.22    3.41    9.70    2.29    5.90    6.52    3.08   15.19    7.29    3.90   10.54   19.99   17.05   14.29    4.74    5.77    1.91    6.80    6.69    2.57    3.30    9.73    8.54    2.89    0.94    2.74
PSATSDG    -20.06  -53.18   25.22   13.76    8.94    1.80    0.57    0.82    9.99    6.69    8.64   18.26    0.79    0.28    3.74    7.64    1.48    4.16    4.51    1.89    4.83    1.34    4.00   10.11    2.13    2.31    3.14    0.79    3.01    8.85    1.50    4.99    6.07   20.95   19.96    4.68    4.22    1.71    7.09    0.30    0.60    5.18    9.54    6.83    2.86    2.19    2.80
PSATFZBT   -21.66  -52.87   23.57   16.28    6.75    6.84    4.40    2.01    7.65    5.06    6.52   10.98    0.25    3.23    6.02    5.54    0.99    4.51    2.47    3.48    2.37    1.11    1.65   14.89    3.01    2.42    0.96    0.44    6.16    3.82    3.72    5.65   19.93   20.60   19.70    9.45    4.06    0.31    3.14    0.09    0.65    6.67    8.49    7.20    1.47    1.09    5.18
PSATPPRA   -22.46  -52.91   25.67   22.04    6.07    5.40    2.80    5.32    5.54    4.69    1.21    6.03    0.81    0.44    8.80    9.58    3.83    2.83    1.75    1.43    0.79    0.98    2.44    8.30    1.73    1.72    5.26    4.00   17.58    3.26    4.54   10.77   25.12   22.89    8.37    4.67    4.67    0.26    2.95    1.22    0.86    2.31    8.06    7.25    1.47    0.10    1.70
PSATBTE    -13.69  -50.80   21.51   11.40    6.83    1.29    0.49    0.67    6.75    1.30   15.29    9.61    0.30    0.15    2.46    7.72    6.37    4.91    8.84    5.34    4.61    3.30    3.97    9.74    6.26    2.31    1.27    5.90    1.19    4.07    5.40    8.30    2.19   14.17    7.02    2.27    7.33   10.46    3.93    0.89    2.81   10.05    4.76    5.14    1.74    1.30    6.82
PSATARAG    -8.27  -49.26    9.80   13.87    4.35    1.41    0.27    0.38    1.88    3.82   11.56    4.40    0.54    0.70    2.92    9.24    5.53   12.34   10.16    4.70    9.99    8.39    4.75   12.63    8.29    1.66    1.51    5.39    1.63    1.94    3.47    4.25    3.80    9.22    7.63    6.96    7.88    2.03    3.78    0.78    3.72   10.28    4.15    4.09    2.42    3.89    7.14
PSATLAJ     -9.76  -48.37   11.68    9.63    3.68    1.84    0.38    0.73    2.74    2.73    3.54    2.59    0.14    0.04    4.71    8.58    6.75   10.11   13.16    5.83   16.23   10.35    6.80   11.77    2.75    0.26    2.67    3.23    2.13    0.95    0.98    1.49    4.88   10.14    8.57    5.51    6.12    1.34    2.25    0.46    1.73    8.90    7.70    3.82    0.55    1.76    5.46
PSATPTRL    -9.31  -47.39    8.75    8.38    3.10    1.12    0.02    0.18    1.01    4.27    2.47    0.87    0.24    0.11   12.81   12.88   10.16   20.61    4.68    1.38   11.73   11.53    9.02   15.37    1.86    0.24    1.75    4.37    0.74    0.63    0.99    1.19    7.82   13.00   10.28    5.03    3.52    1.32    0.09    0.45    5.14    8.36    5.03    2.83    3.51    5.39    6.98
PSATLJET    -7.33  -47.48    8.38    5.90    2.57    1.26    0.17    0.06    0.49   11.60    7.59    1.98    1.24    3.84    3.35   13.11    5.78   14.89   10.26    3.38    9.75    9.23    3.38   12.39    2.45    0.49    1.00    4.79    2.75    0.77    1.86    3.89    5.01   10.48    9.68   12.41    4.26    7.87    0.49    0.42    4.89    6.39    7.47    3.03    1.19    5.60    2.57
PSATUCR     -3.83  -49.65    7.78   12.02    5.63    2.15    0.28    0.16    0.53   12.28   18.35    2.28    5.12    9.70    4.06    8.00   10.94    9.77   13.34   11.49    7.22   10.55    4.10    9.66    4.18    4.01    3.24    5.00    7.59    1.35    2.70    1.97    4.62    7.08    6.72    7.55    4.19    5.86    1.75    0.80    3.79    6.19    9.58    4.61    1.84    3.99    8.41
PSATXIVJ   -29.07  -51.67    0.06    3.48    1.66   19.46   87.92   15.78    9.91    0.12    0.00    0.00   19.84   11.28    0.00    0.00    0.10    0.02    0.00    1.95    0.00    1.97   31.06    5.69    9.63   15.95   14.97   11.29    0.04    0.02    1.85   14.52   15.38    0.34   31.68    1.79    0.05    0.00    0.90    0.96    6.16    4.36    0.79    2.44    1.24    0.99    8.06
PSATDFRC   -29.45  -53.28    0.01    0.01    1.04   56.48   83.70    0.54    2.39    0.00    0.01    4.54   42.84    1.84    0.03    0.01    0.03    0.02    0.30    2.69    0.00   12.58   27.39    0.88   35.39   22.37    3.48   10.82    0.00    0.00   10.30   10.49   11.50    0.00   18.87    7.65    0.23    0.33    0.34    0.17    2.73    6.90    0.61    5.23    0.02    5.02    4.54
PSATREAL   -29.02  -53.19    0.07    0.19    0.80   39.52   52.59    0.56    4.00    0.00    0.01    1.89   46.23    4.66    0.05    0.00    0.01    0.00    0.07    1.21    0.00   13.58   21.30    3.32   26.28   11.98    5.82   13.77    0.01    0.00    4.77    8.92    9.12    0.05   26.13    9.72    0.18    0.19    0.57    0.46    3.41    6.89    0.34    8.51    0.06    5.68    5.94
PSATCTAV   -29.01  -51.39    0.41    0.42    2.33   17.58   73.21   17.91    8.60    0.13    0.16    0.02    8.35   12.05    0.25    0.73    0.64    1.12    0.10    3.25    0.25    3.97   33.33   11.25   13.52   18.69   11.88    8.67    0.06    0.14    0.16   14.98   11.10    1.86   20.07    0.61    0.85    0.05    0.76    3.96    7.55    3.52    1.91    0.07    0.80    0.41    8.80
PSATERNT   -28.56  -52.54    0.37    1.47    0.73   35.08   45.84   21.06    8.17    0.08    0.00    0.00   33.04   14.92    0.00    0.00    0.00    0.00    0.01    0.24    0.00    6.54   13.82    7.97   15.13   16.40   10.44   15.30    0.11    0.00    2.97   17.01    9.83    0.61   27.14    0.48    0.07    0.05    0.58    0.73    3.66    2.50    0.23    5.07    1.08    2.78    9.92
PSATSTPL   -27.14  -49.52    3.88    2.34    0.93    1.32   36.18   57.42   22.09    2.98    1.78    2.21   10.02   40.09    0.05    2.03    3.56    2.88    0.76    0.12    0.03    0.00   18.39   22.73    8.87   11.44   20.40   10.18    0.78    2.20    2.98   18.26   10.80   16.53    8.11    1.07    0.65    0.22    0.19    5.29    0.47    0.14    0.17    0.27    0.96    0.14    2.75
PSATCVCH   -25.14  -48.87    5.74    1.83    0.46    2.01   12.70   28.25   18.78    2.97    1.55    1.23    0.53    7.85    0.20    0.67    3.07    4.12    0.20    0.02    0.00    0.20    0.43    1.45    3.43    1.16    6.85    2.00    5.81   18.34    2.20   11.11    3.68   36.83    2.30    0.52    2.59    0.52    0.34    0.34    0.06    0.06    0.15    4.61    0.70    0.03    0.43
PSATAMY    -12.60  -69.12   10.24    7.11   10.70   15.31   17.18   14.76   10.23   15.10   22.26   14.60    2.39    8.85   23.08   26.02   14.17   11.44   20.73   12.79   11.23   11.53   13.34   11.33   13.74   15.82    9.80   11.50   12.94    9.38   16.28    4.92    4.72    5.46   17.99    6.14   38.41   19.20   22.85   15.93    5.37    1.67    3.52   13.45   29.97   24.96   29.62
PSATGJR    -10.73  -65.35   11.69    7.82    7.83   11.29   27.10   11.49   12.86   10.31    6.25    3.64   10.39    4.31    7.48    9.24    5.18    4.73    6.56    3.33    3.55    9.97    5.56    5.91    5.52   13.46    7.25    6.80    5.44    3.95    5.98    3.18   11.67   19.33   12.08   13.23   18.24   10.32    4.66    5.35    1.85    1.13    4.51   14.68   17.51   14.70   17.72
PSATPRNC   -12.43  -64.43   19.00    9.17   10.30    2.58   14.78   19.91    2.10   12.54   18.82    8.09    2.55   10.55    8.79   10.18    4.74    3.52    4.28    5.10    2.90    1.93    7.98    8.83    9.52    7.30    6.89    8.34    4.75    5.19    4.40    5.78    2.37    8.84   16.83   18.89    4.66    9.86    5.57    3.25    3.42    1.77    2.91   11.41   13.31    8.54   15.06
PSATSANT    -8.87  -63.97    9.17    6.35    8.00   18.93   27.20   19.86    0.56    1.02   25.49   18.71    4.69    4.20    7.40   12.36   13.06    5.83    6.16   10.77    5.42    2.12    4.07    6.93   13.10    9.62    4.21    2.72   21.98    5.67    8.53    7.93    4.80    8.42   14.11   14.58    1.13   15.14   12.06   10.26    5.91    5.38   12.15   22.60   14.42   10.84   20.55
PSATDARD   -10.16  -59.46   10.38    9.20   17.99    8.09    5.26    4.41    2.28    7.36   12.38    6.26    2.52    2.02   24.82    8.10    2.45    5.51    7.93    6.52    5.94   11.24   24.70   12.69   14.25   22.45    4.06    6.28    9.74    3.81    6.32    6.43    5.62    1.09   13.11   15.89    7.34    8.70    4.34    6.51    9.38    3.45    4.07   21.68    6.19    8.08   11.72
PSATGUAP   -15.12  -58.96   10.91    9.70   11.51    7.69    7.79   13.58    4.91   32.00    5.06    2.46    1.40    2.88    4.15    3.45    1.30    8.74    6.15    4.24    1.71    5.23    5.14    3.54   13.73    4.47    2.58    5.75   11.32   10.03    1.07    6.18    4.94   10.57   10.25   12.31    1.91    1.62    1.46    3.05    9.25    2.72   11.44    5.92    6.96   15.90   18.98
PSATJIRA    -9.25  -64.65    8.56   10.61    8.43    9.37   22.96   13.77    5.96   15.40   14.10   10.04    3.03    7.06   13.86   15.39   12.69    5.79   10.73    5.93    6.40    6.32    5.67    7.43   10.66   11.95    8.01    9.77    6.99    5.86    7.91    2.76    3.91    5.29   11.66   10.45   22.76   18.71    5.02    9.33    4.60    1.49    2.77   17.29   17.50   17.55   23.20
PSATROND   -11.99  -60.70    6.49    0.54   14.39    2.66    4.83   20.90    0.46   17.80   15.08    9.12    1.50    2.47   10.83    7.31    2.58    4.78   10.53    9.66    5.69    2.49   14.18   17.82   10.68   14.86    7.16    8.88    2.58    2.59    6.23    6.71    0.53    5.43   17.40   13.85    6.99    2.99    2.69    3.94    2.08    3.30    5.77   18.86    6.29    7.29   16.17
PSATSAMU    -8.75  -63.45    3.73    5.56    7.74    5.04   34.26   15.22    0.71    3.78   22.50   11.05    2.55    3.67   12.25    9.22    5.24    2.91    3.52   10.37    6.37    1.09    8.67   17.31   12.49    7.49    8.27    4.59   20.71    5.90    4.82   13.13    7.69    2.57   10.06   15.97    4.42   11.14   12.16    5.95    4.85    4.44   10.10   26.89   14.72    3.76   23.76
PSATBALB    -1.92  -59.47   15.58    4.69   11.16   12.71   13.98   27.83   19.96    7.16    3.85   17.41    8.42    0.79    7.34    0.51    6.50   11.59   25.97   20.92   23.33   12.27    9.30   10.73    5.30    4.77    3.71    2.49    4.00    9.06    6.84    8.63    1.64    1.45    7.68   12.19   10.48    1.94   10.36    5.82    6.57   11.19   14.61    5.41   21.57   12.45   15.86
PSATCUNA    -2.82  -54.30    9.16    8.11    9.74    8.22    2.82   14.90    7.78   17.52   20.70    3.87    4.59   13.34    6.15    6.82   12.31   17.12   14.81   11.54   15.07   10.25   12.10   12.55    8.23    4.79    4.54    7.43    5.80    5.14    7.98    8.68    5.55    2.11    5.20    7.32    6.97    1.34    3.58    4.44    3.90   16.18    7.72    4.83    8.54   12.92    7.88
PSATJARI    -0.65  -52.52    6.69    4.63    8.11    7.74    3.33    6.28    5.39   10.26    7.06   10.99    1.30    2.86    5.62    2.35    5.71    5.72   11.55   11.85   12.13   12.59   15.42    5.83   14.11    5.16    2.99    3.07    4.56    5.71    9.78    4.98    8.72    4.45    4.60    4.41    6.45    2.42    4.08    5.61    4.76    9.07   12.29    5.85   10.21   12.88   10.62
PSATFGOM     0.86  -51.20   12.30    9.23   10.69   16.94    8.69   12.29   13.64   11.19   10.20   13.87    5.32    2.30    7.82    3.67   14.33    7.90   21.61   19.50   17.73   17.94   16.23    4.34   14.79    9.00    1.74    5.00    5.42    6.94    8.21    9.14   11.86    6.96    3.19    4.48    5.13    2.29    5.09    7.19    4.65   14.52   16.12   10.60   25.03   21.62   11.84
PSATUBE     -6.75  -43.57    7.64    6.64    1.31    1.34    0.11    0.24    0.56    7.18    1.82    0.82    0.30    0.21    4.96   13.14    3.13   19.03    6.11    4.83    9.62    9.04    4.87    9.27    0.64    0.19    0.92    2.78    0.57    0.74    0.87    1.38    3.89   12.21    8.37    8.88    1.87    1.63    0.07    0.43    5.06   10.12    6.33    1.25    0.58    0.32    2.40
PSATBSOR    -6.74  -52.00   14.03   18.11    8.21    1.60    0.52    0.65    1.26    4.40    9.10    5.30    0.95    1.35    7.52    9.62    6.97    8.46    6.63    8.40    9.41    7.76    7.01    9.09    7.71    3.50    2.80    3.67    3.25    2.27    4.45    6.17    9.45    7.29    6.84    6.31    5.40    1.91    5.89    1.59    3.83   10.61    4.13    3.48    2.26    2.53    9.67
PSATBESP    -6.75  -51.77   13.55   15.77    5.35    1.64    0.15    0.43    0.44    7.17   15.07    2.75    0.49    5.21    4.03    5.20   11.02    8.28   10.71    3.06    8.43   10.43    9.53    8.60    9.63    5.63    7.37    5.67    5.87    1.39    3.51    2.86    8.59    6.12    6.09    5.64    1.89    2.64    2.00    0.79    3.08    6.84   12.17    2.08    0.95    2.19    4.45
PSATPIME    -3.41  -51.91   10.45   14.50    6.37    8.78    3.19    4.63    4.03   18.52   15.03    6.10    3.46    3.52    8.98    8.11   11.38   13.49   13.37    6.49   13.11   11.70   11.41    8.08    8.52    6.87    5.97    5.40    5.33    4.61    5.60    4.66    8.37    7.72   12.61   11.51    4.72    4.34    3.11    1.35    2.71    7.91    7.92    5.51    5.00    5.40    8.80
PSATIRAP   -16.74  -42.57    4.27    1.74    0.01    0.00    0.00    0.02    0.69    1.63    0.11    0.01    0.03    0.00    0.00    2.69    6.92    4.37    2.30    2.90    0.68    0.89    0.69    0.62    0.45    0.01    0.04    0.02    0.04    0.01    0.01    0.16    0.11    0.04    0.39    0.30    0.54    0.18    0.04    0.00    0.03    0.04    0.47    0.23    0.11    0.47    0.08
PSATITBI   -15.97  -39.59    1.66    0.22    0.00    0.04    0.08    0.07    0.36    0.36    0.23    0.44    0.54    0.07    0.15    3.33    6.94    4.76    2.73    1.58    3.01    2.65    2.62    1.19    1.75    0.02    0.16    0.30    0.26    0.10    0.21    1.17    0.44    0.70    1.32    2.25    2.43    1.91    0.98    0.69    1.00    0.76    2.12    1.44    1.45    1.00    0.64
PSATCOLI   -10.98  -55.77   30.38   11.14    8.45    3.35    0.99    1.07    2.68    3.57    1.55    3.22    1.26    1.54   13.55    7.78    3.70    7.61    6.21   14.32   15.77    8.32    8.04    6.74    5.81    5.92    1.37    1.32    5.87    0.66    9.89    7.80    4.85   16.62   13.22   13.85    4.53    3.20    4.44    2.50    5.39    9.29    4.04    3.73    2.03    3.28    7.20
PSATSAEL    -9.19  -57.04   15.74   14.16    7.84    5.14    5.81    3.30    3.14    7.72    4.46    4.55    1.79    1.02   14.30    8.62    5.72   16.30    7.79    8.12   12.96   15.64   13.22   10.39    6.88    5.33    5.41    4.49    9.67    4.30    4.91    8.24   10.66   21.99   13.78   20.54    5.31    2.76    7.71    1.00    5.69    6.11    5.41    3.41    5.25    5.84   10.23
PSATITQ    -17.09  -54.83   15.69    3.77   16.55    5.20    0.27    4.43    5.60    8.59    3.42    3.14    0.12    0.43    6.26    7.17    3.88    5.52    4.59    5.11    7.51    5.17    3.71    8.27    4.46    2.70    3.17    4.04    0.37    0.64    2.55    3.94    8.52   26.90    8.74    2.03    5.27    4.08    2.77    0.48    2.54    8.99    1.97    3.40    0.24    1.06    8.74
PSATJAU    -15.24  -58.73   12.01    9.56   12.53   12.30    5.66   13.42    5.14   30.85    5.46    2.83    1.11    4.66    5.05    3.97    2.45    8.44    5.02    5.81    2.07    8.77    4.49    3.51   13.92    5.04    2.32    5.61   11.01   10.20    1.93    4.09    3.33   12.58   10.10   15.33    1.92    1.68    1.35    4.23    9.55    5.12   10.10    9.21    8.98   15.00   18.66
PSATMAN    -14.87  -55.78   18.91    6.11    3.47    2.45    0.55    1.45    1.63    5.52    1.42    4.29    0.17    1.46   20.04   10.59    2.27    4.79    1.81    5.90    8.94    3.70    3.63    6.34    7.90    1.49    0.62    0.19    3.70    1.76    5.96    9.02    4.54   12.52    7.91   10.83    1.38    1.51    1.30    1.53    5.67    8.20    0.87    4.52    2.21    1.48    9.80
PSATPTP    -17.61  -54.83   13.60    6.36   16.35    2.38    0.06    3.84    3.63    8.17    5.51    2.89    0.02    0.40    6.88    8.14    1.71    4.84    5.78    4.68   10.00    5.16    7.23   10.16    4.20    2.01    1.11    2.04    0.04    0.41    0.12    3.65    7.55   26.66   14.02    1.43    6.30    7.03    3.59    0.95    1.26    9.47    2.40    2.89    0.21    1.16    5.69
PSATSTCL   -17.90  -40.20    1.85    0.12    0.00    0.00    0.00    0.11    0.04    0.03    0.10    0.12    0.75    0.15    0.02    2.32    7.72   11.12    3.66    4.47    3.01    2.47    1.93    1.38    1.62    0.02    0.09    0.31    0.09    0.01    0.48    0.79    0.59    2.25    2.46    3.44    5.59    1.88    1.19    0.94    2.05    1.55    3.34    3.04    2.04    0.81    0.53
PSATPDC    -12.58  -39.00    0.53    0.65    0.66    0.42    0.25    0.50    1.32    1.03    1.46    3.24    0.93    0.51    0.13    0.89    6.19    2.81    2.35    8.28    8.21    4.84    6.35    2.16    4.18    3.24    1.00    1.26    0.81    0.23    1.34    0.51    0.64    0.84    1.09    2.68    2.80    2.21    1.50    1.00    2.78    1.34    3.19    2.41    1.96    1.18    1.08
PSATROSA   -20.92  -41.72   14.41    5.34    0.02    0.01    0.00    0.09    0.82   23.50   22.76    1.30    0.23    0.00    0.01    2.63   20.77   13.53    4.76    3.34    0.45    0.66    0.77    0.21    1.66    0.01    0.03    0.03    0.08    0.00    0.13    1.33    0.21    0.00    1.30    0.11    2.16    0.65    0.30    0.08    0.40    0.69    0.41    0.30    0.08    0.31    0.01
PSATCAN    -20.21  -42.85   15.08   13.88    0.42    0.00    0.00    0.02    0.28   16.23   15.54    1.21    0.18    0.02    0.07    7.71    7.28    7.79    2.22    1.17    0.46    0.20    0.30    0.15    0.34    0.11    0.10    0.11    0.12    0.01    0.00    0.25    0.06    0.00    1.89    0.38    0.99    0.75    0.10    0.02    0.31    0.04    0.05    0.34    0.08    0.00    0.02
PSATSAC    -19.64  -42.85    6.51   14.36    0.47    0.00    0.00    0.01    0.59   10.34   10.49    1.01    0.10    0.01    0.08    3.88   13.75    5.76    2.11    1.04    0.92    0.76    0.92    0.79    0.58    0.09    0.14    0.37    0.32    0.05    0.02    0.42    0.18    0.01    0.76    0.03    0.19    0.12    0.00    0.00    0.01    0.20    0.90    0.09    0.00    0.06    0.27
PSATPES    -19.12  -42.66    8.84    6.62    0.03    0.00    0.00    0.01    0.24   17.00    4.25    0.05    0.11    0.01    0.15    3.08   13.05    5.52    2.01    1.25    1.21    1.44    0.97    0.73    1.72    0.03    0.10    0.29    0.40    0.08    0.05    0.52    0.34    0.09    1.93    0.71    0.56    0.42    0.00    0.00    0.15    0.75    1.77    0.65    0.13    0.36    0.35
PSATMAS    -19.50  -40.92    9.52    1.77    0.02    0.06    0.01    0.04    0.12   12.26    8.93    0.45    0.05    0.04    0.10    8.51   14.47    8.74    4.62    1.63    1.16    0.90    1.33    0.92    1.22    0.07    0.15    0.26    0.14    0.07    0.63    0.63    0.22    0.16    1.90    0.71    0.57    0.53    0.36    0.11    0.93    0.74    1.46    0.96    0.24    0.64    0.22
PSATSBR    -23.37  -45.87   16.10   26.08    8.43    0.43    0.87    0.80   19.07    9.88    5.88    3.23    3.47    0.09   19.19   16.22    5.21    2.81    0.60    0.17    0.09    0.01    0.00    0.03    1.01    4.23    4.23    0.31    4.91   16.12    4.09    2.96    6.47    8.51    0.03    0.51    1.79    0.55    0.87    1.02    0.14    0.14    0.29    0.92    0.00    0.08    0.20
PSATJAG    -23.20  -46.03   19.86   12.46   11.69    0.11    2.24    0.66   21.63    2.08    1.88    1.68    1.72    0.18   20.77   22.83    4.50    1.91    0.14    0.21    0.06    0.02    0.00    0.00    2.84    3.42    6.79    0.18    9.23   17.01    1.24    3.20    6.30   22.16    0.09    1.43    0.72    0.55    0.76    2.99    0.24    0.24    1.43    0.21    0.09    0.00    0.06
PSATFUNI   -22.53  -44.57   15.93   21.76    7.09    0.15    0.59    0.78   13.08    6.48    2.15    3.25    1.15    0.12   10.14   16.39    4.12    1.63    0.41    0.10    0.02    0.02    0.01    0.05    0.95    8.45    5.94    0.11    6.77   12.65    1.01    2.40    5.57    7.50    0.02    0.67    1.02    0.57    0.21    0.94    0.19    0.10    0.52    0.26    0.03    0.03    0.27
PSATSACE   -22.48  -43.84   10.87   24.87    8.68    0.30    0.00    0.25    1.72   13.69    3.73    5.17    0.21    0.00    9.29    6.74   10.96    5.68    1.57    0.43    0.09    0.00    0.00    0.02    0.14    3.71    0.78    0.06    0.18    8.60    0.36    0.66    1.34    0.02    0.00    0.02    1.09    3.42    0.03    0.00    0.00    0.00    0.03    0.06    0.00    0.00    0.05
PSATPIC    -21.91  -43.54    4.26   26.88   12.08    0.34    0.00    0.01    0.22    8.25    3.75    7.90    0.24    0.00   37.20    8.53   16.72    3.98    1.39    0.37    0.09    0.00    0.00    0.05    0.05    1.28    1.08    0.06    0.05    0.47    0.70    0.26    0.18    0.02    0.02    0.08    0.60    0.37    0.06    0.00    0.00    0.00    0.06    0.00    0.00    0.00    0.06
PSATSOGI   -21.94  -43.36    4.73   19.75   11.55    0.01    0.00    0.00    0.08    6.18    7.63    4.05    0.32    0.00   34.84   11.27   16.57    4.59    1.30    0.89    0.29    0.14    0.03    0.05    0.18    0.52    0.63    0.05    0.14    0.04    0.11    0.17    0.07    0.00    0.09    0.11    0.92    0.24    0.05    0.03    0.06    0.00    0.05    0.03    0.00    0.00    0.02
PSATIPSI   -21.84  -42.58   15.77   15.94    5.05    0.07    0.00    0.08    0.25    8.53    5.33    3.25    0.14    0.00   22.58    7.71   10.67    5.13    1.14    0.19    0.09    0.08    0.10    0.05    0.26    0.30    0.61    0.04    0.05    0.23    0.26    0.34    0.11    0.00    0.01    0.08    0.72    0.47    0.04    0.00    0.01    0.02    0.13    0.05    0.01    0.01    0.01
PSATTCLJ   -22.69  -43.83   22.60   20.60   12.50    0.02    0.00    0.29    4.57   11.78    6.46    1.91    0.31    0.01    6.56    8.10   10.70    4.29    1.22    0.06    0.08    0.00    0.00    0.00    0.00    0.44    0.85    0.00    0.11    0.96    0.14    0.00    0.09    0.00    0.00    0.00    4.47    0.95    0.00    0.00    0.00    0.00    0.00    0.18    0.00    0.00    0.00
PSATBIGU   -25.51  -53.67    1.10   19.95    1.47    6.43   67.59   17.18    2.22    2.37    0.61    0.05   17.61   29.31    0.00    0.02    0.48    0.55    0.09    0.10    0.15    2.18    6.18   14.78    7.44    4.14    5.60   46.50    9.91    1.69    1.66   15.54   24.62   17.25   14.43    0.03    5.88    0.23    0.89    1.65    1.06    2.63    1.74    5.73    0.79    0.12    6.89
PSATBRAU   -21.45  -42.41   13.05   23.13    0.93    0.00    0.00    0.00    0.07   22.05    5.30    0.56    0.31    0.01    1.07   13.56   10.77    6.26    2.02    0.45    0.41    0.16    0.10    0.02    0.13    0.03    0.02    0.03    0.04    0.01    0.02    0.30    0.09    0.00    0.47    0.24    0.70    0.50    0.21    0.29    0.66    0.67    0.64    0.59    0.18    0.12    0.00
PSATSUIC   -20.08  -40.58    9.12    0.80    0.00    0.27    0.07    0.08    0.05   19.79    4.03    1.75    0.11    0.18    0.17    2.01   11.02   10.82    5.83    1.22    1.57    2.75    1.53    2.38    2.46    0.18    0.61    0.43    0.02    0.32    5.36    1.50    0.11    0.26    4.00    2.21    2.00    1.46    0.95    0.46    1.83    2.62    2.35    0.82    0.34    2.11    0.52
PSATJRI     -9.30  -64.70    5.70   11.04    9.68   10.98   25.19   13.48    3.46   14.45   17.52   12.36    2.50    6.27   14.35   17.32   12.66    4.93   11.01    5.59    6.47    4.50    5.36    7.92   11.99   10.90    6.23    7.08    6.35    6.08    9.53    2.15    2.54    4.71   13.88   10.02   16.75   15.97    5.22    9.48    3.04    0.75    2.23   17.36   17.41   19.70   22.73
PSATBENI   -14.59  -67.53   16.20   10.73    5.31    6.77   17.09   14.69   11.89   20.53    6.78    4.57    3.66    8.26   13.04   10.59   13.79    8.09   11.94    6.62    7.25   12.14    6.92    5.49    7.06   15.56   13.20   17.10    9.25    5.63    5.94    4.73    7.99    7.68    8.89   12.26   39.55   27.36    5.39   10.64    8.74    3.41    4.47   20.00   18.48   15.63   26.57
PSATEPB    -12.42  -64.42   15.21    7.45    9.47    2.40   16.69   15.19    3.42    9.92   13.98    6.24    4.27    7.65    7.82    8.91    3.70    2.99    3.29    3.97    2.49    3.16    6.23    6.94    7.19    9.24    5.71    6.66    3.99    4.18    3.39    4.41    4.49   12.29   15.25   16.90    6.89    7.56    4.20    2.92    2.49    1.43    2.40    9.12   12.24    8.05   14.20
PSATEGM    -10.79  -64.35   13.54    9.54    7.84   14.75   29.24   14.04   15.11   13.01    7.52    4.30   11.08    5.45    8.21   10.44    6.69    5.85    8.78    4.01    4.28   11.39    6.75    7.15    6.96   13.40    8.73    8.23    6.68    4.77    7.70    3.85   12.38   18.77   12.26   13.67   20.66   13.31    5.89    6.55    2.48    1.25    5.75   18.54   20.41   17.74   19.74
PSATSTOA    -8.79  -63.95    9.67    6.36    7.21   19.48   24.97   20.84    0.58    1.03   23.81   18.46    4.33    4.13    7.47   12.14   13.07    5.92    5.72   11.09    5.42    2.04    3.88    7.08   13.31    9.44    4.29    2.42   23.13    5.62    7.92    7.70    5.01    9.23   13.04   15.25    1.18   15.24   12.12    9.67    6.29    5.72   13.48   22.57   14.72   10.60   21.71
PSATENC     -9.90  -66.62    4.81    1.63   10.04    6.12   24.08   15.11    8.04    1.56   10.58    7.34    7.64   10.70   11.19   14.95    8.06    4.44    2.64    7.53    2.79    1.24    3.70    9.79   13.31    9.38    5.61    9.45    4.92    5.34    5.13    1.92    1.93    3.92    5.72    5.73    9.77   13.16    3.92    1.46    3.56    1.99    0.92   12.38   16.71    3.26   16.23
PSATAMY1   -11.71  -70.63    3.56    1.15   10.52    5.68   13.63    7.09    1.65    5.03   21.06   15.15    1.22    7.44   22.07   27.29   15.93    9.74   24.81   11.30    4.92    3.46    4.40    8.77   11.61   13.44    9.77    5.28    5.97    4.16   11.29    0.80    1.92    2.57   20.94    2.46   26.76   19.65    9.04   17.38    5.82    0.23    0.08   13.14   30.27   31.05   31.68
PSATAMY2   -12.37  -71.17    6.13    6.96    9.49   17.30   23.70   15.09   10.34   14.73   26.10   20.83    2.39    8.61   29.54   33.95   11.66   13.75   22.98   13.96   11.55    8.76   12.88   13.34   14.03   16.68    9.25   10.68   12.00   12.93   17.53    6.78    3.93    4.70   18.83    6.00   46.69   19.15   32.43   17.65    4.34    2.58    3.34    8.96   33.72   20.91   36.74
PSATAMY3   -13.75  -70.18   20.72   13.06   13.97   23.83   16.51   18.65   20.65   23.85   26.03   10.63    4.19    8.19   16.21   19.27   12.83    8.61   16.66   16.34   15.53   20.91   26.52   14.22   17.95   19.12   12.37   17.77   21.72   10.32   18.93    7.72    9.15    8.27   15.04    9.67   39.79   21.04   23.55   17.83    4.93    2.23    6.90   22.52   25.78   23.73   18.35
PSATAMY4   -13.45  -69.47   14.19    5.91    6.51    9.95    8.58   16.48    6.35   15.62    8.59    6.20    1.62   13.82   19.02   15.59   19.90   14.01   13.81    6.95   12.07   15.74    8.33    6.39    8.35   11.08    6.47   12.56   13.09    6.93   11.52    2.63    4.13    4.75   10.96    4.26   36.37   14.89   21.71    7.52    8.59    1.05    4.51    6.32   22.32   20.99   21.99
PSATJRN    -13.37  -59.01    6.87    2.30   16.20    2.85    4.81    8.76    1.48   18.59    5.46    1.94    1.65    5.04    5.72    3.86    2.41    4.88    2.90    5.91    4.73    4.51   13.14    7.61   12.30    4.91    3.01    7.64    8.67    7.00    6.13    6.78    7.83   13.78   17.52   16.84    3.05    2.81    2.29    2.00    7.61    3.75   11.51   13.24    8.15   17.35   10.93
PSATAPI    -10.34  -56.98   23.75    4.70   10.55   12.49    3.96    8.83    1.30   12.30    2.45    3.22    1.04    1.66   17.39    7.08    2.97   13.03    6.00   10.02   18.41   26.06   12.36   11.62    7.69    5.97    5.34   12.74   20.56    2.12    4.78    3.72    6.59    6.05    9.74   29.54    3.44    3.02   13.16    4.77    8.48    3.87    3.59    6.50    7.26    7.15    8.55
