PSATAGV    -19.89  -50.35    3.29    1.69    1.86   16.64   10.79    0.98    0.04    0.01    0.01    7.98    1.12    5.34   17.95   30.01   28.37   20.28   17.05   16.26    5.72    8.78    9.07    2.30    2.75    0.51    0.41    4.01    7.87    7.24    2.62    5.17    6.64    3.82   14.08   29.49   38.45   18.14    1.28    0.36    0.54    0.02    0.22    3.24    3.13    8.85   11.51
PSATCMG    -21.28  -44.63    3.55    4.43    4.74   17.78    9.25    2.41    0.04    0.01    0.00    0.00    2.57    2.26   25.56   25.52   12.37   12.16   20.24    0.91    0.33    2.80    7.29    5.82    0.31    0.00    0.05    0.17   10.16    4.30    3.65   11.99    9.52    3.55   21.29   35.55   36.70   29.12   11.77    0.23    0.14    3.30    5.43    1.75   17.96   19.92    6.28
PSATCES    -20.25  -48.16    2.67    3.41    2.18   22.31   13.72    2.35    0.01    0.00    0.00    0.13    5.21    7.90   27.18   21.52   21.31   24.39   21.63    4.23    0.26    0.62   11.89    4.54    1.89    0.33    0.03    6.07    5.31    3.92    0.77    1.49    3.13    1.87   20.89   41.91   88.26   16.22    2.03    0.14    0.69    0.10    3.95    0.85   11.03   10.16    5.76
PSATELC    -21.60  -46.95    0.88    2.74    3.07   16.78   17.01    1.20    0.00    0.00    0.00    0.01    4.67    7.56   24.85   30.12   35.57   18.98   31.05    3.55    0.41    3.05    8.33    3.60    0.34    0.77    0.09    4.84    7.67   11.61    2.19    3.10    2.70    2.78   15.42   41.61   67.68   18.46    2.30    1.23    0.50    0.96    3.44    0.37   15.37   13.08    5.99
PSATFUN    -21.14  -45.04    4.60    4.11    3.09   13.86    5.36    0.61    0.00    0.00    0.01    0.00    3.12    2.60   15.67   25.78   10.13   16.77   15.65    0.63    0.48    1.76    6.41    1.72    0.65    0.00    0.00    0.01   12.88    4.86    2.61    6.14    4.29    2.63   17.16   28.75   33.98   27.99   14.82    0.80    0.22    1.65    5.83    2.44   14.62    8.34    3.17
PSATFUR    -20.67  -46.32    2.08    2.40    1.91   14.15   11.60    1.14    0.00    0.00    0.00    0.00    1.98    3.69   18.06   27.14   18.41   20.31   16.25    0.87    0.12    2.92   10.95    6.62    0.61    0.08    0.01    0.84    9.90   16.86    2.97    3.93    2.96    3.31   17.98   37.43   48.81   30.81    9.66    0.79    0.35    1.03    4.05    1.33   13.96    7.02    5.85
PSATMRB    -20.30  -49.18    2.06    2.86    1.61   20.65   12.84    1.93    0.01    0.00    0.00    2.42    3.04    9.66   24.07   26.04   29.89   26.23   21.86    9.05    0.48    1.56   11.87    2.74    1.33    0.18    0.15    4.19    5.06    8.62    1.09    3.57    3.41    2.40   17.64   35.55   58.64   12.94    1.57    0.36    0.96    0.10    2.36    1.55    5.32    7.13   10.96
PSATPRG    -21.59  -45.67    0.55    1.26    4.45   13.89   12.08    1.09    0.00    0.00    0.00    0.00    2.94    6.43   18.24   16.25   21.82   21.47   32.27    3.14    2.04    4.02    8.85    5.51    0.46    0.12    0.07    3.96   18.19   11.56    2.32    2.44    2.44    2.69   10.21   36.92   73.00   33.28    5.58    1.40    0.53    1.98    4.77    0.20    5.43   15.29   11.33
PSATPAS    -21.02  -48.18    0.61    2.17    2.52   19.45   14.78    1.15    0.00    0.00    0.00    0.24    6.43   11.27   26.17   29.13   51.39   22.11   30.10    9.99    2.26    4.74    8.88    4.35    0.68    0.43    0.86    3.13    4.47    1.97    0.65    1.01    1.84    1.69    6.55   39.99   38.02   11.26    2.04    0.84    1.08    0.45    0.86    1.21    9.85   10.10    9.31
PSATPTB    -21.61  -45.49    0.96    2.46    4.36   15.09    9.06    1.32    0.00    0.00    0.00    0.00    1.93    7.33   20.90   19.42   21.76   22.07   20.45    3.69    1.73    2.32    9.79    6.88    0.32    0.00    0.07    0.29   10.08   12.82    2.60    3.38    3.54    2.75   17.08   36.16   67.27   39.39    8.36    0.95    0.46    2.39   10.41    0.40    6.59   14.09   11.47
PSATPTC    -20.00  -48.55    3.31    2.56    1.84   16.15   15.50    3.47    0.08    0.02    0.00    0.30    4.99    3.79   23.03   18.57   14.36   21.36   18.89    2.77    0.09    1.05   12.47    5.19    2.11    0.07    0.00    3.15   17.35    9.86    2.66    5.31    7.90    2.61   23.34   22.79  113.25   43.53    6.16    0.11    0.24    0.13    3.41    2.13   12.93   12.10    5.58
PSATFZA    -26.00  -51.65    3.50    3.14    5.62   11.85    4.28    1.80    0.03    0.00    0.00    2.39   31.00   24.01    0.16    7.53    7.94    0.08    6.06    8.63    2.38    1.05    0.09    2.70    0.92    1.75    1.00    4.06    5.79    1.25    0.09    0.20    0.41    0.51   11.86    0.96    0.24    0.08    3.68    0.41    0.77    0.00    0.81    4.85   17.36    2.43    5.81
PSATJSG    -25.78  -52.00    2.49    3.73    5.84   14.80    3.58    0.32    0.00    0.00    0.00    3.71   28.53   28.09    0.03    6.83    7.53    0.23    2.33    7.13    1.03    0.83    0.05    1.96    0.94    1.12    2.61    3.46    2.27    0.94    0.01    0.17    0.40    0.64    8.33    1.00    0.06    0.17    1.51    0.39    0.55    0.00    1.50    2.61   15.28    1.30    2.93
PSATSCX    -25.53  -53.48    0.34    4.75    7.34   25.04    1.31    0.12    0.01    0.00    0.02    6.56   40.44   17.20    0.00   11.15    8.63    0.21    0.67    4.20    0.60    0.66    0.17    1.42    1.21    0.59    6.44    5.96    1.25    0.73    0.10    0.10    0.19    0.08    1.33    0.32    0.36    0.29    0.91    0.20    0.42    0.00    1.33    1.65    9.17    0.76    0.97
PSATSCL    -25.49  -51.74    2.16    0.69    7.50   21.84    2.83    1.07    0.00    0.00    0.00    1.39   31.01   29.59    0.00   10.70    6.68    0.05    2.46    5.20    1.34    1.77    0.09    1.36    0.72    1.37    1.36    7.10    9.21    1.27    0.08    0.02    0.31    0.14    4.01    0.66    0.06    0.12    1.57    0.63    1.08    0.00    0.52    4.36   17.79    1.53    1.72
PSATUVT    -26.23  -51.08    3.78    2.47    8.57   15.13    7.20    2.38    0.36    0.00    0.00    0.98   22.68   28.00    0.57    6.69    6.18    0.86    6.02   13.82    2.79    1.24    1.21    1.99    0.59    0.75    0.53   11.92    4.34    1.37    0.52    0.80    0.61    0.64    0.78    1.66    2.43    6.58    4.13    0.24    0.77    0.00    0.04    8.04   15.02    1.89    3.69
PSATBSM    -24.19  -53.74    0.14    4.61   14.02   20.31    1.58    0.19    0.03    0.00    0.07    1.08   26.65   30.93    0.01   16.50    8.21    0.01    0.39    2.35    1.77    0.42    0.39    2.28    1.64    1.20    5.30    8.52    9.49    0.92    0.06    0.07    0.02    0.09    0.08    0.16    0.06    0.43    1.37    0.36    0.75    0.00    1.58    2.61    1.63    0.67    0.45
PSATFLE    -22.97  -54.56    0.11    4.40   20.02   10.93    1.34    0.60    0.00    0.00    0.00    4.27   37.55   10.51    0.00   51.03    5.31    0.00    0.00    0.23    0.53    0.36    0.34    0.86    2.01    0.30    4.92    9.35   12.46    2.78    3.66    0.77    0.28    6.32    0.09    0.00    0.10    0.61    0.15    0.01    0.30    0.00    0.01    2.99    3.08    1.87    0.71
PSATITP    -25.42  -54.58    0.14    9.18   15.45   14.34    1.58    0.24    0.04    0.00    0.05    3.42   37.57   24.52    0.13   37.73   11.01    0.02    0.02    1.06    1.03    0.38    0.72    1.54    2.40    0.24    5.62    9.29    4.29    1.24    0.29    0.05    0.05    0.13    0.05    0.13    0.33    0.22    0.14    0.18    0.21    0.00    1.07    3.37    3.91    2.60    1.38
PSATIVM    -22.38  -53.53    2.96    1.67    4.36    9.78    1.60    0.62    0.00    0.00    0.03    3.03   12.55   12.19    1.20   44.03    8.81    0.00    0.00    0.11    5.58    0.36    0.30    3.85    1.21    0.28    3.02   12.36   13.30    8.22   15.49    2.75    5.58    7.78    0.32    0.02    0.04    0.19    0.22    0.01    0.13    0.11    0.00    0.16    4.35    2.78    1.27
PSATPTQ    -23.18  -53.17    0.38    4.81   11.23   20.67    1.87    0.43    0.03    0.00    0.06    0.86   23.25   32.39    0.15   16.62   18.27    0.03    0.77    1.77    4.66    0.63    1.77    1.56    0.79    0.60    1.22    8.77   11.75    0.55    0.03    0.05    0.01    0.05    0.17    0.22    0.24    0.32    1.67    0.76    0.41    0.00    0.00    1.74   12.37    0.96    1.18
PSATCBI    -17.99  -48.54    2.13    3.63    1.33    6.23   12.86    8.96    1.48    0.31    0.38    2.91    1.89    2.39    5.66    9.99    4.33    3.65   13.29    0.20    0.27    1.38    0.47    9.05    4.83    0.48    2.59    6.63    6.53    9.64    7.80   18.46   23.30   25.81   43.22   40.17   41.65   17.09   18.51    2.01    2.52    2.41    3.78    9.49   15.02   16.45    9.04
PSATCBIV   -16.15  -48.67    3.28    4.30    1.40    7.63   11.68   11.80    1.63    0.10    1.14    1.93    2.84    1.57    2.39    9.03    0.95    1.22    7.40    0.31    0.25    1.71    0.42   10.63    8.24    0.23    8.17    6.69    0.87    9.43    5.27   15.24   19.66   29.89   59.80   27.96   46.59   16.70   14.37    3.33    3.58    4.45    7.98   14.42   17.01   17.38    6.61
PSATEMB    -18.45  -47.98    2.47    1.66    1.46    5.13   15.18    9.32    0.73    0.06    0.05    0.48    2.84    1.54   12.30   14.99   14.23    8.30   12.59    0.10    0.00    1.51    3.05    2.44    0.39    0.07    0.00    0.98   15.38   21.68    6.87   14.47   18.32    7.67   22.24   35.42   50.83   65.11   67.38    0.40    0.17    0.27    2.67    1.14    6.42   11.70    2.89
PSATIMBR   -18.42  -49.10    4.16    2.89    1.42    7.17   12.71    5.45    1.30    0.20    0.08    1.04    1.98    1.93   13.58   11.91   15.56   14.27   21.99    1.07    0.24    3.06    1.51    4.81    2.96    0.21    0.27    4.91   11.29   14.83    6.24   12.44   15.17    8.31   22.60   54.93   71.99   59.40   43.93    0.50    0.55    0.46    1.76    4.82   10.97   15.31   10.13
PSATNPTE   -19.13  -47.70    4.16    1.47    1.69    4.19   12.84    7.30    0.39    0.05    0.00    0.52    2.73    1.33   17.59   17.07   16.51   11.70   11.56    0.21    0.04    0.39    5.86    3.47    0.90    0.02    0.00    0.33   14.64   16.10    6.51    6.74   12.00    3.33   22.52   28.52   64.99   81.05   31.02    0.14    0.16    0.26    4.55    1.87   11.33   12.89    4.66
PSATARV    -18.07  -50.16    3.29    4.60    1.47   11.73   12.81    7.70    1.44    1.63    5.12    2.70    1.68    2.53   12.85    6.58    7.83   11.86   15.85    1.74    4.96   12.68    1.65    9.11    8.76    1.28    6.10    7.86    4.82    7.96   11.36   17.53   18.61   12.78   34.74   52.77   27.52   39.11   24.42    1.18    0.84    1.17    2.68    4.66    6.68    9.51   12.72
PSATSFC    -18.05  -47.68    1.35    4.94    1.12    3.50   15.37    8.69    1.98    0.62    0.13    2.26    2.22    0.85   10.18   14.67    7.07    8.37    7.14    0.06    0.09    0.28    1.17    6.36    0.88    0.14    2.11    3.51   11.39   15.89   11.71   22.39   31.02   24.42   35.31   35.30   45.03   17.18   18.43    1.23    1.09    2.54    2.04    9.46   13.75   20.52    7.46
PSATSSM    -19.02  -50.50    4.24    2.97    1.55   16.42   11.86    3.81    1.14    0.25    0.51    3.15    1.89    1.64   15.75   11.24   11.00   23.10   17.86    4.85    1.76    7.11    2.77    5.77    5.72    1.33    1.85    6.99   10.14   12.71    8.75   18.15   18.28    6.38   28.86   32.87   63.18   71.83   15.76    0.77    0.44    0.39    2.53    5.23    7.30    9.61   15.04
PSATCNI    -22.94  -50.52    0.61    0.78   16.20   15.21    3.34    0.12    0.00    0.00    0.00    4.34   19.01   18.42   17.74   10.18   23.36    1.20    0.92   21.16    6.84    2.62    1.08    3.41    1.51    1.27    1.03    2.41   11.96    0.67    0.18    0.22    0.61    0.98    0.86   16.44   16.66    0.17    5.15    0.85    0.50    0.25    0.01    2.63    4.98    1.76    3.51
PSATCPV    -22.65  -51.33    0.37    0.73    8.96   15.59    2.63    0.55    0.01    0.00    0.00    1.22   16.18   22.86    4.61    7.59   26.58    0.17    0.39    1.44    4.55    1.93    1.32    1.95    1.68    0.70    0.58    4.23   10.91    0.62    0.06    0.02    0.15    0.31    0.32    1.02    9.74    0.65    3.47    1.16    0.24    0.07    0.03    1.42   16.45    0.61    3.43
PSATCHT    -23.01  -49.73    0.13    0.00   10.90   19.24    4.44    0.82    0.00    0.00    0.00    0.83   24.82   24.37    6.64    7.88   29.09    0.76    1.10    2.61    6.84    4.86    1.06    2.67    1.05    0.62    0.24    6.04    6.67    0.43    0.09    0.00    0.11    0.43    0.31    3.02   12.95    0.87    3.41    1.06    0.36    0.15    0.12    0.86   14.69    0.86    3.33
PSATJUR    -23.22  -49.23    0.07    0.01   10.66   15.47    6.47    2.34    0.05    0.00    0.00    0.74   30.40   27.92    9.44   10.42   24.43    1.19    2.18   19.96    7.74    3.59    1.36    2.89    1.01    0.72    0.52    9.44    4.48    0.73    0.33    0.20    0.29    0.52    0.58   12.91   19.04    9.29    5.22    1.23    0.39    0.24    0.04    0.72    6.52    1.70    3.83
PSATMAU    -24.06  -50.71    0.64    0.47    7.87   13.37    3.07    1.62    0.00    0.00    0.00    0.47   19.68   20.18    0.31    9.34   11.26    0.16    2.12    1.86    5.41    1.16    1.21    0.78    0.70    0.13    0.63    9.95   14.36    1.44    0.11    0.04    0.04    0.07    0.09    0.19    0.50    0.88    2.27    0.57    0.40    0.00    0.00    1.03   32.00    1.70    3.40
PSATROS    -22.50  -52.87    0.21    1.35   14.73   22.66    3.14    0.06    0.08    0.00    0.03    0.56   19.02   27.35    0.65   15.28   22.29    0.02    0.12    1.47    4.25    1.57    1.64    1.93    1.42    0.27    0.41    3.40    6.42    0.48    0.07    0.05    0.04    0.22    0.32    0.78    0.49    1.24    1.93    1.60    0.09    0.01    0.01    0.11   12.86    0.31    1.12
PSATQMD    -16.21  -47.33    1.49    3.60    1.04    1.12   10.88   18.68    5.50    0.29    0.60    2.77    0.38    0.61    2.65   10.57    2.01    1.97    0.58    0.00    0.30    0.43    0.44   13.06    1.19    0.17    7.72    8.47    4.43    7.41   12.92   21.82   43.37   26.26   24.15   49.16   31.13   21.06    6.38    1.53    6.52    1.66    2.66   12.92   19.15   16.88   16.37
PSATRBX    -18.95  -44.76    2.34    2.34    1.96    5.03   18.71    4.42    0.00    0.00    0.00    0.00    0.79    1.02   13.80   23.37    8.38    5.87    7.21    0.07    0.02    1.48    3.55    0.33    0.01    0.00    0.00    0.01   39.37   28.47    7.00    6.15    4.96    5.97   26.48   11.44   32.01   61.65   84.09    0.20    0.03    0.35    4.70    6.02    2.32    1.08    0.44
PSATSFR    -15.93  -44.86    2.17    2.85    0.55    3.74   13.96   21.67    0.85    0.14    0.51    0.86    2.16    1.04    9.36    6.13    0.64    0.19    0.22    0.00    0.07    0.06    0.18    3.13    0.17    0.61    2.81    7.86   15.12    2.35   10.49   15.94   28.96   34.22   20.36   31.89   20.55   24.72   13.60    1.54    2.65    1.45    8.12   12.67   13.33    9.34   15.71
PSATSRM    -16.37  -45.07    1.85    2.37    0.89    6.06   19.09   17.29    0.31    0.18    0.05    0.22    1.09    0.88   12.65   11.86    5.46    2.36    1.64    0.01    0.01    0.31    0.86    0.70    0.08    0.04    0.06    2.25   23.69   15.56    8.70   20.89   24.85   25.78   25.18   20.12   27.73   32.08   31.64    0.56    0.56    1.63    4.94    5.46    9.48    3.36    2.28
PSATTMR    -18.16  -45.27    2.83    1.83    1.05    9.27   20.70    4.56    0.00    0.00    0.01    0.02    2.44    0.62   15.49   18.47   10.77   12.35    7.99    0.06    0.01    0.89    5.92    1.43    0.21    0.00    0.00    0.02   16.54   23.20    5.69    6.27    9.03    4.50   30.60   23.06   42.52   54.80   48.35    0.23    0.08    0.32    4.14    2.38   10.82    3.08    0.38
PSATBOQ    -11.35  -43.83    0.81    1.27    1.07    1.20    3.06   20.12   19.98   22.12    7.96    6.47    1.69    0.27    0.05    0.05    0.06    0.55    0.04    0.01    0.00    0.00    0.13    0.37    2.42    0.29    2.93    2.52    2.70    3.98    0.58    2.84    7.48   27.24   18.78   12.51    1.55   17.67   10.83    4.28   14.20   12.85   16.68   10.33    6.13    2.13    0.85
PSATBBO    -22.52  -48.55    0.22    0.35    6.81   13.13   10.55    1.22    0.00    0.00    0.00    0.17   18.16   18.19   20.80   18.00   34.58    9.62   22.55   25.26    5.36    4.34    4.36    3.24    0.80    0.71    1.30    6.51    6.68    1.11    0.53    0.51    0.94    1.18    4.03   42.04   36.46   17.98    3.76    1.76    0.68    0.67    0.53    4.25    9.43    6.26    4.06
PSATESZ    -23.46  -46.91    0.54    0.10    4.56   12.51   17.44    6.84    0.07    0.00    0.00    0.00   21.07   22.41   29.10   14.31   15.83    5.04   18.98   18.62    5.15    6.92    4.04    6.83    1.34    1.04    0.32   11.63    5.39    2.57    2.05    3.08    3.12    1.46    2.46   43.27   41.99   40.06   15.40    1.28    0.13    1.02    0.54    1.85   22.62    5.43    4.40
PSATIBT    -21.76  -48.99    0.38    2.40   11.15   14.09    7.10    0.29    0.00    0.00    0.00    4.11   14.61   12.75   18.22   15.58   37.40    6.95    8.14   21.85    3.03    2.06    4.51    3.07    0.58    0.41    1.38    2.86    2.83    0.65    0.21    0.78    0.89    1.22    4.36   37.12   33.27    0.72    2.54    1.27    0.95    0.16    0.03    2.96    5.65    4.07    6.79
PSATNAV    -21.12  -50.20    0.71    2.32    6.37   13.50   11.80    0.40    0.00    0.00    0.00    4.38    6.50    8.55   10.77   27.13   42.74   10.36    8.42   23.51    6.74    3.40    7.61    2.66    1.00    0.85    0.56    1.54    3.12    0.91    0.15    0.29    1.85    1.51    2.76   33.84   36.51    0.28    3.47    0.20    0.56    0.05    0.10    2.92    2.92    3.25   10.40
PSATSME    -13.40  -48.30    1.90    4.50    2.47    4.80    8.06   19.06    7.05    0.99    4.40    9.16    6.24    2.54    2.01   11.59    2.15    2.13    5.12    0.29    0.04    0.90    0.69    3.97    8.89    1.20    2.99   11.15    4.30    5.27    5.89   15.72   27.11   23.12   41.08   49.42   28.56   21.57   15.72    3.72    5.55    3.29    8.91   12.22   11.76   17.69   15.68
PSATBGR    -27.78  -51.20    8.11   22.12   19.32    7.02    7.18    1.78    0.02    0.00    0.00    3.43   30.81   16.33    0.00    2.37   21.86    3.67    3.26    4.71    2.81    0.41    0.11    0.19    0.23    0.91    9.28    0.29    0.87    1.96    0.26    2.54    0.68   12.51   12.85   11.83    2.03    1.64    2.48    0.78    0.59    0.00    4.89    7.44    2.46    1.58   12.39
PSATCNV    -27.60  -51.33    4.11   18.53   14.74    7.03    7.15    2.27    0.12    0.00    0.00    6.06   35.82   29.19    0.11    2.62   20.59    1.56    7.51    8.66    1.16    0.79    0.44    0.90    0.08    0.34    4.29    0.92    1.14    2.05    0.35    2.89    0.62    7.70    9.60    4.58    0.70    1.37    3.16    0.61    0.38    0.00    2.57    5.26    4.62    1.34   14.47
PSATFCH    -27.14  -53.04    0.46   18.65   19.21   13.45    0.59    0.27    0.00    0.00    0.00   20.07   53.11    5.00    0.02    9.74   17.16    1.55    0.46    3.80    0.58    0.04    0.00    0.36    0.18    0.34    7.82    0.49    0.04    0.12    0.07    0.00    0.05    3.65    2.81    0.11    0.17    0.06    0.26    0.44    0.31    0.00    2.78    4.90    0.81    4.18   18.07
PSATITA    -27.27  -52.38    3.60   16.95   12.86   11.73    5.80    0.69    0.03    0.00    0.00    8.93   44.89   17.99    0.02    6.13   20.40    1.88    3.91    7.90    1.31    0.48    0.01    0.45    0.24    0.85    5.15    1.06    0.82    0.90    0.04    0.07    0.27    5.79    5.25    0.80    0.23    0.51    1.89    0.66    0.41    0.00    1.91    2.15    4.03    2.14   14.37
PSATMCD    -27.52  -51.78    9.23   20.36   11.82    5.99    5.32    0.74    0.00    0.00    0.00    6.59   58.63   16.03    0.00    5.15   25.05    2.22    0.76    2.94    2.14    0.04    0.00    0.04    0.05    0.54    7.93    0.30    0.34    0.28    0.01    0.04    0.08    1.24    3.74    0.66    0.47    0.76    1.16    0.21    0.27    0.00    5.07    2.08    0.12    0.46   19.44
PSATMOJ    -27.35  -52.73    8.00   23.54   15.30    6.21    0.74    0.26    0.01    0.00    0.00   19.58   82.39    0.92    0.07   11.32   19.73    2.01    0.10    2.04    0.77    0.14    0.00    0.06    0.25    1.04    6.85    0.02    0.00    0.10    0.05    0.00    0.10    3.83    0.81    0.21    0.15    0.06    0.00    0.41    0.31    0.00    6.00    6.84    0.12    1.72   18.89
PSATQQX    -26.66  -52.54    3.39   10.21    7.88   21.23    7.01    0.21    0.01    0.00    0.00   13.03   23.25   14.51    0.00    3.95   13.90    0.96    1.85    9.22    1.59    1.05    0.14    1.01    0.52    1.16    3.21    1.86    1.01    0.85    0.10    0.29    0.31    6.00    9.23    1.42    0.60    0.35    1.92    0.61    0.60    0.00    0.09    0.98    9.89    2.98    5.91
PSATPSJ    -28.14  -55.05    2.49   31.84    1.56    0.14    0.67    0.56    0.05    0.03    0.00   13.35    0.60    0.00    0.00   20.23    0.99    0.45    0.01    0.72    0.40    0.02    0.06    0.03    0.31    0.42    6.76    0.00    0.00    0.00    0.00    0.01    3.91   12.05    0.72    0.07    1.01    0.01    0.00    0.14    0.04    0.00   19.14    0.21    0.01    0.02   17.95
PSATESP    -18.68  -51.87    5.82    0.79    0.66   14.05    6.43    3.85    0.06    0.19    0.29    3.35    1.56   10.87   12.10   12.65   18.34   21.12   26.64    8.85   18.83    7.48   13.63    7.46    3.89    1.19    5.05    7.00    4.15    5.98   17.46   11.05    6.94    8.03    5.80  149.54   47.15   70.83    0.61    0.46    0.06    0.03    1.40    2.87    6.47    5.31    5.89
PSATSRC    -19.16  -50.76    5.47    2.27    1.26   24.39    7.88    2.08    0.09    0.49    1.02    2.75    1.28    8.25   11.44   14.29    6.31   28.41   19.42   11.43   21.98   11.51    8.50    8.37    9.05    2.50    4.63    3.68    8.43   12.74   13.45   19.45    9.26    6.31   16.46   67.40   34.32   81.28    1.66    0.60    0.01    0.07    1.01    2.39    6.55    4.38   11.44
PSATFRCL   -19.12  -50.64    5.48    3.26    1.29   20.35   11.01    3.07    0.22    0.78    2.74    3.05    1.71    5.40   11.44   14.64    6.78   32.36   23.20    7.23   10.98   17.92    7.57    5.06    9.50    2.43   10.37    8.35    9.61   16.26   15.34   22.20    8.39   10.35   20.22   71.50   33.39   73.84    2.13    0.92    0.00    0.06    1.85    2.16   10.70    6.42   14.10
PSATISOT   -20.40  -51.35    1.75    2.18    2.58   22.96   10.17    0.40    0.05    0.10    0.21    3.74    3.36   10.79   20.26   25.50   23.72   13.31    8.13   12.60   13.35    9.73    4.39    4.49    2.79    4.00    0.85    2.59    9.97    8.61    7.36    6.67    4.46    2.04   13.17   23.32   49.59   11.96    4.42    0.40    0.13    0.03    0.03    1.24    2.69    5.64    7.30
PSATJUP    -20.86  -51.63    2.60    2.06    4.69   14.84    9.94    0.89    0.01    0.06    0.17    2.02    2.52   11.79   15.25   13.27   14.72    8.25    2.40    9.87   16.61   10.51    7.19   13.97    7.78    6.60    1.94    2.72    9.37   11.17   15.51    7.96    5.70    6.08   11.23   24.30   29.40    4.56    2.03    0.39    0.05    0.03    0.02    1.23    7.51    1.15   10.91
PSATSDG    -20.06  -53.18    8.37    2.12    0.88    9.53   11.89    0.84    0.00    0.06    0.23    1.35    1.42    3.77   10.35    9.23   17.27    3.32    0.25    5.56   12.81    6.62    6.49   17.58    9.05    2.74    0.50    7.22    3.28    9.71   16.80    6.29    6.41   11.71    3.29   20.32    9.26    0.69    0.14    0.07    0.15    0.14    0.01    0.17    7.17    1.08   14.08
PSATFZBT   -21.66  -52.87    7.32    2.02    3.99   13.90    4.41    0.53    0.00    0.01    0.12    0.49    7.87    9.85    9.95   19.16   12.56    0.16    0.00    0.33   13.85    1.76    3.07    8.55    2.68    0.39    1.67    7.78    9.15   13.32   13.00    3.97    4.37   10.24    0.68    1.39    0.45    0.50    0.23    0.08    0.01    0.20    0.01    0.27    9.60    0.65    3.48
PSATPPRA   -22.46  -52.91    0.85    4.76    7.42   18.13    9.37    0.13    0.01    0.02    0.17    2.61    9.48   20.76    8.44   20.14   21.29    0.26    0.09    3.22   10.66    3.26    2.66    4.47    2.23    1.20    0.20    2.32    7.14    3.75    2.43    0.85    0.87    0.73    2.15    4.66   15.16    0.75    3.30    0.79    0.11    0.03    0.01    0.60   11.90    0.55    5.01
PSATBTE    -13.69  -50.80    1.37    5.08    1.48    5.46   14.10   18.74    4.04    2.77   10.67    8.77    7.89    6.57    7.16   18.62   20.55   20.16   15.19    0.66    6.48   10.28    6.03    8.35    8.20    1.57    3.95    5.25    4.72    7.27    5.95   16.74   14.56   18.15   34.53   50.88   23.77   37.23    6.77    1.07    1.19    3.91    2.75    4.07    5.94    7.71    5.80
PSATARAG    -8.27  -49.26    3.75    6.25    2.38    1.75    8.63   12.10   15.82   28.44   16.08    9.66   11.35    3.46    3.49    7.81    6.13    6.25   12.11    0.83    3.00    4.27    6.17   12.24    9.01    3.30    2.54    8.28   10.11    4.27    8.70   16.05   10.44   18.71   30.79   26.68    9.65   18.07    5.38    8.58   10.21    5.05    7.46   12.91    9.34    9.00    5.73
PSATLAJ     -9.76  -48.37    1.67    5.21    1.93    2.73    5.70   15.64   20.20   12.90   13.36   10.45   11.26    1.48    1.33    2.67    1.34    1.96    3.89    0.41    0.06    0.01    3.52    3.34    2.37    4.11   10.22    7.18   23.84    3.24   11.32   16.48   13.87   27.92   26.34   28.28    4.33   27.64   14.07    9.30   11.30    6.08   13.23   14.04   15.70    8.38   11.74
PSATPTRL    -9.31  -47.39    0.66    0.49    5.42    0.09    5.19   10.90    7.06   31.19   20.65   10.16    6.26    0.25    0.17    1.37    1.68    5.34    5.71    1.47    0.02    0.01    2.40    7.42    1.62    2.11    0.80    3.55   24.73    7.43    9.81   16.00    2.49   35.45   18.09   23.42    4.12   24.76   11.63   12.38   19.11    8.27   15.65    9.07   17.65    4.41    0.28
PSATLJET    -7.33  -47.48    1.24    3.98    6.22    6.76    4.42    1.05   12.82   19.98   19.68   14.01    4.66    0.60    0.81    1.68    1.72    6.07    4.05    0.62    0.14    0.11   11.02    9.13    5.00    0.28    0.59    4.14   15.81    6.68    6.64   17.04    3.65   29.62   17.03    9.30    8.75   15.34    5.82   12.59   12.99   14.48   18.06    7.01   14.27    6.76    0.72
PSATUCR     -3.83  -49.65    3.14    3.68    3.98    1.19    5.04    3.05    2.79   23.65   10.55    9.64    8.65    0.46    0.70    1.35    1.39    3.26    4.85    0.49    0.92    2.68   14.45   16.94   15.22    1.80    2.45    4.15    7.72   10.48    5.26    6.22    6.47   21.56   12.88    3.50   10.15   12.85   10.30    8.90   11.44    6.54   14.31    9.53   10.41    5.78    5.09
PSATXIVJ   -29.07  -51.67    9.15   24.55    8.49    5.22    3.16    1.18    0.00    0.00    0.00    4.43   10.03    7.91    0.00    8.28   27.34    3.43    0.23    2.70    6.43    0.22    0.00    0.01    0.27    0.34    9.25    0.02    0.01    0.48    0.02    0.06    0.11    6.48    4.47    2.01    1.07    0.11    0.23    0.46    0.98    0.00    6.96    4.49    0.05    0.55   12.19
PSATDFRC   -29.45  -53.28   17.51   31.20    1.80    0.98    0.59    0.37    0.01    0.01    0.00    8.19    0.15    0.06    0.00   24.97    3.86    0.90    0.00    1.15    0.53    0.23    0.07    0.00    0.41    1.30    6.00    0.00    0.00    0.03    0.00    0.02    4.02   15.34    1.88    0.43    1.41    0.01    0.00    0.29    0.09    0.00    8.51    0.01    0.05    0.00   14.18
PSATREAL   -29.02  -53.19   11.02   26.20    3.59    1.13    0.53    0.43    0.00    0.00    0.00    8.66    1.23    0.10    0.00   26.50   11.76    0.71    0.06    1.08    0.50    0.14    0.00    0.01    0.58    0.58    5.77    0.00    0.00    0.03    0.00    0.01    0.41    8.24    1.01    0.25    0.65    0.00    0.01    0.53    0.47    0.00   15.26    1.80    0.01    0.08   17.13
PSATCTAV   -29.01  -51.39   10.71   25.75   16.83    6.79    7.28    0.78    0.00    0.00    0.00    6.48   20.10   14.95    0.03    3.90   33.65    6.58    0.56    4.68    3.85    0.35    0.02    0.37    0.18    1.08    8.58    0.19    0.02    1.97    1.05    2.38    0.78   19.84   16.50   12.42    1.75    2.26    2.73    0.82    1.01    0.00    3.17   10.75    0.07    1.02   12.86
PSATERNT   -28.56  -52.54   12.63   22.87    9.77    3.88    0.76    0.33    0.00    0.00    0.00   10.22   34.05    0.90    0.00   12.62   20.88    1.64    0.04    1.03    1.17    0.20    0.00    0.00    0.10    1.21    5.17    0.02    0.00    0.14    0.05    0.00    0.13    2.98    0.96    0.78    0.49    0.29    0.15    0.37    0.34    0.00   13.28    5.57    0.03    0.12   17.46
PSATSTPL   -27.14  -49.52    7.58   14.02   10.59   10.77    8.84    1.71    0.37    0.00    0.00    3.44   30.34   32.84    0.83    2.08   16.11    0.73    9.97    5.03    2.74    2.26    2.13    3.31    0.03    0.13    0.91    2.39    0.57    1.93    2.21    7.33    1.29    5.07    0.97    4.01    1.20    0.82    4.90    0.58    0.28    0.00    2.84   23.47    2.88    0.66    4.97
PSATCVCH   -25.14  -48.87    0.69    0.66   10.91   18.56    9.19    4.59    0.58    0.00    0.00    0.02   16.45   38.05    2.20    8.21   22.11    1.43    1.54    4.84    3.71    3.89    2.69    0.96    1.54    0.49    0.46   19.58   13.72    1.21    0.76    0.96    0.47    0.06    0.12    3.27    5.49   21.97    7.23    0.64    0.15    0.00    0.00    3.88   12.36    1.74    2.26
PSATAMY    -12.60  -69.12   14.84    8.29   16.42    6.86    8.56    5.62    3.90    3.54    3.51   11.21    9.90    8.98    8.75    2.95    5.64   37.76   21.27    1.46    3.20    3.55    2.59    1.51   16.06   13.97   16.49   28.05   14.64   14.33   18.45    6.89   11.18    8.70   24.97   13.10   18.30    3.44    0.53    2.66    9.33    9.07    5.82   12.18   12.16   16.09    9.36
PSATGJR    -10.73  -65.35   11.73    6.88    5.74    9.32    7.27    2.74    2.32    2.68    1.10    9.60   16.37   16.50    9.27    4.95    9.92   11.11    4.63    3.22    3.33    1.33    2.80    6.20   15.87   18.94   16.23    9.39    4.09   10.04   12.25    7.79    5.41   17.11   15.44   15.39    5.69    4.08    1.58    4.78   11.58    6.46    2.08    8.68    8.96    4.89    3.01
PSATPRNC   -12.43  -64.43    8.49    2.94    6.40    9.25   11.42    2.92    3.21    4.19    1.16    2.48   17.24   27.34   25.58    5.18   21.58   27.03    7.21    7.22   10.71    2.38    3.69    5.69   10.11    6.64    7.83   20.29    6.08   14.58    5.58    2.82    1.75    7.57   24.34   53.00   49.87    5.18    9.36   10.76   19.07    4.49    2.57    3.71    7.10    8.04    3.82
PSATSANT    -8.87  -63.97    6.46   12.02    7.83    9.50   12.81    0.83    4.80   10.83    2.95   10.85   11.71   32.91   16.96    2.36    0.47   26.80   33.73   24.28    3.53    3.06    8.05    2.03    4.29    2.45    0.18   18.99    7.52   16.05   17.43    7.91    7.70    7.31   10.38   15.53   16.73   12.81    2.18   11.56    6.88   17.13   11.79    8.16    9.44   12.63   10.93
PSATDARD   -10.16  -59.46   13.34    6.29    4.03    9.22    9.61    1.94    5.89   15.29    8.02   12.10   10.45   28.95   20.70   13.19    8.77   26.70   26.66   20.23    6.29    7.01    7.96   16.22    9.74    0.53    0.14    7.44   15.84    5.50    7.49    6.86    2.96    3.86   18.59   13.55   65.37  101.52    8.44   28.21   16.94   10.35    7.60    6.67    2.19    3.35    4.49
PSATGUAP   -15.12  -58.96   11.35    2.42   15.85   15.50   29.00   12.60   12.27   14.29    6.24    2.11   12.93   28.00   19.23    4.06    8.47    8.06    4.36    7.83    1.59    0.78    4.61    9.34    7.14    8.58   11.51   30.11    7.52   16.13    5.55    2.56    5.36    5.13   29.45  103.15   59.66    1.62    0.64    2.44    0.40    6.68    2.93   15.87   13.73   15.44    4.49
PSATJIRA    -9.25  -64.65    8.81    7.39    4.41    5.51   11.08    2.23    3.56    2.61    1.01    4.32   10.42   12.12   17.35    1.47    4.03   27.28   20.08    7.23    4.80    1.62    2.23    3.09   15.41   25.03   20.64   15.98    7.82   15.92   14.41   10.71    6.77    8.28   18.61   12.65    7.64    7.24    0.50    3.84   18.13   10.61    6.45   14.46   11.38   10.01    7.31
PSATROND   -11.99  -60.70    1.68    4.78    7.88   19.87   12.64    8.17    2.00   11.99    4.32    2.31   12.46    9.29   33.16    3.28    1.40   10.07   36.88   16.40    1.82    5.86    5.00    9.03   10.09    8.45    0.38   25.38   10.70    9.51    7.89    5.60    1.02    5.10   14.34   26.70   43.49    6.38    7.20   15.41   37.60   15.20    5.77   11.75    3.85    8.00    1.56
PSATSAMU    -8.75  -63.45    3.27    8.65   13.07    7.54   10.48    0.70    4.40   10.68    2.52    8.31   17.82   37.31   24.32    4.90    1.69   26.82   34.11   31.80    2.26    3.76    6.53    1.51    5.37    1.97    0.02   30.54    2.80    6.95   16.15    4.97    3.23    3.03   11.35   17.80   15.58   11.81    4.13   12.46    5.76   11.64    9.54   10.82    5.48    9.77    5.52
PSATBALB    -1.92  -59.47    8.42   14.03    9.27    0.61    7.79    4.36   24.72    8.91    6.54    2.70    0.03    0.00    0.11    0.21    0.14    0.12   10.10    1.52    5.08   18.99   15.32    3.94   12.32    9.44   13.37    5.57    3.75    6.77   17.55   10.99   15.20    9.45    5.75    6.72    2.14    2.88    0.80    0.04    9.94   15.99   12.27   14.76   10.75    2.32    7.06
PSATCUNA    -2.82  -54.30    9.81    1.25    0.75    0.48    5.20    6.71    2.96   12.06    6.43    8.56    1.54    0.18    0.08    0.52    1.23    3.00    8.03    2.57   17.31   27.93    6.92    7.83    8.61    9.69    3.95    7.04    8.07   12.44   12.33    3.89    2.43    3.16    2.66    2.55    7.90   12.22    9.92    2.65   15.59   14.62    9.47   19.38    5.14    6.62    8.03
PSATJARI    -0.65  -52.52    1.51    0.12    1.25    0.91    4.96   10.17    4.29    9.01   10.01    0.21    0.02    0.44    0.13    0.68    0.16    0.59    2.21    2.08    1.76    0.81    2.85    1.61    3.30   17.42    4.63    3.22    4.56    3.04   10.31    6.51    4.94    5.06    4.46    1.84   11.79   14.01    2.40    1.37    2.86    2.01   12.63    7.77   11.36    3.25   11.87
PSATFGOM     0.86  -51.20    5.84    0.54    0.48    1.09    2.68    7.53    4.08    6.27   11.88    0.05    0.06    1.87    0.43    0.38    0.45    0.72    1.51    1.47    1.23    1.05    1.29    2.45    2.66   16.85    6.76    2.22    3.01    1.12   12.43    8.63    4.15    8.73    8.96    5.03   10.50    8.19    8.99    1.85    2.77    4.79   12.59   12.97   13.91    4.77    8.12
PSATUBE     -6.75  -43.57    0.44    1.93    3.24    0.67   12.10    1.79    4.60   18.57   12.01    3.61    0.59    0.36    0.02    1.02    2.75    2.58    2.66    0.06    0.02    0.03    7.60    5.91    6.85    0.11    0.09    1.75    8.46   12.11    2.11    5.43    3.16   33.38   31.31    2.39    3.63   15.49    7.27   14.09   11.45   10.45   11.82   11.25   12.92    1.27    0.25
PSATBSOR    -6.74  -52.00    7.34    6.01    1.37    2.76    5.70    3.48   16.68   25.02   14.01   13.19   15.99    6.29    7.13    5.02    3.80   14.30   15.10    2.16    5.12   10.50    6.77    9.74    2.23    1.06    2.90    5.44    9.73    5.08   13.42   13.39    9.93   15.97   30.12   20.73   12.90   15.94    4.15    9.52   10.30    4.75    8.88   12.94   11.74   11.43   10.85
PSATBESP    -6.75  -51.77    8.60    6.84    3.87    1.23   12.79    3.37   14.41   36.12   14.58   12.28    6.33    0.48    1.08    3.82    4.45    3.72   12.35    3.67    1.70    8.64   15.95   11.63   10.17    2.54    2.11   12.33    7.63   11.32    2.85   10.22    3.25    7.66   22.02    4.88    6.76   14.27    3.69    5.71   17.98    7.87   10.47   14.08    8.26    9.51    6.85
PSATPIME    -3.41  -51.91    9.69    4.14    4.32    1.62    3.23    9.01   10.95   23.56   11.46    9.86    5.29    1.58    1.00    6.32    4.12    7.35   12.12    3.45    5.65   11.06    9.69   14.59    5.12    7.75    7.80    7.61    9.45    9.33   11.13    6.82    3.29    6.61   19.02    8.32    5.25   11.06   10.23    5.55   19.78   11.87   12.61   12.39    8.42    6.01    5.39
PSATIRAP   -16.74  -42.57    3.14    2.84    1.67    3.83   31.47   56.03    0.24    0.14    0.09    0.05    0.10    0.30    4.28    8.91    2.48    0.11    0.01    0.01    0.02    0.06    2.42    0.10    0.56    0.10    0.00    0.09   33.89    5.61    5.21   11.06   25.26   24.94   28.10   23.85   21.77   17.27   18.89    0.70    1.33    6.68    7.12    4.46    0.95    0.15    0.62
PSATITBI   -15.97  -39.59    3.39    2.24    0.69    3.52   23.37   58.28    1.65    0.19    0.63    0.10    0.20    0.31    0.78    2.89    0.32    0.02    0.01    0.29    0.22    0.74    3.33    0.47    1.61    0.14    0.07    0.05   11.12    2.26    1.18    4.04   18.97   29.84    6.45   10.18   22.67   13.48   12.51    1.31    3.01   12.99   11.98    2.26    0.06    0.76    1.23
PSATCOLI   -10.98  -55.77    9.13    7.13    1.04    6.41    6.22    1.32   16.34   13.62   20.10   17.66   18.03   18.24   16.62   14.08   10.80   24.57   21.99    9.57    2.91    8.20    3.73    7.96    1.50    4.85    2.55    3.65    6.84    4.80   12.53   12.50   11.82   17.69   28.26   24.11   25.36   37.64    5.75    2.20    3.34    3.57    4.68   11.19   16.72    6.31    8.46
PSATSAEL    -9.19  -57.04   15.41   12.78    2.35    2.93    5.89    1.37    9.29   13.60    9.94    9.91   19.86    5.31   21.48    8.83   13.06   18.31   16.64    3.60    5.27   12.94    2.37   17.95    4.59    0.07    4.34    6.56    7.43    3.11   11.52   12.85   12.46    8.85   20.02   17.84    3.05   11.07    3.58    4.76   21.04    8.61    8.47    9.76   15.71   11.85   12.60
PSATITQ    -17.09  -54.83    6.19    4.61    2.06   12.47    5.60   12.68    0.57    0.06    1.59    3.63    2.12   26.63   11.63    7.18   27.55   15.51   13.79    4.20    9.54    3.70    8.32    8.68    4.20    8.39    3.86    4.56    2.13    2.28   14.56   16.37    8.32   19.83   19.69   31.27    4.97   22.12    1.71    0.26    0.78    0.23    0.45    1.79    7.58    8.18    7.00
PSATJAU    -15.24  -58.73   10.94    3.20   12.36   17.69   25.74    9.82   11.49   12.20    8.12    2.17   15.03   27.37   23.21    4.93   12.20   13.18    2.28    7.38    3.14    1.34    3.39    7.83    4.21   11.61   10.19   29.16    8.83   13.16    8.43    3.88    7.31    9.74   32.14  111.39   72.51    2.26    0.76    1.76    1.03    4.29    2.07   13.60   12.50   12.24    6.54
PSATMAN    -14.87  -55.78    3.18    4.54    2.01    5.81   17.08    2.49    9.54   16.45    7.93    7.55   21.15   24.19   17.99   22.30   33.85   18.98   27.61    1.42    6.64    3.38    1.88    7.50    2.45    7.85    4.47    4.71    9.49    5.35    7.90    4.64    3.62   18.29   17.90   26.96   48.96  107.04    7.23    1.59    4.28    1.51    1.61    1.84    9.70    5.99   11.74
PSATPTP    -17.61  -54.83    2.72    2.45    0.89   18.12    7.42    8.73    0.36    0.06    0.55    1.76    1.74   21.72   15.46    8.28   32.08   11.79    6.21    6.58    3.68    8.94   10.06   12.91    2.85   15.63    3.14    2.02    1.65    4.43   19.34   20.57   14.01   15.75   12.93   50.31   11.51    8.26    0.39    0.34    0.95    0.17    0.12    0.54   12.17    8.52    8.52
PSATSTCL   -17.90  -40.20    2.49    0.58    0.72    9.97   40.05   41.50    0.22    0.39    0.12    0.20    0.02    0.06    0.15    3.12    0.03    0.00    0.00    0.31    0.09    1.16    3.11    1.83    2.44    0.05    0.00    0.00    8.36    1.83    0.47    2.17   26.56   33.12    0.59    2.29   26.70   12.50   13.73    0.12    2.25   22.54   15.48    2.01    0.13    0.23    0.94
PSATPDC    -12.58  -39.00    0.80    0.06    0.17    1.57    4.38   13.27   24.44   12.34    2.98    4.92    2.01    0.49    0.00    0.05    0.18    0.48    1.52    0.79    1.08    0.90    1.14    2.10    3.29    2.14    0.35    0.12    0.19    0.32    0.47    0.17    0.50    1.96    0.79    0.58    0.16    0.16    8.93    1.69   18.41   25.29    4.67    2.15    0.10    0.95    1.56
PSATROSA   -20.92  -41.72    3.85    2.96    2.52   23.43   19.41    7.69    1.46    0.09    0.03    0.01    0.00    0.86   20.57   25.97    9.26    1.24    3.35    0.73    1.98    4.26    9.29    0.92    1.32    2.03    0.10    0.08   29.55   48.34    9.30   18.23   25.18    5.79    2.75   18.46   82.82   36.13   51.54    1.19    0.01    0.02    1.40    1.53    0.05    0.40    0.63
PSATCAN    -20.21  -42.85    2.97    2.73    3.61   15.42   11.95    3.49    0.04    0.17    0.02    0.00    0.25    0.63   10.06   30.21    5.43    7.21    4.86    0.44    1.30    3.32    5.11    1.93    0.37    0.08    0.02    0.03   43.07   83.07    4.14    8.15    8.67    2.75   21.32   13.67   37.87   30.47  101.17    0.41    0.02    0.53    4.08    1.39    0.18    1.62    1.40
PSATSAC    -19.64  -42.85    2.62    4.97    2.09    3.13   16.41    1.06    0.00    0.24    0.11    0.01    0.24    0.75   14.85   14.68    8.19    3.98    2.70    0.06    0.52    2.02    9.32    0.55    0.33    0.07    0.01    0.10   63.47   68.18   14.96   17.36    4.48    8.74   22.16   17.59   32.17   48.24   70.64    0.03    0.01    0.38    6.06    3.23    0.19    0.32    0.99
PSATPES    -19.12  -42.66    2.83    3.51    1.90    5.56   30.05   21.80    0.10    0.26    0.16    0.03    0.09    0.77   12.45   16.09   12.26    1.08    0.29    0.13    0.07    0.33    6.50    0.57    0.91    0.15    0.11    0.04   30.12   43.12    8.96   41.16   11.46   15.88   20.60   21.70   28.84   41.87   14.46    0.07    0.03    0.18    4.30    1.49    0.36    0.39    1.29
PSATMAS    -19.50  -40.92    2.42    1.13    2.07   13.59   27.65   19.65    0.24    0.21    0.14    0.07    0.02    0.43   11.04   14.71    9.01    1.57    0.06    0.50    0.78    0.77    6.28    1.03    0.97    0.85    0.08    0.01   23.58   69.66   12.20   21.76   25.44   17.65    6.66   15.07   59.68   39.01   21.64    0.53    0.05    2.64    5.75    1.15    0.30    0.72    0.93
PSATSBR    -23.37  -45.87    0.86    0.87    6.59   16.34   19.15   10.89    0.17    0.00    0.00    0.00    9.96    5.84   38.68   16.17   15.20   12.95   31.31    8.00    6.04    8.74    4.51    6.62    1.14    0.13    0.07   14.24   11.35    3.41    3.30    6.56    5.26    2.43    4.87   52.41   54.47   56.17   20.77    0.57    0.11    1.17    1.56    0.34    8.45    9.58    4.05
PSATJAG    -23.20  -46.03    0.35    0.50    6.24   15.35   15.22    6.68    0.02    0.00    0.00    0.00   11.57    7.00   34.50   18.42   19.10   15.78   37.17   14.76    7.57    8.09    5.95    3.78    0.40    0.95    0.41    6.81    6.36    2.61    1.45    2.56    2.37    1.83   10.41   89.20   48.65   46.69   13.58    1.43    0.12    1.31    0.82    0.79   11.60    7.05    4.30
PSATFUNI   -22.53  -44.57    0.52    0.67    7.46   16.07   14.20    5.63    0.03    0.00    0.00    0.00    6.55    5.74   28.66   12.29   20.08   18.34   35.84    7.48    4.13    6.68    6.17    7.66    0.62    0.35    0.26    8.92   16.75    6.40    2.63    4.14    5.62    3.73   11.36   60.56   71.60   53.36   13.85    1.17    0.21    0.99    3.33    0.28    8.61   15.98    8.96
PSATSACE   -22.48  -43.84    2.86    3.80    5.98   24.62   39.20   12.07    0.23    0.05    0.00    0.00    0.55    1.23   23.83   12.98   15.33   10.61   25.03    1.58    0.98    3.78    6.70    7.92    0.13    0.02    0.23    3.70   16.48    6.06    3.17    9.95    6.38    4.65   17.43   36.10   44.95   43.64    7.48    0.12    0.03    2.85    6.07    0.14    5.22   19.41    9.66
PSATPIC    -21.91  -43.54    3.85    3.03    5.74   21.47   17.59    5.16    0.12    0.02    0.00    0.00    0.29    0.96   25.04   19.50   11.46    8.99   21.73    0.49    0.96    2.53    6.10    4.64    0.05    0.00    0.00    0.29    8.79    2.84    2.35   11.73   11.58    4.43   19.65   39.98   29.51   19.65   10.13    0.06    0.06    1.80    3.11    1.01   12.57   26.73    6.10
PSATSOGI   -21.94  -43.36    7.59    9.79    4.39   19.38   18.68    3.19    0.08    0.05    0.00    0.00    0.14    0.47   15.22   21.45    9.48    8.22   16.44    0.33    0.43    5.29    6.97    1.40    0.20    0.00    0.00    0.13   19.33    4.66    3.33   14.63   15.11    2.24   12.92   25.07   27.10   21.09   15.01    0.23    0.05    2.17    3.92    1.42   14.98   28.50    3.05
PSATIPSI   -21.84  -42.58    3.20    4.60    7.48   17.84   19.26    6.15    0.12    0.08    0.01    0.00    0.06    0.96   24.77   19.74   10.34   10.78   17.92    0.99    0.65    3.99    4.06    2.11    0.16    0.01    0.00    1.20   13.84    9.63    3.82    7.41    8.31    1.92    8.81   28.64   30.94   35.27   15.56    0.39    0.02    0.90    2.70    1.36    8.91   19.04    5.13
PSATTCLJ   -22.69  -43.83    2.39    0.92   10.32   15.74   50.03   19.46    0.29    0.00    0.00    0.00    0.00    0.79   24.99   10.18   13.52   14.22   24.93    2.12    0.93    6.88    3.13    4.84    0.03    0.00    0.00   10.03   16.72    4.62    3.54   16.97    2.32    1.01    3.72   33.81   35.28   61.92    7.60    0.00    0.00    2.08    0.49    0.00    1.34    4.39    2.35
PSATBIGU   -25.51  -53.67    0.28    6.83    7.43   25.74    1.37    0.15    0.04    0.00    0.02    8.09   45.28   14.69    0.00   11.68    7.57    0.19    0.64    3.71    0.58    0.59    0.20    1.30    1.44    0.54    7.39    6.61    1.02    0.73    0.15    0.11    0.18    0.08    1.07    0.28    0.97    0.24    0.83    0.17    0.40    0.00    1.26    1.57    8.22    0.79    1.18
PSATBRAU   -21.45  -42.41    2.90    7.24    3.91   18.02   26.45    5.45    0.06    0.18    0.02    0.00    0.13    0.21    4.54   30.40    8.26    5.83   11.86    0.89    1.22    5.29    4.36    1.93    1.17    0.02    0.00    0.07   31.99   29.41    2.52   12.08    6.61    0.98   12.41   16.19   35.95   27.19   49.84    0.66    0.02    0.74    2.33    1.68    3.31   10.75    2.04
PSATSUIC   -20.08  -40.58    4.61    0.15    0.28   18.67   37.89    2.43    0.60    0.46    0.34    0.13    0.01    0.00    7.05   14.95    6.33    0.00    0.00    3.23    0.09    0.92    3.51    1.82    1.68    0.92    0.17    0.00    9.77   38.56   12.80   39.44   26.02    7.78    2.20    5.37   43.00   50.54   20.08    0.43    0.00    3.88    4.88    1.74    0.15    1.25    0.73
PSATJRI     -9.30  -64.70    9.63    8.65    3.13    5.56   12.32    1.04    2.72    2.79    1.21    4.60    8.79   11.90   19.60    1.56    3.54   34.23   26.50    8.76    5.55    1.90    1.88    2.07    8.49   12.36   15.43   19.41    9.17   17.70   15.83   10.65    6.15    4.03   21.23   14.08    8.11    7.74    0.32    2.12   20.61   10.60    8.26   14.96   13.32   10.87    8.33
PSATBENI   -14.59  -67.53    8.02    3.50    8.13    5.04    8.39    5.70    5.98    2.52    0.90    3.91   16.21   13.99   11.22    1.47    4.30   10.94    3.86    0.80    1.24    1.11    3.61    5.74   34.34   60.01   30.31    8.74    4.08    9.42   10.20   11.27    8.38   20.25   11.78    7.69    8.35    5.95    1.05    9.29   12.41   11.92    2.87   13.17    7.52    7.53    5.81
PSATEPB    -12.42  -64.42    9.88    4.12    7.20    8.54    8.92    2.26    3.02    3.53    0.95    6.39   17.11   20.67   18.82    5.16   15.89   19.93    4.94    4.90    8.36    2.06    3.04    4.67    9.48    6.25    9.23   15.00    4.75   11.18    8.66    4.98    2.19   10.12   23.02   42.40   35.49    3.70    6.77    7.86   14.00    3.61    1.93    4.93    7.19    6.47    3.07
PSATEGM    -10.79  -64.35   11.19    6.95    4.52   10.30    8.87    3.47    2.27    2.98    1.37    7.14   15.88   20.50   11.70    4.85   12.37   13.92    6.43    4.53    3.38    1.34    3.25    7.65   18.64   24.02   17.73   11.97    5.23   12.77   11.14    7.06    6.05   17.37   14.18   14.85    6.86    5.43    1.75    5.87   14.90    8.22    2.63    9.28    9.63    5.79    3.78
PSATSTOA    -8.79  -63.95    5.62   12.15    8.14    9.99   13.07    0.87    4.59   10.70    2.56   11.53   12.01   33.03   17.40    2.62    0.53   28.12   32.66   24.07    3.47    3.16    8.14    1.73    4.21    2.54    0.05   18.75    8.34   16.56   17.74    7.78    6.98    7.53   11.24   15.56   16.25   13.47    2.39   11.20    7.58   17.00   11.12    8.52    9.29   11.82   10.33
PSATENC     -9.90  -66.62    3.22   11.58    2.97    5.81   10.16    0.50    3.33    2.41    0.44    5.78    3.18    8.26   13.71    0.82    7.95   33.13   22.23   20.83   14.11    1.13    0.66    3.09    9.23    8.90   33.69   15.82    9.80   26.47   16.71   10.60   12.19    1.89   13.17   14.71    2.00    8.00    0.07    0.94    9.51    7.12    4.43   16.06   10.99   14.52    3.55
PSATAMY1   -11.71  -70.63   18.77   12.26   15.56    6.34   12.25    2.98    2.83    1.12    1.18   11.67    3.80    2.49    1.42    0.27    2.78   42.10   18.80    0.01    3.76    3.61    1.27    0.06    4.97   12.33   11.91   27.41   17.95   16.50   22.89    6.29    5.81    4.18   28.14    9.05   23.80    1.58    0.08    0.13    9.27    6.81    2.52   10.74   14.35   17.22    6.45
PSATAMY2   -12.37  -71.17   17.81   10.14   19.72   10.73    7.89    8.15    5.41    4.47    5.01   14.28   11.33    8.76    7.13    2.36    4.89   37.87   28.52    0.65    2.74    2.88    2.66    1.85   23.25   16.85   16.96   29.94   14.22   15.86   23.46    6.42   12.56    8.49   24.06   18.76   22.57    4.75    0.63    2.08    8.53    6.30    7.14    8.56   10.42   16.78    9.29
PSATAMY3   -13.75  -70.18    9.22    5.16   16.98    4.32    6.01    6.27    3.71    4.95    4.84    9.33   16.91   15.44   19.30    7.13   10.12   35.02   22.25    4.42    3.99    2.70    4.04    2.55   17.20   12.37   20.07   33.38   15.19   13.08   11.22    4.68   13.38   12.70   28.93   12.14    9.03    3.40    0.88    6.46    8.66   10.18    6.37   12.21    6.92   13.95   10.20
PSATAMY4   -13.45  -69.47    9.97    2.45    9.80    2.94    8.31    2.77    2.42    3.25    1.15    4.52    4.30    8.66    6.25    1.42    3.68   23.46    7.07    1.18    2.13    6.51    2.47    1.56   14.12   11.47   16.46   13.78    6.82    7.78   10.64   12.07   10.54    8.83   14.16    8.48   13.02    3.17    0.39    2.15   11.64   16.90    6.74   20.71   16.43   15.23   11.16
PSATJRN    -13.37  -59.01   11.79    1.97    7.37   15.35   25.82    8.76    2.41   11.23    3.96    5.29   11.92   16.38   19.78    6.41   10.06   11.54   18.97   10.01    4.81    1.87    4.62    5.88   13.46    2.30    7.80   12.24    8.93   16.69    4.94    2.31    2.86    1.65   32.65   60.84   53.33    3.80    0.84    3.75    4.55    2.90    1.45    5.23    6.87   17.55    5.37
