PSATAGV    -19.89  -50.35    1.59    2.05   12.27   22.44    1.55    0.20    0.01    0.00    0.00    0.00    0.01    0.48    0.44    1.63    0.00    0.05    0.00    0.05    0.58    0.06    6.08    8.68   14.91   21.67    6.30    8.56    6.94    0.45    0.40    0.59    1.96    4.63   12.18   32.16   27.42   30.93  148.60   46.72    2.20    2.42    2.89    3.53    3.66    4.00    5.53
PSATCMG    -21.28  -44.63    1.20    1.29    4.06   37.13   26.12    1.10    0.02    0.03    0.01    0.00    0.00    0.01    0.32    1.95    0.49    0.09    1.50    0.00    0.03    0.19    0.18   13.90   18.41   19.81   18.05   12.95   11.69    0.05    0.54    1.09    1.79    2.86    7.80   31.76   35.29   32.93   14.51    4.03    2.68    4.75    4.71    5.12    2.01    3.33   12.66
PSATCES    -20.25  -48.16    0.27    5.84    7.24   28.42   22.78    0.39    0.00    0.00    0.00    0.00    0.00    0.00    0.15    5.57    0.11    0.00    0.00    1.19    0.96    0.06    0.28   11.54   27.05   11.87    7.89   10.56    3.19    0.67    0.31    0.14    0.39    2.56   14.34   35.13   22.25   17.96   41.63    5.32    7.31    2.14    1.05    2.20    3.72    6.14    5.60
PSATELC    -21.60  -46.95    0.30    2.61    4.22   33.40   26.45    0.29    0.00    0.00    0.00    0.00    0.00    0.00    0.41    2.80    0.22    0.46    0.05    1.66    1.74    0.26    0.42   10.00   28.93   18.76   11.29   12.01   14.52    0.73    0.19    0.20    0.20    3.36   11.76   48.41   35.17   49.41   18.72    6.54    2.10    2.81    3.51    4.49    4.83    3.86    8.01
PSATFUN    -21.14  -45.04    1.34    2.91    3.25   30.81   29.82    0.48    0.07    0.01    0.00    0.00    0.00    0.00    0.08    0.57    0.12    0.00    0.46    0.00    0.00    0.06    0.01    6.89   16.85   15.06   18.41   20.20   10.48    0.08    0.39    0.38    1.27    3.22   11.84   23.13   27.64   17.40    8.75    3.83    2.20    1.20    2.53    4.58    1.86    2.56   10.57
PSATFUR    -20.67  -46.32    0.90    4.14    5.04   29.17   31.77    0.29    0.00    0.00    0.00    0.00    0.00    0.00    0.30    0.88    0.18    0.04    0.25    0.18    0.28    0.22    0.05    8.83   18.07   15.76   15.71   13.62    8.77    1.62    0.34    0.48    0.83    3.64   13.38   34.45   30.45   27.57   15.89    4.57    2.45    2.52    3.17    4.27    3.40    3.95   10.58
PSATMRB    -20.30  -49.18    0.59    4.38   13.06   30.45    7.71    0.29    0.00    0.00    0.00    0.00    0.00    0.03    0.84    5.14    0.04    0.09    0.00    0.64    0.62    0.06    4.50   11.50   20.66   18.17    8.44    9.50    5.05    0.34    0.15    0.12    0.44    4.06   12.97   38.94   26.73   25.15   53.27    8.79    3.85    2.00    1.90    2.96    4.18    4.63    6.56
PSATPRG    -21.59  -45.67    0.62    1.79    5.80   26.62   19.69    0.25    0.00    0.00    0.00    0.00    0.00    0.00    0.45    2.88    2.04    0.46    0.75    1.16    0.70    0.59    0.11    8.11   20.29   20.83   10.02    9.48    8.28    0.10    0.06    0.21    0.79    4.69    9.83   36.49   54.08   66.21   24.18    2.10    5.47    2.05    4.02    4.71    3.74    4.27    9.96
PSATPAS    -21.02  -48.18    0.08    1.32   15.79   37.07    3.47    0.05    0.00    0.00    0.00    0.00    0.00    0.02    0.75   13.08    0.98    0.91    0.17    4.69    1.22    0.05    4.84    3.21   21.51   19.89    8.94    9.29    5.86    0.02    0.04    0.03    0.17    1.74   11.84   37.14   44.99   34.69   22.61    4.91    1.45    1.48    3.87    3.42    3.80    4.74    7.75
PSATPTB    -21.61  -45.49    1.01    2.98    4.14   29.12   21.01    0.56    0.00    0.00    0.00    0.00    0.00    0.00    0.26    1.21    0.61    0.09    1.71    0.35    0.16    0.44    0.03    4.33   13.19   18.14   22.56   11.87    6.67    0.16    0.09    0.48    1.16    3.85   11.25   33.97   52.42   45.85   25.32    1.66    3.47    2.28    2.27    6.32    1.72    2.68    9.10
PSATPTC    -20.00  -48.55    2.17    5.12    5.15   22.72   20.46    0.23    0.04    0.00    0.00    0.00    0.00    0.00    0.11    2.26    0.11    0.00    0.00    0.69    0.12    0.02    0.05   12.92   21.46   14.32   11.85   12.51    8.02    1.86    0.38    0.36    0.51    2.60   15.35   24.46   24.40   15.09   28.08    4.60   13.17    8.43    1.57    3.52    4.60    4.95    5.43
PSATFZA    -26.00  -51.65    2.32    7.07    5.36    2.39    1.95    0.30    0.08    0.00    0.00    0.00    1.99    6.31   18.86   18.95    2.24    9.41    4.88    3.18   21.27    7.68    3.86    2.15    1.11    4.74    6.55    2.63    0.79    0.03    0.05    0.00    0.32   13.40   13.96   20.00    0.11    0.14    0.40    1.02    1.43    5.15    2.50    3.36    3.60    7.86   16.72
PSATJSG    -25.78  -52.00    1.49    2.14    4.08    7.48    0.83    0.04    0.02    0.00    0.00    0.00    4.12   10.24   12.52   22.47    2.38   11.63    4.30    3.05   21.09   12.05    3.53    1.77    1.89    2.01    6.10    2.10    1.39    0.01    0.01    0.00    0.12   14.09   12.46    8.91    0.03    0.07    0.16    0.65    1.36    3.58    1.71    2.82    5.76    9.44   10.48
PSATSCX    -25.53  -53.48    0.11    0.48    5.86   16.36    1.10    0.03    0.00    0.00    0.00    0.02   11.44   18.05   24.34   24.54    1.92   10.20    6.28    2.32   15.52   10.82    3.41    1.36    1.19    1.21    1.77    2.70    1.56    0.03    0.00    0.00    0.12    8.89    9.78    8.91    0.05    0.10    0.12    0.60    1.22    2.04    2.24    3.71   12.43   11.75    7.85
PSATSCL    -25.49  -51.74    0.75    2.01   10.29    2.26    1.69    0.04    0.00    0.00    0.00    0.00    2.56    8.27   23.33   23.54    2.28    8.26    6.14    6.07   19.04    9.64    4.20    8.51    1.32    2.22    2.69    3.77    1.74    0.00    0.00    0.00    0.10    8.36    8.41   12.30    0.27    0.66    0.73    1.71    1.88    1.77    1.89    2.56    5.28   11.96   11.20
PSATUVT    -26.23  -51.08    1.39    4.74   16.17    3.52    3.38    1.30    0.22    0.03    0.00    0.00    0.51   12.00    5.32   13.87    6.07    7.41    4.36   10.27   26.25    9.56    4.07    4.31    1.13    5.44    3.04    2.32    0.84    0.25    0.07    0.04    0.33    6.11   22.74    5.16    1.60    0.90    0.56    1.53    1.37    2.93    3.45    3.31    5.64   13.08   13.51
PSATBSM    -24.19  -53.74    0.04    0.15    6.31   25.26    1.51    0.05    0.00    0.00    0.00    0.00    9.23   20.07   25.12   11.59    3.02    8.15    2.02    7.34   12.41    7.40    4.13    3.11    3.07    1.85    1.11    2.64    2.93    0.03    0.00    0.00    1.07    8.95    8.75   13.41    1.04    0.53    0.28    1.21    1.11    1.73    2.30    2.46    9.32   13.25   10.63
PSATFLE    -22.97  -54.56    0.02    0.43    2.43   18.01    2.47    0.08    0.00    0.00    0.02    0.52    6.58   15.35    3.69   20.04    2.86    4.02    2.55   17.52    7.68    4.68   20.32    9.61    8.80    3.99    2.03   18.09    2.79    0.00    0.00    0.00    0.07    7.66    7.83   10.09    2.41    0.43    0.08    0.50    0.34    0.96    1.33    0.77   21.33   15.44   20.82
PSATITP    -25.42  -54.58    0.01    4.48    6.68   13.64    0.44    0.03    0.00    0.00    0.00    0.30   17.61   23.73   22.63   11.04    2.56    5.11    1.81   10.10    6.24    5.21    9.77    6.11    5.11    2.13    2.35    7.55    1.63    0.03    0.00    0.00    0.41    7.70   10.19   10.76    2.20    0.41    0.16    0.46    1.19    1.15    1.85    0.75   11.08   10.58   10.82
PSATIVM    -22.38  -53.53    0.10   11.16    8.29   19.75    7.04    0.13    0.00    0.00    0.13    0.51    1.03    5.60   13.17   17.42    2.13    1.19    0.43   15.04    3.21    4.68    9.30   15.80    9.92    5.63    2.16    9.40    2.71    0.00    0.00    0.00    0.25    5.33    7.21    9.83    2.66    0.73    0.34    0.38    1.18    1.53    7.49    1.25   15.27    5.79   13.39
PSATPTQ    -23.18  -53.17    0.09    0.16   10.13   11.19    1.13    0.01    0.00    0.00    0.00    0.00    1.74   14.82   20.00    9.78    2.75    6.96    0.71    3.95   14.38    5.06    3.48    9.54    4.59    2.14    1.71    3.61    2.04    0.00    0.00    0.00    0.35    8.60   12.88   11.79    3.40    0.72    0.49    1.01    0.75    1.43    3.06    2.14   10.09   12.05    8.88
PSATCBI    -17.99  -48.54    5.06    9.33    3.31    5.79   13.66    7.61    1.74    0.11    0.03    0.03    0.50    1.00    2.35    0.04    0.01    0.15    0.18    0.00    0.00    0.00    0.31    9.47    8.92   11.66    9.61   10.79   11.37   25.86   21.19    9.63    6.53   15.05   16.48   16.19    7.15   12.89   17.50   27.47   28.36    5.49    6.25    7.53    7.85    6.76    9.97
PSATCBIV   -16.15  -48.67    4.79    8.28    3.98    3.91   10.61   20.63    2.98    0.24    0.02    0.11    0.41    0.70    6.27    0.01    0.00    0.10    0.14    0.00    0.00    0.00    0.33   10.59    4.96   13.77    6.12    5.28    3.08   13.68   33.48   12.51    5.91   11.06    8.88   11.47    6.64    8.50   23.96   22.64   19.79    9.69    5.15    9.17    9.79    8.12    6.56
PSATEMB    -18.45  -47.98   10.01    4.07    1.42    6.64    8.71    0.19    0.44    0.08    0.18    0.07    0.01    0.16    2.87    0.27    0.00    0.00    0.00    0.00    0.00    0.00    0.02    2.07   13.90   16.99   12.56   11.23   15.61    7.55    1.93    1.19    2.20    7.63   24.80   26.96   16.06   12.73   11.33   10.37   12.33    3.94    2.80    5.37    3.80    5.35   10.04
PSATIMBR   -18.42  -49.10    9.43    5.87    1.24    5.90   16.60    0.50    0.23    0.04    0.02    0.01    0.07    0.05    1.05    0.26    0.00    0.04    0.15    0.03    0.01    0.00    0.04   10.40   13.51   15.89   11.04   13.96   19.43   21.50    5.46    3.31    4.51    9.09   21.00   24.71   16.86   17.81   17.79   24.90   26.38    4.95    6.42    6.34    4.84    4.23    7.58
PSATNPTE   -19.13  -47.70   10.36    2.89    0.99   12.68   15.63    0.07    0.04    0.01    0.07    0.03    0.00    0.01    1.42    0.86    0.03    0.00    0.00    0.12    0.00    0.00    0.01    7.74   18.60   19.37    8.84    9.65   11.18    2.51    0.93    0.69    1.29    4.87   13.46   24.31   22.97   10.11   10.62    6.71   10.94    6.05    3.12    7.10    3.61    5.04    8.16
PSATARV    -18.07  -50.16    0.75    5.43    2.19    5.48   16.79    2.79    0.31    0.07    0.01    0.24    1.13    1.06    0.87    0.65    0.02    0.06    1.44    0.00    0.04    0.01    0.21    8.90    6.63   14.72    5.63   10.19   11.62   21.53   11.66    4.76    4.63    6.28   10.58   14.94   14.68   32.73   24.76   16.82   13.50   12.97    8.54    6.72    7.48    5.88    7.16
PSATSFC    -18.05  -47.68    4.48    5.25    2.52    6.97   10.00    8.21    0.83    0.32    0.19    0.08    0.21    1.29    2.59    0.04    0.00    0.29    0.00    0.00    0.00    0.00    0.09    1.76   11.31   12.74   13.65   17.14   10.94   26.49   18.66   10.90    3.28    9.28   17.01   18.94    6.85   14.19   12.33   19.87   15.11    4.34    4.96    5.35    6.58    8.79   10.48
PSATSSM    -19.02  -50.50    6.04    6.82    1.68   11.04   10.08    1.03    0.17    0.02    0.00    0.01    0.27    0.18    0.76    0.24    0.00    0.07    0.65    0.02    0.05    0.00    0.06   12.33   10.77   17.42    9.55   10.34   12.41   12.55    3.42    3.87    4.32    6.75   15.55   19.57   17.05   26.86   31.24   16.92   12.38   10.48    5.68    5.59    5.24    4.28    5.77
PSATCNI    -22.94  -50.52    0.01    0.30   10.28   15.43    0.09    0.00    0.00    0.00    0.00    0.00    0.01   18.23    4.10    6.99    0.63    0.19    0.43    1.48   29.00    2.84    7.15   10.38   11.94    3.52    4.39    3.93    0.49    0.00    0.04    0.04    0.15    3.74   18.14   18.28    8.25    3.26    6.48    7.62    1.06    1.22    0.98    4.58    3.08    4.35    5.21
PSATCPV    -22.65  -51.33    0.00    0.24    9.91    4.78    0.60    0.02    0.00    0.00    0.00    0.00    0.43   13.56   12.08    3.77    3.40    1.00    0.68    0.86   19.12    4.67    4.77    9.62    7.98    3.11    3.14    3.45    2.26    0.00    0.00    0.00    0.26    6.95   12.89    8.37    2.18    1.05    2.17    2.64    1.24    1.98    2.14    2.09    4.48    6.76    7.47
PSATCHT    -23.01  -49.73    0.00    0.02   16.09    9.83    0.10    0.23    0.00    0.00    0.00    0.00    0.00   10.78   13.31    5.71    2.22    0.67    0.66    4.34   16.11    4.17    7.91    4.77    5.81    4.83    2.88    3.12    0.12    0.02    0.01    0.01    0.07    4.55   15.48    9.43    9.44    4.45    3.17    2.68    1.69    2.50    2.81    3.93    2.08    7.04    7.26
PSATJUR    -23.22  -49.23    0.01    0.02   21.09    9.82    0.79    0.92    0.08    0.00    0.00    0.00    0.00   15.49    7.11    6.26    4.76    0.19    1.11    6.89    8.45    2.93   10.57    7.69    8.28    6.78    5.48    5.57    0.61    0.17    0.07    0.01    0.15    3.17   23.61   12.07    7.87    5.97    5.57    3.04    0.76    1.46    1.93    4.14    2.77    6.07    9.12
PSATMAU    -24.06  -50.71    0.06    0.19   16.48    1.62    1.56    0.15    0.01    0.00    0.00    0.00    0.22    6.71   10.93   14.37    3.49    6.02    1.26    6.35   27.76    4.85    3.72    5.93    0.81    5.09    2.21    2.02    1.66    0.01    0.01    0.00    0.09    6.37   20.36    5.54    4.16    3.78    0.62    1.75    1.52    2.31    1.88    2.34    4.34    8.87   11.53
PSATROS    -22.50  -52.87    0.00    0.09   12.55   11.44    0.68    0.00    0.00    0.00    0.00    0.01    1.07   14.49   19.05    2.54    2.87    0.67    0.63    1.38    6.27    3.92    3.14   15.37   13.39    3.75    3.01    4.03    1.48    0.00    0.00    0.00    0.74    6.24   11.86   10.12    6.12    0.57    2.97    0.86    1.07    1.68    3.49    1.00    4.90    9.19    8.31
PSATQMD    -16.21  -47.33    4.98    4.39    4.47    2.87    3.68   22.21    1.34    0.37    0.23    0.13    3.80    3.47    1.98    0.00    0.02    0.21    0.08    0.00    0.00    0.00    0.58    2.13    2.97    7.41   10.38   12.06    7.69   15.94   33.26   20.13    7.38    3.81   11.80   14.97    6.50   17.20   15.32   14.19   10.48    2.67    4.82    6.70    5.75    6.09    5.17
PSATRBX    -18.95  -44.76    1.66    2.12    2.22   18.11   31.65    0.29    0.02    0.01    0.00    0.00    0.00    0.07    0.82    0.37    0.02    0.00    0.00    0.00    0.00    0.00    0.01    1.21   12.55   11.52   16.42   21.77   22.64    1.84    0.43    0.47    2.68    5.90   14.09   22.55   11.79   13.89    6.46    4.30    2.96    1.08    2.08    4.89    2.35    3.68   11.67
PSATSFR    -15.93  -44.86    3.71    6.37    1.07    4.74   16.50   23.21    0.68    0.49    0.12    0.25    4.03    2.38    1.18    0.02    0.16    0.54    0.07    0.00    0.02    0.02    0.10    0.20    0.80   17.42   14.19   17.56   20.98   28.68   41.98   10.69    8.91   17.59   21.48   12.54    5.02   22.02   16.10   11.59    3.01    3.90    5.88    8.16    4.05    4.87    7.50
PSATSRM    -16.37  -45.07    4.79    3.19    1.69   12.56   19.46    4.72    0.45    0.07    0.06    0.04    0.21    0.84    1.54    0.19    0.06    0.47    0.02    0.00    0.00    0.01    0.02    0.38    2.81   17.48   18.16   15.06   26.50   29.15    6.60    6.00    4.89   11.38   21.48   17.77    6.29   13.65    7.64    6.05    3.72    2.63    3.74    5.70    3.98    4.00    8.47
PSATTMR    -18.16  -45.27    5.22    4.37    2.17   23.68   16.03    0.07    0.01    0.00    0.00    0.00    0.00    0.06    2.62    0.37    0.02    0.00    0.00    0.00    0.00    0.00    0.01    4.64   11.08   11.83   17.76   15.80   20.91    3.14    0.49    0.56    1.74    8.42   18.50   33.50   18.78   17.67    9.72    4.36    2.84    3.31    3.87    5.38    4.39    4.96   13.60
PSATBOQ    -11.35  -43.83    2.68    0.39    0.72    2.79    4.20    6.64   10.40   14.50    3.15    2.12    3.13    1.03    0.24    0.00    0.01    0.47    0.16    0.24    1.66    5.50    0.43    0.98    1.31    6.70    9.68   10.60    2.38   26.45   17.00   21.06   15.34    0.36    6.20    3.96   12.51   10.83    7.57    5.36    2.50    4.72    8.84   11.97    6.68    4.61   13.84
PSATBBO    -22.52  -48.55    0.05    0.17   13.57   15.49    0.90    0.21    0.01    0.00    0.00    0.00    0.00    0.81    4.36   13.61    4.90    0.53    0.94    4.54    6.87    1.59    3.02    7.80   17.96   13.52    7.49    6.26    1.62    0.05    0.02    0.03    0.03    0.81   13.13   28.72   40.51   27.55   18.41    3.94    1.87    2.18    3.07    4.62    3.95    5.10    8.00
PSATESZ    -23.46  -46.91    0.22    0.04    7.70   10.41    5.81    1.91    0.41    0.00    0.00    0.00    0.00    1.65    5.51   10.91    6.24    0.84    2.40    1.96    1.59    7.21    1.31    3.98   21.29   14.04   10.43    8.46    9.52    1.57    0.84    0.17    0.20    1.60   12.78   49.44   62.31   35.36   22.15    4.41    1.79    4.82    2.54    4.37    0.77    6.42    9.22
PSATIBT    -21.76  -48.99    0.03    0.33   23.16   19.71    0.24    0.00    0.00    0.00    0.00    0.00    0.00    2.95    1.46   12.68    0.05    0.19    0.25    1.45   12.26    1.05    2.17    4.87   22.56   13.78    5.08    5.58    2.70    0.00    0.01    0.07    0.18    1.18   11.02   28.13   48.09   16.26   19.33   10.65    0.92    1.24    0.92    4.52    3.48    3.61    7.90
PSATNAV    -21.12  -50.20    0.11    0.44   40.92   21.32    0.46    0.06    0.00    0.00    0.00    0.00    0.02    0.64    0.14    6.28    0.00    0.15    0.07    0.32    1.03    2.89    2.66    6.27   18.01   13.38    4.54    6.74    5.07    0.01    0.05    0.07    1.05    3.70   12.80   31.82   35.17   16.87   39.77   18.60    1.55    0.95    1.87    4.33    2.36    2.76    7.63
PSATSME    -13.40  -48.30    2.61    9.75    4.25    3.98    8.44   19.60    6.31    0.65    0.22    0.47    5.33    6.13    6.49    0.26    0.00    0.20    0.81    0.00    0.01    0.01    1.08   12.10    6.91   14.29   12.08   11.77    3.96   18.57   21.36   15.53    8.64   13.70   13.01   18.52    8.05   13.23   22.62   27.78   14.66    6.67    7.69   12.15    6.30    7.80    8.16
PSATBGR    -27.78  -51.20   12.95   29.86   15.46    2.17    3.03    1.31    0.05    0.00    0.00    0.16   20.12   15.18   14.98   27.71    5.81   23.65   10.68   13.68   19.66   10.69    6.48    0.79    0.42    3.42    4.91    5.59    0.15    0.09    0.04    0.16    8.79   15.05   11.47    0.00    0.22    0.44    0.14    0.14    0.15    1.44    8.63    9.29   14.93    8.37    6.28
PSATCNV    -27.60  -51.33    8.84   32.86   14.16    1.94    2.79    1.62    0.31    0.04    0.00    0.03   13.13   16.12    5.65   23.50    7.75   19.87    7.10   11.60   23.75   10.70    4.14    0.55    0.94    4.63    3.56    3.31    0.33    0.18    0.09    0.08    4.49   13.99   11.48    0.02    0.06    0.29    0.30    0.40    0.50    1.51    8.03    5.07   10.62   11.08    9.19
PSATFCH    -27.14  -53.04    0.17    6.87   18.37    2.48    0.18    0.00    0.00    0.00    0.00    0.29   33.26    5.15   48.95   16.33    1.64   39.36    7.29    6.32    5.58   14.57    6.39    0.24    0.07    0.98    3.65    3.15    0.00    0.01    0.00    0.00    0.11   33.49    6.06    0.00    0.00    0.00    0.00    0.00    0.72    3.05    1.11    3.40   30.35   12.66    4.79
PSATITA    -27.27  -52.38    1.71   22.91   12.64    3.39    0.86    0.18    0.03    0.00    0.00    0.59   20.32    8.88   21.37   22.43    6.59   20.29   10.11    7.23   18.26   18.15    6.88    0.44    0.29    3.83    2.74    3.41    0.47    0.00    0.01    0.02    1.41   18.68    7.09    0.07    0.01    0.03    0.05    0.12    0.76    2.01    3.27    4.60   13.22   11.40   11.44
PSATMCD    -27.52  -51.78    3.72   22.21   10.29    2.96    0.50    0.02    0.00    0.00    0.00    0.97   34.32    4.94   25.73    9.93    1.86   26.06   19.13    6.98    4.61   19.80    6.26    0.42    0.02    1.63    2.99    3.78    0.03    0.00    0.00    0.00    0.66   30.26    4.79    0.00    0.00    0.00    0.00    0.00    0.47    1.11    3.16    6.82   18.92    9.55    5.40
PSATMOJ    -27.35  -52.73    3.73   14.32   12.39    1.93    0.10    0.00    0.00    0.00    0.00    5.10   52.37    2.11   50.99   21.44    0.70   40.25    9.58    3.51    7.41   13.89    6.07    0.11    0.03    1.30    3.81    3.60    0.00    0.00    0.00    0.00    0.76   13.40    3.77    0.00    0.00    0.00    0.00    0.00    0.44    1.63    1.19    3.89   28.63   10.59    4.17
PSATQQX    -26.66  -52.54    1.22    6.64   10.52    9.50    1.44    0.02    0.00    0.00    0.00    0.00    6.04    5.89   14.34   23.83    2.62   10.76    6.38    4.81   17.64   14.78    4.83    0.90    0.99    2.48    4.07    3.52    1.46    0.00    0.00    0.00    0.13   11.02   12.62    1.91    0.00    0.00    0.00    0.02    1.62    2.75    2.41    3.08    7.75   10.64   11.18
PSATPSJ    -28.14  -55.05   19.00   15.03    1.90    0.02    0.08    0.00    0.00    0.00    0.00   28.57   51.71    0.11   41.03    5.21   23.94   80.72    4.61    3.85    1.51   14.97    1.45    0.04    0.02    0.16   12.17    4.41    0.00    0.00    0.00    0.00    0.33    9.08    2.24    0.00    0.00    0.00    0.00    0.00    0.11    0.03    2.32    9.67   26.24    8.79    3.02
PSATESP    -18.68  -51.87    2.80    4.92    1.69    4.95    4.26    1.01    0.00    0.10    0.08    0.08    2.50    8.04    6.62    0.72    0.70    0.05    1.63    0.00    0.06    0.75    0.11    9.96    6.07    6.13    3.05    9.40   18.02    7.14    1.33    2.09    2.18    7.90    6.65   15.62    8.94   30.00    5.58    4.91    3.66    5.55    5.28    4.18    0.89    4.18   13.64
PSATSRC    -19.16  -50.76    4.80    7.48    2.37    8.78    5.01    0.69    0.03    0.04    0.03    0.07    1.18    6.29    3.09    0.96    0.70    0.03    0.96    0.00    0.22    0.28    0.31    9.90    7.18    8.11    5.82   10.76   11.73    8.41    1.89    2.38    2.80    6.48   12.45   17.28   11.13   52.91   33.25    6.39    3.80    5.70    6.65    5.12    6.13    5.27    8.63
PSATFRCL   -19.12  -50.64    5.10    7.42    2.51    6.10    8.77    1.23    0.19    0.02    0.01    0.08    1.37    4.38    1.37    0.91    0.41    0.00    1.23    0.00    0.35    0.11    0.23    8.26   10.01    9.10    7.55    8.96   15.91   13.26    5.34    2.89    4.35    6.69   11.26   16.49   11.69   84.32   42.65   16.01    7.13    6.86    7.43    5.42    5.92    4.70    8.30
PSATISOT   -20.40  -51.35    1.77    8.45   10.94   11.87    1.87    0.09    0.00    0.01    0.00    0.00    0.32    2.00    1.82    2.00    2.28    0.06    0.29    0.12    0.46    4.54    5.85   16.00   13.41   10.59    5.00    6.30    8.89    0.58    0.51    1.13    2.38    5.21   12.54   29.10   31.76   29.15   57.49   12.63    2.90    2.50    3.60    3.94    3.44    3.08    7.64
PSATJUP    -20.86  -51.63    7.53   12.58    3.15    7.70    2.94    0.16    0.00    0.00    0.01    0.08    0.48    3.29   12.73    5.64   10.46    0.01    0.46    0.09    2.99    2.47    2.71   13.58   10.00    7.13    3.85    7.45   10.08    0.81    0.44    0.33    3.12    7.59   10.44   24.70   34.67   25.60    8.25    2.13    3.68    2.41    5.38    4.18    3.44    5.90   10.59
PSATSDG    -20.06  -53.18   13.48    6.29    2.73   12.37    4.12    0.16    0.00    0.00    0.02    0.30    0.15    4.27   13.92   25.54    4.66    0.03    0.49    0.10    5.71    3.49    0.41   15.03   11.74    4.91    3.76    6.22    8.14    0.43    0.20    0.20    1.83    7.56   10.80   29.30   22.28    8.10    3.48    0.84    3.45    1.88    2.37    3.64    0.22    6.37   10.61
PSATFZBT   -21.66  -52.87    1.73   16.00    9.05   15.61    9.93    0.04    0.00    0.00    0.02    0.42    0.11   11.81   38.58   15.78    3.13    0.28    0.17    5.18    3.13    6.46    8.57   13.91    7.47   12.36    2.29    6.46    4.47    0.02    0.02    0.03    0.51    6.48   10.49   13.66    9.53    1.11    2.00    0.72    1.96    2.12    5.68    1.34    5.23    5.96    9.66
PSATPPRA   -22.46  -52.91    0.35    8.17   14.37   14.15    0.87    0.00    0.00    0.00    0.00    0.02    0.32    5.29   21.63    3.17    5.10    0.11    0.14    3.23    7.93    5.18    4.35   15.39   15.17    6.17    3.90    4.64    3.49    0.00    0.01    0.04    1.18    5.22   10.37   15.40   11.14    2.45    6.60    4.36    2.64    1.53    3.86    1.75    2.95    7.33   10.07
PSATBTE    -13.69  -50.80    0.59    6.73    3.42    9.39   12.51   18.10    2.23    1.64    1.46    2.09    1.17    2.43    5.69    4.46    1.32    0.00    1.73    0.04    0.04    0.12    0.55    9.60   14.31   12.93    8.22    9.22    9.22   22.42   19.72   11.31    6.23   11.38   14.92   20.40   17.11   34.35   16.86   17.92   14.62   10.04    6.68    8.36    1.56    4.69   10.21
PSATARAG    -8.27  -49.26    5.09    8.69    2.45    7.41    6.33   10.61    5.51    8.59    5.65    7.72    1.06    0.91    3.86    1.94    0.96    0.36    0.71    1.99    4.44    3.69    5.32   18.78   15.28   17.83   16.79   14.40   12.40   16.12   14.00   20.30   19.54   15.33   19.18   16.74   16.66   22.69   22.89   22.03   17.95   11.11   10.03    8.11    6.04   10.81   20.20
PSATLAJ     -9.76  -48.37    3.41    5.39    2.63    5.35    4.12   12.47   10.98    5.06    1.73    6.67    6.77    2.27    2.76    0.01    0.01    0.08    0.25    0.11    0.17    3.46    2.44    9.44    7.31   13.25   11.20   14.05   13.41   14.14   18.29   21.22   19.79   12.35   16.44    9.72   17.50   18.20   27.77   21.65   11.65    5.26    9.75    9.92   10.19   10.36   15.51
PSATPTRL    -9.31  -47.39    1.18    4.14    1.05    7.09    9.66    9.63    7.18   13.59    2.51    2.22    0.33    0.12    0.28    0.09    0.17    0.54    0.29    0.41    3.72    2.36    4.86    9.17    4.11   10.96    7.20   11.16    8.30   19.69    6.20    8.25   20.14    8.98    7.61    9.18   18.42   24.40   23.50   22.84   10.60    5.20   12.83    5.57    9.73    7.29   25.64
PSATLJET    -7.33  -47.48    5.56    3.48    1.51    4.17    4.24    2.64    2.79    7.67    4.36    3.46    0.41    0.01    0.09    0.26    1.02    1.80    2.49    8.00   18.20    3.52   17.63   10.99   12.57    8.29   10.22    3.86    2.66    9.77    0.90    6.52   21.08   16.94    9.72   11.53   13.00   19.06   22.09   20.96   12.41    6.82    4.69   10.43    4.09    5.45   19.16
PSATUCR     -3.83  -49.65    2.94    3.30    3.24    6.01    2.60    2.63    0.73    8.72    6.27    7.25    1.64    0.29    0.49    1.28   11.49   14.51   10.76   10.53   12.76   12.66    7.60   10.63    7.50    5.91    6.22    6.74    2.69    5.30    0.94    2.51    9.37   10.93   11.67    9.87   18.58   14.41   23.45   16.78   16.08   17.57   16.47   14.34    7.95   13.58   26.85
PSATXIVJ   -29.07  -51.67   12.92   34.55    9.96    0.90    0.74    0.17    0.00    0.00    0.00    7.24   47.34    1.79   33.52   13.88    3.80   56.49   31.85    7.69    6.39   18.75   10.43    0.33    0.02    0.75    4.12    5.12    0.01    0.00    0.00    0.02    7.52   25.56    5.13    0.00    0.00    0.00    0.02    0.00    0.02    0.75    4.62   15.90   23.51    8.00    1.57
PSATDFRC   -29.45  -53.28   14.99   29.28    2.76    0.21    0.12    0.02    0.00    0.00    0.00   26.15   43.29    0.00   32.97    8.63   32.70   79.80    5.94   11.57    9.39   13.90    1.31    0.54    0.09    0.19    9.94    6.24    0.01    0.00    0.00    0.04    6.50    7.13    0.96    0.00    0.00    0.00    0.02    0.00    0.03    0.03    3.49    8.89   23.52   10.75    1.63
PSATREAL   -29.02  -53.19   12.24   22.53    2.03    0.23    0.15    0.00    0.00    0.00    0.00   15.07   60.42    2.16   40.02    7.49   17.29   56.44   16.07    9.04    7.56   19.18    3.06    0.19    0.00    0.49    6.53    2.76    0.00    0.01    0.00    0.01    4.92   13.88    3.39    0.00    0.00    0.00    0.01    0.00    0.24    0.21    4.17    8.93   27.33    6.76    2.23
PSATCTAV   -29.01  -51.39   18.09   36.49   17.85    2.21    2.28    1.08    0.00    0.00    0.00    4.84   35.21   12.48   22.91   23.86    8.52   44.20   25.58   14.19    7.28   17.03    7.97    0.99    0.60    2.53    5.01    8.57    0.32    0.01    0.00    0.54    6.96   15.31   13.43    0.04    0.48    0.68    0.04    0.01    0.04    2.11    9.23   12.32   20.14    9.55    3.23
PSATERNT   -28.56  -52.54    4.06   24.55    6.32    2.85    0.22    0.00    0.00    0.00    0.00    6.52   50.76    4.07   43.72   19.50    1.47   34.57   13.70    5.20    5.53   17.13    6.54    0.21    0.00    0.91    3.79    3.36    0.00    0.01    0.00    0.00    4.65   15.70    4.38    0.00    0.00    0.00    0.00    0.00    0.41    0.95    1.50    8.77   25.27    7.84    2.09
PSATSTPL   -27.14  -49.52    8.47   25.65   19.82    2.25    3.99    3.95    0.86    0.16    0.01    0.01    7.17   34.07    2.32   10.22   11.63   20.90    3.01   20.30   18.33    6.42    2.79    0.65    1.92    4.94    1.44    2.86    0.26    0.53    0.15    0.14    4.04    8.40   21.11    0.00    0.03    0.69    0.74    0.98    0.94    2.33    6.60    3.48    6.66   14.70   12.89
PSATCVCH   -25.14  -48.87    0.08    0.25   35.96    4.84    2.67    2.40    0.80    0.03    0.00    0.00    0.07   16.59    2.67    5.60    3.51    8.01    3.54   14.50    9.32    5.13    4.44    3.62    1.45    7.66    2.04    3.51    1.27    0.46    0.12    0.09    0.14    4.85   22.16    6.07    6.56    7.11    1.40    2.01    2.47    3.36    1.74    5.10    1.98   11.05    9.70
PSATAMY    -12.60  -69.12   14.74    9.83   14.17   11.49   11.16   10.78   11.41   11.45    6.13    3.81    4.54   15.86    8.61    4.01    1.96    6.69   17.98    8.52    6.39    3.03    3.86    6.06    4.47    3.54   10.77   28.15   46.20    4.60   14.21   10.31   18.62   11.80   35.98   19.05    0.69    2.90    5.25    4.07    5.56    6.84    5.36   11.75   16.03    9.78   15.30
PSATGJR    -10.73  -65.35   15.61    7.85    8.05   10.76    3.03    3.62    4.09    2.24    1.86    2.20   18.44    8.21    4.39    2.75    1.59   20.89    8.31    7.92    3.10    1.43    2.80   11.93    3.49   10.10   10.73   35.03   10.64    6.43   13.28    6.01   14.61   36.67   17.80    2.29    1.30    0.68    0.57    0.64    2.91    8.52    3.75    4.33    6.68   10.75   17.37
PSATPRNC   -12.43  -64.43    9.93    5.53    7.76   15.21    8.51    4.69    7.49    3.23    1.59    1.71   12.42   17.10    9.16    6.80    1.04   13.27    9.10    9.14    4.77    2.18    6.54   15.25   15.72    5.13   11.07   22.52    5.68    8.92   10.04   14.08   13.58   20.33   24.03   12.44    0.87    0.32    0.55    2.30   10.88   11.48    3.28    4.48    3.41   13.20   13.80
PSATSANT    -8.87  -63.97    7.23    4.37    8.72   15.22   17.92    6.05   24.09    9.80    4.00    7.11   34.89   14.79   11.78   10.59    7.95   18.31   19.22   26.28   24.68    7.49   11.10   16.14   20.37    8.36   12.91    8.03   12.59    7.35    5.55    5.16   15.60   12.59   29.10    7.63    2.20    2.48    1.29    1.82    9.36   14.31    9.42   15.27    4.25   13.55    9.22
PSATDARD   -10.16  -59.46    2.86   11.51    6.26   11.30    5.97   17.02    9.84    3.62   11.00    5.85    1.12    8.27   11.68    7.41   13.05    2.37   17.85   10.27   11.50   11.29   28.09    4.72   19.73   13.48   17.67   15.60    3.57    7.29    9.13    7.64    7.43   19.88   16.06   27.61   13.72    6.63    5.29    5.11   20.73   16.01    9.84    7.75    7.22   22.40   16.86
PSATGUAP   -15.12  -58.96   13.80    3.78    7.60   11.95    1.02    6.55    9.27    2.92    2.52    3.36    8.86    4.41    9.43   11.63    2.98    9.78   17.62    9.09    5.81    1.43   23.01   17.11   14.28    5.19   15.37   12.99    6.87   12.41   16.59   18.59   10.28   10.53   21.42   35.31    5.46    1.22    1.22    2.26    7.72    3.08    1.19    3.69   10.44   25.57   10.93
PSATJIRA    -9.25  -64.65   11.67    9.74   13.39   15.17   11.42    9.03   11.83    5.25    3.12    2.42    9.48   20.66    6.30    4.74    1.52   11.82   17.09    8.11    8.79    2.42    5.16    6.13    6.79    4.35    7.49   25.05   22.23    8.54   15.51    6.69   10.55   16.06   39.44   13.42    2.41    1.78    2.05    3.49    5.00   10.21   10.75   12.05   10.02    8.73   10.88
PSATROND   -11.99  -60.70    2.50    1.05    8.83   11.93   12.71   16.61   18.20    3.14    4.90   10.64   32.49    6.81   10.88    9.20    5.68   15.70    8.32    1.17    9.57   18.48    6.70    3.28   30.64   17.85    6.10   13.05    4.09    5.28   17.40    9.86    2.79   13.06   17.00   13.21    0.92    2.59   10.38    3.33   22.98    9.58    3.27   10.80    0.95   17.94    6.62
PSATSAMU    -8.75  -63.45    7.53    3.21   13.37   17.46   12.76    9.41   24.23    4.43    2.86    8.52   21.60   13.78    9.16   13.78   12.88   11.96    4.48   21.27   17.52    7.26    9.07   13.16   14.35    6.16   19.22   13.18   11.63    7.51    8.55    3.51    9.32   11.61   37.41   16.50    4.43    2.24    0.51    1.38    7.00   15.06    7.66    7.30    2.67   15.15   11.14
PSATBALB    -1.92  -59.47    7.04    9.86    4.52    4.41    9.11    1.67    9.53    1.81    5.87    8.85    1.77    2.35   15.58    6.29    8.50    0.64   14.66   26.37   49.62   16.81    7.76   13.03   14.72    4.63    0.70    0.71    0.46    0.47   11.07    8.22   11.95   11.91   15.21    8.89   16.28   17.74   13.38   20.84   16.40   11.16   17.92   14.28   18.74   15.84    7.52
PSATCUNA    -2.82  -54.30   14.27    2.16    1.30    0.51    3.24   12.05    0.49    1.19    1.81    2.77    1.33    3.15    1.50    8.00   10.89    4.48   17.37    0.64    1.51   31.19   17.37    1.94    7.56    7.17    1.83    2.29    2.07    0.75    0.69    0.43    1.58    7.45   11.86   21.35   12.05   10.90    5.36   13.73    3.37    7.11   10.58    7.55    3.14   11.94   20.42
PSATJARI    -0.65  -52.52    1.71    0.61    0.45    0.95    0.60    1.66    1.44    1.79    2.10    1.02    0.34    1.29    1.30    2.39    0.89    5.58    8.57    6.41   16.51   10.11    3.78    3.71    5.93    2.21    1.03    0.95    1.52    4.83    6.20    2.23    2.27    2.49    1.30    2.07    7.89    3.07    9.51    1.94    2.48    2.95    4.27   10.03    8.48   11.00    8.76
PSATFGOM     0.86  -51.20    0.73    0.37    0.66    1.79    2.08    3.92    4.38    3.96    2.11    2.09    0.62    1.44    1.94    3.93    3.59    7.90    7.21    7.62   27.02   12.21    7.12    5.06   12.80    1.93    1.46    2.97    4.00    6.66    5.37    4.81    3.64    3.90    2.24    9.24   12.98    2.96   12.84    5.14    3.03    5.56    6.45   15.00    8.46   17.68   14.70
PSATUBE     -6.75  -43.57    0.34    2.27    0.88    3.39    3.09    1.28    2.03    8.28    2.01    0.14    0.23    0.01    0.03    0.08    0.58    1.11    2.93    7.25    6.60    1.53    4.03    4.97    4.05   10.53   13.78    4.81    3.07    9.36    3.20   15.22   20.99    2.82    2.05    6.77   12.70   10.48   17.43   10.09    3.52    6.04    8.84    6.76    4.28    3.78   13.79
PSATBSOR    -6.74  -52.00    7.92    6.72    1.40    6.60    4.77   10.29    3.14    6.71    4.59    3.14    5.49    1.10    2.73    7.67    4.31    1.02    1.80    4.12    9.13    7.14   14.95   12.82   15.28   20.28   18.86   13.58   12.69   11.02    9.39   14.43   13.62   24.81   20.22   13.26   19.44   18.80   18.47   19.18   25.68   14.38   15.19    6.55    7.13   10.05   11.32
PSATBESP    -6.75  -51.77    4.96    4.02    2.28    2.42    2.62    7.21    1.93   10.90    8.47    7.86    7.13    0.16    0.48    1.38   12.65    7.30    7.87   18.64   25.06   15.96    7.41   13.01   10.09   14.31   12.04   10.15    3.71   12.93    4.91    7.15   10.06   27.89   12.46    4.68   17.75   16.05   25.74   15.81   24.94    9.93   23.66   10.07    3.71   15.30   30.68
PSATPIME    -3.41  -51.91    7.40    4.52    2.58    3.19    2.58    6.34    0.85    3.40    6.37    7.16    4.89    0.77    1.11    8.86   10.23   12.47   15.21   10.36   12.52   15.03   19.36    9.68    9.83   13.95   12.00    7.60    5.53    3.67    1.14    4.06    6.90   14.29   21.19    9.54   12.11   21.36   17.18   19.04   24.97   15.83   18.82   14.37    5.70   20.01   15.83
PSATIRAP   -16.74  -42.57    5.55    2.08    1.17    7.22   17.59   15.22    0.06    0.06    0.53    0.13    0.53    1.08    0.69    0.39    0.98    0.23    0.01    0.11    0.09    0.05    0.01    0.03    0.08   19.04   22.35    9.79   27.95   36.47   15.54   47.49    5.30    9.80    9.01    6.27    0.59    1.55    0.99    1.95    2.51    4.57    4.51    4.08    2.42    1.75    2.68
PSATITBI   -15.97  -39.59    1.66    0.40    0.25    4.93   26.93   15.15    1.15    0.91    0.51    0.12    0.60    1.40    0.44    1.23    2.12    1.11    0.38    1.31    0.68    0.44    0.11    0.38    0.55    4.73   14.09    7.65   19.41   31.21   22.16   16.40    2.24    6.01    7.91    1.36    0.77    0.87    0.79    1.08    1.22    2.73    2.62    3.95    1.08    0.64    0.78
PSATCOLI   -10.98  -55.77    6.73    7.39    3.99    9.87    4.07   13.95    3.78    5.26    2.18    1.20    1.02    6.26    4.83   24.25    4.71    4.68    0.55    1.41    7.36    6.17   17.09   12.65   15.99   23.83   14.49   11.49   15.20   10.57   12.05   11.76   12.64   21.15   16.39   18.82   26.66    7.41    6.11   13.28   18.79   11.47   10.06    7.98    8.74    7.28    9.63
PSATSAEL    -9.19  -57.04   12.89    8.30    3.35    7.13    7.92    9.13    0.91    3.91    9.37    2.82    7.28    2.33    3.09   23.45   13.22   20.35    7.01    6.44    6.00   25.77   19.44    9.54   17.39   25.18   24.66   11.56   20.18   13.87    7.22    8.76   10.81   26.36   26.97   11.24   18.48   24.96   12.95   20.79   24.46   26.26   19.28   13.69   21.15   16.76   13.88
PSATITQ    -17.09  -54.83    4.66    2.58    2.55    8.06    9.00   12.34    1.48    1.09    1.07    0.63    0.99    1.55   16.82    4.76    5.49    0.02    1.71    3.02    0.54    2.04    0.16   13.24    9.51    5.37    5.95   10.22    9.63   32.76   12.79    7.04    5.41   12.93   13.57   12.32   25.15   23.10    3.98    5.11    6.21    4.51    3.89    3.91    0.18    6.65    6.86
PSATJAU    -15.24  -58.73   17.32    4.69    8.22   13.91    1.09    6.02    6.18    2.96    2.70    3.19   14.64    4.02   10.60   16.75    2.72    7.84   18.56    8.05    3.85    1.03   21.27   17.02   15.22    3.82   15.74   14.92    7.21    9.42   14.52   16.14   10.17    9.78   23.25   36.44    5.37    0.95    0.92    2.62    5.54    2.87    1.21    6.29   13.06   24.85   10.52
PSATMAN    -14.87  -55.78    8.32    2.25    4.52   13.00   12.23   13.35    8.62    4.03    1.28    1.52    0.92    0.89    8.57    5.28    4.62    0.95    0.27    1.52    0.10    0.27    1.39    8.40   10.78   15.06    8.48   10.64    8.36    9.33   10.40    6.51    4.00   17.79   16.05   11.76   30.41    5.36    3.66    8.81    6.20    3.59    6.24    4.14    3.66    8.97    6.57
PSATPTP    -17.61  -54.83    6.83    1.54    4.00   10.09   11.14    8.49    0.35    0.70    0.89    0.29    1.21    2.24   20.57    5.81    4.74    0.03    2.86    1.29    0.15    3.59    0.12   10.47    6.68    3.36    9.51   10.63    7.72   27.73    6.74    3.99    4.72    9.74   14.70   14.78   27.54   25.99    3.74    4.68    6.67    3.25    3.84    3.18    0.20    7.74    5.58
PSATSTCL   -17.90  -40.20    0.70    0.03    0.27   10.62   46.35   10.72    0.11    2.03    0.28    0.08    0.19    1.39    0.17    1.72    2.02    1.57    0.41    0.01    0.17    0.09    0.00    0.07    0.61    0.60    7.52    1.56   23.42   29.31   18.48   10.84    3.39    4.90    8.97    0.25    0.11    0.70    0.85    2.07    1.06    2.19    2.94    3.76    0.94    0.11    0.12
PSATPDC    -12.58  -39.00    0.33    0.11    0.08    0.04    0.98   46.60   14.55    1.86    0.91    0.30    5.89    1.29    1.60    2.20    1.49    2.36    1.70    2.90    1.44    0.21    0.46    0.59    1.22    1.09    0.33    0.58    0.23    4.46   12.61    7.76    1.43    0.98    0.29    0.46    1.07    0.87    0.81    0.39    0.60    1.09    2.42    2.44    2.63    0.59    0.27
PSATROSA   -20.92  -41.72    2.48    0.41    1.77   40.11   60.08    5.39    0.28    0.14    0.17    0.06    0.02    0.07    1.89    0.21    0.08    0.06    0.00    0.03    0.01    0.02    0.01    0.03    0.11   12.15    4.54   14.53   45.68    1.14    2.37    2.61    2.52    7.49    4.74   14.69    2.46    3.04    3.39    6.64    6.00    3.16    1.30    2.88    0.63    1.05    1.51
PSATCAN    -20.21  -42.85    4.89    1.79    5.59   36.40   49.30    2.95    0.10    0.42    0.12    0.11    0.03    0.18    1.42    0.45    0.16    0.17    0.00    0.00    0.01    0.00    0.02    1.09    9.20   15.82    7.18   18.14   31.08    0.52    0.35    2.72    3.92    7.56   14.15   27.62    5.52    8.93    9.99    8.40    5.54    1.05    2.95    3.76    0.95    3.44    7.21
PSATSAC    -19.64  -42.85    4.93    1.05    4.34   27.76   50.90    0.99    0.03    0.35    0.25    0.07    0.02    0.33    1.89    0.85    0.34    0.54    0.02    0.00    0.00    0.01    0.11    0.39    6.06   12.53   13.41   24.85   32.00    2.64    0.70    6.01    4.40   12.17   17.36   23.51    4.41   12.12    7.34    7.94    4.82    1.26    2.24    4.96    1.04    3.37    4.48
PSATPES    -19.12  -42.66    4.23    0.94    2.15   10.48   31.03    0.86    0.25    0.38    0.61    0.04    0.05    0.30    2.08    0.57    0.51    1.19    0.09    0.01    0.00    0.03    0.01    0.08    0.45   22.04    8.44   20.22   33.16    8.40    0.66    2.76    3.77   13.47   17.27   25.75    1.68    7.73    3.75    6.93    3.06    1.24    2.39    4.95    1.60    1.13    2.12
PSATMAS    -19.50  -40.92    3.03    0.49    0.96   18.87   49.77    2.24    0.06    0.27    0.29    0.27    0.11    1.21    0.96    0.62    0.90    0.84    0.04    0.13    0.06    0.12    0.01    0.08    0.38    7.76    5.25   16.71   38.57   18.17    2.16    3.31    3.79    9.62   10.69   13.42    1.11    2.31    2.66    5.26    2.82    1.33    1.96    4.38    1.04    0.64    1.30
PSATSBR    -23.37  -45.87    0.66    0.28    6.32   29.89   12.93    5.57    0.07    0.00    0.00    0.00    0.00    0.19    4.44    2.34   10.19    0.90    1.66    1.46    1.32    3.17    3.21   11.54   19.44   24.27   11.89   12.94   19.73    1.06    1.12    0.18    0.34    2.54   10.21   32.67   78.74   59.73   20.90    4.46    3.22    3.95    3.26    2.43    1.46    7.29    7.38
PSATJAG    -23.20  -46.03    0.13    0.06    3.25   17.58    4.51    2.19    0.06    0.00    0.00    0.00    0.01    0.00    2.93    6.32   15.61    0.55    1.88    1.51    2.72    7.64    1.28    4.58   28.55   22.48   10.96    8.15    3.49    0.24    0.24    0.00    0.02    0.15   11.47   40.07   65.25   54.96   24.54    1.28    8.12    7.51    5.07    3.08    2.84    4.79    9.00
PSATFUNI   -22.53  -44.57    0.43    0.30    5.38   29.69    9.32    2.75    0.02    0.00    0.00    0.00    0.01    0.00    1.72    3.07    9.44    0.91    1.69    1.43    2.34    3.59    0.87   10.36   25.15   22.93   14.19   11.73   13.08    0.13    0.34    0.14    0.32    3.09    8.17   40.85   84.50   72.03   25.39    0.76    6.42    5.55    5.01    3.55    2.25    4.80    8.48
PSATSACE   -22.48  -43.84    0.72    0.67    3.26   38.89   20.50    6.82    0.00    0.02    0.00    0.00    0.00    0.00    0.56    3.43    1.43    0.95    1.63    0.05    0.22    0.28    0.24   21.42   25.67   19.32   21.13   13.02   23.99    0.35    1.27    1.13    1.46    2.15    4.36   35.00   38.67   49.10   30.03    5.78    5.81    5.43    5.36    3.11    1.74    7.69   10.28
PSATPIC    -21.91  -43.54    0.81    0.23    2.19   37.49   23.83    2.49    0.00    0.10    0.00    0.00    0.00    0.00    0.34    2.15    0.41    0.09    1.14    0.00    0.18    0.09    0.15   19.64   22.54   19.58   12.59   11.64   13.89    0.12    1.22    1.17    2.32    3.75    4.36   29.36   31.01   35.95   20.78    5.95    3.08    5.62    2.81    2.29    1.46    3.91   15.62
PSATSOGI   -21.94  -43.36    2.59    0.68    4.46   30.94   24.51    1.08    0.22    0.15    0.06    0.00    0.00    0.00    0.63    0.46    0.03    0.00    0.08    0.00    0.33    0.00    0.34    8.38   21.64   21.98    6.60   22.12   11.93    0.16    0.92    0.85    3.72    7.23    7.25   32.29   28.35   37.08   17.75    4.97    3.01    2.37    4.46    1.85    1.13    5.75   15.85
PSATIPSI   -21.84  -42.58    2.90    1.01    5.83   26.79   21.32    2.26    0.00    0.06    0.02    0.00    0.00    0.00    1.50    1.31    0.13    0.03    0.32    0.02    0.51    0.09    0.04    6.62   15.85   22.09    6.10   18.49   19.69    0.56    0.67    0.89    2.22    4.28    8.11   38.73   30.80   40.21   19.42    4.98    2.15    2.53    2.40    2.19    1.07    3.96   10.11
PSATTCLJ   -22.69  -43.83    0.61    0.76    6.30   33.82   26.72    5.62    0.00    0.00    0.00    0.00    0.00    0.00    0.27    3.66    0.14    0.32    0.17    0.08    0.24    0.08    0.00   19.47   15.08   22.38   15.46   26.00   39.29    2.18    0.73    0.58    0.58    3.63   14.71   26.55   62.44   58.75   19.56    6.68    0.70    1.68    1.40    1.40    1.04    3.60    8.15
PSATBIGU   -25.51  -53.67    0.09    0.74    8.12   16.16    0.99    0.03    0.00    0.00    0.00    0.06   15.11   16.75   25.65   25.23    1.89    9.64    6.23    2.67   15.04   10.20    3.37    1.17    1.16    1.25    1.83    2.83    1.51    0.07    0.00    0.00    0.19    8.70   10.22    9.09    0.04    0.10    0.11    0.53    1.19    2.04    2.35    3.74   13.37   11.80    8.11
PSATBRAU   -21.45  -42.41   11.20    1.17    4.88   26.93   41.19    6.83    0.20    0.03    0.14    0.00    0.00    0.00    0.89    0.43    0.02    0.01    0.00    0.00    0.00    0.00    0.03    0.26   12.12   25.01    3.98   18.47   31.52    0.92    0.56    0.87    3.41    9.03   12.59   33.65   14.47   15.05   14.64    5.91    2.14    0.89    2.38    3.62    0.68    3.04    9.28
PSATSUIC   -20.08  -40.58    6.74    0.37    0.34   27.61   59.70    1.27    0.07    0.18    0.44    0.83    0.13    1.05    0.79    1.31    0.87    2.41    0.02    0.53    0.15    0.52    0.14    1.05    6.03    9.14    8.06   12.63   40.71   10.85    4.20    2.11    6.61    8.64    7.42    3.33    0.46    0.49    1.62    4.03    2.93    0.82    1.46    3.39    1.86    0.15    1.07
PSATJRI     -9.30  -64.70   13.14   10.06   13.43   14.54   13.20    7.91   13.25    5.49    3.49    2.46    7.71   19.57    6.62    5.62    1.27   11.33   19.90    7.59    9.63    1.95    5.59    6.38    7.83    4.30    8.60   16.76   22.89    9.06   15.62    6.87    8.99   13.16   47.19   15.16    1.27    0.26    0.68    3.02    3.95   12.80   12.41   13.87   11.05    8.96   10.21
PSATBENI   -14.59  -67.53    8.64    8.29   13.09   16.13    7.12   12.28    7.64    4.45    1.98    2.30   16.09   24.71    6.11    2.51    2.42   14.21   11.24    9.14    5.92    3.95    3.76    6.26    4.06    4.50    3.94   49.23   21.63    7.03   14.31    7.02   16.24   24.11   17.54    5.21    5.80    6.08    5.93    4.34    8.30    2.54    4.01    5.23    6.72    7.80   13.95
PSATEPB    -12.42  -64.42   11.40    6.30    6.60   11.49    5.88    3.29    5.42    2.74    1.39    1.55   13.86   12.32    7.03    4.93    0.83   15.17    6.58    8.39    3.45    1.67    5.37   14.70   11.47    7.15   11.91   24.47    6.53    7.78    8.91   10.75   12.21   23.26   21.47    8.79    0.65    0.35    0.70    1.76    8.68    9.75    2.79    3.49    4.50   12.38   16.27
PSATEGM    -10.79  -64.35   15.87    7.94    9.70   13.68    4.24    5.00    5.45    2.52    2.19    2.50   18.45   10.90    5.20    3.59    2.05   21.26   11.26    8.14    4.09    1.73    3.01   11.33    4.16    9.28    9.65   37.31   11.59    6.88   15.98    7.20   16.37   38.92   18.81    3.12    1.71    0.80    0.40    0.77    2.72    9.54    4.59    5.59    6.68   10.87   15.66
PSATSTOA    -8.79  -63.95    7.16    4.26    8.65   15.49   17.62    6.63   25.60    9.33    4.10    7.16   34.50   15.45   11.95    9.98    8.01   17.92   18.56   25.96   25.61    7.41   11.23   16.94   21.00    7.83   12.75    7.70   12.21    7.17    5.63    5.17   16.43   12.55   28.95    7.89    2.41    2.65    1.14    1.89    9.21   13.84    9.26   13.95    3.56   13.47    9.17
PSATENC     -9.90  -66.62    5.85    9.87   10.70   14.97   12.62    7.51   14.20    8.03    4.92    3.47    2.41   12.91    6.06    6.23    1.08    7.10   14.30   12.21   12.75    1.97    7.01    1.71    7.78    6.42   13.59    6.06   17.09    9.53   16.74    3.00    4.43   11.00   54.25   34.09    0.15    0.06    0.45    4.65    1.75   13.34   22.16   24.78   15.14   10.92    6.57
PSATAMY1   -11.71  -70.63   19.07    8.09   12.14   11.61   10.69   10.44   13.74   15.54    7.17    2.61    2.04    9.73    7.64    2.79    0.30    5.14   23.70    5.35    5.89    1.02    2.98    5.53    5.59    0.95    3.98   14.74   36.29    4.35    9.58    9.19    8.05    2.99   48.12   31.59    0.03    0.87    2.54    3.43    5.27    8.01    6.22   16.61   19.57   10.75    8.43
PSATAMY2   -12.37  -71.17   14.66   13.09   15.37   13.23   14.53   14.10   11.83   11.98    8.58    4.95    6.37   11.90    9.69    4.73    2.59    6.19   17.47    8.31    6.68    2.38    4.38    6.00    5.23    4.44   13.48   24.08   47.04    6.37   16.45   10.52   17.85   10.19   35.39   22.74    0.37    1.72    5.10    6.86    5.13    7.25    3.99    8.09   16.65   10.35   13.21
PSATAMY3   -13.75  -70.18   12.88    9.84   17.03    9.55    7.89    9.19    8.36    6.49    3.31    4.02    5.19   18.04    9.49    3.95    2.89    7.65    9.98   12.42    6.55    6.32    4.72    8.07    3.47    3.48   13.10   42.96   58.24    3.94   14.15   13.09   27.59   14.38   24.89    9.89    2.03    7.89    7.29    1.55    4.19    4.31    5.31    8.33    8.74    9.84   25.23
PSATAMY4   -13.45  -69.47   11.13    5.18   10.48   10.01    9.08    5.24   11.98   12.66    2.89    2.80    3.44   29.97    5.86    4.40    1.76    7.67   20.77    8.44    6.93    2.93    2.90    3.57    2.67    6.09    8.66   33.66   42.93    2.08   15.35    5.59   22.10   24.71   35.38    6.40    0.36    1.16    7.39    2.31    9.03    8.81    7.89   18.82   21.40    5.87   13.26
PSATJRN    -13.37  -59.01    7.74    2.52    6.37   11.83   13.96   21.92   17.46    5.95    2.27    3.70    1.98    4.80   18.93    8.43    2.72   12.18   22.53    5.39    5.20    2.56   14.53   15.97   12.52   16.89   19.00   12.31    8.82   13.07    5.24   13.28   13.91   18.91   28.93   22.80    6.55    1.13    4.44    4.59    6.76    2.50    2.30    4.07    6.01   23.64    7.35
