PSATAGV    -19.89  -50.35    2.43   32.48   20.17    1.60    0.50    0.08    1.63   17.39    6.49    3.06    0.14    0.01    0.02    1.06    4.40    2.53    0.00    0.00    0.00    0.00    3.92    1.05    0.62    0.05    0.00    0.00    0.16    0.57    0.01    0.00    0.02    0.01    0.00    0.00    0.04    0.00    0.00    0.00    0.00    0.00    0.13    0.00    0.00    0.00    0.00
PSATCMG    -21.28  -44.63    0.63    8.14    9.30    7.24    3.75    0.92    2.01    1.46    2.70    0.79    2.10    0.07    0.12    0.01    0.01    3.86    0.00    0.00    0.03    0.01    0.00    0.27    0.96    0.61    0.15    0.37    0.90    3.23    0.28    1.95    0.76    0.14    0.56    1.05    0.62    0.27    0.13    0.01    0.00    0.03   13.88    0.18    0.33    0.10    0.06
PSATCES    -20.25  -48.16    2.01   21.33   13.10    1.84    0.21    0.08    1.05   24.52    5.95    1.95    0.05    0.06    0.03    0.00    3.70    5.27    0.00    0.00    0.00    0.00    0.13    1.86    0.64    0.15    0.03    0.02    0.05    0.16    0.00    0.01    0.11    0.02    0.02    0.00    0.00    0.00    0.00    0.01    0.00    0.00    0.03    0.00    0.00    0.00    0.00
PSATELC    -21.60  -46.95    1.51   34.19   17.42    3.73    0.77    0.09    1.14    5.11    3.62    0.78    0.01    0.06    0.10    0.00    1.61    7.38    0.00    0.00    0.00    0.00    0.03    4.59    0.60    0.02    0.19    0.27    0.04    1.60    0.01    0.06    0.39    0.25    0.04    0.05    0.00    0.04    0.00    0.00    0.01    0.02    3.33    0.00    0.00    0.00    0.00
PSATFUN    -21.14  -45.04    1.00    9.80   11.31    6.89    2.23    0.28    1.81    1.48    2.59    1.71    0.32    0.08    0.11    0.00    0.03    5.33    0.00    0.00    0.00    0.01    0.00    0.27    0.63    0.32    0.35    0.15    0.92    3.38    0.02    1.59    0.56    0.15    0.60    0.38    0.34    0.15    0.04    0.00    0.00    0.00    3.74    0.02    0.06    0.02    0.00
PSATFUR    -20.67  -46.32    1.32   17.19   14.91    4.92    0.59    0.24    1.04    3.92    1.94    1.04    0.02    0.14    0.14    0.00    0.58    4.06    0.00    0.00    0.00    0.00    0.00    2.56    0.54    0.15    0.65    0.42    0.53    1.88    0.01    0.22    0.74    0.30    0.49    0.33    0.02    0.03    0.00    0.00    0.01    0.01    2.06    0.02    0.01    0.03    0.00
PSATMRB    -20.30  -49.18    1.62   26.59   14.20    1.69    0.37    0.11    0.91   23.38    6.73    1.60    0.05    0.04    0.03    0.02    5.14    3.70    0.00    0.00    0.00    0.00    1.71    2.66    0.56    0.05    0.04    0.05    0.02    0.22    0.00    0.01    0.10    0.05    0.02    0.01    0.00    0.00    0.00    0.00    0.00    0.00    0.16    0.00    0.00    0.00    0.00
PSATPRG    -21.59  -45.67    0.65   21.14   22.00    6.47    1.55    0.55    1.46    3.53    3.50    0.08    0.07    0.03    0.10    0.00    0.29    6.40    0.00    0.00    0.00    0.00    0.00    1.46    0.29    0.11    0.21    0.08    0.06    0.97    0.01    0.12    0.63    0.37    0.06    0.69    0.09    0.07    0.00    0.00    0.02    0.08    6.24    0.01    0.00    0.02    0.01
PSATPAS    -21.02  -48.18    1.14   35.21   18.15    5.20    1.03    0.11    0.91   13.59    5.12    0.07    0.01    0.00    0.02    0.00    4.75    7.47    0.00    0.00    0.00    0.00    4.14    2.70    0.32    0.00    0.00    0.00    0.00    1.10    0.01    0.02    0.04    0.09    0.00    0.00    0.03    0.00    0.00    0.01    0.01    0.12    1.64    0.00    0.00    0.00    0.00
PSATPTB    -21.61  -45.49    0.79   16.29   13.59    8.31    2.63    0.45    1.38    3.35    3.33    0.66    0.16    0.04    0.10    0.00    0.12    4.37    0.00    0.00    0.00    0.00    0.00    0.42    0.57    0.25    0.37    0.22    0.19    1.29    0.03    0.71    0.78    0.39    0.17    0.75    0.12    0.08    0.01    0.00    0.00    0.06   10.42    0.01    0.04    0.00    0.01
PSATPTC    -20.00  -48.55    2.92   20.82   15.79    2.00    0.16    0.18    1.58   14.75    4.91    3.51    0.02    0.11    0.04    0.01    4.55    5.73    0.00    0.00    0.00    0.00    0.04    1.51    0.82    0.35    0.21    0.25    0.30    0.45    0.01    0.04    0.32    0.12    0.20    0.10    0.00    0.01    0.00    0.00    0.00    0.00    0.29    0.00    0.00    0.00    0.00
PSATFZA    -26.00  -51.65    3.49   18.12    0.92    0.22    0.04    0.05    2.54   18.16    0.07    0.09    0.27    0.12    0.00   15.81    0.67    0.00    0.00    0.00    0.01   24.73    8.87    0.36    0.02    0.00    4.50    0.78    0.15    0.92    0.18    0.00    0.00    0.00    1.61   22.08    0.87    0.33    0.05    7.80    0.52    0.01    0.01    0.00    4.38   12.72    0.30
PSATJSG    -25.78  -52.00    3.90   22.46    0.40    0.61    0.00    0.20   10.69   33.43    0.06    0.01    0.06    0.02    0.00   21.73    0.01    0.00    0.00    0.00    0.00   29.27   10.71    0.16    0.03    0.00   10.51    0.25    0.05    0.18    0.03    0.00    0.00    0.01    2.49   19.21    0.24    0.07    0.01   10.75    0.84    0.00    0.01    0.00    8.23   11.14    0.12
PSATSCX    -25.53  -53.48    6.70   28.74    0.88    0.72    0.02    0.39   23.29   42.20    0.05    0.00    0.00    0.00    0.02   27.15    0.02    0.00    0.00    0.00    0.00   35.00    8.33    0.16    0.01    0.00   19.71    1.33    0.00    0.08    0.00    0.01    0.00    0.14    3.10   14.73    0.18    0.02    0.00   11.28    0.62    0.00    0.00    0.00   13.19    8.01    0.09
PSATSCL    -25.49  -51.74    5.90   30.43    2.68    1.01    0.00    0.00    5.46   36.51    0.03    0.02    0.03    0.02    0.00   27.54    0.70    0.00    0.00    0.00    0.00   29.46    8.15    0.18    0.03    0.00    4.28    0.14    0.02    0.27    0.00    0.00    0.00    0.00    0.05   10.22    0.24    0.03    0.00    6.27    0.90    0.00    0.00    0.00    2.24   11.09    0.05
PSATUVT    -26.23  -51.08    2.55    8.86    0.73    0.65    0.12    0.06    0.42   15.54    0.61    0.37    0.95    0.39    0.06   10.01    8.02    0.00    0.00    0.08    0.10    9.78   12.69    0.76    0.16    0.00    1.25    0.85    1.15    1.99    0.49    0.00    0.00    0.00    3.72   25.17    1.01    0.92    0.52    3.30    0.32    0.00    0.00    0.00    4.37   10.48    0.72
PSATBSM    -24.19  -53.74    1.69   32.69    1.37    0.96    0.40    0.07    4.51   39.69    0.10    0.17    0.00    0.00    0.00   23.42    0.08    0.00    0.00    0.00    0.62   41.20    4.86    0.35    0.02    0.00   21.76    2.22    0.00    0.58    0.00    0.00    0.00    0.01    0.20    8.61    0.10    0.02    0.00    2.82    0.37    0.00    0.02    0.00    2.08   10.63    0.05
PSATFLE    -22.97  -54.56    3.86   30.35    1.63    0.34    0.13    0.07   11.14    7.06    0.33    0.01    0.02    0.00    0.07    8.53    0.03    0.00    0.00    0.06   19.30   42.13    0.37    0.31    0.00    0.12    7.82    1.48    0.00    0.21    0.07    0.02    0.00    0.00    0.09    4.17    0.00    0.00    0.00    1.87    0.10    0.00    0.00    0.00    3.08   13.93    0.00
PSATITP    -25.42  -54.58    4.79   37.55    1.04    0.63    0.46    0.75    3.39   20.73    0.36    0.12    0.00    0.00    0.14   13.81    0.20    0.00    0.00    0.00    5.94   41.62    0.85    0.23    0.00    0.03   24.77    5.72    0.00    0.18    0.00    0.00    0.00    0.01    0.32    5.78    0.01    0.00    0.00    3.94    0.32    0.00    0.00    0.02    5.26    5.40    0.07
PSATIVM    -22.38  -53.53    2.12   30.85    1.66    0.99    0.69    0.20    8.57   13.14    0.98    0.08    0.05    0.00    0.17    7.36    0.86    0.00    0.00    0.00    4.23   31.10    0.67    0.12    0.03    0.44    2.29    2.38    0.00    0.22    0.09    0.08    0.00    0.00    0.02    1.25    0.07    0.00    0.00    0.50    0.14    0.00    0.00    0.00    0.31    5.29    0.00
PSATPTQ    -23.18  -53.17    0.67   35.10    3.36    0.81    0.44    0.03    0.22   28.36    0.25    0.14    0.02    0.01    0.00   17.97    1.72    0.00    0.00    0.00    1.21   20.86    8.27    0.39    0.02    0.00    7.67    0.21    0.02    0.95    0.03    0.00    0.00    0.00    0.00    5.48    0.20    0.01    0.00    0.64    0.24    0.00    0.00    0.00    0.10    4.51    0.25
PSATCBI    -17.99  -48.54    0.19    2.52    5.79    5.09    3.39    1.19    4.82   22.52    6.01    7.70    1.50    0.97    1.49    4.07    3.12    9.58    0.70    0.10    0.16    0.04    0.00    0.37    0.16    0.06    0.02    0.00    0.12    0.07    0.01    0.01    0.12    0.03    0.01    0.00    0.00    0.00    0.00    0.00    0.00    0.00    0.00    0.00    0.00    0.00    0.00
PSATCBIV   -16.15  -48.67    0.17    0.88    3.33    7.23    5.27    2.84    9.15   20.82    1.84   10.25    1.83    1.05    1.67    5.92    3.60    9.53    1.15    0.03    0.42    0.05    0.00    0.06    0.27    0.05    0.03    0.00    0.05    0.14    0.01    0.01    0.07    0.02    0.00    0.05    0.00    0.00    0.00    0.00    0.00    0.00    0.01    0.00    0.00    0.00    0.00
PSATEMB    -18.45  -47.98    1.55    2.48    4.64    2.64    1.13    0.76    1.05   20.92    0.93    5.10    0.05    0.09    0.39    0.33    1.37    4.21    0.02    0.00    0.00    0.00    0.00    0.06    0.46    0.47    0.35    0.26    0.82    0.34    0.03    0.11    0.31    0.25    0.29    0.04    0.00    0.00    0.00    0.01    0.00    0.00    0.03    0.00    0.00    0.00    0.00
PSATIMBR   -18.42  -49.10    1.34   11.74   12.58    2.61    1.61    0.91    1.29   19.17    3.65    5.93    0.36    0.31    0.45    2.10    3.89    7.12    0.05    0.00    0.00    0.00    0.00    0.44    0.55    0.27    0.06    0.05    0.32    0.14    0.00    0.01    0.07    0.01    0.00    0.00    0.00    0.00    0.00    0.00    0.00    0.00    0.00    0.00    0.00    0.00    0.00
PSATNPTE   -19.13  -47.70    7.02   12.05   10.27    2.34    0.24    0.63    1.08   13.90    2.22    3.37    0.00    0.17    0.06    0.02    2.38    6.18    0.00    0.00    0.00    0.00    0.00    0.55    1.03    0.75    0.50    0.53    0.58    0.42    0.03    0.10    0.41    0.31    0.24    0.12    0.00    0.00    0.00    0.01    0.00    0.01    0.20    0.00    0.00    0.00    0.00
PSATARV    -18.07  -50.16    6.18    4.00    7.80    3.40    1.57    1.08    4.54   18.15    6.45    8.49    1.02    1.01    2.12    5.29    4.46    6.32    0.01    0.00    0.05    0.00    0.18    1.93    0.90    0.11    0.07    0.00    0.00    2.63    0.04    0.00    0.00    0.01    0.00    0.00    0.00    0.00    0.00    0.00    0.00    0.01    0.00    0.00    0.00    0.00    0.00
PSATSFC    -18.05  -47.68    0.09    1.95    3.78    3.60    2.87    1.65    4.33   17.73    3.12    3.35    1.73    0.73    0.92    1.23    3.09    6.87    0.45    0.02    0.02    0.00    0.00    0.09    0.14    0.11    0.06    0.01    0.38    0.29    0.04    0.10    0.48    0.22    0.05    0.00    0.00    0.00    0.00    0.00    0.00    0.00    0.01    0.00    0.00    0.00    0.00
PSATSSM    -19.02  -50.50    3.74   10.64   19.16    2.63    1.10    0.73    3.06   23.77    5.41    6.72    0.73    0.32    0.62    2.97    4.66    5.00    0.03    0.00    0.00    0.00    0.12    1.17    0.70    0.13    0.01    0.00    0.44    1.54    0.00    0.00    0.04    0.00    0.00    0.00    0.00    0.00    0.00    0.00    0.00    0.00    0.00    0.00    0.00    0.00    0.00
PSATCNI    -22.94  -50.52    0.68   40.48   16.73    1.42    0.55    0.10    0.40   26.66    2.91    0.02    0.00    0.01    0.00    0.11    5.89    0.00    0.00    0.00    0.00    0.01    2.99    1.11    0.01    0.00    0.00    0.00    0.01    0.19    0.02    0.01    0.01    0.00    0.00    0.06    0.85    0.00    0.00    0.00    0.00    0.00    0.02    0.00    0.00    0.09    0.02
PSATCPV    -22.65  -51.33    0.47   28.79   10.14    0.80    0.40    0.04    0.09   19.23    1.78    0.07    0.01    0.01    0.00    1.07    2.54    0.00    0.01    0.00    0.00    3.98    7.18    0.13    0.02    0.00    0.06    0.01    0.04    0.16    0.02    0.00    0.00    0.00    0.00    1.26    0.79    0.01    0.00    0.06    0.03    0.00    0.00    0.00    0.01    2.75    0.29
PSATCHT    -23.01  -49.73    0.06   20.83   11.32    1.02    0.10    0.09    0.19   17.14    1.34    0.12    0.11    0.02    0.00    0.07    6.38    0.00    0.01    0.00    0.02    2.45    9.01    0.49    0.15    0.01    0.01    0.08    0.28    0.43    0.01    0.01    0.01    0.01    0.01    2.66    2.23    0.12    0.02    0.14    0.02    0.01    0.00    0.00    0.00    4.30    1.53
PSATJUR    -23.22  -49.23    0.07   18.69   14.80    0.88    0.41    0.31    0.42   15.06    2.72    0.58    0.48    0.06    0.00    0.00    3.90    0.00    0.00    0.00    0.03    0.31   10.45    1.27    0.24    0.02    0.09    1.16    1.04    1.09    0.22    0.01    0.01    0.01    0.12    2.20    3.19    0.59    0.08    0.03    0.00    0.01    0.00    0.00    0.01    2.69    5.35
PSATMAU    -24.06  -50.71    1.22   20.11    5.57    1.18    0.01    0.00    0.03   19.45    0.25    0.15    0.11    0.03    0.00    2.48    2.39    0.00    0.00    0.00    0.00    8.93   13.27    0.07    0.02    0.00    0.11    0.10    0.11    0.25    0.04    0.00    0.00    0.00    0.00    8.44    0.71    0.10    0.02    0.36    0.15    0.00    0.00    0.00    0.16    1.66    0.08
PSATROS    -22.50  -52.87    0.90   44.91    4.20    1.06    0.90    0.06    0.01   18.98    1.08    0.19    0.00    0.00    0.00    7.55    0.59    0.00    0.00    0.00    0.57    7.84    3.80    0.17    0.00    0.00    6.59    0.04    0.00    0.09    0.00    0.00    0.00    0.00    0.00    1.32    0.03    0.00    0.00    0.02    0.05    0.00    0.00    0.00    0.00    1.47    0.07
PSATQMD    -16.21  -47.33    0.06    1.63    2.41    8.17    3.79    2.78    9.06   12.95    0.73    6.73    3.64    0.77    1.24    1.18    4.18    7.18    1.46    0.39    0.15    0.28    0.00    0.00    0.00    0.00    0.01    0.00    0.23    0.18    0.05    0.08    0.37    0.15    0.11    0.03    0.00    0.00    0.00    0.00    0.00    0.00    0.00    0.00    0.00    0.00    0.00
PSATRBX    -18.95  -44.76    2.09    2.37    4.27    9.88    0.74    0.20    0.79    2.54    2.90    3.59    0.03    0.09    0.06    0.00    0.01    6.61    0.00    0.00    0.00    0.00    0.00    0.00    0.21    0.15    0.15    1.39    1.04    2.43    0.05    1.89    0.89    0.64    0.37    0.88    0.18    0.04    0.00    0.00    0.00    0.00    0.62    0.00    0.01    0.01    0.00
PSATSFR    -15.93  -44.86    0.12    0.56    3.80    6.42    2.79    1.22    6.00    9.37    1.39    8.88    3.12    0.47    0.49    0.32    1.29    6.65    1.99    0.11    0.10    0.14    0.02    0.00    0.00    0.00    0.00    0.00    0.83    0.14    0.02    0.24    0.25    0.21    0.15    0.12    0.06    0.00    0.00    0.00    0.00    0.00    0.00    0.00    0.00    0.00    0.00
PSATSRM    -16.37  -45.07    0.90    0.67    2.04    6.56    1.71    0.85    1.93   15.18    1.59    7.90    0.72    0.14    0.42    0.13    0.84    7.43    0.52    0.05    0.00    0.01    0.00    0.00    0.07    0.11    0.06    1.25    1.26    0.77    0.09    0.95    1.03    0.49    0.28    0.45    0.17    0.03    0.00    0.00    0.00    0.00    0.03    0.01    0.04    0.01    0.00
PSATTMR    -18.16  -45.27    4.15    8.56    6.88    5.16    0.41    0.56    0.93   16.38    1.98    3.11    0.00    0.14    0.09    0.00    0.28    8.37    0.03    0.00    0.00    0.00    0.00    0.07    0.29    0.57    0.50    0.56    3.50    1.80    0.07    0.61    0.72    0.85    0.54    0.43    0.08    0.00    0.00    0.00    0.00    0.00    0.57    0.01    0.00    0.00    0.00
PSATBOQ    -11.35  -43.83    5.02    0.80    0.08    0.09    0.64    0.56    0.31    0.02    0.27    5.55    8.10    5.08    1.07    0.61    0.57    0.70    0.38    2.68    1.70    2.06    0.25    0.07    0.00    0.01    0.01    0.02    0.59    0.07    0.06    0.06    0.23    0.21    0.17    0.44    0.40    0.81    0.66    0.67    0.00    0.28    0.11    0.26    0.02    0.00    0.00
PSATBBO    -22.52  -48.55    0.34   27.82   16.20    4.72    1.06    0.39    0.93    8.38    6.21    0.30    0.12    0.01    0.01    0.00    2.82    0.47    0.00    0.00    0.01    0.01    5.63    1.64    0.26    0.01    0.01    0.49    0.12    0.25    0.03    0.01    0.07    0.03    0.03    0.27    0.84    0.17    0.00    0.00    0.00    0.58    0.73    0.01    0.00    0.20    2.33
PSATESZ    -23.46  -46.91    0.77   17.09   22.67    6.08    2.38    0.83    1.00   13.57   16.38    4.51    1.48    0.03    0.00    0.00    3.38    0.26    0.00    0.01    0.16    0.12    3.07    1.29    1.29    0.19    0.11    3.55    1.41    1.06    0.23    0.00    0.09    0.03    0.38    3.32    6.14    1.84    0.16    0.00    0.00    1.96    0.10    0.30    0.22    0.75    9.02
PSATIBT    -21.76  -48.99    0.96   45.60   17.57    2.27    0.88    0.15    0.67   13.43    4.94    0.03    0.00    0.00    0.00    0.00    3.86    0.70    0.00    0.00    0.00    0.00    7.28    1.30    0.27    0.00    0.00    0.00    0.01    0.35    0.01    0.02    0.07    0.10    0.01    0.00    0.09    0.00    0.00    0.00    0.00    1.06    1.18    0.00    0.00    0.00    0.00
PSATNAV    -21.12  -50.20    0.47   35.39   18.99    1.13    0.91    0.03    0.32   22.37    5.38    0.23    0.01    0.00    0.03    0.04    6.95    3.60    0.01    0.00    0.00    0.00   12.17    1.10    0.33    0.00    0.00    0.00    0.00    0.04    0.00    0.02    0.03    0.06    0.02    0.00    0.05    0.00    0.00    0.00    0.00    0.76    0.87    0.00    0.00    0.00    0.00
PSATSME    -13.40  -48.30    4.50    3.13    1.91    4.38    2.94    1.58    7.01   10.69    0.85    1.84    4.15    3.62    1.32    2.46    2.41    4.29    2.19    0.39    0.96    0.24    0.18    0.32    0.12    0.02    0.02    0.00    0.09    0.20    0.00    0.02    0.02    0.00    0.00    0.00    0.01    0.00    0.00    0.00    0.00    0.00    0.00    0.00    0.00    0.00    0.00
PSATBGR    -27.78  -51.20    0.01    0.03    0.04    0.20    0.24    1.03    3.85   14.55    0.05    0.02    0.37    0.34    0.02   13.36    0.05    0.16    0.00    0.00    0.03    5.14   12.80    0.04    0.00    0.00   14.09    0.51    0.02    0.06    0.05    0.00    0.00    3.46   22.07    3.55    0.69    0.42    0.16   23.10    2.01    0.01    0.04    0.00    8.64    3.61    0.13
PSATCNV    -27.60  -51.33    0.04    0.98    0.05    0.23    0.25    0.20    3.25   14.64    0.06    0.01    0.71    0.58    0.13   23.53    0.03    0.00    0.00    0.05    0.14    8.52   31.58    0.06    0.01    0.00   10.71    0.31    0.33    0.90    0.51    0.01    0.00    0.30   16.24    9.70    0.67    0.49    0.49   21.47    1.10    0.00    0.00    0.00   10.11    5.05    0.24
PSATFCH    -27.14  -53.04    0.00    4.56    0.07    0.21    0.00    0.11   28.91    6.94    0.09    0.00    0.00    0.01    0.14   19.67    0.11    0.00    0.00    0.00    0.00   12.93   11.41    0.18    0.00    0.03   21.68    0.24    0.00    0.03    0.00    0.00    0.00    1.89   10.47    1.50    0.11    0.00    0.00   29.13    0.56    0.02    0.00    0.00   12.16    1.33    0.09
PSATITA    -27.27  -52.38    0.07    4.23    0.09    0.23    0.02    0.49    8.55   15.11    0.11    0.01    0.12    0.04    0.05   21.40    0.06    0.00    0.00    0.00    0.01   12.93   20.50    0.18    0.00    0.06   12.56    0.27    0.04    0.31    0.06    0.00    0.00    2.04   14.19   12.50    0.72    0.09    0.04   22.30    1.23    0.00    0.00    0.00   11.34    4.27    0.13
PSATMCD    -27.52  -51.78    0.00    0.88    0.03    0.06    0.00    0.55   10.11   22.08    0.04    0.00    0.00    0.00    0.02   15.93    0.05    0.00    0.00    0.00    0.01   10.75   11.51    0.08    0.00    0.01   15.67    0.11    0.02    0.00    0.00    0.00    0.00    3.52   13.03    1.83    0.34    0.00    0.00   26.08    1.53    0.02    0.00    0.00    9.05    1.79    0.02
PSATMOJ    -27.35  -52.73    0.00    1.62    0.00    0.23    0.10    1.72   18.57   10.04    0.03    0.00    0.00    0.02    1.09   16.17    0.01    0.00    0.00    0.00    0.00    7.34    2.82    0.02    0.00    0.76   30.84    0.24    0.00    0.00    0.00    0.00    0.02    6.44   18.07    0.49    0.32    0.00    0.06   29.82    0.29    0.00    0.03    0.02    9.28    0.73    0.03
PSATQQX    -26.66  -52.54    0.68   14.82    0.01    0.50    0.00    0.15   14.14   20.90    0.08    0.00    0.02    0.00    0.00   26.70    0.04    0.00    0.00    0.00    0.00   22.29   16.83    0.09    0.01    0.00   13.84    0.63    0.00    0.06    0.00    0.00    0.00    0.11   12.88   18.42    0.38    0.02    0.00   19.03    1.36    0.00    0.00    0.00   15.24    5.31    0.17
PSATPSJ    -28.14  -55.05    0.00    0.47    0.00    0.05    0.00   18.38   55.21    4.10    0.05    0.00    0.01    0.00   26.86   38.03    0.01    0.00    0.00    0.00    0.00    4.83    0.67    0.00    0.00   17.88   17.67    0.30    0.00    0.00    0.00    0.01    1.72   10.80   12.58    0.00    0.07    0.02    0.66   25.22    0.05    0.05    0.02    0.00    2.64    0.00    0.00
PSATESP    -18.68  -51.87   14.48   10.20    7.83    4.73    0.52    0.24    5.64    7.84    2.73    4.85    1.08    0.08    0.05    2.23    3.27    3.91    0.00    0.00    0.31    0.37    1.59    1.59    1.50    0.53    0.99    2.27    0.00    0.34    0.15    0.00    0.00    0.00    0.00    0.00    0.00    0.00    0.00    0.00    0.00    0.00    0.00    0.00    0.00    0.00    0.00
PSATSRC    -19.16  -50.76    9.39    8.00    7.78    3.11    0.40    0.13    2.72    6.53    5.00    4.51    0.68    0.08    0.08    3.76    4.63    1.06    0.00    0.00    0.07    0.13    0.44    0.92    1.17    0.24    0.17    0.37    0.00    0.78    0.03    0.00    0.00    0.00    0.00    0.00    0.01    0.00    0.00    0.00    0.00    0.04    0.01    0.00    0.00    0.00    0.00
PSATFRCL   -19.12  -50.64    6.92    6.94    8.65    2.75    0.54    0.27    4.05    8.79    5.50    4.50    0.96    0.10    0.24    3.95    7.40    2.47    0.00    0.00    0.10    0.06    0.27    1.27    1.08    0.36    0.53    0.08    0.00    0.52    0.03    0.00    0.00    0.00    0.00    0.00    0.00    0.00    0.00    0.00    0.00    0.05    0.01    0.00    0.00    0.00    0.00
PSATISOT   -20.40  -51.35    1.58   21.98   20.80    1.75    0.67    0.01    2.96   21.97    7.65    2.83    0.09    0.02    0.11    1.92    5.80    1.47    0.00    0.00    0.01    0.03    5.58    0.80    0.68    0.09    0.11    0.00    0.00    0.66    0.00    0.00    0.00    0.00    0.00    0.00    0.02    0.00    0.00    0.00    0.00    0.10    0.05    0.00    0.00    0.00    0.00
PSATJUP    -20.86  -51.63    2.73   11.25   13.19    3.43    0.57    0.01    3.19    8.61    7.55    2.78    0.25    0.05    0.16    0.70    4.98    1.15    0.00    0.00    0.25    1.08    4.84    0.71    1.07    0.30    1.94    0.87    0.00    0.42    0.08    0.00    0.00    0.00    0.00    0.00    0.02    0.00    0.00    0.00    0.00    0.03    0.01    0.00    0.00    0.00    0.00
PSATSDG    -20.06  -53.18    1.43   12.88    9.55    1.82    0.64    0.00    3.46    1.97    8.20    2.10    0.18    0.01    0.18    0.63    5.91    0.80    0.00    0.00    0.04    1.54    6.35    0.52    1.29    0.55    3.75   12.52    0.01    0.02    0.10    0.01    0.00    0.00    0.00    0.04    0.05    0.00    0.00    0.00    0.06    0.00    0.00    0.00    0.00    0.00    0.00
PSATFZBT   -21.66  -52.87    1.81   18.72    3.14    1.36    0.76    0.00    6.61    9.69    3.82    0.80    0.01    0.02    0.11    3.30    3.90    0.03    0.00    0.00    0.01   14.94    6.06    0.09    0.45    0.35    5.33   10.46    0.00    0.07    0.02    0.00    0.00    0.00    0.00    0.12    0.24    0.00    0.00    0.00    0.00    0.01    0.00    0.00    0.00    0.04    0.00
PSATPPRA   -22.46  -52.91    0.70   33.09   10.98    1.10    0.74    0.02    1.02   21.34    3.40    0.72    0.00    0.01    0.03    1.27    3.08    0.02    0.00    0.00    0.03    3.30    9.22    0.34    0.14    0.04    6.48    0.57    0.00    0.18    0.01    0.00    0.00    0.00    0.00    0.12    0.14    0.00    0.00    0.00    0.01    0.14    0.00    0.00    0.00    0.02    0.00
PSATBTE    -13.69  -50.80    7.61    8.00    4.03    3.49    2.86    1.60    2.15   13.96    2.26    3.99    0.87    1.23    1.40    2.54    4.52    4.58    0.17    0.02    0.09    0.05    0.69    1.05    0.60    0.18    0.20    0.86    0.00    1.01    0.02    0.00    0.00    0.00    0.00    0.00    0.00    0.00    0.00    0.00    0.00    0.01    0.00    0.00    0.00    0.00    0.00
PSATARAG    -8.27  -49.26    9.86    3.58    1.67    1.74    3.39    0.88    1.03    4.51    2.93    2.99    6.02    6.38    2.15    4.70    3.22    2.72    1.97    1.31    1.13    2.40    3.41    0.89    0.39    0.30    0.28    0.36    0.34    0.29    0.11    0.06    0.02    0.19    0.23    0.04    0.18    0.57    0.06    0.39    1.06    0.16    0.79    1.06    0.25    0.69    0.05
PSATLAJ     -9.76  -48.37    8.64    2.63    0.51    0.41    2.44    1.17    1.78    0.25    1.18    1.39    7.28    9.13    2.49    2.21    2.29    2.69    2.31    3.52    0.54    3.72    1.87    0.25    0.07    0.01    0.04    0.01    0.14    0.06    0.05    0.14    0.04    0.18    0.14    0.03    0.08    0.13    0.13    0.13    0.09    0.12    0.12    0.28    0.08    0.03    0.02
PSATPTRL    -9.31  -47.39    3.08    1.31    0.01    0.09    1.42    0.45    0.25    0.45    0.79    0.84    8.62   13.97    3.39    2.99    0.52    0.22    0.09    1.44    1.02    5.46    4.58    0.70    0.17    0.15    0.21    0.56    0.45    0.24    0.22    0.38    0.38    0.66    0.59    0.70    0.42    3.38    0.28    0.57    0.14    1.02    0.64    1.34    0.40    0.20    0.14
PSATLJET    -7.33  -47.48    2.56    0.75    0.10    1.86    5.29    0.67    1.93    0.34    0.49    0.67    3.45    9.53    3.80    2.09    0.09    0.10    2.53    5.76    2.33    4.12    7.20    1.16    0.25    0.82    0.94    1.77    1.73    0.48    0.28    1.05    1.27    1.92    0.54    4.50    4.01   21.92    2.44    3.23    0.94    1.88    4.17    5.04    1.02    4.30    0.45
PSATUCR     -3.83  -49.65    3.04    7.09    9.01    3.32    5.99    1.87    9.77    0.68    0.49    0.90    4.61    5.71    5.21    1.65    0.70    4.14    6.42    8.84    3.15    4.45   10.87    1.65    2.65    1.37    1.17    2.90    1.68    1.36    0.41    4.33    2.50   10.04    0.58    8.79    6.09   19.30    9.48   13.74   11.56    6.62    5.85    6.17    2.39    7.54    0.63
PSATXIVJ   -29.07  -51.67    0.00    0.00    0.01    0.06    0.03    3.62    6.53   10.99    0.35    0.02    0.17    0.01    1.91   18.10    0.01    0.03    0.00    0.00    0.01    4.16    5.60    0.11    0.01    0.46   26.25    0.69    0.01    0.00    0.00    0.00    0.03   11.67   15.76    0.70    0.26    0.02    0.00   30.58    1.39    0.00    0.02    0.02    8.56    1.24    0.08
PSATDFRC   -29.45  -53.28    0.00    0.16    0.00    0.07    0.00   11.50   39.16    3.59    0.31    0.01    0.21    0.11   23.02   36.31    0.00    0.00    0.00    0.00    0.00    8.93    0.64    0.06    0.00   17.78   11.95    0.02    0.00    0.00    0.00    0.00    5.56   20.88    2.90    0.00    0.28    0.10    1.24   25.31    0.24    0.06    0.03    0.01    2.53    0.10    0.03
PSATREAL   -29.02  -53.19    0.00    0.30    0.00    0.15    0.02    6.24   45.09   10.01    0.18    0.00    0.19    0.00    9.50   42.43    0.00    0.00    0.00    0.00    0.00    5.03    1.99    0.03    0.01    6.85   20.74    0.05    0.00    0.00    0.00    0.00    6.38   13.35   12.93    0.04    0.26    0.02    0.26   28.44    0.24    0.04    0.05    0.02    4.58    0.21    0.02
PSATCTAV   -29.01  -51.39    0.01    0.05    0.04    0.04    0.14    3.97    5.96   18.88    0.40    0.20    0.27    0.50    0.34   14.80    0.02    0.62    0.01    0.00    0.00    0.87    6.73    0.18    0.00    0.02   19.05    0.96    0.01    0.00    0.00    0.00    0.04   17.44   16.25    3.03    1.95    0.52    0.01   25.16    3.02    0.01    0.13    0.01    7.38    3.18    0.02
PSATERNT   -28.56  -52.54    0.00    0.63    0.00    0.07    0.01    1.71   23.30   24.52    0.05    0.00    0.06    0.01    1.55   17.03    0.03    0.00    0.00    0.00    0.00    8.29    4.74    0.02    0.00    1.97   25.71    0.14    0.01    0.00    0.00    0.00    1.04    7.49   17.62    0.61    0.46    0.00    0.02   30.55    0.37    0.03    0.05    0.03    6.67    0.69    0.02
PSATSTPL   -27.14  -49.52    0.06    0.75    0.11    0.35    0.71    0.34    1.03    7.91    0.01    0.00    1.31    1.88    0.26   23.45    0.23    0.00    0.00    0.19    0.41    6.54   32.08    0.05    0.06    0.03    3.99    0.19    1.31    2.49    1.67    0.04    0.00    0.00   20.62   17.45    0.91    0.97    0.99   17.07    1.22    0.00    0.01    0.00    9.98    8.36    0.23
PSATCVCH   -25.14  -48.87    1.26    9.16    4.90    0.79    0.13    0.33    0.14    8.34    2.63    0.53    2.52    0.34    0.05    0.35    3.78    0.00    0.00    0.02    0.24    7.39   13.84    0.95    0.52    0.00    0.63    0.92    1.92    2.44    1.19    0.00    0.00    0.00    0.92   18.46    0.76    1.40    0.55    0.12    0.09    0.00    0.00    0.00    0.09    2.90    0.79
PSATAMY    -12.60  -69.12    7.67    4.27    2.84    7.85    5.48    5.15    3.57    6.00    4.75    2.90    3.17    4.72    8.22    4.73   13.19    5.94    1.40    5.79    6.94    6.51    8.49    1.64    1.02    1.95    8.73    1.82    0.45    1.58    1.10    4.11    3.38    3.62    6.87    6.36    1.17    0.60    2.07    5.84    5.82    1.10    0.53    0.50    1.60    4.77    4.33
PSATGJR    -10.73  -65.35    9.27    1.87    1.17   12.65    9.32    2.77    2.71    8.19    1.89    1.49    5.50    2.26    2.28   11.23    1.92    0.92    0.22    1.25    4.62    6.34    5.35    0.19    0.26    2.24    9.01    0.12    0.07    0.53    0.47    3.65    1.70    3.70    4.74    0.53    0.05    0.05    0.50    1.62    1.21    0.05    0.00    0.06    3.41    2.15    0.24
PSATPRNC   -12.43  -64.43    9.30    4.77    1.85    9.82   11.53    4.62    1.77    1.24    0.86    1.11    0.93    1.61    2.04    6.45    4.32    0.62    0.24    1.57    4.59    3.23    6.20    0.37    0.72    1.32   10.47    0.07    0.28    1.01    0.07    0.02    0.02    0.06    0.16    0.00    0.00    0.00    0.00    0.06    0.14    0.00    0.00    0.00    1.59    2.04    0.01
PSATSANT    -8.87  -63.97    2.30    2.42    5.11   27.85   10.08    9.59    3.25    1.57    1.92    3.53    0.73    6.06    2.73    4.96    6.19    9.88    1.56    1.33    3.37    2.04    2.14    1.82    1.59    1.33    4.50    4.39    2.23    1.07    0.01    0.15    3.76    1.51    3.80    0.29    0.24    0.15    1.21    5.08    4.71    0.55    0.00    0.02    4.95    3.65    0.80
PSATDARD   -10.16  -59.46    3.13    4.67    3.92    8.84    8.22    2.26    1.40    1.71    3.82    0.69    2.70    6.74    2.71   10.13    9.52    4.67    4.38    3.01    3.64    1.46    4.83    0.93    0.73    1.34    1.83    1.05    0.66    0.02    0.00    0.17    0.03    0.00    0.01    0.00    0.00    0.00    0.00    0.00    0.27    0.01    0.00    0.00    0.74    0.00    0.00
PSATGUAP   -15.12  -58.96   16.69   10.88    6.31    7.85   16.44    3.09    1.73    5.33    1.98    4.44    5.57    1.83    2.72   10.67    9.14    0.26    0.00    1.51    5.33    0.53    7.63    0.69    0.85    2.09   22.80    0.03    0.99    1.68    0.00    0.00    0.00    0.06    0.00    0.00    0.00    0.00    0.00    0.09    0.00    0.00    0.00    0.00    0.06    1.01    0.00
PSATJIRA    -9.25  -64.65    8.25    2.69    1.04   11.74   11.45    3.66    2.80    3.69    1.71    2.54    2.41    5.47    3.14    9.20    6.77    3.46    0.46    1.76    4.04    2.75    9.19    0.82    0.55    0.81    8.77    1.22    0.09    0.53    0.52    1.64    2.14    1.71    9.78    2.84    0.23    0.09    0.49    2.13    4.29    0.13    0.03    0.05    2.22    7.33    0.99
PSATROND   -11.99  -60.70    6.28    3.50    3.88   12.89   13.07    5.21    2.34    1.23    1.49    1.48    3.28    1.42    5.94   13.23    4.98    1.46    0.93    1.45    4.20    1.19    3.94    1.89    1.34    0.72    2.33    1.33    1.46    0.49    0.00    0.03    0.00    0.00    0.00    0.00    0.00    0.00    0.09    0.03    0.00    0.00    0.00    0.00    0.67    0.12    0.00
PSATSAMU    -8.75  -63.45    0.57    3.47   11.43   22.71   13.07    4.33    1.88    1.92    2.32    1.29    0.82    8.08    2.86    6.24    6.94   12.86    2.65    1.55    1.75    1.52    1.34    1.69    1.17    1.56    9.52    2.39    1.31    0.65    0.00    0.44    1.26    0.90    0.42    0.03    0.01    0.04    0.43    0.79    0.68    0.13    0.00    0.00    3.45    0.73    0.57
PSATBALB    -1.92  -59.47    5.07   15.13    8.75   16.41   25.08    8.81    2.93    3.46   19.46    2.25    5.39    9.87    2.45    3.13    1.74   14.32   12.42   12.57    2.29    1.17    1.72    2.45    3.53    2.79    1.58    7.70   14.17    6.55    9.89   13.15    8.67   11.85   10.71    9.77    7.32   11.96    7.16   15.51    8.72   10.43   14.77    8.70    9.85    8.72   23.31
PSATCUNA    -2.82  -54.30    5.93    1.60    7.97   10.94   11.16    3.96    5.94    2.78    4.00    2.37    3.02    8.64    1.68    1.50    3.41    7.57   14.50   13.55    4.57    2.15    3.92    6.11    5.27    2.22    1.67    5.99    3.85    2.26    1.10    1.23    5.50   10.76   11.21    3.34    6.93    7.15   12.37   15.10   16.53    5.93   11.20    3.11    4.03    9.16    3.71
PSATJARI    -0.65  -52.52    3.71    4.14   11.02    5.44    7.25    5.91    5.63    9.63   16.24    8.14    8.72    7.97    7.55    1.86    0.80   10.05   14.83   14.68    3.64    3.23    2.62    1.70    7.10    5.33   10.52    6.41    2.71    6.90    7.90    4.17   12.63   24.80   11.60    4.99    6.85   11.05   10.88    9.30   12.15    5.36    9.06    6.65    2.97    7.09    6.57
PSATFGOM     0.86  -51.20    5.22    9.43    7.96   13.22   10.46    6.62    9.07    5.90   14.80    4.53    9.61    7.88    8.05    5.37   11.02   18.95   14.34   13.15    5.59    5.44    6.33    3.78    7.45    5.32    9.85    7.71    3.28   17.02   13.81   12.26   14.91   19.64   10.02    3.79   14.55   15.33   10.20   12.15   10.64   11.25    8.71    7.69    2.78    5.77    5.63
PSATUBE     -6.75  -43.57    1.29    0.76    0.23    1.06    1.55    0.48    0.47    0.30    0.10    0.19    3.64   15.28    3.38    0.60    0.01    0.05    2.47    6.53    6.35    3.14    1.25    0.66    0.25    1.11    1.00    0.39    0.40    0.14    0.18    0.64    0.42    0.13    0.34    5.89    6.30   13.32    1.12    7.34    0.39    1.06    1.82    3.26    0.75    0.22    0.23
PSATBSOR    -6.74  -52.00    7.64    4.01    3.12    3.70    4.76    1.66    1.89    3.33    2.55    4.62    6.03    2.86    1.63    3.56    3.06    4.47    2.48    2.74    1.67    0.83    1.98    1.17    0.85    0.54    0.17    0.22    0.36    0.76    0.18    0.16    0.03    0.20    0.30    0.60    0.88    0.47    0.66    2.91    0.92    0.25    1.27    0.78    0.42    1.58    0.04
PSATBESP    -6.75  -51.77    8.48    3.13    2.92    1.40    6.16    1.49    5.21    1.44    0.72    1.93    3.87    5.24    2.87    6.64    0.48    0.08    0.70    4.63    2.55    2.62    2.31    1.05    0.72    1.14    0.67    0.55    2.38    3.68    1.00    0.67    0.20    5.98    1.35    1.45    3.95    6.71    2.87    3.60    4.50    1.01    4.30    3.48    1.28    6.07    0.08
PSATPIME    -3.41  -51.91    2.84    6.33    5.41    3.04    6.34    3.05    7.35    3.83    1.38    2.19    4.06    3.57    2.50    3.08    1.12    3.25    8.62    7.63    5.05    2.80    4.88    3.08    3.97    2.02    0.77    3.09    2.30    3.41    0.50    1.64    2.62    8.13    5.42    7.28    4.90    9.10    9.13    9.27   14.34    3.06    6.74    2.90    2.54    9.20    1.19
PSATIRAP   -16.74  -42.57    0.66    0.10    0.55    9.15    3.19    1.65    2.26    0.80    0.96   14.92    0.51    0.18    0.17    0.13    0.18    7.74    2.09    0.64    0.17    0.16    0.06    0.00    0.05    0.18    0.04    2.43    1.28    1.48    1.25    4.31    3.93    0.46    0.30    2.27    0.61    0.15    0.04    0.03    0.00    0.00    0.02    0.00    0.32    0.05    0.01
PSATITBI   -15.97  -39.59    1.28    0.37    0.27    4.04   16.50    9.06    6.64    0.91    0.22   19.98    0.35    0.66    0.45    0.29    0.26    7.37    3.29    0.80    0.30    0.84    0.19    0.02    0.08    0.19    0.24    2.08    2.82    2.80    3.25    8.50    5.19    1.28    0.91    3.03    1.10    0.92    0.17    0.19    0.09    0.02    0.01    0.04    0.81    0.43    0.49
PSATCOLI   -10.98  -55.77   13.89    4.72    4.42    6.56    8.78    1.79    2.13    3.56    4.73    2.48    4.22    1.26    1.79    3.48    4.19    5.14    3.11    1.49    2.60    0.34    1.00    0.96    0.61    0.39    0.96    1.86    0.07    0.00    0.04    0.05    0.00    0.00    0.00    0.01    0.00    0.00    0.00    0.03    0.03    0.01    0.01    0.00    0.00    0.00    0.00
PSATSAEL    -9.19  -57.04    4.31    3.15    5.10    8.50    1.67    1.61    1.78    3.03    1.36    3.74    4.39    2.67    5.39    9.13    1.32    2.05    0.84    2.51    1.73    1.06    3.07    0.73    0.81    0.62    0.27    0.08    0.08    0.47    0.26    0.29    0.04    0.08    0.08    0.19    0.26    0.00    0.00    3.03    0.96    3.69    0.24    0.22    0.05    0.10    0.09
PSATITQ    -17.09  -54.83    8.45    5.10    6.51    6.39    1.49    1.92    5.77    2.86    3.89    5.03    0.81    0.66    0.27    3.49    6.24    4.22    0.00    0.04    0.68    0.23    7.09    1.16    0.75    1.01    1.17    3.07    0.03    0.00    0.02    0.04    0.00    0.00    0.00    0.00    0.00    0.00    0.00    0.00    0.00    0.00    0.00    0.00    0.00    0.00    0.00
PSATJAU    -15.24  -58.73   18.88    8.70    5.00    7.44   16.23    3.14    2.22    3.90    1.63    4.42    4.27    1.48    2.32   10.77    8.77    0.41    0.00    1.01    6.87    1.12    9.41    0.55    0.75    3.02   26.07    0.03    0.52    1.12    0.00    0.01    0.00    0.02    0.00    0.00    0.00    0.00    0.00    0.04    0.00    0.00    0.00    0.00    0.13    0.49    0.00
PSATMAN    -14.87  -55.78    9.99    2.30    1.92    6.33    7.11    2.41    1.83    7.89    1.73    1.52    0.87    1.19    0.36    3.67    5.38    2.98    0.53    0.23    3.51    0.22    3.27    1.16    0.49    0.62    0.30    2.08    0.67    0.00    0.03    0.00    0.00    0.00    0.00    0.00    0.00    0.00    0.00    0.00    0.00    0.00    0.01    0.00    0.00    0.00    0.00
PSATPTP    -17.61  -54.83    7.51    6.32    8.82    7.29    0.68    1.05    5.39    1.47    6.73    2.79    0.75    0.45    0.18    1.10    8.96    2.10    0.00    0.01    0.53    0.40    9.15    1.15    0.66    1.03    2.33    3.85    0.00    0.00    0.05    0.02    0.00    0.00    0.00    0.00    0.00    0.00    0.00    0.00    0.00    0.00    0.00    0.00    0.00    0.00    0.00
PSATSTCL   -17.90  -40.20    1.72    0.39    0.04   10.16   14.96   15.62    4.11    1.89    1.16   18.36    0.26    0.87    0.58    0.31    0.30   17.37    8.13    0.47    0.20    2.92    0.33    0.01    0.01    0.24    0.84    3.94    4.63    4.66    8.68   23.19    8.81    1.88    0.27    3.82    3.47    1.26    0.49    2.93    0.45    0.01    0.01    0.02    2.02    0.95    0.32
PSATPDC    -12.58  -39.00    5.67    2.21    0.60    0.09    0.09    0.06    0.13    0.02    0.03    0.48    6.12    2.09    3.41    1.19    1.21    0.42    0.87    5.71    2.47    0.54    0.64    0.37    0.70    0.92    0.63    2.87    5.34    3.30    2.70    2.32    8.34    2.70    1.31    0.75    0.83    1.58    1.79    0.83    1.86    0.93    0.63    0.42    1.10    1.47    1.70
PSATROSA   -20.92  -41.72    2.16    0.76    2.38   15.82    3.49    1.90    1.27    0.80    9.33    6.48    1.32    0.53    0.39    0.02    0.00    8.22    0.57    0.00    0.07    0.16    0.06    0.00    0.32    1.01    0.74    4.80   10.18    6.06    7.23   21.26    7.04    0.92    0.73    2.77    3.57    1.26    0.43    1.06    0.09    0.01    8.85    2.39    2.33    0.88    0.01
PSATCAN    -20.21  -42.85    2.52    2.42    4.63   13.71    2.45    1.62    5.51    0.92    2.34    0.17    0.21    0.26    0.22    0.06    0.00    8.27    0.00    0.00    0.01    0.07    0.08    0.01    0.24    0.33    0.06    0.30    1.68    3.85    0.12    2.45    0.98    0.68    0.42    2.33    0.58    0.91    0.08    0.02    0.00    0.00    5.91    0.32    0.92    0.43    0.02
PSATSAC    -19.64  -42.85    2.62    2.37    3.90    6.33    2.02    1.43    3.09    1.82    1.88    2.82    0.09    0.40    0.18    0.02    0.00    5.81    0.00    0.00    0.00    0.11    0.17    0.00    0.25    0.61    0.16    0.87    2.54    4.77    0.51    2.63    4.49    1.67    0.28    1.44    0.68    0.69    0.06    0.06    0.00    0.03    0.23    0.28    0.90    0.34    0.00
PSATPES    -19.12  -42.66    1.43    0.55    0.81   11.85    3.36    4.65    3.70    5.88    1.98    8.90    0.30    0.60    0.23    0.04    0.00    8.32    0.48    0.00    0.00    0.71    0.31    0.01    0.09    0.63    0.25    6.19    2.78    4.39    1.61    5.09    5.24    1.95    0.05    0.15    0.56    1.13    0.72    0.22    0.03    0.01    0.18    0.39    1.82    0.46    0.00
PSATMAS    -19.50  -40.92    1.15    0.26    0.94   11.12    3.54    3.60    2.44    3.44    2.70   14.97    0.15    0.25    0.15    0.09    0.05   10.98    1.41    0.15    0.00    0.66    0.31    0.02    0.06    0.66    0.30   12.59    2.89    2.67    3.47   11.23    6.62    1.25    0.15    1.23    1.11    1.07    0.41    0.32    0.18    0.02    0.89    1.90    1.65    0.60    0.03
PSATSBR    -23.37  -45.87    0.90   18.95   21.31   11.57    4.14    1.38    0.96    4.10   15.44    1.87    1.94    0.10    0.04    0.00    2.64    5.04    0.00    0.03    0.09    0.09    0.04    1.43    1.44    0.33    0.02    1.65    0.76    1.91    0.43    0.03    0.09    0.03    0.02    1.73    3.46    1.98    0.46    0.01    0.00    0.96    4.75    1.72    0.48    0.21    1.74
PSATJAG    -23.20  -46.03    0.85   22.94   21.31   11.87    2.21    0.55    1.35    5.26   21.71    0.97    1.04    0.01    0.06    0.00    2.68    2.32    0.00    0.00    0.05    0.02    1.14    1.42    0.58    0.11    0.00    1.60    0.20    0.58    0.12    0.03    0.06    0.00    0.00    1.01    1.98    0.61    0.03    0.00    0.00    1.16    0.37    0.34    0.06    0.15    0.85
PSATFUNI   -22.53  -44.57    0.46   20.30   21.15   11.68    3.57    0.65    1.28    3.08   13.41    0.61    0.89    0.06    0.07    0.00    0.90    7.63    0.00    0.01    0.03    0.01    0.29    0.84    0.48    0.06    0.04    0.69    0.19    0.82    0.11    0.56    0.22    0.13    0.01    1.11    0.84    0.65    0.05    0.00    0.00    0.41    5.89    0.37    0.08    0.04    0.60
PSATSACE   -22.48  -43.84    0.56   15.20   11.50   11.69    8.66    1.28    0.86    0.20    6.21    0.80    1.72    0.28    0.10    0.02    0.01    3.94    0.02    0.02    0.05    0.00    0.00    0.19    0.76    0.27    0.05    1.19    0.63    2.43    0.53    1.13    0.18    0.21    0.12    1.88    1.69    0.99    0.12    0.00    0.00    0.03   12.53    2.27    0.75    0.06    1.16
PSATPIC    -21.91  -43.54    0.48    6.93    7.76    8.62    3.41    1.30    1.34    0.37    5.31    0.32    2.89    0.16    0.14    0.02    0.00    3.48    0.00    0.00    0.08    0.00    0.00    0.55    0.79    0.76    0.12    0.67    0.82    3.57    0.95    1.89    0.49    0.00    0.52    0.82    1.16    0.85    0.18    0.06    0.00    0.00    7.35    0.89    0.49    0.24    0.27
PSATSOGI   -21.94  -43.36    0.95    4.73    6.48   19.88    2.95    2.30    5.23    0.72    3.85    0.47    3.30    0.29    0.23    0.05    0.00    5.13    0.00    0.01    0.12    0.21    0.05    0.12    0.75    1.16    0.21    0.21    2.01    3.17    0.53    3.23    0.50    0.06    0.73    1.75    0.60    0.92    0.29    0.17    0.03    0.02    6.97    0.53    1.02    0.40    0.17
PSATIPSI   -21.84  -42.58    0.71    6.72    9.39   15.20    4.57    1.27    3.44    0.71    9.51    1.25    1.47    0.12    0.26    0.08    0.00    3.83    0.01    0.01    0.18    0.20    0.10    0.14    0.61    0.89    0.09    0.29    0.69    2.16    0.37    3.17    0.67    0.21    0.56    3.42    0.98    1.51    0.30    0.28    0.01    0.01   16.54    0.66    0.77    0.21    0.60
PSATTCLJ   -22.69  -43.83    0.53   11.29   18.09    6.24    4.88    1.35    2.12    0.02    9.74    3.58    2.36    0.00    0.02    0.01    0.03    7.52    0.05    0.02    0.02    0.00    0.00    3.60    0.29    0.32    0.00    2.06    1.11    3.51    0.24    0.00    0.00    0.06    0.06    3.02    4.46    1.31    0.43    0.00    0.00    0.15   13.03    5.46    1.37    0.06    2.08
PSATBIGU   -25.51  -53.67    7.55   29.22    0.91    0.74    0.03    0.55   25.72   40.94    0.06    0.00    0.00    0.00    0.11   27.29    0.02    0.00    0.00    0.00    0.05   36.75    7.02    0.15    0.01    0.00   21.39    2.87    0.00    0.12    0.00    0.02    0.00    0.17    3.17   14.09    0.15    0.02    0.00   12.01    0.60    0.00    0.00    0.00   13.84    6.88    0.08
PSATBRAU   -21.45  -42.41    0.96    3.50    5.27   33.74    6.23    1.83    6.92    0.73    5.72    0.13    1.59    0.23    0.19    0.18    0.00    8.24    0.02    0.00    0.13    0.45    0.14    0.02    1.19    0.79    0.25    0.19    1.86    2.99    0.31    2.65    0.95    0.27    1.00    3.85    0.69    0.37    0.24    0.37    0.02    0.00    5.72    0.89    0.91    0.43    0.05
PSATSUIC   -20.08  -40.58    1.85    0.33    0.49   22.34    5.75    1.82    2.11    2.33   17.28    2.90    0.33    0.95    0.79    0.05    0.00    4.65    3.07    0.35    0.00    0.44    0.06    0.00    0.14    1.17    0.24    7.19    5.11    1.46   19.59   15.75    5.77    1.22    0.49    3.20    5.55    1.86    0.21    1.37    0.79    0.03    0.12    1.46    1.68    0.89    0.00
PSATJRI     -9.30  -64.70    8.47    3.30    1.23   12.43   11.36    3.99    2.35    2.96    1.20    2.77    1.82    6.24    3.27    8.07    7.59    4.28    0.41    1.89    3.84    2.82    9.18    0.66    0.62    0.90    7.91    1.31    0.07    0.51    0.53    1.18    1.57    1.43    7.54    2.33    0.08    0.00    0.28    1.85    4.11    0.04    0.00    0.00    2.80    8.20    0.56
PSATBENI   -14.59  -67.53    8.00    0.95    0.68    9.54   11.54    3.09    3.68    6.08    3.34    2.29    4.28    3.70    3.51   10.30    4.35    1.31    0.63    1.76    4.98    2.53    9.93    1.21    0.29    0.62   11.84    0.92    0.17    0.58    0.52    2.84    3.84    2.67   16.82    3.80    0.67    0.34    1.16    3.27    5.10    0.41    0.14    0.17    1.05    4.21    2.00
PSATEPB    -12.42  -64.42    9.50    4.03    1.66    9.82   10.65    3.61    1.74    4.20    1.07    1.39    2.43    1.62    2.19    6.89    3.06    0.48    0.16    1.48    4.72    4.85    4.81    0.27    0.65    2.00    9.11    0.05    0.22    0.80    0.08    0.45    0.17    0.86    0.45    0.02    0.01    0.03    0.23    0.21    0.19    0.00    0.00    0.04    1.92    1.76    0.10
PSATEGM    -10.79  -64.35    9.10    1.78    1.17   13.67    9.52    3.29    3.05    7.14    1.99    1.31    5.46    2.50    2.25   12.47    2.59    1.24    0.30    1.21    4.54    5.47    6.89    0.25    0.18    1.76   10.12    0.16    0.07    0.61    0.61    4.47    2.13    4.06    6.04    0.72    0.06    0.04    0.41    2.03    1.57    0.06    0.01    0.04    3.65    2.56    0.23
PSATSTOA    -8.79  -63.95    2.22    2.50    5.08   28.37    9.79    9.61    3.28    1.58    2.04    3.13    0.80    6.62    2.87    5.25    6.48    9.73    1.62    1.29    3.16    2.08    2.15    1.79    1.55    1.09    4.59    4.75    2.40    1.12    0.00    0.14    3.97    1.55    3.69    0.27    0.25    0.16    0.95    5.10    4.56    0.53    0.00    0.02    4.12    3.59    0.76
PSATENC     -9.90  -66.62    5.27    3.86    1.25   18.28   13.43    3.26    4.46    1.49    0.49    2.03    0.90    4.76    1.75   14.27    8.41    5.13    0.50    1.06    2.78    3.23    3.22    1.03    1.21    1.06    4.88    1.83    0.01    0.56    0.42    0.91    1.30    1.16    5.66    4.15    0.06    0.00    0.19    0.39    2.84    0.01    0.00    0.00    2.23   11.03    1.46
PSATAMY1   -11.71  -70.63    3.64    1.57    1.42    4.79    6.81    2.04    0.73    5.88    4.44    1.77    4.56    3.91    7.46    2.24   11.57    2.61    0.36    2.78    3.58    8.07    6.06    0.32    0.08    0.95    8.57    0.87    0.01    0.02    0.23    3.79    1.64    2.72    3.38    4.88    0.24    0.00    0.90    2.76    5.43    0.29    0.00    0.01    0.81    7.78    2.31
PSATAMY2   -12.37  -71.17    5.69    3.78    2.50    6.46    4.68    5.72    4.52    6.70    5.58    3.00    3.46    5.96   10.34    4.86   15.57    8.37    1.45    4.99    8.37    8.14    8.23    1.43    0.66    1.94   11.30    2.28    0.43    0.82    0.79    4.25    4.87    3.91    7.48    8.40    0.88    0.47    2.25    4.49    4.35    1.18    0.49    0.52    2.76    4.39    6.04
PSATAMY3   -13.75  -70.18   13.68    8.02    5.68    9.83    6.91    8.57    5.33    5.22    5.01    4.08    1.82    4.68    7.81    7.31   14.11    6.57    2.42    7.53    7.28    4.94    7.32    3.45    2.70    3.57    6.35    2.65    1.16    4.62    2.73    5.59    3.61    4.15    7.71    6.08    2.21    1.35    3.41   10.04    7.25    1.93    1.33    1.05    1.14    2.19    4.35
PSATAMY4   -13.45  -69.47    9.65    3.75    1.27   11.72    3.24    2.68    2.60    5.64    3.06    2.57    1.99    3.41    3.60    3.68    9.16    5.15    1.50    9.93    7.25    2.67   14.28    1.60    0.82    1.06    6.30    1.11    0.13    1.23    0.65    2.05    2.43    3.43    9.05    5.03    1.87    0.78    1.58    7.73    8.17    1.02    0.27    0.42    0.80    4.76    3.95
PSATJRN    -13.37  -59.01    7.36   11.02    2.18   13.68    8.84    3.15    1.60    2.69    2.28    3.22    8.65    4.48    3.19    7.33    5.68    0.79    0.71    1.27    5.21    0.92    3.69    1.37    0.99    3.11    6.73    0.04    0.74    0.53    0.00    0.02    0.02    0.02    0.00    0.00    0.00    0.02    0.00    0.06    0.52    0.00    0.00    0.00    0.11    0.64    0.00
PSATAPI    -10.34  -56.98    3.81    1.11    1.74   10.89    3.51    1.89    1.96    4.33    2.77    1.86    9.86    6.61    4.52    8.48    0.90    6.71    4.02    0.74    1.87    1.12    4.72    1.48    0.78    0.72    0.27    0.08    0.03    0.00    0.02    0.12    0.00    0.00    0.02    0.04    0.00    0.00    0.00    0.10    0.67    0.05    0.00    0.02    0.02    0.00    0.00
PSATSALT   -29.32  -50.68    0.00    0.04    0.01    0.03    0.06    6.06   10.33   25.22    0.79    0.56    0.31    0.68    0.00   18.58    0.05    0.89    0.03    0.00    0.00    0.55    5.94    0.32    0.00    0.00   15.29    1.21    0.02    0.00    0.00    0.00    0.03   34.18   10.38    4.24    2.62    0.24    0.00   25.02    3.75    0.00    0.09    0.00    4.79    4.12    0.00
