PSATAGV    -19.89  -50.35   29.58   13.34    3.79    6.24   21.56   14.61   13.59   20.87   13.42   24.51   18.36   11.27   22.65   17.29   11.86    9.95    3.57    0.43    0.59    7.23    0.47    1.02    0.00    1.79    5.20    6.61    7.32    0.28   18.05    3.42   11.46   16.85   13.72   21.66   28.36   16.67   30.66   23.71   17.33    6.59    7.11    2.75    5.73   37.50   23.20
PSATCMG    -21.28  -44.63   49.60   41.35   18.58   11.95   15.86   21.74   35.99   27.10   19.21   12.33   13.35   19.38   15.04    6.70   18.14    2.32    0.08    0.33    0.44    0.04    0.13    0.05    1.03    5.44    6.87   10.37    0.76    0.74    3.74    5.76   18.44    5.86   24.70   10.89   18.17   23.16   30.07   22.02   11.04   12.63    6.05   15.88   17.46   73.32   77.91
PSATCES    -20.25  -48.16   58.97   33.47    6.86   14.31   22.62   13.52    4.17   16.11   22.98   26.26   18.04   10.97   27.13   20.12   12.64    1.88    0.43    0.11    3.81    1.19    0.85    0.12    1.09    7.02    7.34   12.33    2.42    0.03    2.13    1.89   11.02   11.63   11.86   10.05   17.11   15.22   33.73   28.14   19.31    6.07    7.23    7.45    2.58   31.52   23.32
PSATELC    -21.60  -46.95   39.71   14.19   13.72   11.48    6.52   17.55    4.71   16.99   19.19   21.02   12.70   11.04   27.98    7.35   33.55    1.81    0.52    0.11    2.73    0.10    0.39    0.26    2.00    8.96    3.59   14.76    1.03    0.14    4.04    0.45   12.33   19.68   19.26    7.66   22.04   17.10   32.45   37.79   21.61    6.73   10.17    5.26    0.69   13.61   69.51
PSATFUN    -21.14  -45.04   40.45   55.76   14.59   51.59   13.59   21.68   20.23   24.48   18.52   30.55   16.64   14.95   13.56    4.92   18.35    2.33    0.02    0.54    0.33    0.09    0.12    0.03    2.12    4.39    3.78    5.95    0.74    0.74    2.54    7.53   14.94    1.28   22.93   14.07   19.66   24.77   42.81   17.22   12.94    7.33   12.33    9.81   16.10   43.30   38.64
PSATFUR    -20.67  -46.32   46.49   42.01   51.27   25.01   10.21   15.32    7.05   22.51   15.95   24.02   18.07   15.48   17.11    3.82   21.30    2.11    0.05    0.25    0.56    0.28    0.16    0.06    3.03    7.34    4.35    8.43    0.41    0.42    2.61    5.97    9.83   13.22   16.88   18.64   23.53   25.43   55.78   22.98   20.88    6.80    8.46    7.50    2.93   22.54   56.12
PSATMRB    -20.30  -49.18   40.35   26.05    7.77    8.50   18.43   13.18    6.37   16.88   19.26   30.23   17.16   12.68   25.48   16.97   12.07    5.75    2.03    0.16    3.30    0.63    0.31    0.14    0.35    3.25    4.87   12.37    3.26    0.05    6.91    1.39    9.64   18.14   13.02   16.67   23.03   14.95   35.61   33.26   20.79    6.65    8.04    5.11    2.43   35.06   28.99
PSATPRG    -21.59  -45.67   53.17   18.28   22.23   13.22    9.39   10.82   14.45   10.71   13.28   18.21   14.93   12.52   15.40    2.65   18.95    1.57    0.14    0.19    3.54    0.15    0.14    0.09    0.90    4.49    2.58    6.68    3.06    0.17    2.56    0.73    9.91   16.59   14.69   11.77   17.66   17.27   26.43   16.03   22.27    6.66    6.22    9.22    3.23   10.20   44.49
PSATPAS    -21.02  -48.18   21.12   21.96    3.49    5.39    9.00   18.47   13.28    7.48   19.92   21.19   15.87    9.48   25.87   12.81   18.56    1.52    0.88    0.58    6.50    0.09    0.87    4.05    0.61    3.45    5.15   13.63    8.81    0.25    1.01    0.63    7.53   17.36   17.29   10.60   17.66   10.59   22.40   40.83   22.87   10.87   10.38    9.10    1.60   14.00   44.27
PSATPTB    -21.61  -45.49   95.70   29.56   20.55    5.94    9.03   17.45   19.99   22.57   19.72   22.70   13.04   20.48   12.52    2.97   24.17    2.71    0.04    0.24    0.92    0.15    0.17    0.04    2.65    5.23    5.75   10.15    2.42    0.30    1.00    1.98   12.47    8.64   12.03    9.99   13.45   20.77   33.52   11.52   19.51    5.54    3.57   10.27    8.65   23.64   75.31
PSATPTC    -20.00  -48.55   23.95   41.01   19.85   22.73   24.47   14.06    8.60   25.62   17.94   21.04   16.15   11.87   26.97   24.68   11.88    2.33    0.40    0.07    1.52    1.08    1.21    0.13    1.41    4.41    3.78   10.59    1.78    0.02    2.83    9.87   11.39   14.61   18.08   22.32   19.51   29.71   45.61   23.71   16.49    8.52    6.78    8.79    7.20   34.50   21.71
PSATFZA    -26.00  -51.65    0.00    0.39    0.31    0.23    0.05    0.14    0.03    0.12    4.09    7.48    6.56   11.76   11.86    9.28   21.30   18.39   19.05   22.61   18.52   16.74   10.48    5.50    7.79   15.24   15.33   21.26   42.24   25.79   22.21   15.43   13.16   14.95   10.86    6.10    9.19    4.62    7.13    5.30    6.38    3.17    6.39    1.48    0.55    1.14    6.24
PSATJSG    -25.78  -52.00    0.00    0.07    0.07    0.06    0.01    0.07    0.00    0.02    2.20    5.46   13.90   10.39    6.31    7.29   17.43   15.72   12.41   14.11   11.60   15.62   17.73    2.42    7.61   20.08   12.38   24.82   40.18   23.10   13.69   12.34   12.45   12.55    6.61    5.16    2.16    5.14    4.19    5.35    6.97    3.90    7.20    1.13    1.09    0.72    7.73
PSATSCX    -25.53  -53.48    0.00    0.00    0.00    0.00    0.01    0.23    0.01    0.00    1.03    7.67   15.27    9.27    9.41    7.39    9.41   13.14   12.70   17.31   15.74   12.79   18.63    1.00   16.02   23.29   18.11   20.93   38.21   23.46   28.27   10.53   10.03   12.32    5.34    6.32    2.63    9.89    6.71    9.32   10.21    5.14    3.79    1.03    0.59    2.51    8.73
PSATSCL    -25.49  -51.74    0.00    0.01    0.00    0.00    0.00    0.43    0.02    0.02    3.09    6.41    8.47    4.74   15.46   10.16   27.05   18.34   19.61   28.56   21.06   14.79    7.84    3.11    5.53   12.60   16.17   19.25   41.05   25.88   24.75   11.90    7.32   11.92   13.78    5.48    4.52    6.99    4.56    3.27    1.57    2.50    6.16    0.47    0.90    0.64    2.56
PSATUVT    -26.23  -51.08    0.08    0.92    1.90    1.09    0.38    0.42    0.25    0.53    1.11    8.03    6.49   11.60   20.22   11.30   13.60   20.91   20.58   20.49   23.49    8.34   12.17    6.82    5.56    9.45   17.32   14.23   38.48   42.24   18.35   10.45   12.48   15.81   11.49    8.68   10.07    6.93    7.24    6.60   10.67    4.95   11.81    4.43    0.69    2.78    7.79
PSATBSM    -24.19  -53.74    0.00    0.00    0.00    0.07    0.34    0.69    0.25    0.20    1.72    7.48   12.07    7.34   13.72   12.70    9.56   15.17   12.42   26.06   25.70   14.81   19.85    1.87   11.70   26.98   16.29   16.96   37.12   21.35   21.80   12.42   10.77   12.10    7.97    4.08    2.73    9.08    5.83    5.19    4.90    0.50    6.08    0.74    0.83    2.67    1.64
PSATFLE    -22.97  -54.56    0.00    0.00    0.01    0.05    0.58    1.13    5.17    0.45    1.90    6.47    5.53    8.22   15.52    3.88    5.75    9.36   14.37   16.31   27.03   20.33   10.03    5.69    7.25   14.67   13.87    8.04   16.59    6.70   22.30   20.74   12.57   22.67    7.49    2.26    4.35   12.12   45.10    5.60   10.68   11.68    4.53    1.43    0.66    0.33    0.67
PSATITP    -25.42  -54.58    0.01    0.00    0.00    0.02    0.19    0.74    3.13    0.41    2.15    7.78    6.99    6.39   13.17    6.61    5.55   10.21   16.31   17.36   26.47   16.99   15.33    4.95    7.51   15.41   15.38   22.34   29.66   14.04   19.34   19.09   14.01   12.21    5.53    3.66    3.84   16.23   37.40    6.92   14.73    4.65    5.20    0.84    0.45    0.53    1.89
PSATIVM    -22.38  -53.53    0.00    0.00    0.04    0.04    0.97    7.99   14.15    0.84    1.78    4.84    3.74    8.66   13.09   11.82    6.22   12.99   13.18   14.81   16.40   17.34   11.95    3.36    5.75   12.11   12.52   17.12   13.15   17.29   26.65   18.27    6.20   12.69    9.29    4.81    5.24   12.03   24.08    6.13   11.07    5.69    3.88    1.15    0.82    0.45    6.19
PSATPTQ    -23.18  -53.17    0.09    0.01    0.04    0.08    0.66    0.59    0.44    0.40    2.97   10.05    7.19    5.84   12.33   12.39   14.64   15.73   24.15   31.24   18.54   14.39   10.97    2.99    8.53   13.07   15.61   15.79   47.51   20.89   20.89   17.79   15.35   11.73    9.82    6.94    2.93    6.60   19.15    7.95    1.87    0.89    5.08    0.83    0.46    1.14    1.00
PSATCBI    -17.99  -48.54   12.65   12.42    1.29    6.76    9.13    7.80   12.28   18.15    8.46    6.81    7.39   17.56   27.99   34.15   18.03    6.66    0.17    0.15    0.75    0.60    0.28    0.02    0.05    7.26   10.71    5.23    1.10    0.25    3.23   14.93   11.36    2.15   13.66   17.39    3.39   14.62    7.86   11.20    6.36    3.66   12.76   11.68   14.35   18.13   14.98
PSATCBIV   -16.15  -48.67    9.71   11.92    0.61    5.29    7.82    3.19   13.24   18.86    7.03    3.19   14.02   22.99   15.27   27.60   17.10    6.67    0.23    0.13    0.98    1.47    0.89    0.01    0.03    7.94   12.31    3.99    1.26    0.39    2.64   14.71   11.41    3.23   11.83   12.03    1.94   12.47   13.60   13.27    4.74    2.06   13.12    9.88   10.23   17.07    9.67
PSATEMB    -18.45  -47.98   31.02   37.10   22.00   14.03   14.59    8.25   15.61   20.87   16.30   14.87   21.13   10.78   39.99   57.63   17.41    2.76    0.08    0.69    0.37    0.25    0.08    0.19    2.13    4.95    3.64    5.23    0.37    0.41    1.26    6.49   13.44    9.47    9.57   15.34    8.38   19.66   24.46   12.07   19.85   13.94    5.91    5.67   23.99   33.29   17.80
PSATIMBR   -18.42  -49.10   20.11   28.91   23.79   14.25   13.05   11.90    9.57   20.30   13.86   11.85   11.14   15.11   36.92   54.32   21.35   10.85    0.17    0.06    0.46    0.45    0.27    0.05    0.03    5.06    6.59    4.28    1.11    0.08    2.74   15.31   11.54    5.59   18.47   12.70    9.02   21.24   24.41   16.35   18.02   13.46    6.35    6.29   22.36   28.60   11.80
PSATNPTE   -19.13  -47.70   32.72   48.84   32.05   18.97   17.54   13.08   10.49   23.05   13.24   10.56   13.75   12.24   28.84   37.26   12.83    1.88    0.08    0.42    0.90    0.45    0.59    0.16    2.70    6.33    3.21    8.06    0.52    0.12    0.65   11.31   13.38    7.37   16.26   16.73   16.77   21.98   43.76   14.53   25.99    7.42    7.63    5.63   28.52   30.35   14.13
PSATARV    -18.07  -50.16   14.86   27.70   17.01   16.60    7.23    7.01    7.44   23.71   14.64    9.34    3.56   15.08   26.13   26.21   15.06    5.10    5.08    0.21    1.69    4.20    0.36    0.87    2.27    2.30    7.61    2.92    2.96    1.29    3.29    6.07   12.57    2.17   19.94   14.32    9.43   14.96    9.44   11.28    8.51    9.14   14.30   12.43   15.62    9.77    8.15
PSATSFC    -18.05  -47.68   12.48   11.67    3.40    9.75    8.39    7.99   19.37   15.14   10.07    5.06   12.51   20.86   40.82   19.62   20.05    4.73    0.20    0.53    0.22    0.19    0.12    0.00    1.14    7.68    3.77    4.31    0.26    0.53    2.60    8.55    9.16   11.93   11.43   13.21    2.19   16.88    6.92    9.28    4.58    4.60    7.51   12.25   20.97   26.62   17.97
PSATSSM    -19.02  -50.50   21.86   24.40   20.25   18.96   13.48   12.68   10.64   19.63   17.41   14.45   11.26   13.76   26.32   41.20   14.95    7.95    3.74    0.07    1.43    1.56    0.29    0.39    0.25    1.64    7.32    1.61    2.24    0.21    7.28   10.54   10.68    7.05   24.28   16.23   15.10   25.67   18.70   18.68   18.56   15.50    7.20    4.57   14.52   19.67    8.09
PSATCNI    -22.94  -50.52    0.90    0.03    0.14    0.03    8.25    2.40    2.17    4.65    5.22   12.26   15.57    5.02   12.98   12.12   20.26    5.25    9.12   30.31    9.34   12.02    4.58    9.09    0.69    0.76    5.63   13.78   15.89   12.64   21.62    8.66   16.70   16.77    8.82    8.16    2.56    3.86   13.40   70.66    1.52    4.35    9.45    3.42    0.27    0.42   43.21
PSATCPV    -22.65  -51.33    0.19    0.06    0.04    0.05    1.28    1.33    0.91    1.67    2.08   10.61    9.35    5.55    9.67    7.67   20.25   11.46   16.16   31.98   18.03   16.37   14.21    5.85    3.49    4.43    6.88   11.25   29.53   27.52   22.88   23.06    9.30   14.38    8.71    5.31    2.44    4.19   14.18   30.31    1.25    1.43    5.32    0.87    0.38    0.47   13.38
PSATCHT    -23.01  -49.73    0.61    0.06    0.12    0.03    2.57    5.53    2.01    2.37    2.65    8.07    8.34    4.33   11.01    9.82   21.58   10.90   11.33   20.71   12.36   18.23   18.55    8.62    0.95    0.59    5.45   12.23   28.87   25.58   19.85   17.82    7.29    9.01    5.94    5.88    7.04    2.47    7.14   28.38    2.76    1.32    5.80    1.09    0.66    0.32    4.06
PSATJUR    -23.22  -49.23    2.22    0.98    0.54    0.57    2.62    6.55   13.79    3.72    5.63    7.43    8.78    6.26   15.81   11.79   24.51   11.14   12.49   11.70   18.35    9.71    3.97    8.49    0.51    1.14    8.23   16.49   24.81   11.67   15.76   14.28   10.53   14.25    9.92    7.29   11.25    3.11    8.78   37.49   12.06    3.10    5.72    5.76    1.12    2.08    6.64
PSATMAU    -24.06  -50.71    0.03    0.04    0.12    0.02    0.60    1.20    0.79    1.20    3.17    8.87    7.18    8.95   16.68   15.10   25.31   14.92   18.02   24.43   15.24   12.51    9.57   12.13    4.54    3.64   11.64   21.38   38.11   22.67   16.44   21.15    7.18   13.61   12.06    5.84    7.86    3.19    4.75    5.12    1.76    2.11    4.77    0.66    0.42    0.65    1.06
PSATROS    -22.50  -52.87    0.21    0.01    0.05    0.11    0.51    0.57    0.64    1.09    1.90    9.61   12.69    4.63   12.22   10.29   14.32   15.99   19.32   18.98   25.13   10.09   11.69    0.60    7.46   10.13   17.72    6.91   32.38   27.15   24.97   17.27   18.99    9.99    5.88    4.88    1.96    5.90   38.70   16.22    1.24    2.16    6.15    1.10    0.29    0.43    3.87
PSATQMD    -16.21  -47.33   12.48    5.55    1.43    3.99    1.22   12.02   25.73    9.51   10.03    6.24   14.53   15.27   37.49    7.84   11.78    3.23    0.28    0.70    0.36    0.26    0.02    0.00    1.14    6.88    4.24    2.08    0.34    0.57    3.31    4.59    4.44    1.42    4.85    5.23    1.69   11.17    4.43    3.30    2.27    0.96   12.85   11.72   17.81   17.64   16.53
PSATRBX    -18.95  -44.76   15.07   40.34   24.96   43.19   12.96   17.30    7.16   28.39   25.83   21.89   24.48   14.98   15.06   10.04   14.48    0.70    0.02    0.48    0.41    0.03    0.03    0.07    4.83    3.79    2.92    1.14    0.69    0.74    1.71    3.05   15.98    0.32    7.62    6.73   15.65   20.82   52.67   22.60   20.98   12.49   24.58   12.46   24.92   28.03   14.72
PSATSFR    -15.93  -44.86    8.20   14.72    8.87    9.96    2.57   15.56   25.94   14.14    8.85    4.77   14.97   18.92   18.40    6.01   14.23    0.69    0.20    0.71    0.11    0.02    0.12    0.06    2.44    6.00    7.95    2.10    0.30    0.49    3.49    3.06    1.36    1.42    0.51    0.78    4.14   13.74   16.71    4.52    8.70   12.17   11.44   25.82   23.42   15.09   12.84
PSATSRM    -16.37  -45.07   13.99   26.74   20.12   15.68    7.81   11.08    7.75   18.24   20.83   11.56   17.18   23.50   26.04    6.73   11.70    0.70    0.14    0.44    0.18    0.07    0.10    0.21    3.00    4.90    2.89    1.95    0.36    0.40    1.60    3.67    5.67    1.54    1.09    2.07    9.60   22.53   36.52   19.36   12.88   13.84   17.80   17.79   25.35   21.10   11.59
PSATTMR    -18.16  -45.27   33.82   53.65   51.87   22.34   16.45   13.67   11.95   27.37   21.54   21.82   23.29   22.06   25.78    6.69   18.05    1.41    0.06    0.23    0.34    0.10    0.19    0.11    4.31    5.04    3.20    4.64    0.55    0.60    1.07    7.07   13.77    7.13   11.92   16.75   23.72   23.21   37.42   19.91   17.33    8.45   14.90   11.61   25.68   44.92   19.65
PSATBOQ    -11.35  -43.83    7.25    9.73    0.91    0.55    0.14    0.82    8.35    2.34    0.25    0.07    1.25    0.18    3.75    7.02    6.24    0.21    0.21    1.22    0.44    0.55    0.82    0.48    0.53    0.26    1.02    0.58    1.64    2.01    8.31    2.19    1.20    7.32    1.38    6.14    5.22    8.22    9.42    5.54   14.43    9.13    9.77   22.79   13.90    2.58    1.23
PSATBBO    -22.52  -48.55   12.65    7.13    2.42    9.48    2.23   12.85   10.84    6.59   15.05    6.43    9.21    9.12   21.23   15.84   20.29    3.52    2.73    4.43   10.48    0.68    0.64    6.33    0.08    3.74    8.23   16.86    9.46    1.89    2.01    2.03    9.32   14.63   15.76    9.90   12.58    4.63   11.65   29.48   19.44    6.52   13.27   11.52    1.49    5.25   23.59
PSATESZ    -23.46  -46.91   14.46    5.98    3.59   23.99    1.20    9.67    7.66    8.83    7.82    1.89    4.00    6.77   11.58   16.42   30.79    7.50    3.54    4.57   15.38    2.55    0.24    7.59    0.02    2.75    2.97    7.66   20.07    0.74    0.57    5.57   14.46   13.24   13.28   15.75   21.54    9.23   10.12   18.44   38.25    7.86   14.17    8.25    7.53   18.75   17.44
PSATIBT    -21.76  -48.99    2.15    5.87    0.09    0.16    2.56    9.48    4.19    5.29   23.90   19.17   10.33    7.99   15.87   11.27   12.81    3.18    2.80    4.56    1.33    3.13    0.58    1.77    0.01    3.02    4.55   16.03    9.49    2.61    7.40    1.16    8.53   23.34   12.79    9.55    9.67    3.98   24.80   34.39   13.18    6.55    8.91    4.92    0.39    3.53   58.48
PSATNAV    -21.12  -50.20    5.86    0.76    0.05    0.32   19.96   11.85    5.50    7.79   24.54   28.60   16.29    7.59   16.37   12.79   14.13   10.52    6.01    4.98    1.24    9.18    1.92    0.93    0.02    1.84    3.66    8.68   15.40    2.90   15.95    4.54   15.51   27.57   11.33   14.15   14.32   12.15   40.58   32.14   13.74    5.23    6.63    2.58    0.74   11.69   39.51
PSATSME    -13.40  -48.30   23.74   15.40    1.96    4.68    5.23    5.41   15.80   20.68    9.51    9.44    7.05   14.91   15.06   21.91   12.23   10.75    0.27    0.40    0.75    0.68    0.49    0.08    0.15    3.88    8.61    3.40    0.49    0.45    1.53    7.35    9.39    2.74    7.87    9.94    7.38   22.57   21.25   15.83   14.85    7.69   15.40   22.14   15.35   22.25   13.60
PSATBGR    -27.78  -51.20    0.02    0.50    0.54    0.46    0.45    1.69    0.32    0.33    0.14   11.12   11.72   15.47   15.63    9.81    9.54   13.77    9.87    1.79    1.24    9.30   21.88    8.25    6.36   14.03   18.73   11.39   15.95   13.37    6.08   27.04   10.52   20.20    7.11    8.49    7.09    2.09    4.85    0.89    2.17    7.90   10.88    3.97    0.02    2.03   10.07
PSATCNV    -27.60  -51.33    0.01    0.47    0.36    0.71    0.31    0.55    0.23    0.42    0.05   11.63   11.54   17.99   25.41    8.49    7.72   15.88   19.76    2.71    2.67   16.16   22.30   12.31    6.73   16.57   17.40    8.52   22.99   20.12    6.82   21.38    8.07   20.17    6.76    7.45    8.38    2.19    4.54    1.63    8.11    7.22    6.33    6.07    0.72    1.93   13.40
PSATFCH    -27.14  -53.04    0.00    0.00    0.00    0.00    0.14    0.47    0.00    0.00    1.30    5.55   27.15    6.38    2.79    2.23    3.09    5.90    6.43    1.59    2.56   18.26   13.99    0.90   10.14   10.84    3.62   25.44   33.20   23.99   11.20   16.59   12.12   17.11    2.08    7.03    0.89    4.29   15.55   19.93   16.51   18.13    4.71    0.76    0.21    0.08   11.17
PSATITA    -27.27  -52.38    0.00    0.04    0.04    0.01    0.01    0.18    0.00    0.00    0.11    6.40   16.75   12.51   12.19    4.65    7.24   15.26   14.39    2.96    3.69   13.97   16.74    5.73   11.02   16.89    9.18   12.00   32.46   24.66    9.83    6.31   13.35   14.67    4.46    5.68    3.08    2.18    9.34    4.77   10.75    8.90    6.48    2.11    0.80    0.45   10.89
PSATMCD    -27.52  -51.78    0.00    0.00    0.00    0.00    0.01    0.19    0.00    0.00    0.01    7.46   17.88   10.84    9.32    3.83    5.80   17.71    8.80    1.63    2.02   15.14   17.42    9.62   15.85   18.44    7.78   12.45   34.51   19.44    4.91    4.61   11.90   11.28    6.44    4.47    1.36    0.75    6.21    0.75    2.41    9.29    4.67    1.69    0.46    0.14    5.78
PSATMOJ    -27.35  -52.73    0.00    0.00    0.00    0.00    0.26    0.34    0.00    0.00    0.03    5.76   27.47    8.32    1.23    1.10    2.23   17.97    9.55    1.79    1.40   10.22   18.00    1.60    9.10   11.19    3.76   15.57   28.56   20.70    6.29    7.51   12.42   10.83    4.97    4.71    1.42    1.31    9.74    6.52    8.44   11.86    1.74    0.47    0.32    0.03    8.68
PSATQQX    -26.66  -52.54    0.00    0.01    0.00    0.01    0.00    0.29    0.00    0.00    0.58    8.71    8.46   14.40    9.21    4.52   15.09   14.56   11.62    4.97    8.59   12.95   11.31    3.56    8.56   13.18   16.57   20.07   37.15   22.68   21.48   13.87    9.90   13.26    3.11    5.98    4.09    9.98    5.72   13.17   12.15    7.80    7.75    2.41    1.05    3.22   11.96
PSATPSJ    -28.14  -55.05    0.00    0.00    0.00    0.00    0.00    0.01    0.00    0.00    3.56   20.39   30.14    7.28    0.47    0.83    3.62    7.69    3.17    1.91    0.85   11.60    5.22    4.65   11.18    7.32    2.59    6.99   12.44    5.84    1.39    6.26   14.86    6.87    2.81    3.10    1.41    4.81    5.14    1.99   11.86   10.67    0.79    0.80    0.16    0.05    2.77
PSATESP    -18.68  -51.87    1.23   25.49   32.29   40.57   12.48    5.36   27.11   24.92    9.95   19.09    6.53    8.80   13.81   21.48    4.75    5.89    5.54    5.80    8.96    6.18    0.99    5.26   14.80    6.26    5.65    7.61    4.93    3.28   11.75    3.30    6.41    1.56    8.88   13.95   17.58   17.73   10.19   18.86    8.70    5.00    4.36    2.99    3.72    7.72   12.60
PSATSRC    -19.16  -50.76   11.30   23.32   16.60   31.78   13.98   15.61   13.31   19.61   12.68    8.66    5.39    6.70   11.82   24.84    7.64    1.69    7.87    6.44    5.23    5.95    1.65    3.46   10.56    8.11    7.69    7.56    2.99    3.78    7.12   13.32   10.01    9.56   14.53   18.37   18.62   21.80    6.50   14.47   11.23    6.62    6.18    3.17    9.19   14.22    9.31
PSATFRCL   -19.12  -50.64   10.51   30.90   23.39   33.80   11.31   13.08    6.64   17.17   18.48    8.60    3.11    8.03   18.15   12.65   14.69    1.17    5.66    3.33    2.28    7.96    1.35    2.15    7.08    4.50   10.85    5.82    3.84    5.21    4.00   16.92   11.12   12.08   17.51   19.76   17.44   26.69    7.24   17.69    8.47    7.77    9.09    5.49   19.73   10.01   11.17
PSATISOT   -20.40  -51.35   15.73    2.90    0.82    8.20   17.72   11.67   14.15   20.97   14.85   17.82   14.38   13.14   19.61   25.75   12.80    8.03    8.21    8.68    5.30   14.09    1.05    8.30    2.00    4.27    5.77    8.57    9.14    9.10   25.53   21.45   18.10   15.82   22.00   24.44   19.09   20.05   25.01   16.08   16.12    4.40    7.08    2.36    5.78   28.73   24.20
PSATJUP    -20.86  -51.63    6.24    4.18    2.32   14.07   14.88    9.38   15.45   10.78   12.61   17.30    7.45    8.60   10.70   17.86    6.51   10.99   14.32   30.66   12.57   13.32    1.97    6.96   18.62    6.46    9.78   11.85    9.63   15.17   22.84   23.28    9.84   15.23   14.66   18.73   14.08   22.94   17.99   19.98   14.86    3.38    4.39    2.35    3.18   22.58   23.86
PSATSDG    -20.06  -53.18    4.79    1.00    0.96    6.30   12.30   10.61   12.01    8.46    6.15   10.37    7.28    2.91   10.64   17.88    8.79   17.41   21.40   10.26    6.92   10.71    0.41    9.02   15.82    5.53   19.06   13.42   18.49   11.00   13.91    3.77   13.62    3.37   10.77   12.21    7.05   24.91   17.15   27.85    7.93    3.56    3.77    2.22    1.63   19.33   21.14
PSATFZBT   -21.66  -52.87    0.23    0.13    0.09    0.13    1.40   13.25   13.89    6.33    2.47    8.98   13.35    8.48   16.87   14.87    7.60   11.26   26.67    5.83   12.35   15.90    7.78    6.93    8.57   10.07   13.63   24.96   25.64   19.57   16.92   12.35   12.15    8.33   10.39   10.94    6.81   19.03   18.67   11.08    5.58    4.87    2.53    2.00    1.26    4.02   21.75
PSATPPRA   -22.46  -52.91    0.68    0.19    0.01    0.16    1.46    6.07    7.89    5.63    6.98   14.49   13.08    7.11   16.25   12.54    8.14   16.33   18.42   20.56   11.98   19.93    4.13    3.39    7.33    3.95   11.51   13.92   19.38   23.85   26.65   15.58   13.95   11.44   13.25   12.40    6.22   16.35   34.57   13.81    5.25    9.37    5.78    2.11    0.81    1.48   29.38
PSATBTE    -13.69  -50.80   20.29   26.51   14.79   14.95    9.00    6.78    9.21   26.89   17.64   13.37    3.52   12.09   13.44   30.29   21.85    8.54    4.45    1.78    6.71    4.80    1.84    3.93    3.84    6.07    7.65    4.55    3.94    6.68    6.36    9.37   16.04    1.62   14.38   15.23   16.30   23.62   20.35   22.49   14.72   11.01   11.85   16.49   19.45   19.45   11.54
PSATARAG    -8.27  -49.26   15.24   13.68    5.61    6.14    5.37    9.63   11.78   19.39    8.67    3.75    6.81    6.17    6.01   19.10   24.24    7.44    5.70    7.38    4.34    5.14   10.23    5.00    1.58    2.86    9.83    6.31    3.73    7.07    4.51    6.67   10.40    4.16    5.41    7.63    9.70   16.39   11.64   11.15   20.20   13.83   17.85   13.11   15.70   30.93   15.02
PSATLAJ     -9.76  -48.37    6.94   12.67    4.15    2.92    0.75    2.73   18.34   15.42    4.94    0.56    8.85    3.38    4.18   17.82   16.01    2.28    1.96    3.95    0.70    0.66    5.34    0.44    0.72    1.79    6.52    2.48    5.11    3.99    7.30    7.32    6.97    5.90    5.15    7.13    4.98    9.32   12.52    3.51   19.73   14.18   20.39   23.19   24.49   18.47    9.50
PSATPTRL    -9.31  -47.39    9.91    9.83    1.79    0.76    0.21    2.03    5.46   10.15    1.57    0.40    1.86    0.99    3.76   10.49   19.08    2.76   10.06    7.56    1.78    0.88    9.95    0.69    0.29    1.44    1.30    7.18    4.73    6.82    8.49    6.70    4.92   10.98    2.06   15.42    5.12    5.51    7.67    0.97   23.04    8.19   18.26   17.55   14.87    9.31    3.38
PSATLJET    -7.33  -47.48   12.86   11.93    1.78    1.87    4.11    8.75    4.39   12.12    6.09    0.34    1.24    3.48    4.74    9.46   15.61    5.64   12.69    6.34   12.51    4.28   14.07    0.71    2.42    4.25    1.83    7.87    4.33    2.26    4.73   13.13    3.73   10.22    1.28    9.45    3.88    6.62    6.25    0.83   13.98    9.14   15.01   17.64   12.42   14.64    6.89
PSATUCR     -3.83  -49.65    8.82   14.44    5.87    2.71    4.83    4.39    6.62   15.45   11.90    1.94    1.67    5.40    4.24   11.68   17.49    5.87    8.30    3.92    8.78    7.32   10.14    4.91   13.15    7.15    9.55    3.51    6.34    3.21    3.16   11.35    5.02    4.90    3.62    6.72    5.25    7.30    4.66    3.23    8.73    6.74   16.64   18.45    5.19   20.54   21.73
PSATXIVJ   -29.07  -51.67    0.00    0.00    0.00    0.00    0.05    0.13    0.00    0.00    0.18    7.55   18.66   10.54    9.16    2.96    2.93   18.97    5.10    1.35    0.56    3.14   10.19    6.16    9.48   12.89   10.67    3.50   15.15   21.18    3.42    5.52   21.82   13.52    5.04    6.32    3.28    1.01    4.55    0.05    1.40    6.70    5.28    1.71    0.00    0.24    9.20
PSATDFRC   -29.45  -53.28    0.00    0.00    0.00    0.00    0.03    0.00    0.00    0.00    2.78   10.00   17.96    2.51    0.43    0.81    2.44   16.94    1.69    1.26    0.60   10.72    5.75    2.52    7.54   19.55    6.51    1.18    3.68    3.42    1.65    2.49   21.10    5.99    4.59    4.75    1.26    0.54    1.02    0.08    7.26    6.74    0.87    0.56    0.03    0.08    2.92
PSATREAL   -29.02  -53.19    0.00    0.00    0.00    0.00    0.01    0.02    0.00    0.00    0.33    9.05   24.69   15.55    1.58    1.16    4.01   15.26    3.67    2.32    1.28    8.18    9.07    2.31    6.02   19.79    8.42    2.73   10.66    4.64    2.02    3.78   23.27    8.42    3.09    7.49    1.31    0.67    3.28    0.43    1.48    6.17    2.00    0.52    0.07    0.09    4.50
PSATCTAV   -29.01  -51.39    0.01    0.58    0.83    0.38    0.58    1.81    0.50    0.56    0.28   12.29   17.37   15.72    6.58    6.85    2.97   17.64    8.66    1.53    1.19    3.35   18.81   12.21    4.32   17.28   34.68   11.08    4.66   21.23    7.82   12.73   13.20   21.69    6.76    8.31    6.37    1.76    3.83    1.50    4.81    7.46    9.47    1.23    0.15    4.27    6.26
PSATERNT   -28.56  -52.54    0.00    0.00    0.00    0.00    0.02    0.06    0.00    0.00    0.18    4.65   24.53    6.50    1.87    1.46    1.76   20.01    8.42    1.79    0.92    4.05   11.92    2.26   14.41   12.03    4.81    7.39   19.77   11.93    2.90    4.27   15.43   10.04    3.91    3.46    1.27    0.76    7.93    0.92    4.65    6.91    2.43    0.87    0.29    0.17    6.23
PSATSTPL   -27.14  -49.52    0.06    0.86    0.41    0.80    0.43    0.47    0.22    0.61    0.08   10.17    9.11   16.81   20.36    6.60    6.49   17.66   24.99    6.43    3.74   18.39   19.82    5.64    5.04   17.31   30.83    5.07   15.98   19.15   12.24   23.61    8.79   17.43   15.64   13.68   15.36    4.11    7.41    1.91    6.51    4.40    5.61    8.58    0.19    2.71    6.57
PSATCVCH   -25.14  -48.87    0.37    1.26    2.69    1.45    1.76    1.72    1.60    3.34    1.53   11.92    4.20   10.57   17.27    7.84   14.24   13.44   13.24   25.59   16.62   19.73   10.47    4.50    5.69    3.33   10.99   16.82   26.64    8.90   15.05   14.65   12.60   20.57   21.76   11.32   25.27    7.14    7.63   15.53    4.33    6.47   16.17    6.41    1.22    4.27    3.51
PSATAMY    -12.60  -69.12    1.11    0.83    3.12   13.33   11.29   13.80    6.23    6.98   14.57   11.52   20.67   20.21   27.33   12.88   33.97   32.93   22.51   15.62   15.97   18.53   15.41   18.71   10.57   16.35   16.40   20.33   12.21   26.42   34.51   16.21   18.20   11.83   25.22    6.81    5.47   11.73   14.32   12.43   20.55   21.48   14.91   12.30   13.69   12.36   10.55
PSATGJR    -10.73  -65.35    0.67    0.36    1.89   11.66   15.13   10.12   17.26   10.12    4.92    9.27   24.04   11.62   10.49   15.85   20.62   18.28   14.14   14.55   13.71   11.40   16.64    9.62    5.03   10.67   23.82   16.24   22.39   23.43   14.29   17.12   16.31   12.33   12.50    5.99   12.17   16.46   11.45   21.24   25.62   13.51    9.94    9.90    4.28    3.73    4.16
PSATPRNC   -12.43  -64.43    0.94    2.51    5.29    9.45   10.60    9.10   14.18   15.47    9.19    5.02   17.37   10.20    8.64   12.68   16.26   26.80   18.12    7.30    6.25    3.94   10.71    5.78   10.16   11.77   12.85   12.54   13.71   14.47    9.31   11.07    4.86    8.74   14.07   12.65    3.20    6.16    2.63    6.93   28.66   17.89   16.36   13.83   10.63   15.55    4.81
PSATSANT    -8.87  -63.97   20.85   16.57   25.63   15.39    6.04    4.27   16.21   18.88   10.37    0.65   10.84   13.22   12.36   16.78   13.67   19.26    6.11    3.77   23.15    5.47    7.26   10.54    2.53    2.87    8.86   18.44    7.01   11.13   11.90    4.73    9.86   14.33   21.77    5.29    4.22    1.02    1.36   10.53   12.27   13.21   12.94   17.74   28.00   19.48    9.81
PSATDARD   -10.16  -59.46   14.20   16.80    2.85   10.96    9.28   12.68   10.25   11.04    9.11    4.56   14.21   26.95   15.71   28.36   15.08   43.46    8.97   11.85    8.06   10.82    8.54   11.83    8.50    4.34   16.22    4.74   12.05   13.34    8.66    6.08   22.64   12.17    7.97   10.90    8.06    4.98   15.05    3.75   15.50    8.57   11.72   28.14    8.35   11.69    9.77
PSATGUAP   -15.12  -58.96    0.31   12.89    0.69   15.65   23.55   17.53   16.80   17.20    1.63    6.56    8.12    8.99    2.82   22.78   13.87   19.84   13.70    3.74    5.20   10.06   10.19    7.78   21.22   16.31   16.74   12.27    5.16    6.47    5.37    5.83    4.70    9.67   21.45   19.96    1.19    8.03    6.59    1.25   14.31    3.85    6.81    8.00   15.96   37.45    6.87
PSATJIRA    -9.25  -64.65    2.80    1.36    4.97   10.07    7.40    6.50    9.80   11.64   10.50    6.77   23.15   11.80   13.72   12.41   18.37   23.94   12.19    9.75   13.65    9.24    8.62   10.59    5.17    9.74   13.18   12.31   10.16   19.37   22.62   15.75   10.23    9.07   16.12    5.53    4.14    3.84    3.55    6.06   13.66   13.70   10.09   18.17   12.50    9.08    5.97
PSATROND   -11.99  -60.70    2.88   10.72    8.26    6.89   24.64   11.60   14.42   19.32   12.63    4.47   16.92   11.41   15.55   15.69   15.03   41.70   12.51    9.60   10.12    3.92    3.66    4.85   15.41   11.41   29.92   20.02    9.96   10.31    3.91    2.75    3.51    6.53   15.17    6.68    5.04    6.50    2.14    5.77   35.80   16.88    6.56   30.76   15.08   19.62    6.71
PSATSAMU    -8.75  -63.45    8.52   21.93   16.57   10.67    7.01    1.17   10.45   16.44   13.73    1.23   16.37   17.08   11.62   17.40   20.29   15.72    8.46    7.27   23.51    3.44    7.25   16.65    3.75    7.28   22.95    9.07    9.16   17.64    7.41    3.08   13.88   17.16   27.78    5.79    5.29    0.72    2.04    4.71    8.78   11.12   10.98   11.68   18.37   20.77   11.31
PSATBALB    -1.92  -59.47    5.92    1.70    0.39   12.70   14.25    6.07   13.35   29.26   13.87   18.80    1.24   10.44   11.70   25.67    9.52    4.41   10.39    5.49   17.11   14.25   30.20   21.09   16.78    6.30   14.53   21.91   13.93   16.13    9.69   17.84    6.32   17.58    1.25    2.69    5.36    8.03    2.93    3.35    1.87    0.04    0.12    0.03    0.17   10.38   15.51
PSATCUNA    -2.82  -54.30    6.38    0.51    8.31    0.96    4.42    7.51   12.06    8.42   10.11    7.73    1.46    1.40    3.63    8.84   15.87    1.20    2.45    1.64   16.24    9.14    3.90    9.36   15.53   11.61    9.97    6.71    3.92    7.58    1.47   11.71    2.50    7.21    4.85    4.02    4.74    2.93    1.61    5.08    4.99    1.43   12.75   11.40    4.63    6.88    6.93
PSATJARI    -0.65  -52.52    6.95    2.84   20.83    3.53   13.23    4.52   14.85    6.85    5.09   13.90    2.20    8.56    3.46    9.18   16.80    1.06    7.62    3.85    4.50    8.73    5.72    4.95   15.75   15.78    8.62   14.24   13.12   11.62   16.74   11.78    2.89   13.02    1.98    2.25    4.80    4.74    3.84    4.04    1.33    0.44    0.26    0.19    0.73    1.50   15.24
PSATFGOM     0.86  -51.20    9.26    5.18   26.23    3.65   22.83   10.90   16.94    8.54    7.77   11.62    3.36   14.06    4.64   14.14   11.92    0.94    8.18    5.08    6.99   11.04   11.42    6.34   21.49   25.60   16.03   16.48   13.14   10.73   26.45   10.70    4.10   15.76    1.62    3.28   10.90   12.37    2.89    5.02    1.60    0.90    1.75    0.69    1.41    4.33    3.48
PSATUBE     -6.75  -43.57   14.26    2.89    1.15    0.77    2.75    4.24    7.73    4.32    6.36    0.63    0.47    2.55    7.11    5.62   11.65    0.55    7.14    4.51    8.10    4.08   14.32    0.50    0.86   10.08    3.19    4.84    8.32    1.81    2.39    7.59    5.63    6.26    3.94    7.97    7.37    7.06    3.01    3.08   13.03    6.06   12.27   25.89   11.99    3.73    1.87
PSATBSOR    -6.74  -52.00   20.40   11.62    5.76    6.64    5.05    4.83   10.66   15.40    7.51    4.23    6.19    6.13    6.22   22.17   19.85   11.24    9.46   10.28    4.20    7.89    5.01    6.93    6.61    3.87    5.28    3.62    4.97    8.46    4.81    7.05    9.04    4.08    3.18    8.65   10.73   14.78   11.68    7.52   13.86   15.39   14.19   20.77   14.01   21.15   11.73
PSATBESP    -6.75  -51.77   10.45   17.77   12.34    1.37    9.87    4.10   11.04   16.29    6.06    1.15    2.11    3.57    5.91    5.06   16.80    7.15   10.34    7.78    7.70   10.10    5.68    7.13    8.03    3.75    5.59    2.88    6.02    3.24    2.28    5.86    5.56    6.43    1.11    6.42    3.67    3.17    6.81    6.54    9.24   10.06   18.86   10.48    8.23   14.54   11.06
PSATPIME    -3.41  -51.91    8.46   10.99   13.20    3.34    8.16    3.57   13.69   12.21    7.90    3.14    4.36    1.75    5.18   20.89   13.47    8.73    6.08    7.98    7.87   12.08    4.29    7.00   10.96    7.91    6.63    4.14    6.94    9.64    2.03    8.42    6.39   10.12    3.79    5.22    3.94    8.58    5.12   10.48    7.59   13.56   15.68   17.08    8.16   12.44   17.17
PSATIRAP   -16.74  -42.57    7.46   21.43   16.26   11.77   11.41   14.05    3.95    4.80   13.03   12.09   19.86   31.21    3.37    6.77    5.27    0.77    0.85    1.16    0.54    0.71    0.23    1.19    1.81    3.81    1.02    0.64    0.74    0.88    0.19    0.52    0.08    0.27    0.05    0.37    0.24   22.81   30.99   20.80    9.09   12.92   16.85   27.03   30.53   15.24    3.28
PSATITBI   -15.97  -39.59    6.17   15.04   15.10   12.99   12.51   11.99    3.34    2.18    5.23    3.91    9.38    9.50    1.21    2.94    2.53    1.41    2.06    4.54    1.91    1.36    0.65    3.07    1.66    2.65    0.57    0.90    2.04    1.91    0.28    0.13    0.15    0.63    0.07    0.13    0.17   13.94   18.48   12.28   11.12   16.64   26.21   33.25   25.00    5.87    3.10
PSATCOLI   -10.98  -55.77   20.22    9.88    0.97    7.87    9.11    4.21   11.21   28.80    8.93    7.74    4.44   18.07   13.77   15.98   21.51   19.39    5.62    9.52    9.95    8.15    1.06   15.67    6.27    7.44    7.92    6.25    3.95   22.71    9.72    8.51   11.24    4.64    4.15    8.70   10.37   11.49    8.25    9.72   18.45   11.42   13.28   32.24   20.95   14.50   15.41
PSATSAEL    -9.19  -57.04   32.97   11.31    1.01    9.57    4.13    3.16   11.43   13.75    4.89    3.92    4.21    7.90    6.53   18.70   11.56   28.28    3.37    8.91    4.71    9.91    2.11   10.93   11.68    4.92    6.29    5.85   11.53   19.18   12.51   13.97    6.47    6.08    4.13   10.19    4.37   27.10   16.50    4.86   20.06    9.04   17.20   17.25   26.96   14.04   14.16
PSATITQ    -17.09  -54.83    1.56   35.19   12.22   29.79   19.74    1.22    9.45   17.09   12.33   14.00    6.38    8.42    4.22    6.39   12.44    8.69    5.56    1.88    6.82    8.28    1.63    5.02    8.59   10.44   13.61   18.17    7.11   14.37   19.02   11.23   13.70    3.09   15.36   19.87    4.07   12.28    9.04   25.30   22.74   12.46   10.15    4.89   11.52   16.02   33.31
PSATJAU    -15.24  -58.73    1.24   11.30    2.00   14.49   21.39   21.51   17.28   16.57    1.78    6.43    8.50    7.71    4.41   19.72   18.34   25.35   13.63    5.46    8.64    9.61   11.63    6.59   19.15   17.50   14.18   15.25    6.17    7.54    8.25    6.66    8.07    7.83   17.89   17.13    0.77    7.51    6.32    1.21   14.88    2.78    9.36    6.34   17.80   41.49    7.07
PSATMAN    -14.87  -55.78   12.40   13.34   16.58   10.17   20.28   11.57    7.95   52.20   12.21    9.46    1.86   15.68   11.04   18.16   22.25    3.97    2.04    3.96   11.05    2.51    2.23   11.90   21.60    4.81   14.55   13.94    8.99    8.54   12.27   17.09   15.75    5.60    9.17    6.20    7.25   11.71   13.06    8.69   16.94    9.51    9.15   22.11   20.56    7.65   24.30
PSATPTP    -17.61  -54.83    5.18   22.93   13.68   27.95   16.95    3.91    5.22   16.99   13.59    9.87   10.31    9.76    2.98   11.90   13.01    8.59    6.28    1.44   11.93   13.91    3.04    3.55   10.46   12.87   18.64   16.79   10.49   15.81   29.13    9.38   11.72    3.95   18.56   24.22    7.83    6.77   11.90   29.10   21.26   15.89    7.95    2.48    3.30   16.73   43.00
PSATSTCL   -17.90  -40.20    2.57   15.16   25.28   22.98   18.59   24.27    2.26    0.11    0.95    4.24    9.02    6.56    0.73    2.99    4.46    2.47    2.59    2.52    3.42    2.56    1.31    4.03    1.30    2.77    0.61    1.32    3.76    0.53    0.18    0.06    0.07    0.71    0.01    0.03    0.03   16.59   32.51    9.82   17.74   29.23   26.14   33.10   25.32    2.86    1.25
PSATPDC    -12.58  -39.00    0.88    0.80    1.71    1.49    1.22    1.30    2.58    0.62    0.60    1.11    0.87    0.86    2.47    2.43    2.67    1.71    3.32    4.10    3.42    3.39    1.71    1.57    2.32    1.22    1.15    1.11    6.15    3.96    1.14    0.10    1.90    3.45    0.50    0.94    1.79    0.28    0.32   12.19   14.63   12.00    9.75   28.64    5.81    0.46    0.29
PSATROSA   -20.92  -41.72    4.01   71.65   31.72   91.77   24.20   25.91   31.61   30.01   21.50   11.31    9.58    7.62    0.52    1.70    1.39    0.47    0.12    1.16    0.10    0.12    0.07    0.42    0.53    1.75    0.28    1.73    1.52    1.25    0.11    7.75    0.85    0.06    0.02    2.71   12.20   29.05   44.00   27.90   12.18   38.33   15.66    7.38   16.48   22.44   11.23
PSATCAN    -20.21  -42.85   19.58   40.72   18.12   20.41   16.80   20.07   30.32   38.83   26.28   15.77   15.76    6.52    2.54    7.38    6.14    1.07    0.25    0.25    0.39    0.11    0.05    0.26    0.72    4.16    1.22    1.53    0.75    0.43    1.38    9.12    4.94    0.68    4.31    4.83   15.41   30.54   41.36   16.34   12.68   17.94    8.69   10.08   31.34   11.76   13.15
PSATSAC    -19.64  -42.85   23.98   34.85   23.61   29.48   16.51   21.49   10.35   27.99   28.91   13.11   16.87   11.05   10.70   11.17    7.08    1.14    0.33    0.94    0.81    0.63    0.21    0.90    1.40    6.77    2.14    2.06    1.86    1.21    0.09    7.64    2.87    0.41    1.29    3.41    8.98   21.07   41.73   36.34   12.65   13.53   21.98   30.18   30.74   14.97    4.75
PSATPES    -19.12  -42.66    8.61   36.36   26.59   16.30   13.99   18.02    6.75   21.32   19.45   15.49   18.64   16.37   17.96    7.64   12.98    1.11    0.40    1.19    0.77    0.75    0.54    2.79    2.32    3.93    1.08    2.28    2.74    0.78    0.00    1.15    0.32    0.47    0.09    0.68    4.36   37.39   46.86   23.56    9.78   10.30   19.21   27.57   38.64   17.56    4.79
PSATMAS    -19.50  -40.92   13.25   39.62   37.02   26.38   18.51   29.15   19.03   16.64   20.39   16.28   26.08   11.94    1.86    3.41    4.42    1.59    1.13    2.01    2.07    1.06    0.70    1.71    2.14    3.47    0.66    1.44    2.52    0.82    0.11    1.57    0.27    0.48    0.08    0.79    3.10   25.36   42.68   23.61   14.00   23.27   15.28   22.21   26.06   22.72   11.46
PSATSBR    -23.37  -45.87   32.14   13.73    5.97   10.09    1.61    5.52   14.40   13.81   15.32    8.30   13.68    8.56   14.68    8.33   18.20    2.19    0.45    2.42    7.80    0.91    0.18    0.88    0.06    1.65    1.10    6.93   15.01    0.22    0.53   10.53   16.29    9.88   16.98   21.28   20.71   14.88   10.96   14.32   27.41    5.07    5.01    4.91   21.29   27.72   18.88
PSATJAG    -23.20  -46.03   32.35   10.54    2.37    9.70    0.76    7.00   29.53   12.27   19.04    1.42    9.90    9.12    8.41    5.23   36.67    5.13    3.86    2.37   20.17    0.00    0.08    4.38    0.02    4.44    3.22   11.12   21.59    0.03    0.09    1.40   19.26    7.23    9.37   27.40   17.24   10.93   10.74   10.77   17.18    8.03   12.76    7.72   10.19   16.97   14.92
PSATFUNI   -22.53  -44.57   46.78   19.26   11.45    8.88    3.42    7.63   24.89   14.65   16.04    4.62   14.52   13.73   15.40    7.79   26.56    2.36    1.01    0.67    8.08    0.04    0.13    1.35    0.07    3.44    2.47   10.35   12.51    0.03    0.71    3.38   19.74    9.10   10.70   17.89   19.27   18.23   16.96   11.62   19.24    8.76   10.11   10.46   14.50   25.07   28.69
PSATSACE   -22.48  -43.84   60.07   40.96   15.34    3.54    5.95   13.07   27.13   16.27   23.32    4.03   15.34   18.23   13.56    2.22   14.06    0.53    0.14    0.03    0.39    0.01    0.04    0.01    0.28    2.44    6.62   16.96    2.75    0.08    4.75    6.04   26.67    4.53   16.49   16.69   18.49   29.24   20.66   22.17   22.57    7.31    4.10   10.83   15.88  130.19   46.26
PSATPIC    -21.91  -43.54   54.65   41.36   23.81   10.55   13.32   30.08   41.08   28.15   16.25    4.61   13.34   14.21   16.19    7.32   14.56    0.67    0.14    0.27    0.29    0.03    0.06    0.02    0.55    2.08    8.93    8.93    0.17    0.29    5.49    4.70   28.63    2.23   26.67   18.19   18.98   26.61   24.08   40.25   18.34   15.62    4.30   16.97   20.17  129.97   65.34
PSATSOGI   -21.94  -43.36   38.06   33.92   14.22   16.61    8.34   28.91   29.87   17.48   32.71    9.93   23.63   17.68    5.46   11.74    4.07    1.11    0.00    0.53    0.11    0.02    0.11    0.13    1.22    3.71    4.20    3.10    0.39    0.43    9.03   10.57   25.25    2.33   28.49   12.82   24.37   22.72   22.87   47.87   19.88   16.63    4.91    8.70   21.15   80.67   44.51
PSATIPSI   -21.84  -42.58   45.96   33.91   14.42    6.02   11.57   19.49   14.51    9.99   18.08   14.92   17.72   13.20    3.79    3.21    3.80    0.74    0.08    0.12    0.11    0.04    0.03    0.12    0.53    1.11    3.34    3.17    0.56    0.38   10.71    5.36   16.83    1.64   19.91   15.05   25.14   14.64   21.69   32.59   25.71    8.23    3.94    4.22   18.77   91.36   69.02
PSATTCLJ   -22.69  -43.83   48.72   31.01   16.98    3.75    4.66    5.84    7.08   16.07   30.23    3.11    5.07    7.32   11.51    2.53    7.32    0.06    0.00    0.11    0.00    0.00    0.02    0.00    0.02    0.00    0.66    4.44    0.02    0.05    5.68    2.75    5.68    4.06   18.28   34.85   21.51    4.00   14.92   14.04   32.56    1.89    1.59    0.89    9.09  107.60   24.66
PSATBIGU   -25.51  -53.67    0.00    0.00    0.00    0.00    0.01    0.22    0.03    0.01    1.22    8.03   16.44    8.61    8.62    6.59    8.65   12.67   11.94   16.55   16.60   15.09   17.97    1.18   15.39   23.06   16.92   20.15   42.28   22.55   27.77   11.40   12.33   13.18    4.96    6.18    3.37   11.86    7.77   11.33    9.31    4.87    3.84    0.93    0.52    2.18    7.94
PSATBRAU   -21.45  -42.41   37.21   35.02   13.78   12.65   17.35   29.29   21.99   20.92   28.99   17.43   22.62   13.76    0.90    6.79    5.74    1.17    0.04    0.14    0.06    0.03    0.23    0.17    0.98    2.12    0.65    2.14    0.98    0.37    5.74    7.10   15.02    0.95    8.22    9.06   25.68   29.90   35.04   30.74   16.23   20.48    3.76    1.28   25.78   21.26   21.64
