PSATAGV    -19.89  -50.35    1.99    0.95   13.78   20.93    9.18    0.37    0.14    0.06    0.15    0.57   18.64   14.77   10.25   14.80   28.51   24.17    1.85    2.05    0.32    1.65   10.25    6.20    3.49    1.28    1.31    0.42    9.07    2.52    2.35    3.64   16.01   26.34   16.28    9.71    9.91    3.11    0.14    0.40    0.26    0.01    0.03    0.07    0.03    0.14    5.63
PSATCMG    -21.28  -44.63    1.21    0.50    2.06   25.65   25.78    1.37    0.55    0.07    1.21    4.68    6.88   20.64   19.27   26.57   36.46   10.98    0.16    0.00    0.00    0.01    7.17   10.05    0.39    0.74    5.11    3.33    4.65    0.01    0.38   13.28   13.30    1.48    1.03    0.74    0.21    0.47    0.83    0.06    0.03    0.06    0.38    0.03    0.03    0.63    6.71
PSATCES    -20.25  -48.16    1.24    0.90    4.32   25.12   12.42    0.56    0.04    0.00    0.39    1.70   12.05   16.43    7.37   17.35   34.29   25.60    0.10    0.15    0.00    0.40    6.04    8.92    3.08    2.11    6.42    2.18    9.91    0.02    0.62    2.91    4.18   18.55    2.53    2.46    1.12    0.40    0.30    0.49    0.11    0.00    0.24    0.01    0.08    0.55    0.17
PSATELC    -21.60  -46.95    0.71    0.84    4.19   16.47   21.71    1.29    0.98    0.00    0.27    2.55    4.72   26.80   17.48   21.65   21.45   11.23    0.06    0.08    0.00    0.43    9.33    4.86    1.96    1.20    3.50    4.07   15.06    0.00    0.12    3.84    4.35    9.77    0.21    0.52    0.39    0.15    0.44    0.58    0.55    0.00    0.13    0.20    0.17    0.41    0.92
PSATFUN    -21.14  -45.04    1.33    1.17    2.18   20.58   14.49    1.06    0.45    0.03    0.86    5.02   19.08   24.56   28.89   21.79   42.96   15.59    0.10    0.03    0.00    0.02    4.47    5.03    0.47    0.50    6.08    3.30    3.22    0.02    0.24    8.45    7.60    0.81    0.32    0.88    0.20    0.34    0.45    0.06    0.03    0.02    0.13    0.01    0.05    0.58    4.50
PSATFUR    -20.67  -46.32    0.97    1.12    2.76   15.78   16.88    1.25    0.28    0.01    0.70    2.47   15.75   18.22   20.88   22.46   50.12   14.46    0.12    0.12    0.00    0.09    5.89    3.76    1.09    3.29    9.71    3.14    7.42    0.00    0.32    3.34    8.94    2.23    0.37    0.54    0.20    0.53    0.59    0.47    0.15    0.09    0.23    0.05    0.11    0.65    1.96
PSATMRB    -20.30  -49.18    1.18    0.99    7.33   21.87   15.88    0.51    0.10    0.00    0.24    1.35   15.34   22.55    8.94   18.23   32.47   32.46    0.72    0.22    0.02    1.17    5.93    7.59    1.84    1.76    4.73    1.39    7.97    0.10    0.56    2.45   12.15   20.54   10.68    5.61    6.00    0.60    0.21    0.30    0.13    0.00    0.08    0.02    0.07    0.28    0.63
PSATPRG    -21.59  -45.67    0.55    0.24    4.69   25.09   18.23    0.95    0.14    0.00    1.20    3.41    8.44   15.84   15.04   19.11   33.96   10.28    0.04    0.02    0.00    1.10   10.45    6.77    1.89    1.98    7.26    4.53    7.15    0.00    0.11    4.36    6.10    3.71    0.65    0.34    0.49    0.63    0.34    0.70    0.23    0.07    0.27    0.15    0.25    0.50    4.08
PSATPAS    -21.02  -48.18    0.19    0.57    9.85   24.79   21.08    0.19    0.23    0.00    0.23    1.53   12.27   24.51    8.64   27.49   20.92   12.95    0.03    0.00    0.00    2.47   13.26   10.37    2.92    1.65    2.98    3.49   12.21    0.00    0.02    1.60   13.76   22.25    3.67    2.81    2.46    0.48    0.09    0.28    0.41    0.00    0.13    0.18    0.17    0.29    0.34
PSATPTB    -21.61  -45.49    0.91    0.36    2.34   12.73   16.73    0.46    0.30    0.00    1.14    5.17    7.17   19.79   15.15   17.50   39.42   10.69    0.07    0.02    0.00    0.02    3.81    5.31    0.86    0.94    8.47    5.20    4.98    0.00    0.14    5.69   10.39    1.40    0.49    0.85    0.70    0.53    0.33    0.16    0.11    0.06    0.32    0.19    0.19    0.52    4.87
PSATPTC    -20.00  -48.55    2.60    1.54    2.35   19.64   11.27    0.71    0.17    0.04    0.44    1.92   12.63   10.62    9.74   15.43   27.02   22.18    0.86    0.29    0.01    0.09   10.27    8.55    1.58    2.94    7.59    2.21    7.94    1.21    4.00    7.64    4.83    9.57    2.33    3.89    1.43    0.39    0.38    0.37    0.04    0.00    0.13    0.03    0.00    0.59    1.27
PSATFZA    -26.00  -51.65    3.11    9.85    9.57   18.94    7.04    0.49    0.08    0.00    0.00   11.77    5.29    2.67   23.00   45.56   82.29    2.02    0.31    1.79    6.88    9.23   13.85    8.57   10.27    6.58    2.81    6.99    0.02    0.02    0.04    0.95   18.43    8.08   28.93   63.77   16.17   23.05   22.74   13.50   19.98    9.42    3.06    0.18    1.33    3.59    1.11
PSATJSG    -25.78  -52.00    0.35    9.43   10.45   11.90    2.87    0.14    0.02    0.00    0.00   16.60    2.52    5.87   15.85   41.83   73.51    1.30    1.10    1.69   15.15   22.07    5.19   14.06    7.78    3.94    2.11   19.33    0.01    0.02    0.08    1.03   18.53    4.47   28.17   67.25    5.49   16.89   16.69   13.54   23.93    9.53    7.21    0.55    0.93    4.61    2.29
PSATSCX    -25.53  -53.48    0.05    3.90   12.78   11.50    2.38    0.12    0.00    0.00    0.04   20.02    1.51   11.75   12.00   34.49   42.65    2.80    0.88    1.11   28.38   23.52    5.02   14.30    4.91    4.43    1.26   17.07    0.00    0.01    0.09    4.08   20.99    6.93   29.22   60.41    3.87   10.47   11.99    9.97   16.72   11.34   17.07    5.54    4.50    3.31    1.41
PSATSCL    -25.49  -51.74    0.28    5.52    9.66   27.75    1.53    0.06    0.00    0.00    0.01   13.27    4.54   10.31   23.42   37.90   70.87    3.27    1.19    1.86    9.03   10.83    9.00    9.05    5.14    7.77    2.26   11.96    0.00    0.08    0.03    1.30   16.22    8.97   29.77   49.15   13.53   28.63   30.40    4.04   14.37    5.74    1.75    0.29    1.37    3.78    2.17
PSATUVT    -26.23  -51.08    3.24   16.13   19.67    7.30   10.21    1.88    0.21    0.00    0.00   16.58    2.28    1.18   15.83   21.41   40.56    0.93    0.17    0.35   10.95   11.61   14.57    4.10    5.66   11.00    5.75    3.01    0.03    0.03    0.01    0.08   20.47   12.97   33.73   42.90   25.19   14.19   24.11   16.22   11.07    2.26    1.39    2.61    1.43    5.05    0.56
PSATBSM    -24.19  -53.74    0.02    0.89   12.61   17.42    1.00    0.10    0.00    0.00    0.32   11.68    8.10   18.42    8.40   20.18   10.29    2.84    0.83    1.20   15.49   15.80    9.28    9.72    7.30   10.50    0.61   13.08    0.00    0.04    0.51    7.32   20.32   12.81   37.18   46.24    3.62    7.27   26.31    5.69   13.01    9.38   20.97    3.23    2.33    2.96    1.54
PSATFLE    -22.97  -54.56    6.34   14.01    3.49    0.64    1.59    0.07    0.00    0.00    2.77   41.71   19.51    6.83    2.19   14.18   14.60    2.88    3.26    0.62    1.07    9.29    7.52    8.58    4.77   14.65    0.00    7.93    0.03    0.09    1.94   13.48   25.68   12.15   16.97    9.53    0.99    0.11    5.54   10.11   13.49   10.95   17.71    8.89    3.62    7.18    0.42
PSATITP    -25.42  -54.58    0.21   10.46    6.35    4.23    1.52    0.06    0.00    0.00    2.23   24.59   17.66   19.95    3.39   12.12   14.57    3.65    2.34    1.36   10.88    7.63    7.10    9.70    5.77    9.09    0.18    9.65    0.02    0.10    1.06   13.23   15.90   12.28   34.07   14.35    1.09    0.78   27.08    8.34   19.77   10.16   14.27    6.33    2.90    7.61    0.41
PSATIVM    -22.38  -53.53    2.50   16.80    2.84    2.00    1.19    0.17    0.00    0.00    0.80   27.21   15.04    3.42   14.62    6.76   19.01    5.47    1.85    0.76    0.72    6.10    6.31    5.44   12.82    0.76    0.00    3.30    4.45    1.69    1.91    6.91   13.01   14.28   24.59   12.79    1.15    1.36   23.66   13.99   17.31   15.77    9.80    3.93    1.16    8.14    0.63
PSATPTQ    -23.18  -53.17    0.27    0.40   14.25   20.20    1.08    0.03    0.00    0.00    0.01   14.17   22.39   23.99    9.36   16.58   16.07    1.28    0.73    1.29    7.48    9.16    9.87    8.36   12.38    7.45    1.04    9.72    0.01    0.06    0.25    4.10   13.26   10.93   37.08   26.99   11.31   11.05   39.01    4.20    6.63    3.61    8.48    1.70    1.08    1.18    0.63
PSATCBI    -17.99  -48.54    8.43    6.76    5.17    9.27   12.38   24.05    7.34    5.24    1.15    7.57    3.79    3.25   17.79    7.03    9.76    8.99    3.52    6.66    1.57    2.41   14.81   10.28    0.72    0.19    0.25    0.47    0.55    8.06    6.34   14.48   19.81    8.86    3.34   13.03    4.94    1.04    0.57    0.63    0.43    0.12    0.08    1.45    1.88    7.09   11.62
PSATCBIV   -16.15  -48.67   15.60    6.26    7.50    7.08    3.54   36.90   16.08    6.36    1.69   11.29    2.31    2.79    8.43    5.60   10.92    5.46    3.60    7.18    4.21    3.35    9.45   10.01    0.69    0.05    0.05    0.34    0.60    4.91    3.64   16.57   20.26    9.85    3.33   16.84    5.26    1.46    0.63    0.44    0.61    0.14    0.04    1.95    2.32   11.11    5.71
PSATEMB    -18.45  -47.98    4.34    1.82    2.88   14.26   12.54    6.05    0.45    0.66    2.77    6.99   13.98    5.28   16.37   14.00   17.71   14.42    2.38    1.56    0.28    0.19   13.82    5.51    1.18    1.81    0.58    6.03    2.90   11.78   14.00    8.95    6.45    2.05    3.01    2.22    0.70    0.81    1.41    0.63    0.34    0.12    0.42    0.18    0.06    1.67    1.24
PSATIMBR   -18.42  -49.10    8.51    2.73    3.18   14.40   10.41    9.06    0.67    0.19    0.66    3.10    7.10    5.04   12.96   13.31   17.47   17.38    2.63    2.92    0.36    0.34   16.99    9.45    0.44    1.22    1.81    2.83    6.33    9.40    9.16   10.55   12.38   11.16    3.24    7.98    4.07    0.74    0.58    0.50    0.33    0.15    0.05    0.27    0.22    2.32    9.08
PSATNPTE   -19.13  -47.70    4.46    2.34    2.46   14.82   11.06    0.59    0.12    0.22    1.55    3.29   13.69    9.43   13.99   13.46   22.24   17.17    1.47    0.33    0.05    0.00   12.81    4.89    1.12    1.58    2.85    4.10    2.47    5.35    6.54    7.15    6.50    1.67    1.87    0.94    0.59    0.72    0.85    0.31    0.07    0.06    0.42    0.07    0.02    1.53    1.37
PSATARV    -18.07  -50.16    8.02    5.32    7.39    9.57   38.92   13.19    2.40    0.48    0.94    3.47    6.93    1.87    4.69    5.46    9.63   11.58    3.82    7.48    2.19    1.59    7.21   16.26    1.89    0.97    0.16    0.05    5.10   11.98    8.13   10.30   12.94   17.86    6.34    6.68   11.57    5.76    0.73    0.52    0.78    0.29    0.24    2.14    8.10    3.26    3.15
PSATSFC    -18.05  -47.68    4.97    6.22    3.41   13.09   13.91   25.24    9.65    2.32    1.69    4.91    5.25    6.62   17.08    8.56   17.00    9.15    2.52    5.44    1.30    2.87   14.50    6.79    1.12    0.94    0.63    0.65    0.63   13.54   12.34   12.83    7.66    3.35    4.04    8.37    1.53    1.33    1.68    0.82    0.39    0.18    0.31    0.60    0.61    2.52    4.65
PSATSSM    -19.02  -50.50    7.15    2.42    5.43   12.77   10.94    5.16    1.21    0.21    0.57    2.40   12.65    6.35   10.76   21.47   15.79   22.21    2.74    4.04    0.91    0.84   12.23    6.84    0.55    0.65    0.79    0.77   10.54   10.95    7.45    8.15   15.91   18.42    4.67    7.28   10.46    2.39    0.22    0.54    0.50    0.01    0.02    0.36    1.24    2.16    5.91
PSATCNI    -22.94  -50.52    0.04    0.02    7.56   16.32    0.43    0.02    0.03    0.00    0.03    7.69   52.00    9.90   18.26   15.54   17.24    0.33    0.00    0.00    0.54    8.07    7.29   18.98   14.88   13.71    0.04    8.06    0.04    0.00    0.00    0.56   13.73   21.04   16.84   11.37    6.28    9.64    4.48    4.36    1.84    0.24    0.19    0.65    0.34    0.43    0.33
PSATCPV    -22.65  -51.33    0.04    0.76   18.81   20.25    0.10    0.02    0.00    0.01    0.02   15.49   49.11   17.99   17.05   13.13   10.98    0.96    0.07    0.19    2.84    7.77    7.97   16.06   16.06   13.74    2.40    9.59    0.01    0.04    0.00    1.17   11.32   11.58   22.43   22.04   15.40   15.55   21.05    7.22    3.08    0.50    0.11    0.59    0.86    0.44    0.44
PSATCHT    -23.01  -49.73    0.04    0.03   10.17   10.90    0.34    0.10    0.00    0.01    0.03    9.74   39.56   12.21   14.65   20.20    5.31    0.24    0.00    0.02    1.10    7.34   11.50    6.75   12.94   14.71    5.90    3.78    0.01    0.01    0.01    0.00   16.05   10.39   21.02   18.33   10.98   19.02   18.04    2.49    2.60    0.64    0.23    0.99    0.74    0.87    0.15
PSATJUR    -23.22  -49.23    0.01    0.15   15.81    5.31    2.15    0.45    0.01    0.01    0.04   16.61   22.41    4.31   11.42   12.35    3.18    0.31    0.00    0.00    0.21   13.27    8.39    5.56   13.15   13.50    1.69    1.99    0.08    0.01    0.00    0.00   22.44   11.94    8.00   21.89   12.50   19.81    3.92    1.18    3.94    0.53    0.26    1.07    0.50    0.32    0.44
PSATMAU    -24.06  -50.71    0.84    1.46   13.85    9.85    2.67    0.16    0.01    0.00    0.00   18.17   14.89    6.56   17.83   20.41   29.31    0.34    0.04    0.76    2.39    1.79    9.54    5.29    7.01    6.86    9.12    4.24    0.00    0.01    0.01    0.02   14.36   19.62   21.69   25.00   15.93   16.82   27.18    2.39    5.63    0.68    0.27    1.00    1.28    1.41    0.37
PSATROS    -22.50  -52.87    0.06   11.47   17.37   22.36    0.56    0.00    0.03    0.00    0.00   22.44   44.25   25.70    8.00    9.27    8.16    2.59    0.81    1.27    3.29    6.65   10.79   10.99   19.78    3.19    0.21    4.03    0.01    0.12    0.31    4.49    5.88   14.27   30.81   16.87   18.55    5.81   19.30    2.18    4.31    0.56    1.82    0.34    0.57    0.37    0.79
PSATQMD    -16.21  -47.33   10.51   10.02    5.41    3.83    6.20   44.40   39.06    2.97    3.33    5.88    1.66    3.47   22.12    1.92   16.87    8.77    5.68    9.24    4.14    3.34   16.37    3.38    1.22    0.20    0.11    0.14    1.22    9.22   10.83   12.27    7.25    2.87    6.64    8.16    1.39    0.96    2.09    0.96    0.75    0.34    0.53    1.25    2.14    9.06    8.39
PSATRBX    -18.95  -44.76    1.44    2.25    4.32   24.82   14.17    0.96    0.11    0.11    0.52    2.88   12.14   30.55   31.42   18.87   38.60   28.90    0.51    0.17    0.12    0.32    8.33    3.05    0.52    0.08    4.91    4.30    6.11    0.68    3.89    7.17    5.79    0.41    0.60    0.67    0.51    0.44    0.52    0.25    0.03    0.04    0.10    0.00    0.25    0.74    2.27
PSATSFR    -15.93  -44.86   13.35    8.32    3.09    5.39   28.64   42.85   38.55    6.01   14.49    6.64    3.24    7.29    7.68    6.81   22.02   14.06    6.71    5.30    2.08    3.75   14.77    2.66    0.86    0.28    0.04    0.01    1.42   10.44   12.93   18.46    9.99    2.97    3.58    5.18    1.21    0.64    0.71    0.92    0.31    0.20    0.38    1.71    1.14    6.56    4.28
PSATSRM    -16.37  -45.07    6.73    2.60    2.19   23.04   31.74   15.69    2.59    1.51    4.03    4.11    4.80   11.97   16.10   12.15   21.34   21.71    6.03    1.59    0.51    2.10   13.98    2.61    1.02    0.38    0.42    1.18    6.21    5.97   13.31   11.62    7.31    1.32    1.38    1.07    0.78    0.51    0.88    0.57    0.19    0.13    0.33    0.10    0.18    1.47    3.51
PSATTMR    -18.16  -45.27    1.92    2.55    2.82   24.46   15.61    0.85    0.16    0.18    0.89    3.38   20.50   19.35   25.08   20.87   46.27   28.56    0.98    0.35    0.19    0.34    9.78    4.40    1.20    0.62    5.44    4.00    2.19    1.75    7.10    5.65    7.59    1.05    0.81    0.64    0.48    0.52    0.74    0.37    0.09    0.09    0.19    0.00    0.10    0.77    3.80
PSATBOQ    -11.35  -43.83    2.08    0.71    2.54    8.51    2.18   10.01   25.35   17.86   11.15    7.72    2.40    2.42    0.85    0.34    0.10    0.56    9.66   13.92    7.57   10.61    5.21    0.65    0.24    0.15    0.02    0.08    0.16    2.17   14.06   20.37   10.00    4.03    7.66    4.11    0.75    0.56    0.28    0.76    0.46    0.35    2.38    9.49   11.13    4.05    1.85
PSATBBO    -22.52  -48.55    0.11    0.08   18.21   10.24    6.71    0.25    0.05    0.01    0.10    8.61   18.96   12.66   13.81   30.27    3.62    3.27    0.01    0.00    0.03   11.88    7.42   15.18    6.11    5.63    0.85    6.23    2.05    0.03    0.00    0.06   16.39   21.38    1.85    4.41    7.31    3.55    0.15    0.87    4.17    0.22    0.24    0.18    0.22    0.18    0.46
PSATESZ    -23.46  -46.91    0.16    0.05   11.72    9.70    5.42    3.26    0.64    0.00    0.05   22.12   19.54    3.37   11.60   32.00   13.89   13.02    0.15    0.00    0.02   12.52    8.32    5.40   10.05   13.48    5.38    4.35    3.51    0.85    0.00    0.17   12.54   27.52    3.57    1.00    0.90    3.17    1.35    1.63    4.98    1.13    1.04    0.20    0.91    0.17    1.48
PSATIBT    -21.76  -48.99    0.07    0.10   10.18   27.86    6.16    0.08    0.10    0.00    0.12    0.60   29.70   15.61    9.62   23.74   16.98    1.54    0.00    0.00    0.06    6.43   11.15   14.39    4.34    3.27    0.24    4.64    2.84    0.00    0.00    0.68   15.55   27.02   14.18   10.81   10.79    4.58    0.26    0.30    0.67    0.15    0.13    0.09    0.23    0.09    0.32
PSATNAV    -21.12  -50.20    0.66    1.50   10.92   29.22    0.89    0.02    0.07    0.01    0.12    0.35   22.26   16.31   15.61   13.35   31.96    8.42    0.23    0.42    0.38    6.53   13.48   12.63    7.23    2.51    0.36    0.90    8.91    0.03    0.12    4.31   14.11   30.66   26.56   10.89   12.09    7.19    0.23    0.44    0.22    0.12    0.09    0.21    0.13    0.03    2.81
PSATSME    -13.40  -48.30    8.24    7.79   10.78    5.42   17.03   29.14   33.08   63.03   23.77   10.85    4.97    3.45    3.72    6.71    5.15   17.41   10.60   11.62    6.84    5.32   14.76    7.04    0.64    0.08    0.00    0.06    2.89    5.09    6.14   18.84   18.39   21.51   11.55   10.27   10.63    2.98    0.31    0.14    1.16    0.03    0.28    8.05    9.44   15.57    7.61
PSATBGR    -27.78  -51.20    7.47   41.54   33.49   30.23    8.78    2.04    0.04    0.00    0.00    9.08    0.69    0.23   11.00   21.38    5.12    1.49    0.20    3.64   24.00    7.82    3.19    7.66   11.25    1.56    1.60   16.08    0.60    0.02    0.00    4.57   32.17    1.21    5.54   63.66    8.28   20.37    9.08   14.84   24.24   21.61   15.42   23.84    9.81    8.48    5.90
PSATCNV    -27.60  -51.33    4.55   37.92   28.25   17.79   12.06    1.70    0.32    0.03    0.00    9.32    0.56    0.52    7.62   39.83    7.10    1.15    0.18    1.21   27.66   11.87    6.20    6.91   10.06    2.58    0.77   11.71    0.16    0.02    0.02    1.14   20.96    6.28   12.86   64.14   10.55   24.64   16.48   19.71   19.18   18.45   18.92   19.27   16.75    2.56    2.31
PSATFCH    -27.14  -53.04    2.22    9.41   17.87    3.33    4.93    0.20    0.00    0.00    0.00   17.59    0.00    6.05   11.76   32.74   12.70    0.29    0.66    0.47   36.78   11.80    2.05   19.89   17.72    1.21   14.02    9.38    0.12    0.00    0.05   15.69   19.58    2.12    3.57   25.05    2.78   11.12   21.15   17.70   15.38   22.64   14.51   19.56    9.77   12.30    7.45
PSATITA    -27.27  -52.38    4.55   24.38   20.71    7.51    6.64    0.36    0.02    0.00    0.00   16.03    0.94    2.21   10.45   27.29   15.05    0.87    0.50    2.41   18.32   10.63    5.14   13.06   15.60    2.23    2.40   10.22    0.13    0.00    0.01    7.19   25.56    4.79   11.80   49.19    6.72   16.88   22.16   20.69   20.70   17.60   11.85   14.60    7.11    1.60    9.93
PSATMCD    -27.52  -51.78    7.37   28.39   27.20   17.79    6.87    0.06    0.00    0.00    0.00   14.51    0.02    0.06    7.73   22.71    3.66    0.14    0.16    4.13   21.15    9.59    2.97    7.91   13.97    0.73    2.14   12.44    0.05    0.00    0.00   11.28   31.49    1.83    3.28   39.95    3.83   16.08   14.89   17.04   22.22   23.56   17.59   15.41    7.17    2.64   22.38
PSATMOJ    -27.35  -52.73    8.50   16.96   27.16    9.15    3.02    0.13    0.00    0.00    0.36   21.04    0.00    0.88   20.47   22.57    3.22    0.39    0.50    2.74   31.27    7.06    2.75   14.52   12.70    1.65   12.71   10.32    0.03    0.00    0.26   33.86   19.36    0.72    7.95    9.06    2.00    4.03    4.29   11.89   25.33   17.55   15.15   33.51    8.22   17.93   16.27
PSATQQX    -26.66  -52.54    0.23   13.20    9.42    4.89    3.86    0.23    0.00    0.00    0.00   16.16    2.22    7.98   14.08   39.54   22.70    1.30    1.12    0.97   19.25   14.82    5.00   15.35   12.34    4.11    1.60   14.94    0.05    0.00    0.11    3.59   25.25    4.53   21.53   62.15    4.33   12.28   20.05   21.36   21.82   11.93    9.89    5.13    1.92    3.65    1.91
PSATPSJ    -28.14  -55.05    6.54   32.60   16.07   10.40    0.08    0.08    0.01    0.00   10.37   20.63    0.00    0.92   18.15   15.29    2.52    0.00    2.63   18.03   15.06    0.05    0.10    3.07    4.68    0.84   26.97    7.37    0.00    0.00    3.04   19.25    2.36    0.00   11.99    1.15    0.14    0.25    0.70    6.18   14.66    6.79   16.44   24.26   46.07   22.53    6.99
PSATESP    -18.68  -51.87    8.91    6.45    8.90   10.42   21.66    4.34    0.38    0.04    0.43   11.47    6.17    5.25    5.68   15.91    8.99    9.75    1.92    1.80    4.97    2.78    5.16    8.35    2.87    4.43    0.02    0.00    8.61    8.97    7.11    7.08    4.91   19.13    5.43   21.55   14.56    2.38    1.04    0.89    1.62    2.81    0.79    1.43    8.12    6.26    3.33
PSATSRC    -19.16  -50.76    1.84    3.27    6.69   11.82   15.75    1.77    0.40    0.04    0.24    4.05    3.21    8.16    7.27    4.66   14.83    3.70    2.46    3.87    3.54    2.82    9.71    9.66    5.43    4.28    0.07    0.00    7.55    8.74    7.28    6.03   14.05   13.02    5.94   22.90   14.37    3.63    2.92    0.93    1.28    1.17    0.37    0.43    2.42    5.08    1.40
PSATFRCL   -19.12  -50.64    2.94    5.48    8.26   11.76   22.76    3.17    0.94    0.12    0.38    3.64    8.70    5.66    6.97    7.41   12.08    4.71    3.38    3.55    2.63    2.49   10.93   11.16    4.04    4.56    0.19    0.00    3.90   10.89    8.35    7.54   12.34   11.53    5.50   15.03    8.37    6.60    2.08    0.46    1.03    1.01    0.38    0.79    3.42    9.43    0.78
PSATISOT   -20.40  -51.35    1.60    1.58   14.33   21.98    4.86    0.10    0.20    0.13    0.05    0.61   13.59   12.83    9.24   17.17   27.81   13.32    2.11    3.20    2.43    5.92    9.40   10.13    6.59    1.94    0.79    0.11    8.24    5.39    4.92    6.21   11.86   22.78   12.96   13.22    9.31    6.09    0.59    0.59    0.54    0.12    0.03    0.08    0.30    1.04    7.80
PSATJUP    -20.86  -51.63    0.96    6.85    5.24   21.23    4.91    0.25    0.10    0.09    0.04    4.44   10.01   11.66   14.93    8.60   29.79   10.08    1.72    2.01    2.82    6.49    7.89   14.49   11.54    1.74    1.24    0.04   10.78    9.43    5.83    8.65   11.64   23.25   22.49   20.38   10.34    8.79    2.39    1.31    1.83    1.26    0.46    0.66    1.82    4.39    0.57
PSATSDG    -20.06  -53.18    1.01   10.95    3.78   24.95    3.28    0.41    0.01    0.01    0.09    6.23    5.32    6.71    6.88    3.12   26.33    8.61    2.00    1.05    2.32    4.76    3.69   15.37    2.63    2.09    3.56    0.09   12.99   11.66    5.29    6.36    3.49   18.35   33.57   18.83    1.74   13.21   11.34    3.30    2.89    5.11    3.56    1.59    3.20    2.58    0.49
PSATFZBT   -21.66  -52.87    2.84   13.31    6.16   31.99    1.91    0.18    0.00    0.01    0.16   11.09    7.70   16.51   18.78    7.38   25.74    8.07    1.53    1.05    1.53    3.58    4.14   12.22   17.18    1.30    2.02    0.16   12.19    3.84    2.67    6.35    5.10   17.81   41.36   16.18    3.85    8.61   13.22    9.86    9.18   17.08   10.51    2.22    2.76    3.16    0.31
PSATPPRA   -22.46  -52.91    0.15    5.74   11.94   26.79    1.93    0.00    0.06    0.02    0.01   10.64   35.55   23.84    8.81    6.77   30.41    9.35    1.25    1.78    1.21    7.67    7.45   15.46   12.06    6.01    0.15    4.63    4.22    1.48    0.97    3.52    7.26   25.08   30.74   18.76   12.54   12.38    4.56    4.45    3.44    1.94    0.85    0.35    0.45    0.43    5.36
PSATBTE    -13.69  -50.80    4.60    7.61    7.03    9.85   16.92   29.33    7.72    2.36    7.78   11.49    9.16    3.77    4.17    9.39    8.25   13.48   11.38   10.36    6.28    3.05    7.00    8.83    1.35    0.86    0.01    0.00    1.20    7.89    7.78   11.06   14.92   23.70   15.21   14.30   12.31    3.88    1.02    0.54    2.11    2.22    1.69    3.31    4.46    8.20    2.97
PSATARAG    -8.27  -49.26    2.28   11.25    6.94    5.15   10.34   22.93   15.26   18.60   20.25   17.45   13.14    3.00    2.57    2.35    2.58    7.67    9.46   18.16    7.79   10.86   13.62    5.11    1.86    0.99    0.15    0.93    1.76    6.80   11.35   14.68   19.90   30.91   16.09   15.12   20.67    5.67    2.45    3.46    5.58    3.65    7.08    8.51   14.56   11.10   10.73
PSATLAJ     -9.76  -48.37    5.33    6.98    5.54    4.14   10.86   21.05   17.90   10.68   29.02    9.67   14.09    4.61    5.69    4.12    2.53   17.48    7.79   13.52    7.45    8.16   22.28    2.61    0.72    0.12    0.01    0.47    2.15    6.46    8.11   28.56   12.79   16.38   16.74   12.71   10.09    2.34    0.37    3.73    2.54    1.21    5.54   13.73   15.44   12.55   11.39
PSATPTRL    -9.31  -47.39    0.02    6.59    6.30    4.09    2.33   14.72    6.38   15.36   22.41    7.59    9.03    3.13    1.04    1.23    1.68    1.96    6.14   12.09   13.01   12.27   13.75    2.32    1.01    0.09    0.13    2.63    2.42    4.27    4.28   28.26    7.52    8.81   23.43   23.11    3.50    1.76    0.50    9.04    1.74    1.56    6.38   15.32   20.82   10.35    3.86
PSATLJET    -7.33  -47.48    0.16    7.32    2.98    5.91    2.60   12.15    5.55   13.39   11.55    9.31    8.61    8.00    2.99    1.31    1.58    2.31    5.89    8.54   20.15   20.61    6.99    4.92    1.39    4.86    0.92    4.82    5.26   24.69    4.28   18.33    4.36   13.57   12.31   23.36    6.45    4.74    3.77    8.91    3.14    4.98    9.00    8.03   18.29    9.70    4.89
PSATUCR     -3.83  -49.65    2.15    1.12    2.14    1.38    2.02    3.10    4.11   14.48    9.94    4.99    6.87    2.53    3.37    5.68    2.73    7.50   11.01   11.96   14.35   27.13   11.84    5.53    4.11   13.06    1.91    6.49    7.27   19.10    8.52   11.68    7.50   14.21   11.42   39.71   23.47    9.65   11.07    4.72    6.67    7.64   10.27    9.40   17.56    7.82    9.75
PSATXIVJ   -29.07  -51.67    4.71   31.28   30.74   62.29    4.67    0.36    0.00    0.00    0.00   15.99    0.00    0.37   24.05   12.89    4.34    0.18    0.10    8.30   29.56    4.81    0.95    8.18    9.71    0.60    1.69   21.84    0.26    0.00    0.00   24.72   28.41    0.23    3.22   26.55    5.54    8.35    2.84    5.23   27.39   17.87   12.60   17.04    8.07    5.40   15.79
PSATDFRC   -29.45  -53.28   11.60   47.25   11.78   14.53    0.95    0.19    0.00    0.00    5.03   12.80    0.00    0.90   23.90    4.09    0.60    0.17    0.74   16.61   19.34    0.78    0.31    1.00    4.99    0.91   13.77    9.64    0.02    0.00    0.83   15.27    1.59    0.02   11.09    1.65    0.29    0.76    1.10    1.80   14.60    2.54   14.54   18.31   36.81    7.77    3.49
PSATREAL   -29.02  -53.19    6.99   30.57   28.70   42.42    0.63    0.22    0.00    0.00    1.87   21.04    0.00    1.61   23.88   10.96    1.28    0.02    0.38    9.95   25.21    0.65    0.56    3.90    6.40    0.75   10.12   12.77    0.02    0.00    0.68   24.38    9.20    0.00    7.70    3.32    0.63    1.23    1.21    2.31   25.32   13.13   17.02   20.87   30.19   16.15    7.23
PSATCTAV   -29.01  -51.39   12.03   37.72   35.31   27.17    8.44    1.42    0.02    0.00    0.00   12.89    0.58    0.46   24.95   13.79    6.31    3.99    0.29    5.87   24.25    5.44    1.82    3.46   12.54    1.09    3.53   20.68    1.26    0.02    0.01   23.10   30.72    0.13    4.82   34.33    8.14   10.88    7.60    9.28   23.43   25.90   10.73   22.68   12.64    9.10   16.17
PSATERNT   -28.56  -52.54    7.69   31.22   31.31   25.07    2.55    0.20    0.00    0.00    0.04   21.93    0.01    0.18   13.81   15.21    1.63    0.11    0.40    7.98   30.28    3.56    1.89    6.08   11.16    0.52    6.18   13.14    0.02    0.00    0.08   28.31   25.39    0.18    4.75   12.79    2.23    6.71    4.21    7.14   33.08   20.72   13.32   30.14    7.77   10.06   21.51
PSATSTPL   -27.14  -49.52    5.65   27.22   12.21   17.27   14.02    2.66    0.96    0.17    0.01    8.98    0.94    1.88    4.37   39.85    8.88    1.35    0.62    0.14   28.76   10.60    5.54    1.95    3.71    6.45    1.17    6.71    0.00    0.12    0.08    0.15   19.55    6.65   18.21   46.93   15.51   11.49   10.71   27.24   16.22   23.22   18.99   25.70   12.88    4.13    0.93
PSATCVCH   -25.14  -48.87    0.97   10.13   12.10    8.26    9.73    1.49    0.47    0.01    0.00   18.16    9.38    1.02   11.83   15.73   32.38    0.60    0.09    0.00    0.72    3.07   10.47    0.44   16.72   22.11   14.83    0.60    0.09    0.00    0.03    0.00   18.55   17.94   26.52   19.65   20.08    6.16   27.13   16.14    6.32    1.53    0.15    0.76    0.15    1.04    0.82
PSATAMY    -12.60  -69.12   19.92   13.97   21.13   15.31   13.64   11.46   13.36    6.49    5.67   10.49    8.66   10.65    7.34    4.84    5.01    3.56   10.55    5.93   13.33   10.59   16.66   15.42   14.19   27.99   24.16   11.70    5.81    1.64    7.77    9.76   43.98   25.49    5.07    7.80    8.02    4.79    2.23    4.83    6.39   10.14   14.60   13.84   12.86   11.06   26.38
PSATGJR    -10.73  -65.35   19.21   10.27    5.31   11.14    5.02    2.82    3.40    2.42    2.80   20.66   10.59    4.42    4.59    1.51    3.09    2.25    2.84    3.69    4.62   15.52    7.15    5.12   12.37   14.22    2.18    7.22    3.32    1.69    4.24   32.30   11.84    3.12    1.73    2.46    1.49    1.48    1.25    9.93    7.31    3.25    6.12    7.20    7.65   17.42   15.47
PSATPRNC   -12.43  -64.43   14.44    5.29    4.03    9.31    8.51    3.72    4.52    3.64    1.24    6.20    8.18    4.20    3.86    1.50    1.10    2.11    0.81    0.92    1.78    9.07    8.25   12.92    8.18    3.88    0.82    1.36    2.29    1.20    1.28    9.28    6.56    0.55    0.41    0.17    0.10    0.43    6.69    9.27    5.34    6.22    8.02    7.63    7.66   14.93   14.05
PSATSANT    -8.87  -63.97    7.60    6.60    7.07    2.06    9.26    6.56    6.74    2.52    4.81   11.30    3.73    2.64    1.85    1.85    3.94    4.17    1.55    1.29    7.43    8.04   16.35   10.41   24.55   28.31    7.36    4.10    5.59    4.44    2.71    2.26   10.74   27.46   11.98   10.45   27.25   15.53    1.66   13.67    8.01    6.30    6.48   11.15    9.73    5.94   18.23
PSATDARD   -10.16  -59.46    2.70    5.42    8.56    2.67   17.15    2.56    7.74    1.07    5.79   19.18    5.16    6.28    2.81    1.04    3.96    3.13    1.85    3.33    7.54    8.94   17.55   12.17    7.30    1.63    0.18    1.66    5.07    3.13    3.30    5.57   10.72   37.88   10.13    7.10   29.96   17.25   37.76   18.95   15.70    5.85   10.07    8.96    6.75    3.72   17.77
PSATGUAP   -15.12  -58.96    0.81   12.30    5.45    3.56    4.79    2.06   11.41    1.47    1.54    7.27   11.15    6.18   13.72    6.53    6.06    6.21    0.69    0.58    1.72   14.53    5.72   11.78    9.43    0.32    0.67    0.26    5.19    1.37    4.36    4.43   17.79    2.04    1.80    0.24    0.12    0.34    0.55   22.86    9.43    7.90    8.76    6.81    1.34   12.27    8.85
PSATJIRA    -9.25  -64.65   19.30   12.20    8.47   11.67   11.74    8.25    5.83    3.97    4.27    9.50    9.04    5.77    8.35    2.50    3.44    2.38    2.21    2.81    4.78   14.78   18.19    7.58   18.49   24.47    8.43    9.57    6.30    1.05    3.42   11.82   26.95   12.67    3.79    4.68    5.03    1.80    1.56    5.93    7.78    7.70    8.53   10.64    9.48    8.08   18.06
PSATROND   -11.99  -60.70    1.24    6.83    3.06    5.03   27.94   12.86    3.81    2.14    3.52    5.82    4.33    4.59    1.80    0.11    4.76    2.98    1.19    2.59    4.17   10.62   16.45    9.80    2.11    2.12    0.53    1.85    6.01    1.07    2.44    2.32    6.41    1.83    0.00    0.70    1.46   14.37   13.82   20.72    4.36    0.89   16.11    7.39    3.36    1.07   21.09
PSATSAMU    -8.75  -63.45    7.13    4.40    6.24    1.17   11.47    6.58    4.80    1.54    5.31    9.68   15.89    1.13    0.95    3.17    3.21    2.90    3.23    1.43    6.78    9.17   19.38   11.11   52.18    5.39    1.18   11.01    3.86    1.77    4.43    1.82   13.11   33.98    1.77    6.70    7.26   36.22    1.91   14.16    9.50    3.74    5.59   14.04   10.04   10.49   30.29
PSATBALB    -1.92  -59.47    8.20    4.95    3.18    1.59    6.35    2.50   14.42   14.84   10.56    1.25    2.99    1.02    3.70    1.71    3.72    7.18    8.56    3.04    7.42    7.67    7.21    9.21   16.24    5.16    1.22   12.88   14.25    6.81    5.38    8.38    3.96    6.01   18.36   19.91   15.60   15.02   18.33   57.43   10.47   19.77   23.14   17.20   10.77    2.16    9.98
PSATCUNA    -2.82  -54.30    2.23    1.57    3.23    0.95    5.42    0.49    2.92   21.51    3.34    1.41    2.76    2.64    0.90    1.12    1.02    8.95    6.08    4.72    5.65    9.46   20.75   12.43    9.65    1.44    2.72   19.03   10.35   35.13   15.51    9.06   12.75    7.54   19.77   20.58    8.75   14.12    4.24   21.19   15.51   14.26   13.55   14.14   16.30    6.75   16.97
PSATJARI    -0.65  -52.52    1.72    0.29    0.15    1.08    1.63    6.94    7.04    3.80    0.76    1.49    1.97    1.97    2.39    2.54    3.25    4.43    5.91    6.51    6.72    6.92   15.23   11.30    9.84    8.13    6.58    6.80    6.21    2.22    7.00    2.24    1.32    1.84    4.74    8.14    8.17    7.70    8.53   10.39   11.77   10.40    7.98    9.09    8.57    5.80    6.32
PSATFGOM     0.86  -51.20    5.57    0.34    0.33    1.49    1.83    4.77    4.49    3.51    1.72    2.79    2.79    2.83    1.75    3.64    5.87    8.78   13.18    6.95    4.18    9.38   18.73   14.97    9.84   10.80    9.14    9.98    3.73    3.11    8.40    5.26    2.78    4.12    3.93   14.52    8.31   13.83    9.90    8.78   11.00   13.95    9.98   13.33   12.52   11.40   16.45
PSATUBE     -6.75  -43.57    0.02    4.98    3.99    9.84    3.34    1.42    7.05    7.88   11.07    2.47    2.15    5.77    1.34    1.43    1.55    0.58   12.09    8.15   10.43    6.27    3.54    2.29    1.06    0.16    1.38    6.41    8.19   13.72   12.76   23.72   11.18    6.31    4.83    3.69    0.44    1.11    2.47    2.07    1.77    2.85    4.02    4.63    8.68    6.83    0.54
PSATBSOR    -6.74  -52.00    4.74   11.67    8.07    2.65   14.27   17.06    5.58    9.30   13.69   15.93   13.26    4.57    2.67    2.73    2.22    6.16    6.90    7.10    3.96   12.27   10.43    4.29    1.69    0.81    0.32    4.78    5.20    5.84    9.74   12.72   22.49   21.49   18.85   11.55   18.75    8.58    4.64    3.66    6.53    6.63   12.67    8.06    9.69   13.20   18.49
PSATBESP    -6.75  -51.77    5.72    6.28    5.31    3.49   21.05    3.70    4.45   10.29   15.12   15.45   13.83    3.67    3.54    1.59    0.73    6.07    7.31   14.43   10.02   18.10   11.72    2.96    3.34    2.20    0.37    9.17    4.34    5.82    6.21    9.59   28.88   30.85   16.46   23.51   19.35   10.67   24.74    7.99   17.99    5.80   12.40   21.19   13.93   13.82   10.25
PSATPIME    -3.41  -51.91    7.23    5.36    6.28    5.41   11.67    3.71    3.09   17.98    8.60    8.89    6.94    3.18    2.73    2.95    2.24    3.94    5.93    5.63    7.83   13.73   18.35    9.45    6.19    2.64    3.66    9.54    7.40   10.78    8.15    9.50   22.03   17.61   17.46   16.09   12.77   13.30    7.19   12.93   12.83    9.69   17.56   12.96   14.95    9.51   14.95
PSATIRAP   -16.74  -42.57    8.13    5.15    1.87   17.13   45.84   20.06    3.68    2.27    1.38    1.62    1.29    3.04    9.18    4.73   10.29   12.86   12.42    1.15    1.68    2.39    4.25    1.59    0.99    0.13    0.01    0.14    5.48    4.87    9.93    9.79    1.53    0.91    0.54    0.38    0.82    0.65    0.85    0.50    0.07    0.19    0.55    0.11    0.28    0.93    0.94
PSATITBI   -15.97  -39.59    6.35    2.16    1.36    7.46   55.61   33.59    2.42    1.36    0.92    1.21    0.67    1.90    0.77    1.34    4.68    8.03   17.88    1.37    3.30    5.86    4.17    2.35    1.17    0.24    0.09    0.05    1.41    8.81   13.26   10.45    1.23    1.21    0.52    1.13    1.26    1.50    1.36    1.19    0.84    1.32    1.20    0.46    1.00    1.89    1.65
PSATCOLI   -10.98  -55.77    5.16    8.36    9.78    2.72   12.42   19.98    8.18    2.87   12.15   14.07   13.08    8.28    2.63    5.12    3.37    8.17    6.75    2.92    5.49    7.46    8.95    5.78    0.80    0.76    0.01    4.49    8.19    3.43   12.87   10.74   19.80   26.20   17.57    9.41   13.61    9.42    1.08   12.39    3.16    7.56   16.70    9.63    5.76    6.43   13.53
PSATSAEL    -9.19  -57.04   13.77    9.94    9.02    1.73   11.30    2.98    5.18    5.70    8.86   14.71    6.54    2.91    0.79    1.78    2.87    4.50    5.32    8.00    7.95    8.56   14.29    7.93    1.42    0.71    0.03    0.11    2.15    1.09    7.66    9.29   18.66   20.99   27.58   12.59   26.09    5.08    9.42   15.76   12.58    3.99   25.14   22.36   10.54   11.15   21.91
PSATITQ    -17.09  -54.83    1.66    4.98    8.27   10.95   11.97   11.09    1.64    0.41    2.75    7.58    4.63    6.02    7.47    3.68    3.09    8.60    3.50    2.45    8.29    5.12    1.24    6.27    0.17    0.41    0.09    0.00    5.58   10.45    8.13    4.50   14.80   24.75   18.81   17.27    3.72    9.21    1.10    3.01    1.36    0.77    8.29    1.90    1.80    8.80    0.82
PSATJAU    -15.24  -58.73    1.88   14.24    7.09    8.93    5.56    0.81    7.85    0.95    1.51    8.46    9.47    9.65   13.43    6.72    3.65    5.37    0.80    0.80    1.89   15.09    6.67   12.42    9.99    0.32    0.41    0.17    5.30    1.79    3.81    5.92   21.43    1.73    1.81    0.24    0.16    0.33    2.35   18.18   12.84    8.01    9.79    7.90    1.95   12.19   10.09
PSATMAN    -14.87  -55.78    7.82   11.56    8.27    6.25   15.48   10.27   23.64   13.43   16.87    9.60    9.84    7.90    2.63    7.08    6.28    5.17    3.13    1.59    3.43    3.20    6.05    5.18    0.48    0.07    0.00    0.02    2.44    6.88    6.84   10.74   18.33   31.14   12.56   13.78    3.31   12.84    0.92    2.56    0.87    8.66   11.90    3.59    3.88   10.41   13.28
PSATPTP    -17.61  -54.83    1.50    6.38    6.36    7.35    5.55    7.97    1.09    0.40    1.79    8.77   10.34    6.36   13.32    5.26    2.36    5.57    1.36    1.42    4.46    2.98    2.48    7.41    0.15    0.26    0.10    0.01    0.83   11.70   16.62    4.10   14.30   33.85   23.11   13.64    1.09   13.11    0.61    4.02    2.05    2.24   14.00    3.15    2.01   11.53    0.66
PSATSTCL   -17.90  -40.20    4.27    0.72    0.60   18.90   77.26   13.22    1.65    2.47    0.69    1.10    0.15    0.10    0.40    0.78    1.72   12.06   14.15    0.33    2.13    7.10    3.00    2.88    1.32    0.10    0.03    0.00    0.96   13.93   14.69   16.56    0.90    1.69    0.89    1.99    1.38    1.76    2.43    2.09    1.77    1.57    1.56    1.49    0.98    1.78    2.31
PSATPDC    -12.58  -39.00    0.22    0.40    0.28    0.12    2.82   26.06   20.86    3.86    5.68    4.45    1.16    0.33    0.06    0.09    0.12    0.01    1.54    8.94    9.36    0.75    0.87    1.64    1.67    1.62    0.26    0.10    0.07    4.96   21.00    5.23    1.19    1.43    1.54    1.34    0.96    1.09    2.19    1.73    1.00    1.23    1.89    2.06    2.99    2.70    1.71
PSATROSA   -20.92  -41.72    2.16    2.35    0.73   41.60   15.94    3.92    1.70    0.91    0.70    0.45   18.81   33.21   19.84    9.02   39.47   31.48    1.60    0.33    0.16    0.14    5.82    1.15    0.03    0.10    0.73    0.65   32.39    1.10    4.13   12.84    4.72    0.40    0.42    0.47    0.40    0.89    1.30    0.24    0.37    0.14    0.22    0.03    1.35    2.00    4.90
PSATCAN    -20.21  -42.85    3.22    3.24    4.24   30.01   15.64    2.67    0.31    1.06    0.57    2.57   22.93   42.00   19.17   16.66   18.83   30.55    0.09    1.02    0.11    0.10    9.33    1.68    0.23    0.03    3.35    1.41   10.50    0.29    5.07    8.14    3.78    0.71    1.14    1.10    0.65    0.90    2.94    1.23    0.11    0.09    0.07    0.20    0.83    1.17    3.07
PSATSAC    -19.64  -42.85    2.89    4.35    0.94   24.96   10.94    5.05    0.52    1.10    2.58    2.93    3.61   25.11   22.17   24.93   31.54   22.90    1.11    0.84    0.10    0.39    9.20    2.25    0.53    0.01    1.10    3.53   13.96    2.01   13.80    9.75    5.38    1.15    1.10    1.01    1.42    1.30    1.50    0.76    0.52    0.48    0.12    0.30    1.28    1.32    3.53
PSATPES    -19.12  -42.66    2.24    5.93    1.85   36.53   32.80    3.66    1.65    1.39    2.48    1.91    4.05   23.32    8.67    4.59   34.85   13.91    2.45    0.85    0.12    0.32    6.40    1.75    0.47    0.12    0.00    1.29   17.92    4.33   16.45    8.98    2.92    1.04    0.54    0.77    1.41    1.37    1.64    1.76    1.04    0.62    0.21    0.48    1.35    1.12    2.84
PSATMAS    -19.50  -40.92    4.03    1.99    1.03   30.84   17.91    3.48    0.51    1.58    1.14    0.62    6.95   23.87    6.24    5.85   22.26   18.75    4.27    1.04    0.45    0.66    6.55    2.04    0.70    0.25    0.09    0.19   19.47    5.82    9.51    8.61    3.25    1.23    0.88    1.31    1.35    1.66    1.41    1.20    1.12    0.88    0.15    0.30    0.87    1.23    2.95
PSATSBR    -23.37  -45.87    0.66    0.63   16.29   20.87    9.94    5.50    0.78    0.07    0.06    2.94   28.91    4.68   19.12   16.47   19.83   11.68    0.51    0.03    0.00    4.28   13.82    9.28   11.73    9.90    8.03    2.05    6.85    0.15    0.00    1.41    4.35   14.85    7.34    1.00    0.35    2.54    1.67    0.56    0.81    0.64    0.50    0.24    0.18    0.41    2.29
PSATJAG    -23.20  -46.03    0.30    0.26   13.25   18.29    4.45    2.35    0.50    0.00    0.02    3.27   23.75    2.94   14.43   32.38   12.15   10.83    0.14    0.00    0.00   13.03   14.37   12.89    7.20    4.43    2.99    2.06    7.54    0.24    0.00    0.31   10.80   20.57    2.04    0.49    0.27    2.08    0.82    0.70    1.74    0.52    0.49    0.09    0.43    0.27    1.56
PSATFUNI   -22.53  -44.57    0.42    0.32    9.38   26.34   10.80    2.17    0.69    0.00    0.44    2.56   20.41    6.77   18.51   21.60   15.80   10.52    0.18    0.00    0.00    5.23   11.10   11.87    5.08    4.08    9.12    1.70   11.34    0.08    0.01    4.32    4.90    9.48    2.61    0.67    0.27    1.93    0.82    0.88    0.69    0.31    0.56    0.26    0.33    0.61    3.79
PSATSACE   -22.48  -43.84    2.46    0.78    1.73   24.46   10.51    4.97    1.90    0.01    0.29    0.33   19.82    6.61   25.97   27.71   22.99    6.05    0.51    0.04    0.00    0.08   10.61   14.17    0.75    5.35    3.46    1.68    8.96    0.32    0.24   10.88    2.14    1.74    2.44    0.69    0.08    1.34    0.63    0.00    0.00    0.05    0.24    0.11    0.05    0.17    6.67
PSATPIC    -21.91  -43.54    1.57    0.45    1.28   28.55   21.35    1.27    0.41    0.08    0.42    1.07    8.18   19.45   21.79   37.70   32.17   11.37    0.29    0.00    0.00    0.00   10.56   10.77    0.24    0.84    1.62    4.15    4.52    0.06    0.55   11.51    2.44    1.04    1.28    0.64    0.03    0.46    0.67    0.06    0.00    0.03    0.21    0.03    0.00    0.34    6.32
PSATSOGI   -21.94  -43.36    1.57    0.96    1.90   30.44   23.58    3.39    1.42    0.33    0.53    3.59   17.59   30.22   21.38   35.95   47.24    7.10    0.17    0.00    0.00    0.01   12.37    8.27    0.36    0.19    6.63    3.91    6.90    0.02    0.67    5.69    3.23    0.58    1.36    0.73    0.11    0.44    1.45    0.24    0.08    0.11    0.18    0.03    0.12    0.63    3.36
PSATIPSI   -21.84  -42.58    1.39    0.87    1.58   19.56   10.45    1.90    0.83    0.24    0.33    0.76   26.69   18.26   33.15   47.43   37.41    7.58    0.46    0.02    0.01    0.02   14.66    5.88    0.29    0.36    6.94    3.05   11.54    0.04    0.29    4.58    3.33    0.81    2.23    1.56    0.32    0.48    0.97    0.16    0.26    0.21    0.21    0.09    0.13    0.37    3.46
PSATTCLJ   -22.69  -43.83    1.18    0.29   10.83   20.70    9.70    9.64    1.12    0.00    0.00    0.00   28.89    4.78   38.44   20.74   19.13    6.62    0.14    0.02    0.00    0.00    5.95    8.58    2.73    0.40    0.79    3.88   15.47    0.15    0.09    1.92    0.43    3.94    3.57    1.53    0.03    0.76    0.34    0.00    0.00    0.06    0.15    0.00    0.00    0.21    1.01
PSATBIGU   -25.51  -53.67    0.04    4.14   12.97   11.67    2.12    0.13    0.00    0.00    0.07   21.50    1.39   11.45   11.35   33.25   38.42    2.91    1.36    1.28   29.46   22.45    4.62   14.23    4.94    4.68    1.23   15.37    0.00    0.01    0.11    4.90   21.74    7.49   28.69   51.83    3.23    8.47   10.90    8.93   17.97   10.49   19.78    6.47    6.18    3.87    1.24
PSATBRAU   -21.45  -42.41    3.92    4.74    4.56   32.99   15.66    6.82    1.90    0.52    0.31    3.27   46.91   35.74   14.46   32.51   49.59   28.39    0.06    0.05    0.03    0.04   12.15    4.76    0.23    0.16    7.19    2.12    2.85    0.02    0.24    3.78    3.94    0.71    1.85    1.90    0.50    0.75    1.43    0.85    0.63    0.50    0.26    0.27    0.57    0.52    2.64
PSATSUIC   -20.08  -40.58   13.51    1.01    0.39   49.06   34.52    4.00    0.56    0.94    2.46    0.08    2.24   26.44   17.94    6.15   18.72   23.70    1.24    1.74    0.40    0.89    4.06    1.68    0.66    0.00    0.24    0.20   36.19    8.36    6.50    6.41    7.26    1.28    2.75    1.89    1.89    2.04    1.46    1.01    2.35    1.68    0.09    0.52    2.93    3.57    5.49
PSATJRI     -9.30  -64.70   20.63   12.21    7.21    9.98    9.13    8.07    6.11    4.27    3.92    5.91    7.29    4.49    6.61    2.48    3.74    2.31    1.60    2.52    4.85    7.71   19.74    7.81   22.34   24.11    8.08    9.55    6.73    0.96    1.50    3.17   24.41   14.30    0.87    2.28    4.24    0.78    0.97    6.14    8.82    8.08    9.62   10.99   11.19    9.09   19.35
PSATBENI   -14.59  -67.53   15.86   13.24   13.28   17.86   18.29    9.07    5.31    3.37    4.39   20.03   14.77    8.56   13.31    2.74    2.87    2.63    4.09    3.71    4.59   32.86   14.42    7.69    9.09   25.93    8.73    9.95    3.89    1.45    9.16   35.53   38.10    7.71   12.30   11.47    7.72    4.78    3.30    4.68    4.82    6.69    6.48   10.09    4.93    5.93   17.32
PSATEPB    -12.42  -64.42   15.76    6.15    3.98    8.16    6.13    2.57    3.28    2.79    1.22    8.38    6.70    3.23    3.43    1.20    1.93    1.96    0.83    1.63    2.14    8.86    6.38   11.40    7.44    3.38    0.70    3.22    2.18    0.96    1.22   12.21    5.54    0.50    0.58    0.28    0.08    0.30    4.78    9.66    6.11    5.40    6.15    6.75    7.11   15.59   11.11
PSATEGM    -10.79  -64.35   19.17   10.80    5.81   13.12    6.69    3.92    4.54    2.99    3.36   23.04   13.20    5.65    5.46    1.92    2.76    2.50    3.52    3.82    5.22   17.96    9.08    4.05   15.07   19.00    2.84    6.96    3.88    2.13    5.26   36.82   15.36    4.15    1.96    3.10    2.00    2.01    1.47    9.84    7.20    3.15    7.70    8.07    8.19   17.36   19.61
PSATSTOA    -8.79  -63.95    6.96    6.44    7.18    1.80    9.15    6.76    6.77    2.57    4.52   11.08    3.63    2.89    1.80    1.71    4.05    4.30    1.60    1.28    7.71    8.53   17.03    9.57   25.80   30.54    7.57    3.53    4.70    3.94    2.74    2.19    9.82   27.88   11.99   10.83   28.82   17.14    1.55   15.02    8.62    5.30    6.23   11.01    9.66    6.46   18.88
PSATENC     -9.90  -66.62   19.16   10.72    4.36    2.03   10.32    7.14    5.44    3.50    8.65    5.35    3.80    8.52    4.87    1.95    3.31    2.31    0.75    2.95    5.22   14.58   18.26    7.79   14.98   17.86   15.19    8.21   13.70    1.35    0.41    1.06    5.13   23.22    0.11    2.44    4.09    0.19    0.99    5.84    7.63    8.73    7.95    9.97   11.80    6.31   12.40
PSATAMY1   -11.71  -70.63   18.87   13.14   19.17   12.55   12.33    9.84   10.70    5.84    2.22    7.31    8.26    4.96    7.10    2.32    3.29    1.28    1.69    2.48    2.45    3.59    8.17   13.55   15.12   20.05   12.95    8.78    3.51    0.81    0.60    1.26   31.81   21.90    0.76    0.86    1.91    0.36    0.29    2.26    8.05   10.73   16.78   11.03    8.62    9.05   12.10
PSATAMY2   -12.37  -71.17   20.57   15.97   26.61   17.53   21.51   12.79   16.65    9.17    8.33   12.96   10.77   11.52    9.36    4.89    5.90    4.45    8.18    6.56    7.59    7.44   17.51   18.00   14.43   32.95   27.74   15.54    8.52    2.12    6.29    5.51   46.70   31.34    3.33    7.04    8.71    6.70    1.49    5.12    7.33   12.43   13.98   11.58   11.44   10.59   21.06
PSATAMY3   -13.75  -70.18   18.04   13.12   20.56   16.71    6.56   12.76   15.38    4.67    5.74   10.31    7.74   16.44    5.86    7.94    5.87    4.34   22.22    9.28   31.71   20.08   21.04   15.86   11.17   27.80   27.78    8.06    5.03    2.30   14.14   17.53   49.38   24.77   12.80   14.47   11.10    8.05    5.10    8.62    4.89    7.02   15.40   20.88   20.59   15.13   40.87
PSATAMY4   -13.45  -69.47   23.15    9.12   11.11   12.74    8.70    8.42    6.89    4.13    4.95    9.53    4.77    7.54    4.58    3.67    4.02    3.95   12.86    4.36   15.99   15.00   18.54   11.37   15.26   26.94   27.42   14.40    4.77    0.84   12.99   22.99   46.28   19.44    4.43   11.15   11.75    2.35    2.82    2.60    3.90    9.63   11.03   12.46    8.87    8.60   33.72
PSATJRN    -13.37  -59.01    0.48   13.53    5.29    4.87   23.13   17.19    5.62    3.74    1.22    2.49    9.76    5.09    3.13    3.86    4.26    3.67    1.33    1.52    2.07    8.67    6.16   11.04    4.14    0.37    0.69    0.14    5.26    1.16    3.19    2.64   12.79    0.96    5.39    1.94    0.78    0.70    1.48   20.49    5.43    3.60   11.78    5.16    2.53    7.61    4.14
