PSATAGV    -19.89  -50.35   23.12    4.22   11.21    3.53   13.39    1.71    0.73    0.12    0.28    0.01    0.57    2.38    7.77    0.62    3.07    3.10    6.40    4.63   14.38   22.70   16.74    5.08   11.39    4.58   11.29   47.27   20.44    4.69   11.54   26.28    9.59   16.81    7.67   11.71   26.00    2.07    2.29    0.81    3.41    5.16    3.08   15.57    9.92   12.88   23.74
PSATCMG    -21.28  -44.63   18.83   17.33   11.32    0.17    0.00    0.05    0.04    1.56    3.80    1.55    5.81   12.00   15.03    2.76    0.85    6.04    3.18   13.27   10.31    7.27    3.50    1.59    0.92    1.09    4.25   13.58   25.24   33.29    9.56   10.29   37.20   12.42   16.69   14.02   18.03   10.93    5.03    3.12   20.81   13.03   20.97   19.41   18.74   30.76   18.58
PSATCES    -20.25  -48.16   11.57    2.22   10.58    0.61    0.11    0.03    0.01    0.06    4.17    0.02    5.10    8.19   10.30    1.86    2.77    1.58    4.59   16.98   25.72   27.59   13.13   13.21    5.03    9.56    7.59   21.72   34.18    4.67    5.65   19.73   29.92   21.14   14.14   13.26   20.73    3.93    3.76    1.24    7.73    6.61    5.93   18.71    9.63   17.88   28.53
PSATELC    -21.60  -46.95   25.82    4.87   14.07    1.61    0.24    0.23    0.00    0.18    8.18    0.69    8.68    5.87   12.21    2.22    0.81    2.11    6.14   14.54   25.46   17.84    7.67    8.34    1.27   10.75    1.86    4.30   24.87   14.82    1.61   11.86   42.82   15.16    9.45   12.50   17.53    4.79    2.15    1.41    6.26    6.65    4.95   14.95   13.96   25.19   25.45
PSATFUN    -21.14  -45.04   15.26   15.00    7.90    0.07    0.00    0.00    0.00    0.82    0.84    0.17    7.66    9.54   15.53    2.88    0.68    2.60    2.19   18.64    9.49    6.77    5.39    1.94    0.45    0.41    0.19    6.30   17.72   34.84    9.85    7.89   26.81   17.21   24.78   15.46   26.53   12.23    4.06    2.62    9.17    6.97   19.27   13.33   17.43   18.12   14.75
PSATFUR    -20.67  -46.32   20.13   16.83   10.16    0.37    0.03    0.02    0.00    0.33    4.87    0.12    6.62   15.08    9.97    6.06    1.40    2.72    4.61   16.50   18.36   17.41    8.25    5.63    0.76    2.11    0.20   12.48   26.69   21.23    7.68    9.90   34.83   22.72   17.81   14.01   25.39   11.07    3.05    2.52    7.79    6.57   10.42   13.48   15.64   22.96   20.72
PSATMRB    -20.30  -49.18   17.46    2.56   13.30    0.99    2.22    0.20    0.08    0.03    2.63    0.03    2.94    4.66    8.07    1.15    4.37    2.30    8.60   15.22   20.17   26.70   14.27    7.45    5.56    8.49   11.06   29.32   33.42    4.15    9.16   23.20   23.78   18.39   12.10   11.68   23.12    2.36    2.98    0.97    4.11    5.70    4.13   18.12   10.38   14.05   19.32
PSATPRG    -21.59  -45.67   29.91   23.23    8.74    0.54    0.27    0.51    0.02    0.67    8.73    4.64   14.22   14.67   10.50    4.92    0.62    2.69    3.39   10.45   20.36   22.84    5.75    4.25    1.55   10.15    2.88    9.45   24.08   23.08    3.88   10.16   34.21   25.29   10.63   11.72   23.53    9.20    3.89    1.25    5.44    7.27    5.07    7.63   22.27   22.85   26.88
PSATPAS    -21.02  -48.18   30.59    1.15   15.38    2.94    6.84    6.09    0.17    0.44    6.76    1.78    9.37    7.39   12.83    0.87    0.96    1.10    8.42   16.08   17.48   28.75    9.06    6.14    4.03   10.71   10.95   15.64   29.04    8.79    2.95   14.09   28.80   21.04    9.11   11.51   24.38    2.33    2.83    1.30    4.64    6.20    1.43   14.99   21.54   22.17   22.73
PSATPTB    -21.61  -45.49   19.12   19.01    5.93    0.78    0.00    0.08    0.01    0.46    3.87    4.59   12.13   14.92   12.35    6.00    0.37    3.60    3.01   12.47    8.10   20.67    6.56    5.69    0.76    5.70    2.24    5.63   25.72   26.15    3.98   11.83   34.27   23.65   14.05   11.06   17.12    9.74    3.16    1.09    5.49    6.77    9.17   11.29   15.09   25.33   32.98
PSATPTC    -20.00  -48.55   18.45    4.88    9.83    0.30    0.01    0.00    0.01    0.01    2.88    0.00    1.61    4.27   10.14    3.71    3.69    1.34    6.08    8.62   21.06   21.82   12.75   12.95    6.14    3.49   11.45   20.49   25.37    4.43    7.63   14.26   16.85   18.93   10.47   13.44   34.76    6.86    4.66    2.36    7.55    7.24    6.62   14.48    9.59   24.58   30.44
PSATFZA    -26.00  -51.65    4.62   13.52    0.22    8.45   43.34    4.63    9.29   19.27    3.46    8.11   17.52   12.10    1.37    0.14    0.08    0.05    1.34   31.15   69.56   11.99    0.92    5.50   13.35   17.93   13.90    8.31    4.23    1.56    0.82    0.96    2.58    1.21    1.33    3.81    1.28    0.12    0.05    0.40    7.32    4.58    1.62    2.51    2.82    4.47    3.81
PSATJSG    -25.78  -52.00    2.88   10.20    0.43   11.28   51.84    9.32    6.62   14.73    2.19    8.89   20.08   17.05    0.42    0.04    0.02    0.01    1.71   59.92   45.74    5.11    0.70    2.35    6.38   15.20   13.03    5.13    3.33    0.93    0.85    0.99    1.76    1.59    1.25    2.73    1.22    0.04    0.21    0.66    7.23    3.40    1.19    2.61    2.28    6.33    4.94
PSATSCX    -25.53  -53.48    1.82    6.72    0.38   17.54   67.56   26.35    6.98   16.18    2.55    4.55   19.77   13.10    0.27    0.01    0.00    0.06    3.41   79.94   12.50    1.25    0.58    0.66    2.92    8.84   11.76    3.95    3.01    0.72    0.89    0.96    2.00    1.72    0.77    2.02    0.60    0.19    0.27    0.73    3.30    5.15    1.39    2.66    1.54    8.89    7.82
PSATSCL    -25.49  -51.74    6.81    6.28    0.16   12.67   60.26    6.67   14.45   15.90    1.59    6.14   19.86    7.95    0.78    0.03    0.01    0.04    2.53   31.69   37.70    1.56    0.77    7.13    7.98   17.78   11.63    9.06    1.35    1.42    1.30    1.64    4.55    1.80    1.58    4.06    0.63    0.00    0.08    0.08    5.97    2.20    1.59    2.20    5.13    1.68    4.21
PSATUVT    -26.23  -51.08    2.06    6.67    0.14   10.68   20.46    4.72   19.49   20.27    1.55    6.15   16.76   21.78    1.58    0.86    0.78    0.24    2.29   17.51   51.42    4.37    0.92    3.03    7.25   12.65   13.33    6.53    6.19    2.94    0.63    0.78    2.50    3.28    3.48    9.19    3.67    0.57    0.07    0.59    4.03    6.58    1.56    3.86    7.81    5.62    8.77
PSATBSM    -24.19  -53.74    4.31    4.39    0.16   14.69   50.94   28.98    8.93   15.56    0.95    2.10   17.24   17.34    0.57    0.05    0.00    0.35    3.74   45.95    5.26    0.43    0.36    1.24    3.63    6.65    3.68    2.21    0.84    0.79    0.83    1.61    3.67    1.10    1.47    2.08    0.16    0.57    0.27    0.28    0.91    3.76    2.75    5.01   10.58    3.31    4.15
PSATFLE    -22.97  -54.56   11.57    0.61    0.17   15.13   17.72   11.25   11.88    9.82    1.22    0.92   13.73   24.16    0.25    0.02    0.01    0.30    6.09   54.89    0.28    0.00    0.00    0.06    0.75    0.95    2.38    2.01    1.18    0.51    0.56    2.47    1.94    1.14    0.60    3.07    0.00    0.03    0.58    0.28    0.64    1.51   11.40   20.70   15.54    1.42    0.56
PSATITP    -25.42  -54.58    8.65    5.85    2.97   10.95   36.35   25.34    7.94   10.93    1.10    0.88   13.98   24.48    0.45    0.20    0.00    0.50    4.81   69.38    5.60    0.01    0.02    0.34    1.52    3.07    4.23    2.47    1.06    0.38    0.75    2.85    2.64    1.01    0.52    1.62    0.03    0.26    0.48    0.08    0.48    1.54    4.41   11.38    8.02    2.81    1.51
PSATIVM    -22.38  -53.53    9.09    1.20    2.91    7.39   15.34    4.78    9.20   11.99    3.70    1.58    8.58   17.44    5.84    0.22    0.04    1.33    2.20   27.63    6.43    0.00    0.00    0.16    0.73    0.75    1.43    1.10    0.70    0.49    2.04    6.31    2.19    3.06    3.38    6.13    0.24    0.03    0.37    0.16    0.59    2.85   13.37   17.25   18.30    5.78    0.39
PSATPTQ    -23.18  -53.17    5.79    1.71    0.91   15.19   40.35   21.01    5.06   11.85    1.16    1.72   15.21   14.17    2.33    0.13    0.01    0.36    3.54   38.20   13.92    0.72    0.47    2.26    8.99    6.16   10.25   10.39    0.71    0.67    0.79    2.74    5.63    1.45    1.91    3.01    0.49    0.57    0.17    0.12    0.56    1.83    3.50    7.77   44.48    3.42    2.25
PSATCBI    -17.99  -48.54    2.52   20.32    9.03    0.50    0.00    0.01    0.25    0.01    0.00    0.00    0.00    0.04    0.34   12.05    5.92    0.73    7.40    7.74   10.80   14.70   32.40    8.02    1.29    0.70    3.51   11.49   15.57   15.87    9.14    8.12    6.04    6.06   15.09   18.52   15.66   25.20   12.33    6.71    8.89   10.97    5.65    9.71   22.84   12.68    8.60
PSATCBIV   -16.15  -48.67    6.29   24.00   10.75    0.50    0.01    0.03    1.50    0.00    0.00    0.00    0.00    0.00    0.68   17.44    7.08    2.12    6.45   15.00    7.73   14.52   37.82    9.55    1.29    0.72    1.93   10.70    5.78    6.34    4.44    4.12    3.16    4.67   17.13   14.02   11.73    9.99   12.53    7.33    7.10    5.56    4.94    6.56   25.91    7.44    7.39
PSATEMB    -18.45  -47.98    4.93   15.72    7.13    0.06    0.01    0.00    0.03    0.03    0.00    0.00    0.00    0.03   10.77   12.48    3.73    0.85    3.66    2.74   16.64   36.31   11.01    4.95    2.14    0.86    0.50   13.21   37.85   18.24    9.08   25.01   10.90   11.73   16.62   11.95   41.92   54.60   11.81    4.76    9.81   13.31   12.13    6.42   14.95   16.80   23.41
PSATIMBR   -18.42  -49.10    8.16   12.04    7.68    0.64    0.03    0.00    0.10    0.05    0.03    0.00    0.00    0.98    5.08    7.81    6.87    0.75    9.28    2.73   17.67   18.63   26.17    5.48    4.75    1.77    2.99   12.09   18.35   16.17    9.34   14.98    8.16    9.93   15.09   14.70   38.85   34.16    9.04    4.76    8.51   10.35    9.23    8.75   14.43   20.34   23.31
PSATNPTE   -19.13  -47.70   15.24    8.31   11.78    0.24    0.00    0.00    0.07    0.03    0.27    0.00    0.01    1.55    5.15    9.93    3.80    2.42    5.06    4.80   16.50   22.77    8.92    6.69    2.60    2.34    4.67   19.58   27.32    4.86   10.70   14.38    6.32    9.50   16.52   13.57   38.03   27.81    5.36    2.94   11.87    9.19   16.91    8.46   12.66   21.02   24.57
PSATARV    -18.07  -50.16   10.04   20.28   14.48    1.20    0.42    0.21    1.21    0.03    0.00    0.00    0.00    0.03    1.20    9.21   11.70    6.95    5.44    7.07    7.93   13.60   31.10    8.68   12.93    6.22    9.87   20.34   18.33   12.97    9.75   11.81   10.76    9.97   16.26   12.83   32.16   23.87    8.02    3.65    5.49    8.84    9.78   10.81   12.33   12.45   10.01
PSATSFC    -18.05  -47.68    6.42   24.63    6.76    0.17    0.01    0.02    0.01    0.01    0.00    0.00    0.00    0.00    2.66   14.89    2.90    0.23    5.04    3.77   16.23   31.49   15.45    4.89    0.76    0.43    4.37    7.14   24.32   21.03    4.91   18.33    5.25   17.09   19.83   15.86   17.65   25.86   14.32    7.62    9.14   11.54    9.94   11.94   26.23   17.72   13.54
PSATSSM    -19.02  -50.50   16.48    8.62   10.35    1.16    0.79    0.01    0.37    0.03    0.06    0.00    0.00    4.11    4.73    4.49   11.31    2.74    5.27    4.01   14.29   16.56   24.14    4.21   16.86    3.88    7.06   27.91   15.83   14.76   18.11   14.84   12.39   12.94   14.65   12.77   32.16   11.48    7.62    3.53    7.82    6.10   10.05   10.93   12.68   14.82   18.63
PSATCNI    -22.94  -50.52   23.90    0.22    1.85   22.46   16.90   19.19    1.59    4.18    3.04    7.33   13.66    5.39    7.25    0.01    0.20    0.71    9.08    8.58   32.17    5.16    6.51    9.28    9.61    2.04    3.23   17.55   19.41    1.69    1.53    4.96   19.17    3.96    5.07    5.95    2.35    0.60    0.51    0.02    0.04    0.07    0.33    7.27   20.94   43.59   14.03
PSATCPV    -22.65  -51.33   10.64    0.20    0.90   25.48   27.38   19.26    6.04    7.85    0.72    2.74   15.66    7.78    4.58    0.04    0.10    0.97    5.69   15.51   20.50    3.77    1.77    8.45    6.29    1.78    7.84   19.07    4.01    0.92    0.75    3.47   14.95    3.37    3.50    4.73    2.07    0.87    0.17    0.06    0.04    1.04    1.06    6.72   30.15   63.45    6.00
PSATCHT    -23.01  -49.73    8.26    0.13    0.38   28.98   21.35   13.07    3.26    4.23    0.51    5.34   11.42   15.13    3.56    0.05    0.15    0.70    7.51    7.79   26.56    7.69    3.86    8.80    3.09    2.33    6.12   15.05    4.35    2.35    1.05    1.50   15.95    2.80    4.41    5.36    2.02    0.92    0.02    0.00    0.01    1.20    1.27    3.63   25.70   41.50    6.54
PSATJUR    -23.22  -49.23   13.77    0.58    0.89   18.12   17.61   24.08    6.63    0.76    0.68    6.45   16.20   10.46    4.13    0.43    0.26    0.88    3.66    6.97   31.96   31.13   10.51    7.53    5.30    7.28   10.11   16.64   17.47    5.74    1.42    2.23   22.94    4.40    6.08    5.57    3.35    1.53    0.12    0.00    0.01    0.51    1.80    6.59   21.83   66.25   16.57
PSATMAU    -24.06  -50.71    2.38    0.20    0.11   14.03   31.90    6.34    6.42   11.65    2.16    5.90   18.75   11.27    5.13    0.09    0.06    0.39    1.43   13.16   20.88    4.00    0.94    1.80    4.36    8.48   14.22   14.33    1.95    0.97    0.80    1.10    6.97    1.84    3.24    3.23    1.33    0.48    0.07    0.07    0.39    4.41    3.24    4.82   18.77   17.91    5.39
PSATROS    -22.50  -52.87    9.49    1.57    1.58   16.33   32.72   14.74    4.16   10.69    0.37    0.77   10.44   16.79    4.54    0.11    0.01    0.94    4.19   31.59   21.76    0.38    0.31    2.64   10.12    3.56   14.15   16.69    0.85    0.49    0.92    5.63    6.81    2.16    2.38    3.77    1.35    0.78    0.34    0.10    0.02    0.51    0.94   11.29   47.19   13.91    2.63
PSATQMD    -16.21  -47.33    4.10   20.53    1.87    0.32    0.00    0.03    0.00    0.00    0.00    0.00    0.00    0.00    0.75   15.32    1.52    0.32    7.93    4.48    6.95   19.85   10.40    3.80    0.21    0.79    2.21    2.29    9.84   17.52    3.06    7.19    5.46   13.77   23.07   25.85    6.67    5.28    7.95    4.27    4.17    3.89    8.88   19.61   17.18   15.43    8.19
PSATRBX    -18.95  -44.76   12.36   12.77    0.61    0.00    0.00    0.00    0.02    0.09    0.01    0.00    0.09    2.20   21.41    8.97    2.29    3.35    1.44    8.62   12.08   13.13    5.34    0.95    0.62    0.03    0.01    6.03    8.87   31.22   30.84    7.76   24.55   23.80   28.47   21.04   50.57   46.04   16.90    9.06   11.78   18.51   18.69   15.45   12.66   17.57   13.71
PSATSFR    -15.93  -44.86   12.10   15.17    0.82    0.10    0.00    0.00    0.00    0.00    0.00    0.00    0.00    0.00    0.19   19.05    2.25    0.29    0.49    5.64   12.16   33.79   10.40    3.22    0.33    0.74    0.52    6.61   11.69   17.70    2.84   17.82    7.05    8.17   19.14   18.95   12.14   13.19   12.33    6.76   12.75    6.35   19.62   10.26   20.13   18.20   13.82
PSATSRM    -16.37  -45.07   13.86   18.86    1.55    0.01    0.00    0.00    0.00    0.02    0.02    0.00    0.00    0.03   10.72   11.13    2.02    1.80    1.02    5.31   10.68   17.36    6.34    4.20    0.34    0.51    0.69   10.93   15.78   24.21   16.49   11.49   12.25   14.94   24.07   22.12   50.20   39.02   21.43   11.61   13.43   11.49   12.90    9.31   21.90   18.66   15.43
PSATTMR    -18.16  -45.27   14.32   15.50    7.07    0.05    0.00    0.00    0.00    0.02    0.17    0.00    0.11    1.31   13.85    9.33    1.41    3.84    2.40   12.37   15.17   22.53    8.30    6.23    0.55    0.30    0.21   15.15   23.56   26.70   26.04   11.49   21.99   21.37   25.45   16.85   54.28   38.15    9.62    6.84   14.01   13.09   18.67   12.75   15.11   21.42   22.64
PSATBOQ    -11.35  -43.83    2.39    1.84    0.77    0.08    0.02    0.41    0.53    0.23    0.00    0.00    0.00    0.01    0.02    1.91   16.38    0.75    0.64    7.58    7.02   11.73    3.66    0.77    0.23    0.32    1.19    0.60    0.67    4.95    3.05    8.11    2.41   12.87   12.94    5.59    8.70    9.15   11.30    5.17    2.41    0.15    1.17    9.62    9.99    6.60    4.30
PSATBBO    -22.52  -48.55   40.94    1.32    3.94    7.51    9.31   24.20    2.27    1.62    5.40    4.60    9.89   13.30    5.80    0.25    0.33    1.04    4.56   10.17   15.14   20.66   13.99    6.82    3.47    8.42   10.79   23.79   27.50    9.90    2.88    7.78   20.05   14.28    7.15    8.42    6.41    3.42    1.30    0.93    2.16    2.64    0.74   11.14   27.18   28.67   18.89
PSATESZ    -23.46  -46.91   37.60    8.68    0.64    1.64    9.31   10.04    2.00    2.62    1.66    4.41    8.13   27.40   10.58    1.43    0.34    1.20    2.97    3.32    8.90   30.50    6.81    9.48    2.72    7.63   13.96   21.40   19.06   21.30    7.42    6.66   20.06   12.47    8.07   10.55    6.58    6.75    1.34    0.63    1.55    2.69    1.48   13.01   36.33   50.49   13.77
PSATIBT    -21.76  -48.99   30.32    0.17    9.78   12.39    7.65   18.54    0.95    2.43    5.60    1.77    8.95    5.92    7.66    0.14    0.28    0.89    9.99    6.40   19.80    7.23   14.55    3.99   10.80    5.19    9.41   32.22   45.67    1.99    2.91   14.06   18.85   17.65    7.57    9.54    7.83    0.81    1.24    0.39    1.74    0.95    0.43   13.05   22.06   28.11   27.81
PSATNAV    -21.12  -50.20   20.81    0.54   14.36    9.00   14.56    5.33    0.92    2.43    2.28    0.09    4.70    5.07    8.71    0.07    0.80    2.83    6.69    8.19   17.65    8.82   11.87   11.29    9.42    5.72   10.42   45.71   18.71    2.15    4.70   23.00   13.31   22.86    7.57   11.36   13.09    0.72    0.56    0.18    1.42    1.02    1.37   20.03   21.46   18.76   30.26
PSATSME    -13.40  -48.30    3.76   15.81    4.93    0.91    0.07    0.13    2.99    0.08    0.00    0.01    0.00    0.00    0.45    7.01    7.65    4.68    1.10   12.29   10.88   17.94   39.26    2.81    3.61    2.07    1.97   11.12    9.93    7.94   10.94    7.80    6.44    7.35   19.34   14.03   11.96   20.23   16.14    5.31    6.62    4.82    8.58    8.27   22.56   19.12   11.89
PSATBGR    -27.78  -51.20    1.90   13.75    4.71   14.75   10.79   27.39    8.41    1.90    1.31   14.17   13.55   10.35    0.27    0.12    0.11    0.12    2.30   38.53   23.96    0.58    3.85    0.96    9.47   40.10   18.93   10.88    6.23    1.82    0.31    1.06    2.97    3.50    7.59    9.61    2.08    0.31    0.13    0.95    4.88    1.09    1.04    3.94   10.36   14.10   13.65
PSATCNV    -27.60  -51.33    1.62   14.80    2.49    5.93   10.84   14.09   10.28    3.50    3.04   11.47   12.37   18.20    1.00    0.39    0.40    0.22    0.84   47.06   55.49    4.54    3.84    1.76   14.01   29.48   14.33    6.09    3.73    2.45    0.31    1.17    3.13    5.27    4.72   15.45    4.37    0.37    0.10    1.42    6.55    1.45    2.00    2.02    8.83    5.65   10.45
PSATFCH    -27.14  -53.04    5.96   31.04    0.87   15.84   40.37   21.13    7.79    5.21    6.09   19.58   25.67    5.41    0.03    0.00    0.00    0.00    0.74   46.52    3.55    0.04    0.79    0.04    0.80   11.76   12.05    2.94    0.76    0.26    0.56    3.14    2.97    2.06    3.15    1.11    1.86    0.02    0.32    0.69    4.82    0.40    0.53    2.81    2.00   15.93    4.96
PSATITA    -27.27  -52.38    4.08   21.86    0.86   11.10   16.48   21.59    9.83    9.47    6.97   18.09   21.85    8.74    0.39    0.04    0.04    0.02    0.97   44.59   23.32    4.23    2.07    3.26    8.07   17.45    9.31    6.98    4.56    0.80    0.23    2.74    2.19    2.83    4.15    3.77    1.50    0.06    0.17    1.04    8.28    1.32    1.17    2.18    6.32    9.66    7.92
PSATMCD    -27.52  -51.78    1.02   27.56    5.71   13.54    7.03   34.92    6.92    2.00    6.44   22.93   28.03    1.14    0.01    0.00    0.00    0.00    1.00   36.87    3.41    0.58    1.54    0.32    3.09    8.53    1.16    8.02    2.98    0.36    0.01    2.27    2.06    1.77   11.58    2.08    1.05    0.00    0.27    0.47    4.47    0.66    0.81    2.40    3.85   17.12   21.70
PSATMOJ    -27.35  -52.73    1.60   24.39    0.91   20.48   24.77   27.84    6.92    0.36   11.70   20.72   21.77    0.77    0.00    0.00    0.00    0.00    4.91   35.68    0.27    0.14    0.49    0.14    2.27    6.99    3.37    3.39    0.74    0.08    0.18    7.45    3.15    2.10    2.56    1.05    1.37    0.06    0.32    0.24    5.17    0.53    0.69    1.71    3.16   17.97    5.87
PSATQQX    -26.66  -52.54    5.99   15.85    0.36   13.85   34.75   28.48    6.84   17.25    5.51   11.58   24.60   11.49    0.23    0.01    0.02    0.00    0.92   68.55   14.65    4.68    0.74    0.79    5.84   12.83   14.47    9.81    7.63    1.14    0.74    2.07    1.70    3.07    1.88    5.92    1.66    0.11    0.40    1.80   12.91    2.33    1.86    4.18    6.04   11.95    7.77
PSATPSJ    -28.14  -55.05    0.18    5.23    2.73   19.01   13.97    5.91    4.35    1.68    2.00   22.81   36.60    0.15    0.00    0.00    0.00    0.00   19.06   15.60    0.00    0.00    0.29    0.31    0.98    3.10    0.93    0.77    0.23    0.27    0.69   15.90    0.93    0.32    1.99    0.65    0.05    0.01    0.05    0.02    0.95    0.21    0.33    1.76    1.82    2.52    1.17
PSATESP    -18.68  -51.87    8.29   20.08   12.02    4.07    0.73    0.52    1.30    1.42    0.03    0.00    0.01    0.00    6.36    3.85    6.29    2.12    4.71   10.89    3.22    8.77    1.62    5.69    8.16    9.69   32.07   25.34    4.71    6.07    4.70    5.92    5.60    8.93    7.92    4.88   18.98    1.95    1.25    0.21    7.20    7.57   14.19    4.00   10.19   16.88   65.92
PSATSRC    -19.16  -50.76   13.72   21.52   10.95    1.83    2.06    0.51    1.71    0.46    0.10    0.00    0.00    1.25    6.74    5.76    7.23    3.94    6.23   10.99    4.08   10.88    8.97   15.98   18.14   14.64   39.69   15.53   10.72    9.32   11.76   10.41    9.74    9.96    7.06    5.74   28.05    2.21    2.91    0.58    6.50    4.59   15.30    6.11   12.90   12.88   44.25
PSATFRCL   -19.12  -50.64   12.53   20.23    8.14    1.91    2.18    0.68    2.76    0.47    0.09    0.00    0.00    1.22    5.07    3.91    9.45    3.21    8.05    7.78    5.87   16.30   17.22   17.46   17.93   16.80   32.73   22.31   14.38    8.27   15.28   11.75   11.92   13.90   10.64    6.63   31.39    2.88    5.96    1.12    4.95    6.01   13.08    6.58   12.01   12.29   30.35
PSATISOT   -20.40  -51.35   32.31    7.69   14.24    5.91   10.18    2.08    1.28    1.11    1.16    0.01    0.86    6.09    9.85    1.97    4.19    4.48    8.23    9.99   13.24    6.38    8.60   22.07   13.60    6.29   32.61   40.70    6.92    7.40   17.64   17.82   16.43   11.63    5.78   12.33   18.49    1.26    1.94    0.84    3.21    2.37    7.19   17.30   16.89   15.78   31.07
PSATJUP    -20.86  -51.63   18.65   13.32   20.79    5.95    4.78    2.48    2.30    0.81    1.32    0.02    1.02    8.48   11.97    2.65    4.35    2.20    8.02   14.27   10.97    1.10    0.73    9.44   21.42   14.51   17.08   11.94    6.45    8.72   14.44   11.67   15.32    6.07    5.30    9.53   16.70    0.74    0.79    0.37    2.42    2.80   11.45   14.10   19.76   20.54   45.06
PSATSDG    -20.06  -53.18   14.71   12.67   23.81    6.01    2.41    3.25    2.03    0.39    1.18    0.06    0.08    6.37   11.37    3.28    1.68    1.21    3.19   10.51   15.39    0.27    0.10    3.85    3.16    8.07    1.64    7.71    3.92    8.43    9.78    6.63   13.71    8.41    8.98    6.74   10.94    0.68    0.26    0.15    1.77    3.51    9.80   11.63   15.58   20.20   28.55
PSATFZBT   -21.66  -52.87   15.38    8.25   16.01   11.78   15.21    5.89    3.54    4.69    0.86    1.07    5.04   14.30   12.99    1.83    0.65    1.45    2.32   17.65   20.08    0.01    0.03    1.13    2.60    1.80    1.35    1.89    1.14    1.75   13.63   13.43    8.26    4.71    3.68    7.51    4.25    0.07    0.36    0.32    0.34    2.54    9.27   12.71   20.71   18.94    8.18
PSATPPRA   -22.46  -52.91   22.07    6.85   15.63   11.15   20.49   14.48    2.14    5.61    1.39    0.49    7.15   13.69    7.02    0.29    0.34    1.57    5.11   15.93   12.91    0.43    1.37    7.80    9.56   10.75   24.17   23.82    3.62    1.74    5.38   12.49   17.73    3.41    4.86    8.90    3.20    0.59    0.61    0.18    0.28    0.17    2.51   13.75   19.84   14.29   15.57
PSATBTE    -13.69  -50.80    9.57   16.27    9.40    1.65    1.56    4.72    4.83    1.32    0.01    0.08    0.00    0.00    0.68    4.37    7.42    4.71    6.26    4.84   13.00   18.97   18.56   19.79    5.87    3.13   14.50   27.68   15.30   13.14   11.61   13.02   10.02   12.97   16.21   14.17   21.60   31.10   11.32    3.72    5.55    9.31    5.41   11.81   16.97   19.19   19.48
PSATARAG    -8.27  -49.26   10.22   15.65    9.10    1.54    3.76    6.90    9.39    5.34    0.33    0.55    0.03    0.23    1.96    4.14    8.11    8.28    5.84    6.06    9.21   15.23   25.97    6.92    2.08    6.58    2.53   13.31    9.17   14.89    8.15   13.30    7.17    9.59   12.73   16.33   15.48   22.94   12.56    5.16    7.95   11.00    3.92   14.19   22.88   24.24   12.92
PSATLAJ     -9.76  -48.37   12.20    8.47    3.58    0.63    0.96    1.02    2.15    0.84    0.77    0.11    0.01    0.07    0.77    7.32    6.53    2.96    1.63   14.50    7.94   29.69   18.95    1.93    0.48    1.59    1.68    7.61    9.90   15.42    4.77    9.30    5.72   10.85   12.27   12.31   17.20   22.53    9.18    7.15    7.77    4.72    3.64   11.30   18.41   17.19    8.60
PSATPTRL    -9.31  -47.39   10.53    8.66    4.45    0.67    1.95    0.08    2.07    1.00    2.19    0.13    0.00    1.03    0.61    6.89   12.65    9.91    7.58   21.48    2.76   26.48   11.26    0.24    0.25    3.04    3.64    2.54    4.00   13.23    7.64    4.39    3.76   12.73   10.16   15.88    4.81   12.26    8.99    8.01    6.81    3.31    4.20    5.20   12.83   19.87    7.30
PSATLJET    -7.33  -47.48    8.74    4.82    8.89    4.46    0.53    1.30   11.44    1.62    0.98    0.20    0.47    1.95    3.07    8.15    5.17   11.40   15.24    4.84    4.09   15.63    7.79    0.34    0.62    3.32    5.13    3.63    7.81   10.44    9.05    5.68    3.83   11.89   14.27   13.53    4.07    6.01    9.45    5.07    7.68    4.95    3.62    7.01   23.66   20.58   10.83
PSATUCR     -3.83  -49.65   13.83    8.42   15.95    7.09    0.33    2.05    6.73    4.62    3.82    0.43    1.57    1.49    1.46    7.30    5.99   10.67   14.79    5.80    3.92   13.59    4.21    7.10    1.89   12.97    6.26   17.88   23.32   13.40   12.19   10.83    5.76    8.15   12.21   11.41   12.05    5.72    9.87    5.75    4.40    7.09    8.98   10.97    6.93   14.13   15.28
PSATXIVJ   -29.07  -51.67    0.29    6.39    4.42   28.61   14.40   81.94    3.29    1.02    3.20   22.56   15.24    1.14    0.07    0.00    0.00    0.02    4.23   39.95    1.63    0.04    0.94    1.19    5.11    4.89    1.50    9.06    3.11    0.54    0.00    1.86    3.69    1.71   13.99    3.05    1.51    0.03    0.08    0.15    2.26    0.21    0.18    1.46    4.29   20.74   14.24
PSATDFRC   -29.45  -53.28    0.10    0.50    1.43   14.72    0.59    2.96    0.81    0.01    0.31   32.44   34.17    0.69    0.16    0.00    0.07    0.00   10.24   17.77    0.03    0.00    0.45    0.56    1.96    3.16    0.75    0.88    0.83    0.34    0.12   14.55    2.27    0.31    5.64    1.88    0.53    0.03    0.03    0.00    1.44    0.44    0.14    2.53    3.89    4.39    3.62
PSATREAL   -29.02  -53.19    0.14    7.61    2.62   28.44   11.16   12.50    4.71    0.13    1.20   28.71   26.57    0.56    0.02    0.00    0.00    0.00   18.29   24.59    0.02    0.00    0.69    0.39    2.69    3.72    1.68    1.57    0.74    0.29    0.14   10.78    2.17    0.51    3.70    1.23    0.27    0.00    0.06    0.07    1.81    0.23    0.23    1.29    3.83   10.31    1.77
PSATCTAV   -29.01  -51.39    0.41    2.98    0.26   23.00   20.48   47.14    2.19    0.70    1.81   20.13   21.30    6.11    1.23    0.05    0.00    0.01    2.90   53.59    5.04    0.45    6.96    3.78   10.67   15.51   21.74    3.56    4.48    1.79    0.19    1.17    5.04    4.01   11.75    4.89    3.03    0.43    0.18    1.60    2.24    1.59    0.47    2.22    8.44   15.70   16.17
PSATERNT   -28.56  -52.54    0.83   29.29    4.29   28.19   11.90   25.81    6.03    0.21    3.40   23.33   23.76    0.39    0.00    0.00    0.00    0.00    8.95   30.45    0.60    0.18    0.85    0.40    2.82    3.93    1.15    6.33    2.75    0.21    0.05    4.81    2.20    1.59    3.79    0.93    1.08    0.00    0.12    0.12    3.08    0.50    0.55    1.86    2.76   20.43   10.31
PSATSTPL   -27.14  -49.52    1.99   11.29    1.11    4.64   20.09    8.55   15.58    3.39    1.60    2.73   20.01   35.78    0.99    0.82    1.32    0.79    1.17   33.78   83.76    3.77    1.51    2.68   13.02   22.88   21.62   11.48    4.29    3.85    0.39    0.61    3.40    7.69    3.71   29.41    4.88    1.19    0.08    2.39    4.45    2.40    2.45    0.68    9.03    7.77   25.10
PSATCVCH   -25.14  -48.87    2.66    0.65    0.23   16.12   24.42    7.80   10.96    4.16    1.13    1.27   28.69   22.51    1.43    1.51    0.89    0.17    2.29    8.58   70.27    4.07    1.33    1.36    8.97    6.47   13.32   10.21    3.16    2.15    2.23    1.28    6.39    3.94   11.40    9.80    8.18    0.49    0.06    0.12    0.55    2.53    1.25    4.46   13.28   16.82   12.76
PSATAMY    -12.60  -69.12   12.44   15.96    9.81   34.09   15.71    7.13    4.16    7.50   10.86   10.35   11.51    9.61    9.41    6.88    5.84    4.40   11.38    8.65   24.54    7.11    4.77   10.18   11.81   10.99   10.02    3.32    6.92    7.09   25.66   22.02   18.93   17.20   17.81   18.67   20.44   20.87    8.03    4.27    3.47   13.18    6.05    7.06   14.48   17.27    8.12
PSATGJR    -10.73  -65.35   23.21    5.12    8.71    8.96   10.80    3.59    3.82    3.48    3.79    2.21    1.14    5.28   14.71    3.05    3.11    3.42    4.46   20.86   13.40    1.01    3.24    4.23    9.23   13.70   10.55   12.98   16.14   14.55   32.00   20.00   13.14   15.48   23.61   19.13   13.44    6.07   10.28    8.24    7.39   12.25    4.73    9.44   21.58   22.39   24.93
PSATPRNC   -12.43  -64.43    9.52    9.54   10.14    7.23   10.81    5.58    8.11    5.59    2.08    4.43    1.38    1.07   10.64    4.47    3.39   10.39    4.39   12.44   13.42    1.13    5.90    7.06    8.89    6.30    9.96   14.08   10.61    7.12   12.99   13.92   12.43   12.02    8.10   10.33   11.16   10.81    5.79    6.96    7.06   16.81    7.61    6.93   13.60   12.95   25.84
PSATSANT    -8.87  -63.97    6.07   14.01    9.92    9.49    9.90   13.30   14.96    6.47   11.86   10.66    2.19    2.02    3.85    7.93   19.20    1.22    2.35    1.82   10.67   13.32   12.32   19.04   24.66   18.36   36.91    7.81    8.22    1.60    5.23    5.10    7.92   19.55    8.03   15.64    4.54   10.98    9.02    7.66    8.15   13.59   20.18    3.19   14.74   13.08    7.54
PSATDARD   -10.16  -59.46    0.25   18.42   23.91    9.82   15.19    4.74   20.49   11.14    4.70    7.58    1.32    2.08    1.96    6.18    5.40   10.01    9.82    7.08    6.37   18.36   11.86   20.32   21.79   20.47    4.62    2.94    8.05    4.14    3.92   10.24   13.67   16.81   12.20   12.97    8.80   16.21    8.57   19.18   10.79    8.87   12.90    4.13    9.09    9.43   13.66
PSATGUAP   -15.12  -58.96    9.55    9.61    5.33   16.21    4.61    7.39   24.44    1.85    0.66    0.84    1.05    0.79    4.52    5.96    8.34   11.83   10.94    4.29   21.33    0.72    0.00    0.02    2.27    0.15    5.29   10.12    7.66    7.23   10.24   11.12    8.99    8.18    2.21    2.93    6.68   14.37   14.22   21.51    3.27   19.23   15.78    5.07   12.66   10.10    8.48
PSATJIRA    -9.25  -64.65   14.41   11.10    6.93   10.66    9.63    6.77    3.76    5.34   10.14    6.25    5.47    4.56   10.14    6.53    4.06    2.77    3.83    8.50   22.14    3.64    8.10    7.12   16.28   13.73    9.50    7.54    7.61   10.92   16.14   15.86   11.82    9.70   15.01   17.36   10.99   10.56    8.38    7.53    5.57   15.46    7.39    6.12   11.63   16.76   10.29
PSATROND   -11.99  -60.70    0.10    4.97    7.42    8.25   10.65    8.19    5.46    7.65    0.75    5.80    6.09    0.27    7.42    5.02    4.94    6.77    8.80    5.87   12.18    8.68   11.09   11.67   19.62   11.25    8.41    3.57    6.04    6.79    4.65   11.83    4.09    4.82    5.98   10.53   16.48   20.75    8.33   11.47   17.43   11.57    5.83    6.56   22.71   16.11   21.27
PSATSAMU    -8.75  -63.45    1.12   14.03   10.19    8.03    8.85   10.02   16.57    6.99   13.61   10.91    1.92    1.65    8.31    5.02    8.20    4.49    3.75    1.21    4.81   17.22   17.17   20.77   37.47   23.09   22.43    6.68    5.66    3.43    1.69    3.71    7.48   14.28    6.88   10.52    7.60   15.16   10.54    8.75   12.45    8.96   15.86    3.64   11.27   11.88   12.44
PSATBALB    -1.92  -59.47   24.61   13.13    8.12   11.66   13.69   19.48   34.90    9.66    7.92    6.68    4.67    2.67    5.25    5.93   12.59    4.57    2.96   12.33    1.15   16.29    6.65   13.93   14.11   22.19   12.86   13.10   15.16   13.24   17.27   11.81    5.91    6.42   11.67   10.07    1.81    2.97    7.16    7.97   19.33   12.78   23.49    0.91    0.00    0.10    0.05
PSATCUNA    -2.82  -54.30    6.38   19.41   21.98   24.01   15.05    2.44    7.28   10.40    8.39   13.11   12.63    3.86    1.14    1.37    4.33    8.22    9.50    3.80    1.03    4.90   11.51    5.98    4.63    6.31   17.40   16.04   24.27   10.01    8.99    9.66    6.18    4.67    4.74    5.96    9.74    6.09    8.78    3.25    9.07   26.46   16.80    6.66   17.66   13.25   17.61
PSATJARI    -0.65  -52.52    8.52   12.14   15.34   10.76    8.90    7.94    2.25    3.68    4.74    1.05    0.65    1.36    1.58    2.12    4.10    2.85    4.13    3.62    2.43    2.55    2.87    3.65    6.89    8.24    9.30    6.12   11.82    9.68    5.15    8.06    6.86    2.87    6.81    5.95    8.77    7.08    7.64   19.38   24.63   13.05   39.55   12.70   28.63    7.29    5.30
PSATFGOM     0.86  -51.20   11.38   16.66   20.50   14.36   19.73   15.63    5.55    4.94    8.38    1.41    1.57    2.58    2.81    5.78    4.01    7.72    7.24    7.32    3.42    4.48    3.99    7.70    9.34   12.15   17.55    8.62   18.15   11.89    9.09   13.50    9.01    2.58    9.29   11.30   14.97   10.02    4.86   15.98   42.02   19.93   42.69   16.61   11.20    6.38    8.63
PSATUBE     -6.75  -43.57    5.14    3.96    1.22    0.64    0.03    0.07    2.07    0.72    0.22    0.00    0.04    1.01    0.79    6.37   10.34    5.49    9.33   11.83    2.79   20.71    4.84    0.02    0.50    1.25    1.49    0.64    2.10    4.73    4.63    4.04    5.24    8.94    6.88    4.41    4.91    5.90    8.02    4.29    3.83    4.30    2.83    5.63   23.35    5.39    8.68
PSATBSOR    -6.74  -52.00    8.10   15.27   11.40    4.17    6.32    6.83   11.59    4.59    3.11    0.97    0.25    0.55    2.29    5.96    6.81    6.06   10.13    7.75   10.67   16.91   25.41   21.94    7.66    8.11    2.82   16.69   11.94    9.51    7.91   16.27   10.22   10.82    8.44   12.71   14.02   24.25   11.91    6.68    7.68   14.21    6.41   13.75   14.66   17.73   13.54
PSATBESP    -6.75  -51.77   13.38    8.74   14.06    9.80    0.33    1.84    6.26    6.20    4.07    0.37    1.17    0.95    1.10    5.20    7.91   13.96   11.65    5.03    3.83    9.79   14.01    6.52    5.75    4.16    2.67   15.45   16.64   19.93    9.68   14.15    5.79    7.64   15.42   21.16   11.07   11.70    7.76   14.34    1.70    9.69    5.19    8.51   16.13   33.29   11.43
PSATPIME    -3.41  -51.91   10.21   15.92   20.36   11.35    6.06    7.85    6.86    8.23    6.79    4.44    1.83    1.68    3.59    3.88    4.14    9.34   14.12    6.12    4.03    7.02   15.74   12.34    8.59    5.86   10.93   15.24   16.36   13.33   11.30   13.45    6.62    8.32   14.84   15.09   15.96    7.10    8.85   11.82    9.42   17.02   12.50   13.61   17.88   23.88   16.57
PSATIRAP   -16.74  -42.57   11.59   12.08    0.01    0.04    0.00    0.00    0.00    0.04    0.04    0.00    0.00    0.00    3.62   24.55    3.05    1.58    0.55    0.72    1.02    0.72    0.98    0.87    0.15    0.63    0.43    0.55    3.91    2.21    3.39   13.64    6.65    5.15    8.33   15.55   21.98   15.48   11.03    6.08   15.53    6.94    7.27    4.88   13.15   13.17   11.63
PSATITBI   -15.97  -39.59    3.81    2.05    0.13    0.20    0.01    0.18    0.13    0.43    0.23    0.21    0.03    0.00    1.42   18.83    6.71    1.77    1.11    1.57    1.26    0.89    0.95    0.90    1.05    1.32    1.59    1.42    1.14    0.45    0.65    3.43    1.36    1.17    6.98   11.10   15.02   10.02   13.37    7.96   15.19    4.48    5.24    5.00   10.76   10.10    2.75
PSATCOLI   -10.98  -55.77    0.30    8.70   13.84    4.81    7.29    5.80   11.78    1.34    5.53    2.81    0.26    1.11    2.55    7.02    6.12    5.93   10.64   10.72   20.13   20.08   24.82   35.83   14.70    1.81    8.98   11.50    9.34    5.91    8.29   21.27   10.83   10.97    9.21   14.07   17.16   24.02   13.72    9.32    4.62   13.25    8.42    9.17   20.10   11.45   12.17
PSATSAEL    -9.19  -57.04    4.77   15.21   18.74    7.89   11.73   13.20   12.06    8.26    8.96    4.07    1.06    5.72    0.73    5.60    2.67    8.75   13.20    4.58   16.28   17.76   39.53   18.12   18.11    3.47    6.77    6.54   13.68   11.23    7.04   17.69   16.16   12.96   10.60   15.88    8.90   26.03    7.06    5.46   10.25   19.09   14.25   19.57    9.35   14.20   13.30
PSATITQ    -17.09  -54.83    6.98    7.20   17.48    6.93    0.97    1.53    6.12    1.84    0.07    0.02    0.02    0.02    2.76    3.48    2.13    6.68    5.07    1.14   11.88    6.50    0.51    4.22    4.98    6.41   22.72   19.43    7.33   16.01    9.38   11.70   13.02   30.74   14.70   15.66   11.82    2.15    1.51    1.56    3.95   12.00    3.93   18.42   12.26   14.15   49.85
PSATJAU    -15.24  -58.73   12.23    8.49    7.92   16.08    5.87    8.81   22.32    1.52    2.18    0.49    1.36    0.61    5.26    8.70   11.00   12.23   12.23    8.05   23.92    0.56    0.03    0.02    1.18    0.19    6.04    9.78   11.32    6.48    8.57   10.05    8.98    7.60    2.43    3.62    6.07   16.91   10.08   22.27    4.27   16.70   13.73    3.77   10.59   11.51    8.18
PSATMAN    -14.87  -55.78    0.30    0.73   17.36    5.74    3.03    9.07    7.84    0.44    0.95    0.12    1.02    0.21    3.00    5.76    3.47    4.09    6.42    1.94   14.95    8.07    1.67    6.05    3.32    2.92   13.21    3.37    5.59    4.17    9.68   18.82    9.79   11.56    3.94    9.79   13.76    9.75    9.42    6.60    2.39   10.03    8.23   15.07   23.52   15.82   30.16
PSATPTP    -17.61  -54.83    8.83    3.45   23.97   12.36    1.31    2.08    5.68    2.52    1.21    0.01    0.00    0.03    4.81    4.51    3.33    4.61    4.82    0.84   14.17    1.98    0.02    0.87    3.53    9.21   17.59   12.63    9.59   15.76    9.44   10.80   15.43   34.63   15.10   15.80    9.50    1.51    1.32    1.51    2.89   10.12    4.02   18.75   14.95   19.66   42.33
PSATSTCL   -17.90  -40.20    7.11    0.38    0.01    0.02    0.00    0.05    0.00    0.07    0.05    0.07    0.02    0.00    1.47   17.23   11.64    4.84    0.64    1.89    1.19    0.99    1.21    1.49    1.99    1.49    2.55    0.85    0.67    0.11    0.15    0.61    0.17    0.50    1.85    5.98    9.94    4.33   17.92    7.56   21.09    3.79   14.69    7.65   11.43    6.21    0.83
PSATPDC    -12.58  -39.00    0.44    0.72    0.47    0.44    0.60    0.51    0.97    0.77    1.05    1.04    0.28    0.01    0.00    0.76    0.70    0.33    2.96    3.42    3.14    1.78    0.75    1.66    1.71    1.51    0.54    0.84    0.74    0.57    0.27    0.58    0.59    0.68    4.93    4.34    7.06   11.13    7.41    0.84    0.33    0.46    1.05    1.88    0.56    0.48    0.30
PSATROSA   -20.92  -41.72   12.35   10.69    0.02    0.01    0.00    0.01    0.04    0.92    0.10    0.09    0.01    5.30   49.15   20.36   14.83    3.65    3.28    2.88    0.65    0.43    0.10    0.95    0.42    1.35    0.34    1.14    0.29    1.61    6.40    4.25    3.59    7.57   17.06   31.78   61.41   46.63   22.76   29.66   20.24   19.50   63.80   17.88   28.97   18.43    6.75
PSATCAN    -20.21  -42.85   28.09   12.42    0.27    0.00    0.00    0.00    0.01    1.30    0.28    0.06    0.07    4.13   32.13    9.36    4.91    2.11    1.69    1.56    4.30    1.08    0.69    0.46    0.95    0.33    0.47    1.46    1.79    7.46   21.97   13.11   17.91   17.27   36.22   20.76   48.90   44.43   15.61   14.22   20.34   13.82   26.72   21.34   21.00   24.15   13.93
PSATSAC    -19.64  -42.85   20.17   15.99    0.45    0.00    0.00    0.01    0.01    0.19    0.42    0.10    0.03    0.03   33.98   14.40   12.84    3.87    3.23    2.77    5.10    2.60    2.08    0.96    0.44    0.34    0.31    2.74    2.84   17.87   28.97   11.89   20.75   25.32   25.31   22.42   40.97   44.13   20.84   15.56   17.80   21.83   28.74   14.47   14.71   21.53   15.80
PSATPES    -19.12  -42.66   18.71   17.70    0.13    0.01    0.01    0.01    0.00    0.46    0.73    0.02    0.00    0.01   34.84   17.60    7.30    3.73    2.50    1.48    3.53    1.98    1.31    1.61    0.34    0.55    0.65    0.91    0.77   18.21   15.45   20.94   22.41    9.78   15.91   25.75   47.71   22.73   18.65   15.99   29.27   28.00   18.04    8.31   21.44   20.55   17.09
PSATMAS    -19.50  -40.92   10.58    5.55    0.17    0.12    0.01    0.11    0.01    0.24    0.19    0.05    0.00    0.30   23.19   13.82    6.54    3.24    2.85    2.71    1.62    1.39    1.03    1.04    0.52    0.89    0.52    0.52    0.34    2.39    8.39    9.27    4.91    5.42    9.68   40.12   53.17   33.79   25.73   19.32   26.07   28.37   19.44   16.56   24.53   22.82    9.02
PSATSBR    -23.37  -45.87   32.31   28.91    1.08    1.37    4.12   10.14    0.65    4.45    3.36    5.71    7.67   29.33   13.99    2.38    0.61    1.84    4.62   10.49    9.85   15.43    1.98    7.05    1.15    3.70   10.41   19.12   19.77   28.52   10.84    8.88   24.44   25.22    8.13   12.40   11.51   12.05    3.72    2.79    4.46    3.32    2.43    9.16   21.35   29.80   20.18
PSATJAG    -23.20  -46.03   41.41    7.42    1.06    4.87    1.95    6.06    0.29    2.88    2.13    8.86    9.02   19.79    5.13    0.85    0.47    1.39    4.00   10.10   18.31   20.28    5.57   14.72    2.08    7.23    4.82   31.04   20.74   26.23   17.52   10.13   25.19   19.30    9.55   12.54    4.79   10.38    3.05    2.11    4.52    9.74    1.28   12.97   27.44   31.46   14.31
PSATFUNI   -22.53  -44.57   26.86   16.06    4.33    1.69    1.09    4.89    0.12    3.84    4.84    8.89    8.30   15.56   14.62    1.47    0.73    2.16    3.76   12.30   13.23   18.41    3.33    6.76    1.21    5.70    9.30   25.13   19.34   23.05    9.05   10.44   24.02   20.91   10.78   11.68   18.87    8.96    4.88    2.24    6.75    8.28    4.80    8.39   23.48   27.28   22.25
PSATSACE   -22.48  -43.84   20.10   43.79    9.84    0.40    0.04    0.39    0.15    8.77    6.50    7.69    3.75   13.17   14.60    2.93    2.06    4.04    4.56   15.24    5.74    4.06    1.41    1.55    0.37    1.51   19.52   26.32   22.96   30.90    6.45    6.70   37.64   14.72   11.96   12.02   28.21   12.31    8.73    3.88    8.06   10.65   14.53   20.25   19.12   27.57   17.78
PSATPIC    -21.91  -43.54   22.61   26.84   17.10    0.10    0.02    0.00    0.14    3.10    6.20    0.98    2.17    9.45   12.36    2.72    1.66    5.80    3.23   10.86    6.84    2.70    1.33    1.04    0.66    0.76   10.77   28.18   25.63   38.01   14.39   10.21   34.76   12.97   14.76   14.53   19.50   11.05    4.88    4.12   13.00   28.59   17.21   26.58   21.33   29.27   15.01
PSATSOGI   -21.94  -43.36   39.03   20.68   10.04    0.15    0.00    0.01    0.18    3.13    5.13    0.12    1.00    8.03   14.32    6.08    0.90    3.38    1.26    2.34   13.92    4.33    0.85    0.41    1.00    0.40    5.27   23.03   12.34   25.76   31.91   14.44   42.66   15.88   23.91   15.61   15.46   13.40    8.76    5.10   12.02   37.29   15.41   30.94   25.47   29.62   12.02
PSATIPSI   -21.84  -42.58   28.15   16.63    6.35    0.07    0.03    0.01    0.18    5.74    7.10    1.16    0.66   11.80   11.81    3.73    1.18    2.69    0.99    2.72    4.49    2.08    1.28    0.52    1.11    0.76    6.84   19.10   10.10   25.68   25.13   18.06   40.08   20.83   27.30   15.50   15.67   16.06   10.93    4.24    9.47   21.48   15.09   34.28   21.15   21.99   17.31
PSATTCLJ   -22.69  -43.83   11.11   67.94    4.18    0.13    0.24    0.32    0.11    4.42    3.18    5.45    0.46   34.39   17.94    5.60    0.68    0.90    0.47    5.78    7.37    1.21    2.41    0.60    0.11    1.33   11.37   14.10   12.71   58.53    6.61    3.86   43.95   30.44    8.51   14.53   23.93   10.86    3.14    1.19    2.26    1.19    3.02   17.30   13.03   21.39   15.23
PSATBIGU   -25.51  -53.67    1.83    6.70    0.39   19.39   67.37   25.76    6.42   16.49    2.49    4.33   19.78   14.50    0.22    0.01    0.00    0.08    3.96   77.26   10.02    1.03    0.56    0.53    2.74    7.62   10.24    3.62    3.38    0.70    0.86    0.99    2.13    1.52    0.65    1.77    0.48    0.23    0.35    0.64    2.96    4.88    1.42    2.67    1.44    9.99    7.17
PSATBRAU   -21.45  -42.41   38.34   15.03    0.46    0.03    0.00    0.00    0.04    2.80    1.36    0.01    0.09   11.87   12.87    9.38    1.66    1.21    0.53    0.35    3.28    0.98    0.49    0.40    1.70    1.04    1.27    7.03    2.08    4.68   38.38   36.06   32.94   15.64   37.12   23.41   19.85   28.21    9.95   18.31   16.84   17.41   26.12   23.83   18.87   23.80   11.99
PSATSUIC   -20.08  -40.58    4.30    0.69    0.27    0.49    0.01    0.42    0.02    0.14    0.24    0.21    0.02    0.27   52.81   15.08    4.24   13.02    5.65    4.56    5.26    2.40    4.39    3.42    0.81    2.90    0.84    2.30    2.29    3.89    1.50    2.72    0.60    3.45    2.32   25.79   35.13   19.71   20.02   18.19   37.84   21.58   22.19   21.06   12.02   29.54    4.67
PSATJRI     -9.30  -64.70   11.37   14.34    8.13   13.78   10.45    8.22    3.27    5.20   11.98    6.57    5.67    4.61    9.64    7.05    4.39    1.92    3.53    7.37   21.12    3.98    9.14    6.68   18.84   15.90   11.55    8.01    8.24    9.87   12.39   13.03   12.46   10.15   12.40   13.92   10.18   12.23    7.18    5.13    4.25   18.01    8.34    3.46   10.30   14.76    8.12
PSATBENI   -14.59  -67.53   22.14    3.82    3.15    5.80    7.11    2.60    5.23    5.87    6.00    6.17    5.52    4.74   11.93    5.78    4.30    5.11    5.85   11.67   25.06    2.46    3.49    7.89   10.43    7.23    4.72    4.02    7.31   14.47   26.82   23.18   11.72   10.89   23.64   28.51   14.69    7.93   12.03   12.87    9.24    8.70    4.95   13.34   16.54   22.78   15.54
PSATEPB    -12.42  -64.42   11.52    8.00    7.69    6.72   10.20    4.55    6.33    4.10    1.66    3.24    1.05    2.92   11.27    3.82    2.86    7.72    3.79   14.11   10.40    0.78    3.95    5.06    7.08    8.21   11.27   16.07   13.61    9.75   17.58   13.91   10.84   11.43   12.01   12.86    9.83    8.34    7.43    7.29    6.39   15.12    6.32    6.82   14.22   14.91   21.48
PSATEGM    -10.79  -64.35   25.57    5.40   11.21   10.36   11.32    4.18    4.49    4.54    5.07    2.86    1.52    4.51   15.38    3.32    3.63    4.08    5.20   21.71   17.10    1.38    4.67    5.64   11.62   14.04    9.20   10.14   14.54   14.39   33.39   22.30   15.31   17.32   24.62   18.96   15.68    7.46    9.82    8.41    8.28   12.81    5.34   10.52   23.77   23.63   29.60
PSATSTOA    -8.79  -63.95    5.72   14.63   10.32    9.41    9.68   12.97   15.27    6.60   12.50   10.34    2.22    2.06    3.81    6.43   18.71    1.21    2.33    1.91   10.80   14.24   13.01   19.17   23.88   18.57   39.47    7.89    8.12    1.63    4.57    5.31    7.93   20.53    8.18   15.51    4.66   11.95    8.55    7.34    8.64   12.98   20.23    3.35   15.11   12.90    7.90
PSATENC     -9.90  -66.62    9.26    9.26    9.92    2.27    9.96    9.86    4.53    5.13    7.24    4.75    3.46    2.50    5.02    7.33    2.03    1.60    1.38    5.21   20.89    5.90   13.89    8.61   12.13   16.59    8.37   16.43    4.29    1.84   10.14   14.22    6.43    5.05    4.19    8.55    5.95    4.84    6.95   10.80    3.82   15.43    8.29    4.63    6.29    9.32    6.63
PSATAMY1   -11.71  -70.63    5.79   11.12    3.85   25.34    7.60    5.78    1.36    7.58   12.16    8.30   10.59   10.92    9.57    9.61    5.13    2.01    3.09    5.23   21.85    1.83    0.85   10.49   14.10   13.68   12.22    4.90    4.48    2.55   11.41    8.07   13.88    8.14    3.91   11.85   14.18   15.52    4.35    2.38    1.90   19.02    7.94    3.78    7.13    5.58    2.64
PSATAMY2   -12.37  -71.17   12.77   16.03   12.64   29.76   23.34    9.27    5.39    7.77   10.18   10.16   12.09    8.60    9.88    6.86    7.14    3.88   13.16    8.48   25.11    7.91    5.06   10.33   13.86   11.36    8.35    1.70    6.03    8.09   22.65   21.01   18.32   15.80   16.44   14.87   22.61   22.56   11.04    5.62    4.86   14.40    6.25    7.96   14.21   18.49    7.69
PSATAMY3   -13.75  -70.18   17.38   20.53   12.05   51.69   19.81    5.84    6.24    4.94    9.23    9.85   12.30    6.56    6.10    4.43    4.69    8.64   16.50   13.88   25.02   13.92   10.09   14.21    8.53    5.86    8.33    3.38    5.92    9.34   40.33   34.97   25.14   24.85   28.36   28.50   24.19   21.04    6.71    3.96    3.14    4.84    4.55   10.72   19.33   24.42   14.49
PSATAMY4   -13.45  -69.47   14.60   11.62    7.21   29.11    4.09    6.82    2.00    9.81   13.52   15.22   10.44   15.84   13.61    5.70    5.06    2.84    9.74    6.44   24.49    3.37    2.28    2.63    9.02   13.19   12.97    4.58   12.21    7.15   30.54   26.79   16.30   20.01   26.07   22.44   16.85   22.50    8.03    4.87    2.92   14.33    4.48    4.00   16.52   19.22    8.01
PSATJRN    -13.37  -59.01    2.88    7.27    8.41   18.48    9.01   10.89   19.87    2.96    1.06    2.82    0.79    0.69    4.29    4.55    3.45   11.58   10.90    3.10   24.22    4.00    2.64    1.22   16.78    0.56   15.54    5.55    3.54    4.48    9.20   15.79   15.69    9.91    5.55    6.21    8.83    9.74    7.78   12.04    8.01   11.00   10.07    9.29   16.36   10.38   14.18
PSATAPI    -10.34  -56.98    1.20    5.39   29.60    9.19   27.24   14.59   11.71   11.14   11.52    2.46    3.19    7.10    1.50    4.81    1.72    6.79    3.68    3.96   25.53   22.27   19.00   10.47   16.83    3.48    6.11    3.93    7.80    3.85    9.12   18.14   15.75   14.68   15.95    9.99    6.65   13.48    5.53    8.87    7.33    9.93   15.03   20.87   12.98   13.34   15.12
