PSATAGV    -19.89  -50.35    4.00    2.20    5.20   26.36   14.89    4.69    1.11    3.05    4.70    2.62   20.07    3.93    2.96    6.38    1.44    0.61    0.03    0.00    0.01    0.33    1.45    1.96    2.51   17.69   12.63   11.93   11.79   18.74   18.72   12.80   13.04   28.62   13.99    8.83   21.92   26.15   48.94   14.99   14.38   27.42   29.51    6.68    0.06    0.45    5.19
PSATCMG    -21.28  -44.63    6.55    2.79    3.84   14.42   19.69    2.18    1.30    0.69    0.28    0.35    3.72    6.44    0.71    0.27    0.11    0.25    0.02    0.00    0.00    0.00    0.12    0.93    2.99   25.41   11.04   12.21   11.53   10.46   15.27   10.40    5.20    5.97   11.66    4.05    6.65   15.03   26.43   17.79   40.76   14.25   12.33    0.30    0.09    1.56   11.43
PSATCES    -20.25  -48.16    3.04    2.29    5.31   16.64   12.20    4.76    1.59    1.28    5.15    2.17    7.35   19.20    4.14    4.79   10.68    0.33    0.00    0.00    0.00    1.09    1.13    1.28    0.37   14.28   14.77   27.75   12.77   14.06   17.85   11.34    9.00   15.58    5.91    2.66   15.27   27.57   30.49   37.12   30.88   27.98   12.59    6.70    0.40    0.05   12.63
PSATELC    -21.60  -46.95    0.97    2.77    4.51   19.47   12.41    2.63    1.43    0.50    0.29    6.31    9.79   26.23    5.74   10.74   15.96    0.55    0.01    0.00    0.00    0.42    0.52    2.33    7.56   22.64   27.36   20.52   12.49   13.76   15.85   13.05    9.95   26.51   11.66    6.60   15.20   34.14   45.63   48.96   20.90   18.70   17.05    2.67    0.84    0.50    9.77
PSATFUN    -21.14  -45.04    4.89    2.40    2.41   15.89   22.09    2.17    0.71    0.28    0.33    0.77    7.68    5.42    0.71    0.24    0.02    0.01    0.01    0.00    0.00    0.00    0.04    0.38    3.84   20.32   10.83   22.15    8.44    9.75   11.13   18.70    6.78   11.32    6.42   10.16    8.50   13.84   21.62   19.29   29.06   15.31    4.99    0.07    0.07    0.98    7.62
PSATFUR    -20.67  -46.32    2.65    2.15    4.14   19.85   16.73    3.34    1.05    0.41    0.45    2.53   12.77   17.01    5.74    1.29    2.38    0.05    0.00    0.01    0.00    0.17    0.18    0.63    3.10   26.46   20.76   31.50    8.95    7.97   16.84   16.91    7.18   15.32    7.48    3.73   11.44   20.68   26.48   39.44   18.87   14.00   15.25    0.33    0.16    0.59   13.70
PSATMRB    -20.30  -49.18    2.22    1.87    7.76   19.46   12.59    3.52    0.77    1.40    5.39    3.52   14.19   15.78    2.62    8.32    6.16    0.44    0.02    0.00    0.00    0.87    3.54    1.49    1.35   15.89   11.84   19.76   13.74   16.71   23.02   15.25   12.96   26.97    9.24    8.64   20.07   26.13   35.63   31.55   30.50   23.40   23.33    5.61    0.26    0.02    8.09
PSATPRG    -21.59  -45.67    1.12    1.48    7.54   18.47   14.04    1.79    0.97    0.41    0.35    4.61   13.44   24.16   10.92    3.42    7.55    0.82    0.01    0.02    0.00    0.06    0.26    3.03    3.28   23.92   21.20   15.35    6.92    8.93   16.63   14.65    9.63   14.58    5.71    2.54    8.56   28.93   38.50   39.84   24.25   11.32   36.08    2.24    0.29    0.33    6.36
PSATPAS    -21.02  -48.18    0.56    1.14    6.58   18.82   17.61    1.75    0.42    0.27    1.35    6.64   18.43   14.14    1.82    9.93    9.61    4.93    0.00    0.02    0.00    0.38    2.36    4.39    3.54   18.88   17.91   10.42   14.47   14.42   20.73   12.66   11.53   35.43    8.22   18.17   26.10   37.27   34.17   31.06   13.51   15.76   20.52    5.53    0.56    0.08    3.74
PSATPTB    -21.61  -45.49    2.01    2.20    1.95   17.49   17.55    2.54    1.50    0.49    0.27    3.87   14.11   18.64    3.22    0.72    1.82    0.18    0.00    0.04    0.00    0.05    0.33    0.92    1.44   20.12   13.02   22.13    8.69    9.17   11.24   18.11    9.76   14.37   10.03    2.56    8.65   17.56   18.77   30.86   30.99   11.11   31.73    0.18    0.07    0.54   10.26
PSATPTC    -20.00  -48.55    5.62    2.26    5.31   15.74   15.29    5.20    1.13    1.48    3.96    3.89    9.37   16.33    6.08    3.13   12.91    0.04    0.00    0.00    0.01    1.66    2.30    0.42    0.95   10.31   16.45   21.10    9.28   12.10   19.24   12.38    9.47   12.62    7.33    1.40   19.86   17.82   27.43   29.46   31.58   22.96    8.87    5.74    0.00    0.09   12.89
PSATFZA    -26.00  -51.65    2.49    8.04   21.31    1.48    0.58    0.31    0.02    0.00    0.23    2.71   14.54    6.53   39.05   33.20    2.94   14.60    7.69    1.82    6.58    0.10    0.90    2.88    3.49   11.97    0.37    0.05    0.10    1.33    9.29   13.74   18.35    1.30   14.65   13.02    3.44   16.26    2.41    0.02    0.00    0.08    1.24    0.44   14.17    9.38    4.61
PSATJSG    -25.78  -52.00    0.26    2.86   13.39    0.58    0.56    1.01    0.03    0.02    0.07    2.79   21.70   10.66   51.80   36.18    1.54    7.84   12.08    1.92    4.51    0.16    1.23    1.90   10.04   11.71    0.36    0.00    0.30    1.63    7.29   13.76    8.63    1.21   10.01   10.16    1.35   10.95    1.56    0.02    0.02    0.02    0.89    0.62   11.10    9.72    2.30
PSATSCX    -25.53  -53.48    0.07    0.54   11.56    3.23    4.91    1.20    0.07    0.00    0.07    5.51   23.53   14.02   53.84   37.00    1.23   10.69   13.40    3.13    3.34    0.11    0.98    1.66    8.62   14.25    0.42    0.00    0.31    1.48   11.66   27.49    6.22    0.66   14.85    7.47    0.73    3.88    1.24    0.22    0.07    0.04    0.78    1.93    5.75    3.58    1.26
PSATSCL    -25.49  -51.74    0.70    0.65   11.46    1.62    0.57    0.98    0.00    0.00    0.22    1.91   15.25   10.59   39.00   44.72    1.82    6.02    5.17    1.51    1.98    0.27    0.37    2.67    2.74   17.96    0.27    0.00    0.02    2.32   10.54   14.98   19.59    1.22   14.71   14.02    1.59   22.83    1.13    0.06    0.00    0.00    1.51    0.87    6.41    6.55    4.62
PSATUVT    -26.23  -51.08    2.25    9.98   26.13    5.37    2.16    0.70    0.08    0.01    0.18    7.00   14.30    6.55   19.71   50.34    7.07   14.72    4.93    2.08    4.17    0.05    1.50    2.69    1.72   17.33    0.81    0.63    0.23    0.92   15.97    9.66   22.31    3.57    5.68   22.48    3.34   15.90    1.67    0.00    0.04    0.20    3.59    4.49   14.78    5.91    3.31
PSATBSM    -24.19  -53.74    0.07    0.13    7.77    2.62    1.72    0.84    0.00    0.00    0.03    4.58   26.86   25.19   46.95   48.73    3.77    7.30    4.33    8.67    1.06    0.14    0.58    2.77    7.55   13.81    6.09    0.00    0.37    3.87   12.83   25.42   20.03    2.93   52.26    6.82    1.27    7.97    3.26    0.27    0.00    0.17    1.54    2.08    5.26    3.53    0.77
PSATFLE    -22.97  -54.56    0.04    5.61    6.07    7.24    1.26    0.08    0.02    0.00    0.00    3.38   21.60   17.56   15.81   31.15    7.34   12.86    7.20    8.13    0.29    0.12    0.43    0.11    1.10   17.25   12.94    0.10    0.00   14.98   11.35   45.41   10.12   14.60   56.02    4.80    5.24    0.37    1.28    0.96    0.27    0.03    0.49    0.92    3.39    6.33   13.81
PSATITP    -25.42  -54.58    0.04    2.21   12.01   14.34    1.68    0.37    0.00    0.00    0.03    2.64   17.49   29.17   35.09   34.87    7.20   18.34    7.16    8.26    0.83    0.05    0.25    1.18   11.88    8.88    9.25    0.04    0.05    7.03   13.24   40.32   12.03   17.13   62.96    6.13    1.13    5.55    1.45    0.61    0.03    0.08    0.56    1.34    3.75    4.71    3.80
PSATIVM    -22.38  -53.53    1.08    9.38    8.03   13.69    3.38    0.02    0.02    0.09    0.24    6.70   11.69   19.02    7.00   26.51    9.49   10.29    8.27    2.05    0.23    0.06    0.59    0.86    0.55   21.61   10.81    0.26    0.18   17.33    9.58   27.45   17.35   13.35   27.43   11.53   13.59   10.70    3.02    1.31    0.32    0.26    0.91    1.37    6.55   15.88    8.89
PSATPTQ    -23.18  -53.17    0.67    0.72    9.74    4.94    0.50    0.55    0.00    0.00    0.12    7.67   24.52   17.62   32.18   43.33    8.92    9.40    2.89    5.99    0.17    0.47    0.47    3.01    5.85   14.37    9.64    0.01    0.06    3.19   15.94   19.02   28.02    4.88   27.28   17.71    1.66   22.36    1.51    0.24    0.00    0.60    2.33    4.33    7.51    4.58    3.10
PSATCBI    -17.99  -48.54    9.61   11.46    5.50    9.22    9.33    7.65    9.71   10.89   18.14   14.23   11.35    2.32    0.52    0.15    0.17    0.12    0.08    0.02    0.11    0.45    0.20    0.00    0.01    2.54   24.41   13.27   13.24    5.02    0.92    4.04    1.08    0.04    4.78    4.81   19.87    4.72    3.20    6.71    7.68    6.14   22.89    2.46    0.68    0.04    0.13
PSATCBIV   -16.15  -48.67    9.46   13.15    2.99    5.99    4.72    5.15   10.47    7.60   11.54    9.12    5.84    1.05    0.19    0.12    0.03    0.05    0.04    0.00    0.01    0.32    0.27    0.00    0.03    1.67   24.96   11.76   11.44    2.59    0.36    0.50    0.04    0.05    4.84    6.01   19.94    2.52    3.71    4.22    4.52    4.95   18.26    3.57    1.11    0.01    0.05
PSATEMB    -18.45  -47.98    5.92    3.60    3.04    9.41   15.01    9.24    2.83    1.74    1.29   10.73   12.37    9.31    0.37    0.03    0.16    0.04    0.06    0.07    0.45    0.97    0.45    0.09    0.20    8.24   17.73   21.11    8.17    4.54    9.55    8.11    8.54    1.14    7.05    9.56   11.40    2.38    8.62   18.80   12.23   14.00   18.88    1.20    0.01    0.18    3.56
PSATIMBR   -18.42  -49.10    8.75    4.50    4.49   13.96   18.16    8.86    7.00    8.65    5.62   11.43   16.58   14.25    7.25    1.37    4.35    0.06    0.26    0.01    0.23    1.59    1.63    0.12    0.05    2.39   25.31   19.32    8.36    7.18   10.59   13.69    8.61    2.79    9.59    2.46    9.21    6.75   13.20   17.97   15.18   17.17   17.93    3.52    0.27    0.02    1.85
PSATNPTE   -19.13  -47.70    9.51    4.10    3.42   13.97   13.85    9.40    0.82    1.78    1.33    3.19    9.23    7.59    0.70    0.17    3.60    0.00    0.07    0.00    0.06    1.12    0.29    0.02    0.96    8.60   16.06   21.71    6.40    6.87   11.67   12.83    7.18    7.25    8.10    4.66    8.58    4.16   13.91   23.28   12.25   13.29   11.96    1.18    0.00    0.12    7.35
PSATARV    -18.07  -50.16   10.50    3.43    7.35   15.20   16.28    8.16    6.10   15.00    8.13    6.74   14.79    6.62    1.09    8.74    0.94    0.50    0.36    0.00    0.09    0.09    0.92    0.37    0.03    0.07   23.13   20.04    7.10    4.56    6.26    7.06    2.91    0.68    6.39    2.64    9.19   16.36   19.50   14.65   12.44   24.22    8.86   11.88    3.01    0.03    0.10
PSATSFC    -18.05  -47.68    5.83    8.11    3.71    7.65    7.80   11.07   11.01   15.62   21.20   20.98    8.34    2.48    0.07    0.03    0.03    0.37    0.11    0.09    1.68    0.85    0.30    0.02    0.05    4.13   23.45    8.33    8.63    0.82    2.40    2.91    3.27    0.03    4.66    9.08   17.93    4.59    4.36    9.28    9.16   14.31   18.04    2.06    0.05    0.16    0.39
PSATSSM    -19.02  -50.50    9.80    4.66    5.34   19.56   15.35    8.72    5.78   14.52    7.42    7.52   17.45    3.87    8.29    7.53    2.21    0.18    0.29    0.02    0.06    0.73    1.84    0.33    0.12    7.39   26.88   20.64    9.65   10.49    9.78   12.51    5.67   11.53    8.03    2.79   19.07   13.73   30.70   16.47   27.06   18.68   14.10    5.41    0.98    0.03    2.23
PSATCNI    -22.94  -50.52    0.30    0.22   18.31   14.47    3.08    0.09    0.13    0.39    0.92    7.41   33.26   31.31   18.40    2.96   25.37    1.29    0.19    0.17    0.03    0.13    0.90    4.48    5.70   10.00    0.14    0.03    0.15    9.94   17.83   10.67   38.55    7.33    7.25   26.85    9.22   48.89    1.30    0.16    0.69    5.21   23.57   21.60    5.54    0.45    7.29
PSATCPV    -22.65  -51.33    0.41    0.34   14.59    8.18    1.37    0.12    0.05    0.12    0.38    7.28   50.72   33.26   18.81   18.33   23.19    7.33    3.16    1.20    0.14    0.37    0.47    2.74    5.49   10.76    1.00    0.03    0.11    9.56   17.35   11.10   26.26    7.93   12.66   27.29    3.32   36.30    0.48    0.30    0.13    1.18    9.71   16.98    9.05    2.12    2.93
PSATCHT    -23.01  -49.73    0.13    0.21   11.43    8.43    0.79    0.04    0.00    0.13    0.40    8.96   34.66   22.11   11.87   14.48   34.27    8.17    0.42    0.32    0.23    0.13    0.74    2.44    2.57    3.99    0.16    0.04    0.09    8.33   18.23    5.80   31.30    8.43    5.71   31.34    4.28   46.42    1.20    0.37    0.01    2.04   11.69   13.39   11.97    5.98    3.64
PSATJUR    -23.22  -49.23    0.10    0.11   19.99   12.08    2.51    0.47    0.03    0.13    0.28   11.58   33.80   32.18   10.66    3.54   21.97    2.75    0.15    0.05    0.03    0.19    1.45    3.00    4.32   12.23    7.32    0.51    0.38    8.97   17.66   10.14   26.37   13.62    4.54   34.93   12.45   45.63    5.59    0.02    0.17    8.53   16.34   14.27   10.70    3.57    4.45
PSATMAU    -24.06  -50.71    0.77    0.70   21.96    5.96    0.66    0.15    0.00    0.00    0.13    8.08   29.19   10.56   14.88   30.62   10.26    9.00    2.03    1.80    0.06    0.26    0.81    2.87    2.62   12.45    1.78    0.04    0.22    6.42   18.42    7.05   16.04    4.15    6.64   27.96    1.72   24.78    0.58    0.18    0.00    0.33    4.15    9.49   13.55    1.42    4.71
PSATROS    -22.50  -52.87    0.41    1.26    7.80   11.48    1.62    0.09    0.00    0.01    0.19    6.84   32.29   22.06   20.89   32.81   17.00    9.10    3.10    2.09    0.01    0.40    0.28    2.17    6.41   12.78    2.11    0.02    0.06    9.85   19.54   18.16   22.15   16.17   19.70   15.83    2.51   36.14    2.12    0.16    0.02    0.84    3.24    8.00   12.55    2.00    0.40
PSATQMD    -16.21  -47.33    6.88    6.91    6.46   13.46    4.54    4.20   14.83   12.31   19.05    6.58    3.12    0.18    0.02    0.01    0.04    0.52    0.02    0.19    0.73    0.33    0.11    0.00    0.02    6.47   42.34    3.59    3.77    0.27    0.02    0.02    0.06    0.02    1.82   14.16    5.07    1.04    3.80    5.46    5.39    6.94   23.80    0.49    0.21    0.31    0.66
PSATRBX    -18.95  -44.76    3.33    2.13    5.81   16.65   22.42    6.86    0.43    0.30    0.41    0.42   16.11    1.32    0.04    0.06    0.00    0.00    0.00    0.00    0.01    0.01    0.02    0.18    1.51   13.38   10.32   16.07    5.11    1.55    3.26    8.05   13.00    4.87    4.30    9.32    8.31   13.31   13.12   16.28   12.67   16.69    0.61    0.00    0.16    0.91    3.54
PSATSFR    -15.93  -44.86    8.66    5.02    5.24    8.09   11.99   14.78   18.21   12.35   17.10    9.73    1.95    0.15    0.26    0.04    0.01    0.70    0.02    0.30    1.63    0.20    0.05    0.00    0.03    8.66   27.69   11.24    4.49    0.13    0.02    0.00    0.00    0.00    0.10    5.98    5.99    7.46    6.75   10.21   12.64   23.75    8.79    0.17    0.56    0.39    0.42
PSATSRM    -16.37  -45.07    5.02    3.07    5.05   11.02   18.22   19.83    4.58    1.87    3.31    8.08    8.74    0.63    0.15    0.01    0.00    0.26    0.05    0.14    1.13    0.34    0.11    0.01    0.85   13.09   18.81   11.01    5.81    0.77    0.40    1.15    6.89    0.56    3.14    8.11    7.22    6.43    6.83   13.76   13.77   20.69    5.81    0.06    0.22    0.43    1.91
PSATTMR    -18.16  -45.27    6.45    2.27    6.72   14.35   19.36    6.13    0.72    0.57    0.68    2.80   13.42    3.08    0.22    0.08    0.11    0.03    0.01    0.01    0.12    0.20    0.08    0.05    0.32   21.32   18.79   25.00    7.63    2.28    8.25    8.82   11.55    7.39   10.15    6.47   11.27    5.76   11.22   27.40   13.05   12.74    6.44    0.02    0.07    0.36    6.16
PSATBOQ    -11.35  -43.83    1.45    1.01    2.28    6.77    6.43    9.39    7.19   21.16   19.23    7.64    0.04    0.02    0.05    0.04    0.05    0.11    0.18    0.07    0.21    0.53    0.05    0.01    0.05   14.97    8.37    7.22    0.96    0.03    0.01    0.00    0.02    6.09    7.20   17.53    6.15    0.60    1.24    4.33   11.60   20.82    6.35    0.29    0.06    0.05    0.81
PSATBBO    -22.52  -48.55    0.30    0.10    7.57   18.38   10.80    0.41    0.03    0.07    0.17    9.53   30.06   21.81    6.68    3.96   15.54    8.43    0.09    0.00    0.01    0.13    1.73    4.18    2.63   22.37   23.02    5.47   16.82   18.24   18.95   14.03   12.52   19.44    5.95   31.48   21.33   35.42   30.74   12.18    7.40   19.04   22.52    5.94    2.49    1.03    6.08
PSATESZ    -23.46  -46.91    0.61    0.08    7.61    6.96   17.98    3.53    0.38    0.02    0.05    3.63   20.65   10.09    1.08    0.39   19.22    2.24    0.35    0.01    0.03    0.08    0.85    3.67    1.06   50.66  110.41   10.04   28.03   12.14   16.18   12.21    5.78   18.46    3.21   10.23   24.59   22.89   49.39    2.32   14.58   15.88   25.62   10.66    5.52    5.98   10.67
PSATIBT    -21.76  -48.99    0.32    0.80    6.67   24.21    8.35    0.17    0.17    0.31    0.98    7.44   29.26   28.31   10.42    2.35    8.32    7.79    0.00    0.00    0.00    0.28    2.60    4.31    2.70    8.19    1.71    0.69    7.96   14.09   21.80   13.35   14.78   16.47    6.34   34.35   22.60   37.22   14.20    8.20    3.21   24.81   18.91    7.96    0.28    0.29   12.90
PSATNAV    -21.12  -50.20    0.66    1.23   13.51   24.91   12.04    2.15    0.24    0.65    4.45    3.66   21.69   15.73    8.18    7.52    9.91    1.47    0.00    0.05    0.00    0.23    2.21    5.08    4.68   20.03    6.50    0.37   11.60   13.37   18.82    9.91   22.44   26.97    9.96   17.78   12.69   36.70   38.61    4.76    2.60   30.54   38.27   11.71    0.56    0.13   11.43
PSATSME    -13.40  -48.30    5.88    7.23    6.26   10.66    5.90    5.78    7.50   11.41   25.54    6.79    7.20    1.38    1.97    0.07    0.05    0.03    0.06    0.07    0.12    0.12    0.11    0.01    0.02    7.48   16.03    8.13    6.01    0.72    0.27    0.49    0.00    0.32    3.22    9.21   11.06    5.25    8.34    7.99    8.90   10.51   18.26    6.61    1.30    0.02    0.14
PSATBGR    -27.78  -51.20    8.92   29.78   17.15    2.24    1.81    0.52    0.06    0.29    1.72    5.47   17.96    7.21   31.99   13.37    0.06    1.91   21.91    1.29   10.74    0.48    4.18    1.90   24.13    3.54    0.02    0.02    0.08    0.16    1.15    7.29   16.32    1.19    0.84   14.84    1.19    5.06    0.05    0.35    5.66    4.11    0.05    0.47    8.24    0.58   12.04
PSATCNV    -27.60  -51.33    4.29   29.63   16.31    1.76    1.48    0.50    0.26    0.15    1.79    4.04   13.08    6.50   48.75   31.64    0.90    3.36   22.80    1.61   11.03    0.19    7.61    3.93   11.08   14.22    0.07    0.14    0.15    0.53    3.05    7.54   18.25    2.46    1.02   25.12    2.00    9.82    1.29    0.17    2.04    1.09    0.07    0.52    5.47    0.95    6.67
PSATFCH    -27.14  -53.04    0.13    5.28   22.48    5.74    1.41    0.27    0.07    0.01    1.35    6.11   26.97   18.05   33.55   21.03    0.63   22.98   32.47    2.59    2.71    0.09    1.19    0.90   14.45   11.46    0.00    0.00    0.05    0.41    0.40   27.04   32.76    0.06   19.71    6.48    0.69    6.06    0.35    0.12    0.00    0.08    0.00    0.37   14.07    7.89   12.76
PSATITA    -27.27  -52.38    0.57   19.60   18.24    1.45    1.21    0.33    0.01    0.19    3.94    4.53   21.89   18.18   55.01   32.63    0.74   11.43   19.74    2.70    4.69    0.21    2.71    3.43   10.89   12.03    0.05    0.01    0.08    0.70    2.36   15.60   18.02    0.97    4.87   11.58    1.89   10.03    0.76    0.09    0.05    0.12    0.15    0.41    9.74    6.68   10.49
PSATMCD    -27.52  -51.78    2.36   13.64    8.69    1.54    2.09    0.31    0.00    0.20   10.70    3.64   21.71   11.68   60.36   16.80    0.08   10.03   20.62    2.43    2.09    0.39    2.47    4.06   15.10    8.50    0.00    0.00    0.00    0.08    0.53   13.55   15.98    0.43    2.06    3.60    0.27    5.75    0.05    0.27    0.12    0.53    0.03    0.03    5.98    2.32   18.60
PSATMOJ    -27.35  -52.73    5.92   12.62    9.31    9.77    4.74    0.55    0.50    0.19    3.40    9.49   20.14   24.58   28.10   17.84    0.08   31.68   11.17    3.66    4.33    3.65    1.24    6.34    9.75    1.78    0.00    0.00    0.06    0.44    0.35   20.63   15.81    0.03   12.39    2.30    1.27    3.97    0.03    0.14    0.05    0.11    0.00    0.35   14.39    5.08   29.54
PSATQQX    -26.66  -52.54    0.26    9.63   17.41    2.45    7.17    1.15    0.25    0.43    0.56    3.93   16.46   15.55   51.74   36.65    1.07    6.63   12.62    2.50    6.00    0.27    1.72    1.46   10.26    9.90    0.11    0.00    0.08    1.31    7.43   17.90   13.00    0.67    4.03   11.66    1.04    6.27    1.43    0.11    0.24    0.11    0.69    0.75    9.23    8.74    3.59
PSATPSJ    -28.14  -55.05    5.15   32.41    8.70    4.17    1.26    0.53    0.52    0.21    1.47    7.28    5.84   21.01   11.60    3.80    0.00   18.29   20.90    6.02   26.34   21.82    5.90    7.23   17.62    0.02    0.00    0.00    0.00    0.23    0.05   12.51    0.41    0.00    4.55    1.85    0.18    0.08    0.00    0.31    0.02    0.04    0.00    0.08    1.50    2.66   28.19
PSATESP    -18.68  -51.87   10.29    3.10    7.12   20.84   17.31    6.30    4.89   22.95    3.64   18.06   28.53   25.83    1.91   13.02    3.75    0.38    0.05    0.95    0.02    0.89    1.74    0.96    0.52    8.53   23.53   27.13    3.14   15.99   11.20    3.02    9.03    2.11   11.14    9.19    3.54   26.03   14.77    4.79    5.07   15.99    3.75   17.97    3.17    1.89    0.27
PSATSRC    -19.16  -50.76    6.47    3.96    5.87   24.60   15.85    8.35    6.00   18.78    5.71   11.75   10.56   31.89    3.29   13.88    1.11    0.96    0.05    0.20    0.05    0.33    1.83    1.77    0.56    2.97   19.68   26.85    8.07   16.92   10.15    4.98    6.92    2.90   12.62    6.60    9.70   24.11   28.19    6.87   14.37   10.72    5.85   12.33    4.72    0.51    0.72
PSATFRCL   -19.12  -50.64    9.23    3.56    9.10   25.82   16.20    7.68    6.43   22.12    6.48   13.01    9.46   30.49    1.96   19.57    1.07    2.35    0.26    0.04    0.11    0.32    2.09    1.09    0.19    0.78   21.56   28.14    8.72   10.69    8.95    8.32    5.64    2.64   11.53    5.00    9.57   23.12   30.18    9.16   17.32   16.00    5.41    9.05    4.67    0.14    0.70
PSATISOT   -20.40  -51.35    2.65    2.83    7.94   22.20   10.48    3.56    1.61    3.77    4.12    5.65   18.29   27.70   11.65   16.02    5.89    1.21    0.04    0.06    0.07    0.11    0.40    1.59    2.03   14.84   13.60    7.06    8.87   19.92   15.30   13.09    8.60   14.78   12.04   11.91   13.09   19.93   31.58    5.55    6.00   11.18   13.28   11.29    2.39    0.42    1.63
PSATJUP    -20.86  -51.63    5.45    7.08    7.17   20.10   10.17    3.52    1.77    5.62    4.56    7.70   28.78   27.68   15.75    9.50   13.25    2.41    0.15    0.28    0.02    0.09    0.62    2.06    2.20   12.67   19.77   13.11    7.04   17.21   11.40   13.19    6.96    8.67    7.85    7.14   16.30   16.26   20.98    2.62    2.47    5.02    2.53   10.43    8.14    4.20    0.93
PSATSDG    -20.06  -53.18    8.68    4.82   13.19   20.86    9.27    2.89    1.75    3.60    6.37    8.02   17.93   25.41    5.79    2.47   13.41    6.23    0.67    0.35    0.01    0.01    0.22    2.84    0.59    9.22   42.85    4.20    4.39   11.30    6.81    4.92    7.16    3.41    6.94    5.85    7.59   16.01    8.39    2.23    1.82    3.56    1.60    8.69    7.16   17.88   10.64
PSATFZBT   -21.66  -52.87    2.84   10.19    5.69   14.33    6.09    0.36    0.05    0.32    0.55    8.90   16.48   18.32   10.32    4.21   12.67   14.80   13.64    0.61    0.01    0.10    0.07    1.54    1.03   16.36   16.46    0.41    1.96   14.87   13.30   16.54   25.36   12.07   15.33   15.70    3.14   19.66    1.93    0.69    0.27    0.99    1.45    5.47    5.83   18.49   13.44
PSATPPRA   -22.46  -52.91    0.37    2.67   14.62   16.01    5.43    0.27    0.10    0.31    2.19    4.81   27.09   26.88   17.40   12.28   25.42   11.36    2.10    0.36    0.01    0.14    0.24    2.26    7.73   17.64    3.53    0.11    0.98   15.47   14.75   19.49   32.62   17.21   11.47   24.34    5.92   23.11    6.44    0.35    1.05    4.92    9.60   11.78    5.58    2.43    2.68
PSATBTE    -13.69  -50.80    3.70    5.58    7.34   13.72   14.01   12.89    5.77   21.11   25.07   30.49   29.16   18.62    3.40   11.70    3.20    0.54    0.60    0.15    0.09    0.12    1.16    0.43    0.17    2.25   20.71   16.84    4.68    2.72    9.54    2.46    2.59    6.06    6.13    5.97   11.50   10.81   16.60   23.07   14.41   18.01    7.44    6.74    2.55    1.48    0.20
PSATARAG    -8.27  -49.26    3.73    5.62    6.98    9.90   13.33    9.91    5.23   22.98   14.54   24.74   11.33    3.17    3.79    3.42    1.07    0.47    0.72    1.09    0.75    1.47    5.78    2.40    5.14   13.76   12.32    7.88    4.69    1.16    1.96    1.05    0.75    2.06    3.63   13.30   21.11    6.63    8.88   17.96   20.78   16.10   13.75    8.45    4.39    0.65    0.40
PSATLAJ     -9.76  -48.37    3.23    4.22    4.09   10.01    8.28    7.09   10.46   12.95   14.90   13.95    2.77    0.07    0.07    0.00    0.02    0.05    0.15    0.32    0.17    0.26    0.77    0.14    1.69   20.06   10.32    7.49    8.06    0.12    0.05    0.00    0.07    2.30    2.27    9.92   15.05    8.81    5.33    7.10    6.79   12.61   27.43    4.66    0.73    0.07    0.95
PSATPTRL    -9.31  -47.39    0.53    0.59    2.44    5.11    3.96    7.13    5.48   18.97   13.31   10.75    0.60    0.10    0.13    0.01    0.08    0.30    0.09    0.69    0.07    1.44    2.05    0.29    6.74   31.57    4.01    3.67    5.59    0.09    0.06    0.06    0.37   12.30    5.61   12.88    7.69   20.33    4.42    7.45    6.31   19.64   16.65    2.26    0.79    0.01    1.83
PSATLJET    -7.33  -47.48    0.23    1.37    3.62    3.36    7.61    2.29    2.82   18.02   10.02    5.54    0.13    0.53    0.51    0.09    0.66    2.68    0.26    4.39    1.32   23.71    8.44    5.76    5.28   13.75    5.57    2.97    4.70    0.87    0.51    0.19    3.09    4.00    2.25    9.35   21.82    6.56    3.61    6.57    4.96   18.43   20.48    8.00    2.04    0.08    2.62
PSATUCR     -3.83  -49.65    2.05    0.32    3.80    1.59    4.52    1.36    0.43    9.80   18.04    3.84    0.33    2.31    3.91    1.57    3.62    2.42    2.35    8.66    3.94   27.44    8.28    9.00    6.25    5.71    4.34    2.21    6.61    2.27    4.89    2.42   11.45    3.53    2.70   12.41   22.64    8.68    5.50   10.96    5.88   17.74   13.67   17.81    3.84    0.92    3.03
PSATXIVJ   -29.07  -51.67    1.17   32.98   22.47    1.59    4.04    0.45    0.00    0.27    6.26    6.50   25.28    7.71   25.58    8.45    0.00    6.55   32.11    1.46   15.27    0.82    1.46    1.59   37.33    0.13    0.00    0.00    0.02    0.12    0.23    9.93   10.71    0.02    6.79    9.06    0.90    2.56    0.00    0.41    2.18    1.42    0.15    0.11    5.45    2.47   21.36
PSATDFRC   -29.45  -53.28    4.99   51.81    7.15    0.64    1.76    0.55    0.77    1.11   12.28    6.10   10.51   20.89   22.34    1.01    0.00   19.46   31.65    1.17   26.65    6.55    4.27    5.75   25.22    0.00    0.00    0.00    0.00    0.02    0.05    5.78    0.18    0.02    2.97    2.44    0.18    0.00    0.00    0.96    0.08    0.27    0.43    0.03    0.98    1.57   38.33
PSATREAL   -29.02  -53.19    5.16   37.05   12.45    1.66    5.14    0.54    0.37    0.44    6.84    7.57   13.84   18.70   23.89    4.10    0.00    9.44   46.50    2.62   12.66    6.45    2.28    8.79   17.98    0.05    0.00    0.00    0.00    0.09    0.07    9.93    0.86    0.01    5.75    2.08    0.23    0.21    0.00    0.45    0.46    0.17    0.01    0.13    2.98    2.29   32.62
PSATCTAV   -29.01  -51.39   12.77   32.34   34.20    1.61    1.81    0.70    0.00    3.39    1.71    9.98   23.63    5.65   18.35   12.22    0.01    0.97   21.85    2.23   11.80    1.62    3.02    4.13   58.10    0.90    0.00    0.01    0.02    0.10    0.67    6.07    5.05    0.36    4.21   22.37    2.31    3.92    0.01    1.26    5.97    4.37    0.51    0.56    6.54    2.66   15.79
PSATERNT   -28.56  -52.54    2.49   21.27    8.91    2.45    6.43    0.69    0.22    0.32   10.92    6.92   15.51   15.07   41.32   15.25    0.00    8.96   22.84    2.59    3.95    1.99    3.67   10.25    9.09    0.30    0.00    0.00    0.00    0.14    0.14   19.55    6.74    0.02    5.23    2.53    1.13    2.40    0.00    0.37    0.15    0.15    0.00    0.15    4.01    4.65   23.35
PSATSTPL   -27.14  -49.52    9.68   19.56   14.33    2.43    3.21    2.31    0.58    0.21    0.25    6.28    8.79    4.33   29.88   47.08    2.12    3.69    6.47    2.45   14.42    0.24    6.58    2.66    6.84   14.74    0.01    0.46    0.13    0.77    5.89    5.20   21.66    4.31    0.80   27.09    0.80   16.96    2.67    0.20    2.56    0.46    0.40    1.64    4.20    1.13    3.67
PSATCVCH   -25.14  -48.87    1.74    3.88   18.31   19.81    2.85    1.08    0.33    0.00    0.00    9.98   11.12    8.32    4.68   11.92   31.31    8.41    1.48    2.76    0.12    0.02    1.24    2.40    1.51   13.53    3.57    1.56    0.21    3.48   16.45    5.46   21.76    7.97    3.72   11.26    3.14   11.05    1.07    0.00    0.06    0.12    8.15   13.52   20.17    6.26    5.04
PSATAMY    -12.60  -69.12    9.86   11.40    7.05   15.58    5.39   15.24   10.79    4.87    3.51    7.56   20.91   17.54    3.57   14.30    6.70    3.75   23.20   12.60   14.07   14.65   15.96    7.54    8.08   16.84   10.05   12.95   13.00    8.01    9.26    6.62   11.40    9.38    8.21   11.16    5.59   14.92   20.12   17.84   16.56   15.31    7.73    3.34    8.73   11.99   11.39
PSATGJR    -10.73  -65.35   10.94    3.98    7.05    8.64    3.10    3.12    2.88    7.39    3.58   13.13   10.74    8.97    4.34    5.68    9.24    4.12    7.97    7.71    3.28   10.89    7.15    1.77    3.59   25.01   24.67    6.56    5.53    5.87    7.20   10.60   15.08    3.86    7.30   18.90   10.62    2.01    2.36    8.11    7.31   10.25    8.60    3.54    5.83    4.82   14.82
PSATPRNC   -12.43  -64.43    9.04    5.13    6.30   16.70   10.21    7.49    4.10    5.33    1.24    2.43    4.28    4.82    3.49    1.85    2.05    3.06    9.73    7.71    3.71    3.09    5.98    1.33    2.82    7.69   13.94    8.37    6.68    3.45    9.40    1.53   16.57    2.66    3.18    3.31    9.60    1.62    5.36    4.09    4.29    4.55    3.31    3.02    6.84    8.65   10.28
PSATSANT    -8.87  -63.97    3.35    1.28    2.55    7.81    9.41    6.76    4.52    6.04    8.03    7.32    9.81    2.21    8.18    7.28    0.72    2.04    9.94    6.63    5.51    7.31   12.05    3.90    9.18    6.06   14.77    9.69    5.12    2.07    8.52    4.76    7.61    5.05    3.25    3.02    3.12    6.99    8.26   10.38   20.71   20.11    5.89   16.21   11.81    4.05   15.91
PSATDARD   -10.16  -59.46    0.19    0.76    8.42   10.89   10.52    8.13    2.43    0.54    4.28   11.52    1.01   14.14   11.18   16.08    7.02    8.64    8.10    2.34    1.65    2.39   11.21   11.68    4.46    5.26   13.53   17.02    4.43    4.07    7.51    1.20   15.87    0.66    1.17    3.32    7.28    7.92   25.40   28.11   13.24    3.34    3.80   17.65   11.18    7.00    4.61
PSATGUAP   -15.12  -58.96    9.46   20.73    3.46   13.13    5.13   11.77    3.60    5.10    0.95   10.40    5.46    7.39   13.37    1.50    0.93   12.91   13.63    2.04    6.18   11.00    2.27    0.55    8.91    2.38    4.15   12.05    7.23    0.18   21.15    4.30    7.51    0.34    0.24    1.62    4.21    0.61   15.87    9.00    0.92    2.47    2.35    5.74    4.61    1.07    2.23
PSATJIRA    -9.25  -64.65   11.65    3.88    3.83   15.33    7.07    8.57    5.93    6.31    3.03    7.47   10.32    9.00    4.66    5.04    2.35    3.31   14.83   11.05    9.06    9.02   15.64    4.97    6.61   10.27   26.80    9.21    4.81    5.16    9.23    4.44   10.56    4.23    3.97    7.41    9.05    7.11    6.96   15.20   16.50   21.01    9.00    4.50    8.81    9.81   15.06
PSATROND   -11.99  -60.70    7.88    2.32    5.47   25.57   12.16   22.82    4.46    5.52    0.39    6.90    2.60    2.20    5.57    1.83    0.63    4.12    6.70    8.07    2.87    1.02    7.89    1.92    1.97    1.94   13.82    4.46    4.49    1.31   14.10    1.01   11.51    0.85    0.92    3.36   11.32   14.59   12.76    1.37    3.45    2.78    1.65    6.01   11.20    7.63   10.65
PSATSAMU    -8.75  -63.45    5.73    1.38    1.26    4.91   11.02    4.18    4.42    5.69    5.83    5.73    8.32    0.28   12.84   11.35    0.73    8.05   11.74    4.43    5.64    4.59    9.72    5.76   12.94    9.20   15.27    6.84    4.58    3.84   13.21    2.17    3.74    2.89    0.93    4.03    9.07    6.15    9.25   12.70   13.21   24.03    5.30   13.68   18.72    3.10    5.48
PSATBALB    -1.92  -59.47    0.56   15.75   18.15    9.25    5.00    7.48    1.18   12.47    5.63    0.84    0.35    4.57    5.17    7.18   16.23   12.02    8.32   11.64    8.72   10.16   36.44    5.69    9.13    0.81    6.16    5.68    3.24   14.80   12.68   12.41    4.70    3.22    0.82    3.36    8.16    4.49   14.73    2.41    7.69    3.57   10.69   10.08   12.18    5.60    6.56
PSATCUNA    -2.82  -54.30   11.45    1.86    7.79    0.17    2.46    2.41    0.63    1.69    0.66    0.06    0.00    9.13    7.12    4.40   10.48    8.49    8.15    8.35   10.76    8.85    5.83   10.77    8.24    1.13    4.85    0.77    2.43    6.35   14.52    6.83    3.85    2.38    1.19    8.88   14.32   37.00   16.77    7.88    5.76   21.58   22.76   16.40   19.42    2.83    9.68
PSATJARI    -0.65  -52.52    1.89    0.17    0.10    0.25    2.82    3.48    2.68    1.04    0.47    0.15    3.53    0.42    0.77    0.67    4.47    7.58    5.11    7.08    3.94    4.16    2.99   11.87    5.17    3.08    1.19    0.10    3.89    3.16    9.62    8.82    5.77   10.79    5.44    5.27    9.29    6.93    3.16   10.00    8.97    6.69    4.62    7.92    8.55    5.23    4.69
PSATFGOM     0.86  -51.20    8.16    0.26    0.25    1.73    4.31    2.40    3.97    1.49    0.80    0.98    2.22    0.39    0.80    0.74    6.23    3.67    6.13    7.14    5.16    7.34    8.25    5.48    6.12    2.60    1.75    0.65    6.05    5.95    8.56   11.44    8.67    8.47    7.15    4.53   10.31    4.66    3.27    8.04    8.89    9.10    7.97    7.35    6.21    5.38    8.24
PSATUBE     -6.75  -43.57    0.24    0.29    0.62    2.89    1.03    3.16    3.06   13.09   11.65    0.49    0.03    0.48    0.18    0.06    0.65    1.24    0.27    0.68    1.43    1.87    1.00    1.07   11.26   22.76    4.16    5.04    3.00    0.31    0.20    0.11    1.13    6.33    3.51   12.17    8.53    7.54    4.74   10.05   11.65   14.31   20.43    3.66    0.64    0.10    1.71
PSATBSOR    -6.74  -52.00    7.73   11.53    5.21    5.16    9.50    5.83    5.85   11.94   18.49   17.36   17.83    9.32   10.44   13.59    5.26    2.03    1.94    2.64    1.06    4.28    6.54    5.57    1.70    7.92   11.00    7.56    2.61    4.05    3.47    1.56    1.00    1.20    2.41    9.52   20.81   17.86   17.25   18.03   18.17   10.27   15.31   10.30    8.04    0.93    0.07
PSATBESP    -6.75  -51.77    6.60    2.44   11.69    2.73    8.97    6.61    0.32   15.78   21.76    4.54    0.15    5.60    2.26    5.17    2.03    2.72    2.81    5.92    2.50   13.87   17.18   14.11    4.69    3.23    3.55    3.28    4.01    3.11    4.07    1.94    1.58    1.92    1.60    4.91   30.48    8.37    3.47   15.53    8.72   18.66   15.90   16.65   11.46    0.98    0.77
PSATPIME    -3.41  -51.91   15.76    3.79   10.61    7.03    5.57    4.85    1.49    0.70   14.25    2.01    0.95    6.58    5.73    8.35    8.21    3.35    5.96    5.64    4.94   13.55   14.37   13.80    4.99    3.06    3.26    2.07    4.81    7.11    6.54    4.46    5.42    3.12    1.68    6.06   22.32   15.51   13.41    8.83    9.50   20.31   19.46   18.47   13.48    1.75    1.60
PSATIRAP   -16.74  -42.57    6.02    4.28    2.04   12.13   17.03   25.01    2.09    0.64    0.70    2.09    1.63    0.03    0.12    0.00    0.05    0.25    0.11    0.38    0.69    0.09    0.00    0.00    1.65    1.82    5.25    9.20    1.59    0.10    0.08    0.08    1.45    0.07    1.17   13.56   14.23    9.36    4.10   14.02   12.52   24.63    0.07    0.55    0.94    0.93    1.91
PSATITBI   -15.97  -39.59    4.07    1.96    1.10    8.56   23.11   34.75    4.27    1.12    0.80    2.33    0.74    0.15    0.37    0.25    1.29    0.39    0.75    1.80    1.10    0.20    0.05    0.08    0.35    0.28    0.54    1.94    0.42    0.13    0.01    0.01    0.08    0.15    3.20    7.72    8.51    3.73    2.75   15.18   18.26   10.66    0.20    0.91    1.31    1.10    1.38
PSATCOLI   -10.98  -55.77    8.19   18.65    4.05   11.95   13.73   11.11    7.40   12.61   22.15   20.56   21.32   12.84    7.00   18.29    3.35    2.11    4.13    1.56    0.73    1.19    2.63    5.61    1.37    1.55   11.28   14.13    5.76    3.74    3.33    4.38    1.69    0.58    2.40    3.72   13.62   22.20   24.49   37.08   12.07    6.29    6.24   10.80    6.80    2.23    0.09
PSATSAEL    -9.19  -57.04   10.76    8.65    4.62    6.76    7.40    4.53    2.18   13.35   28.99   11.47    5.71   34.37    7.69   14.45   13.34    2.23    5.07    2.58    1.05    7.21    7.18   12.74    9.24    4.14    9.08    7.09    2.08   16.04    1.87    2.49    6.37    0.96    1.06    7.10   28.21   30.16   12.67   18.69   28.19   12.90   14.59   21.02    9.86    2.32    0.11
PSATITQ    -17.09  -54.83    6.40    1.97   10.41   18.20   13.39    7.19    2.65   21.13    4.48   14.33   39.03   29.53    1.06   10.35    2.98    0.66    1.47    0.48    0.01    0.02    0.24    1.05    0.26    6.17   13.75   12.99    6.63    1.51   12.86    2.24    4.19   13.95    0.97    1.88    7.42    6.71    7.20    1.81    2.11    7.54    9.28   14.09    5.14    4.71    0.57
PSATJAU    -15.24  -58.73    6.12   20.48    4.01   17.34    6.72    9.05    5.33    8.35    1.12   13.54    5.98    5.46    9.37    1.41    0.74   12.24   15.82    1.86    5.66    9.47    2.02    0.50    8.69    2.90    7.14    9.21    7.15    0.15   20.82    6.71   10.88    0.31    0.14    2.73    3.69    0.92   18.94    8.58    1.01    3.03    2.21    4.06    5.29    3.99    3.28
PSATMAN    -14.87  -55.78    6.06    5.19    8.29   16.29   13.03   10.91    7.36   18.71    3.96   29.99   17.76   12.15    3.26   11.91    3.23    3.63    3.03    0.34    0.10    0.06    1.68    2.11    2.06    0.71   13.23   18.33    3.89    5.32    6.85    6.26    2.86    1.79    0.99    0.77   10.94    2.66   10.68   21.76    2.94    4.72    3.14    8.87    5.04    3.38    0.32
PSATPTP    -17.61  -54.83    8.44    3.13   12.61   16.00   16.86    7.31    2.16   17.48    1.42    9.13   41.53   19.38    0.99    6.35    2.94    0.87    1.42    0.45    0.02    0.04    0.23    1.70    0.46   11.21    9.52   14.22    5.91    0.65   13.26    3.29    2.83   15.26    0.46    3.73    3.76    6.66    6.27    1.54    2.31    5.78    4.98   19.55    5.25    7.22    0.70
PSATSTCL   -17.90  -40.20    2.24    0.68    0.55   25.19   37.38   40.97    1.68    5.08    0.16    1.57    1.08    0.06    0.19    0.06    0.12    0.16    3.37    1.30    0.32    0.35    0.00    0.00    0.03    0.00    0.08    0.32    0.24    0.01    0.00    0.00    0.05    0.46    2.09    4.21    5.51    1.61    1.84   16.87   22.22    8.98    0.02    2.12    2.47    3.43    1.88
PSATPDC    -12.58  -39.00    0.39    0.31    0.39    1.01    5.00   21.82   28.77    4.68    6.97    0.71    0.34    2.40    1.46    1.68    1.98    2.26    2.78    0.66    1.36    0.16    0.15    0.09    0.29    0.50    0.30    0.58    1.08    0.86    0.43    0.01    0.01    0.11    1.57    1.93    0.43    0.34    0.54    3.94   17.73   14.81    0.54    0.88    1.71    1.47    2.35
PSATROSA   -20.92  -41.72    6.82    1.04    6.54   28.18   46.01    6.99    0.89    2.20    0.34    0.06    0.24    2.51    0.14    0.05    0.00    0.06    0.01    0.03    0.02    0.01    0.00    0.00    0.79    0.04    0.08    6.20    6.22    1.10    0.60    8.86   10.64   23.13   19.16   11.78    5.18    5.52    9.22    9.67   15.31   20.26    0.35    0.66    0.47    7.83    0.18
PSATCAN    -20.21  -42.85    4.18    2.39    8.50   26.87   17.80    4.03    0.56    0.93    0.31    0.08    2.26    4.93    0.16    0.03    0.00    0.02    0.09    0.27    0.05    0.01    0.03    0.02    1.33    2.75    0.70    3.82    7.34    1.17    3.23    6.66    6.28    7.62   17.31   14.34    8.47   11.65   11.58    8.47   28.98   23.62    0.27    0.16    0.52    3.85    1.39
PSATSAC    -19.64  -42.85    4.28    1.74   10.03   18.98   19.81    8.29    0.95    1.26    0.42    0.19    7.86    2.07    0.37    0.07    0.00    0.00    0.23    0.85    0.16    0.01    0.00    0.03    2.49    4.18    0.23   16.56    3.65    0.08    0.20    8.92    4.29    5.44   10.11   10.38    7.13   12.96   13.30   12.91   16.34   14.15    0.08    0.05    0.71    2.70    1.17
PSATPES    -19.12  -42.66    4.20    0.53    5.52   12.96   28.08   23.28    4.08    1.57    0.34    0.99    1.68    0.34    0.15    0.03    0.00    0.01    0.16    0.98    0.54    0.00    0.00    0.00    2.56    0.40    0.14   18.47    1.76    0.04    0.02    3.63    3.56    2.84   17.90    6.28    6.34   13.96   15.98   18.56   24.09   15.86    0.18    0.69    2.19    6.60    3.77
PSATMAS    -19.50  -40.92    4.43    0.78    5.48   18.20   29.92   16.64    1.49    1.66    0.19    0.32    1.11    0.29    0.22    0.06    0.06    0.12    0.29    0.74    0.32    0.10    0.00    0.01    0.20    0.04    0.20    6.23    0.70    0.04    0.01    3.07   10.01    7.49   10.88    9.16    8.00   11.15    8.49   16.99   23.08   13.84    0.29    0.49    1.32    3.87    2.01
PSATSBR    -23.37  -45.87    1.58    0.51    6.76   10.22   28.37    6.47    0.86    0.08    0.13    0.20   14.69   10.57    3.33    0.92    4.71    8.67    0.09    0.02    0.12    0.03    0.35    1.56    2.67   36.83  102.16   12.71    7.97   13.73   14.08    9.63   11.15   17.65    5.49    3.05   21.10   31.98   50.83   21.00   23.40   10.01   31.62    8.04    1.55    3.78   13.36
PSATJAG    -23.20  -46.03    1.07    0.16    7.64   13.27   18.84    2.96    0.24    0.03    0.00    1.02   19.00   12.89    3.95    3.54    9.67    6.96    0.03    0.02    0.06    0.02    0.90    2.85    3.39   40.89   84.78    9.16   17.76   15.84   17.82   12.60    5.92   14.31    4.55    6.23   22.77   33.20   56.76   16.42   17.94    7.66   31.80    5.49    3.66    0.70   17.73
PSATFUNI   -22.53  -44.57    1.24    0.46    6.30   13.92   23.03    2.98    0.43    0.16    0.05    0.62   13.85   16.18    6.44    2.17    7.13    5.68    0.01    0.03    0.03    0.00    0.46    3.24    3.43   29.05   54.22   11.91    9.11   10.70   15.78   10.51    9.42   14.40    5.44    3.42   10.22   37.92   51.09   33.66   28.41    9.75   35.71    5.10    1.33    0.40   14.16
PSATSACE   -22.48  -43.84    5.66    2.75   10.24   13.10   30.42    6.85    1.97    0.47    0.02    0.04    2.04    5.87    0.19    0.15    1.98    2.98    0.00    0.00    0.00    0.03    0.04    1.37    2.38   11.42   24.03   13.55   17.81   11.49   16.54   19.10   20.51    6.64   10.22    5.19    5.81   44.25   32.67   23.03   48.00   13.21   23.04    0.17    0.14    1.68   10.62
PSATPIC    -21.91  -43.54    7.12    1.54    7.21   11.47   23.87    3.01    1.09    0.46    0.10    0.05    0.94    2.85    0.09    0.06    0.24    0.60    0.03    0.00    0.02    0.00    0.02    0.72    1.39   21.73   15.17    9.67   17.85    7.29   16.72   12.60    4.85    1.50    4.76    9.55    3.02   25.45   31.52   13.34   40.04   16.48    5.07    0.12    0.15    1.46    7.51
PSATSOGI   -21.94  -43.36    8.52    6.83    9.91   12.07   21.34    3.35    1.85    0.39    0.21    0.02    0.90    5.53    0.02    0.00    0.02    0.31    0.24    0.06    0.01    0.04    0.10    0.89    0.56   20.38   12.22    5.28   17.14    6.62   23.80   16.34    6.47    2.00    8.62   12.63    9.34   22.03   25.51   12.37   25.13   20.86    1.25    0.24    0.35    0.85    2.04
PSATIPSI   -21.84  -42.58    4.67    4.54    9.04   13.17   20.50    4.69    1.12    0.30    0.20    0.01    0.49    5.47    0.56    0.28    0.17    0.44    0.07    0.20    0.05    0.06    0.08    0.54    0.40   17.46    9.50    7.24   13.17    3.33   12.78   16.75   13.64    7.92    9.09    9.29    6.99   26.08   24.83    9.49   26.69   16.29    1.74    0.24    0.23    0.86    1.61
PSATTCLJ   -22.69  -43.83    1.71    0.97    4.67    6.52   24.21   14.74    0.89    0.27    0.00    0.00    0.42    3.10    0.09    0.00   11.32    0.66    0.00    0.00    0.00    0.00    0.03    0.05    0.12    9.80   26.49    8.94   20.97   11.51   11.29   11.57   20.39   14.43    3.05    1.83   22.19   52.37   32.41   23.10   51.09   14.13   14.07    0.27    0.31    1.19    0.12
PSATBIGU   -25.51  -53.67    0.06    0.53   13.13    4.64    5.04    1.27    0.06    0.00    0.06    5.90   24.56   14.22   54.94   36.08    1.32    9.81   14.23    3.54    3.36    0.09    0.96    1.54    9.10   14.38    0.51    0.00    0.25    1.43   12.76   28.30    5.96    0.68   16.22    6.62    0.77    3.25    1.18    0.26    0.06    0.03    0.69    2.07    5.38    2.99    1.31
PSATBRAU   -21.45  -42.41    5.35    8.93   13.39   23.22   15.42   10.08    1.83    0.65    0.24    0.00    3.88    7.27    0.15    0.00    0.00    0.34    0.66    0.28    0.03    0.14    0.03    0.34    0.23    4.60    2.32    5.17   13.82    1.93    5.91    6.86   20.24    7.49   17.91   16.37   13.19   18.84   10.89    7.24   16.12   25.90    2.14    1.40    1.45    1.98    0.73
PSATSUIC   -20.08  -40.58   14.15    1.06    1.44   35.68   33.23    2.01    0.92    5.14    0.08    0.24    1.63    0.58    0.46    0.06    0.14    0.00    0.56    0.82    0.15    0.56    0.02    0.12    0.02    0.02    0.82    0.79    5.80    0.24    0.03    3.85   16.24   10.28    5.62    8.06    7.66    1.25    4.06   10.38   13.43    3.17    0.76    0.34    1.89    2.56    1.98
PSATJRI     -9.30  -64.70   13.99    4.81    2.60   17.58    6.81    8.58    5.94    6.82    1.73    4.32   12.66   10.53    5.48    6.36    2.31    3.55   14.72   12.28   10.72   10.24   16.18    4.56    4.39    7.71   27.78    8.75    4.09    4.17    6.50    3.20   11.17    3.68    3.58    6.41    5.68    7.62    8.15   14.25   17.98   22.37    8.50    4.16    9.81   11.45   16.88
PSATBENI   -14.59  -67.53    5.55    2.80    6.49   10.01    5.77    8.73    5.63    5.02    6.99   15.70    6.11    5.33    1.91    2.52    2.73    2.95   16.34    8.06    5.70    6.69   11.89    6.62   10.54   16.09   24.16   10.27    7.76    8.28   17.54    7.54    9.80    6.29    5.80   10.54   17.62    6.04    4.34   18.76   11.53   18.65    7.59    6.02    6.86    5.85   10.39
PSATEPB    -12.42  -64.42   10.06    5.41    6.59   12.65    7.24    5.99    3.31    6.93    1.30    3.50    4.68    5.53    3.42    3.02    6.33    3.65    7.91    6.50    3.17    3.01    5.10    0.98    2.52   14.18   20.93    7.91    6.37    3.70    7.64    4.18   16.67    2.82    4.21   10.14    7.52    1.08    3.79    2.97    3.04    4.02    3.62    3.23    5.19    6.78   11.76
PSATEGM    -10.79  -64.35   10.43    3.25    6.96   10.64    4.17    3.42    3.42    6.17    4.33   16.08   12.76    9.77    4.77    5.69    6.53    3.90    9.81    9.28    3.77   13.87    8.84    2.37    4.25   23.12   20.03    6.43    5.41    6.35    8.51   10.72   14.55    4.05    7.55   16.46   13.63    2.74    3.26   10.98    9.88   13.46   10.10    3.48    7.75    5.58   14.70
PSATSTOA    -8.79  -63.95    3.07    1.28    2.54    6.22    8.65    6.61    4.45    6.52    7.16    7.07   10.11    2.13    8.01    6.46    0.70    2.11    9.07    6.75    5.28    6.73   11.41    4.08    9.20    6.59   14.20    9.62    4.89    1.58    9.09    4.57    8.16    4.97    3.10    2.95    3.36    7.29    8.45   10.25   22.13   21.01    6.20   16.04   10.76    3.33   16.19
PSATENC     -9.90  -66.62    9.43    2.34    8.45   11.87   15.00    8.23    8.46    6.36    1.82    0.79    3.01    5.24    7.89    5.47    1.12    2.65   10.95   10.41    8.39   10.11   27.70    2.56   13.86   15.57   21.82   10.41    3.32    3.64    4.44    5.98    4.58    1.45    1.60    6.53    5.12    8.04    4.92   12.42   23.15    9.63   20.31    2.95    5.28   11.46   18.23
PSATAMY1   -11.71  -70.63   11.37   20.96    3.14   19.61    5.49   10.11   10.20    2.67    0.60    0.54   12.92   13.54    2.26   20.22    4.50    1.66   20.23   18.31   19.77   24.54   17.18    7.39    1.33   20.84    3.89    8.08   11.60    4.52    4.29    3.75    9.06    4.56    4.26    2.88    1.47   13.13   18.87   31.28   26.34    9.32   10.01    1.65   13.06   16.54   13.61
PSATAMY2   -12.37  -71.17   11.21   11.78    7.44   17.66    6.01   12.33   13.42    6.35    3.94    6.34   13.20   12.53    3.39   16.44    9.03    3.42   26.97   13.40   14.41   13.15   15.78   10.80    8.28   17.67    9.36   16.21   15.14   11.16    8.50    7.33    9.86    9.34    9.13    9.82    6.50   13.83   17.90   14.70   18.29   16.20    9.31    4.48    5.91   12.10    8.48
PSATAMY3   -13.75  -70.18    8.05    5.59   12.67   11.56    4.73   25.65   10.53    4.86    6.04   14.70   35.61   21.65    5.70    6.87    6.50    6.20   19.41    7.17    9.78    8.35   14.77    5.58   15.55   15.97   11.22   14.11   10.78    8.79   15.00    9.77   12.20   13.47    9.42   18.18    6.24   20.56   27.48   13.55   10.43   15.83    5.50    4.30   10.62    7.19    8.08
PSATAMY4   -13.45  -69.47    6.88    2.31    3.53   11.19    5.08   14.29    5.61    3.72    3.50   10.99   24.84   29.97    2.67    9.37    5.16    3.58   22.67    8.78    9.75    8.49   13.36    3.03    6.94    9.28   19.56   11.02   12.56    5.33    9.50    3.57   16.21   10.95    8.94   15.48    9.59   11.07   17.13    8.44    6.62   19.45    3.27    1.47    3.85   12.01   18.71
PSATJRN    -13.37  -59.01    3.81   11.25    2.11   16.24   12.82   10.82    4.32    2.91    0.55    3.37   10.76    4.65   16.72    1.66    1.88    3.49    9.88    2.11    2.43    2.47    1.59    0.51    3.81    5.69    6.32   15.98    5.55    0.47   10.94    8.90   11.40    0.61    1.43    1.37    5.52    0.23   16.46    7.34    0.50    0.89    1.40    4.91    8.38    0.93    3.81
