PSATAGV    -19.89  -50.35   22.43   35.30   21.34    2.43    3.81    5.79    8.30    0.75   10.41    5.51    9.78   16.31   28.16    3.08    0.63    0.66    0.87    0.49    0.68    1.87    4.46   27.12   37.05   14.95   16.26   18.87   35.20   16.21    8.76   14.83    5.79    7.79    7.64    0.55    3.49    3.78    9.50    5.56    6.44    9.19   10.90   21.37   24.47   29.50   36.90
PSATCMG    -21.28  -44.63    8.40   23.10   19.89    1.64    0.07    2.16    1.36    4.50   10.35   15.91   20.40   10.30   22.12    4.95    1.74    1.31    0.48    4.33    1.55    0.02    0.28   13.29   26.20    7.11    4.23    4.38   10.73    3.94    6.31    6.70    5.27    0.70    0.05    0.70    2.28    3.52    7.02    6.68    7.55    8.31   10.27    2.51   11.54    5.15    4.85
PSATCES    -20.25  -48.16   13.85   24.52   13.10    2.24    1.66    1.60    3.00    1.03    6.24   16.89    8.99   15.30   20.19    0.85    1.04    0.44    0.39    0.67    2.24    2.60    1.47   22.72   26.11   17.81    5.84    8.10   25.80   12.89    5.05   21.74    6.17    3.61    4.04    0.60    0.76    5.95    5.96    7.39    6.46    9.34   10.44    7.94   15.03   31.42   43.91
PSATELC    -21.60  -46.95   13.77   28.90   25.00    4.38    3.39   10.82    1.79    1.66    6.11   14.30   13.99   23.41   36.69    0.74    0.75    0.10    0.15    0.74    0.87    3.80    2.25   22.07   28.09   27.40    4.17    7.09   23.65   16.47    9.91    8.45    5.96    2.09    1.34    1.16    0.97    4.75    7.66    7.21    8.87    8.76   15.15    6.01   22.07   30.88   28.65
PSATFUN    -21.14  -45.04   12.78   24.02    7.60    1.39    0.05    1.07    0.44    3.53   10.86   23.06   16.29    9.92    7.54   10.82    2.09    0.63    0.27    5.23    3.45    0.07    0.42   13.11   19.95    7.41    1.68    1.34    7.79    3.48    5.65    5.84    4.50    0.72    0.07    0.51    1.21    2.21    5.46    5.54   11.41    9.15    8.04    0.94   12.08    8.67    6.42
PSATFUR    -20.67  -46.32   17.67   26.68   13.91    2.20    0.53    2.01    0.33    1.90    6.27   24.09   13.12   14.82   10.68    3.32    0.92    0.26    0.10    2.97    1.39    0.97    1.08   18.54   17.11   10.76    2.18    3.82   13.14    6.76    9.25    8.18    3.92    1.24    0.34    0.41    0.80    3.26    5.93    9.32   10.71    7.95   11.97    1.31   10.91   12.01   17.55
PSATMRB    -20.30  -49.18   17.88   27.54   17.68    2.95    3.56    4.30    2.70    0.97    4.90   13.46    9.31   17.62   23.09    1.48    0.81    0.23    0.49    0.36    0.71    1.50    1.98   27.76   37.34   22.44    9.37    7.89   25.07   14.97    7.65   20.84    5.13    6.53    4.46    0.69    1.15    2.85    8.46    6.65    8.35    8.62    8.86   20.79   23.80   33.20   47.77
PSATPRG    -21.59  -45.67   16.70    7.70   22.01    4.59    1.66   13.12    3.12    1.88    9.70   13.79   11.46   21.16   15.01    0.61    1.00    0.34    0.01    0.99    1.20    1.12    3.71   17.63   24.56    8.14    3.59    9.06   15.67    7.60   13.37    4.85    3.29    1.98    1.51    0.45    0.82    3.78    6.49    9.16    7.02   11.78   14.01    3.43   19.23   14.75   17.50
PSATPAS    -21.02  -48.18   26.47   18.88   19.57    5.70    8.89   12.69    3.78    1.76   13.28   13.36   13.66   19.60   29.79    0.43    0.44    0.20    0.18    0.14    0.78    1.41    4.80   19.73   30.89   46.09    8.29    5.83   19.87   19.22    6.97   14.06    3.14    3.64    4.16    3.47    1.16    4.11    7.25    8.84    7.40    7.79   12.62   20.54   30.45   47.94   33.64
PSATPTB    -21.61  -45.49   18.67   17.83   20.18    2.53    0.76    4.03    0.27    2.59   12.20   13.42   10.10   15.84   22.86    0.73    1.40    0.48    0.03    0.97    1.38    0.21    1.22   16.07   25.32   11.80    3.15    6.08   13.91    6.84   13.56    7.26    3.52    2.30    0.47    0.08    0.68    4.27    4.34    8.25    5.06    9.53   11.13    2.33   28.48    8.19   13.26
PSATPTC    -20.00  -48.55   15.65   25.47   13.22    1.93    0.48    0.49    0.21    0.87    7.95   16.61    8.17   16.80   22.49    4.14    0.69    0.85    0.36    1.52    1.48    1.88    2.16   23.85   25.53   16.63    4.14    7.36   21.95    6.88    6.69   16.48    6.88    5.03    1.36    0.11    0.49    4.34    5.53   10.34    7.30   12.04   14.45    6.82    5.43   20.23   28.10
PSATFZA    -26.00  -51.65   35.93    8.12    1.34   11.67   28.21   22.23   26.79    8.48   15.87   10.23   14.10    9.11    0.24    0.15    0.59    0.12    0.02    0.00    0.04   18.83    0.62    0.29    6.65    5.94    9.20    3.35    3.94   47.16   23.35    2.23   19.41   14.85    1.11    3.07    8.63   11.41    7.97    5.39    3.37    1.90    8.61   10.35   13.96    4.71    5.37
PSATJSG    -25.78  -52.00   14.11   17.31    2.48   20.15   34.17   16.64   19.69   11.34   17.41    9.65   15.02    3.29    0.06    0.10    0.09    0.01    0.01    0.00    0.25   26.16    0.63    0.25    4.42    3.72    4.58    3.79    2.56   53.72   21.81    3.86   39.48   15.52    0.44    3.51   13.01   11.30   11.92    6.55    4.29    1.79    8.39   10.17    9.69    4.41    3.70
PSATSCX    -25.53  -53.48    8.21    9.99    1.52   28.19   29.25   13.36   11.19   14.57   16.23   13.43   21.79    3.52    0.13    0.29    0.00    0.01    0.00    0.00    1.77   20.71    2.64    0.91    3.08    2.16    2.79    2.93    9.81   34.68   10.50    3.45   73.76    7.00    0.36    4.46    9.83   12.71    8.77   12.41    5.49    9.16    8.85   11.63   13.85    2.46    2.77
PSATSCL    -25.49  -51.74   29.55    3.10    2.39   11.07   31.26   26.63   19.29    7.91   12.40    9.75   10.64    5.87    0.21    0.31    0.05    0.02    0.00    0.00    0.11    4.37    1.72    1.13    4.69    6.63    3.62    2.62    7.92   34.87   18.20    1.88    7.46   15.76    1.31    3.46   14.24    9.26   11.81    5.28    3.62    2.30    7.57   13.37   12.63    3.69    4.68
PSATUVT    -26.23  -51.08   20.00    6.22    0.77   10.28   29.12   22.08   36.29    4.60   18.12    8.40   19.94   17.84    1.08    0.56    1.85    1.36    0.08    0.03    0.04   20.06    3.29    0.69    2.85    5.30    4.34   11.11   12.38   60.55   21.87    1.42   13.12   14.95    2.68    1.78    2.96    9.99    6.97    6.45    5.49    5.06    8.11   19.06   29.87    5.46    4.90
PSATBSM    -24.19  -53.74   28.46    3.83    1.23   10.16   27.14   15.27    4.28    5.19   11.36    7.89   20.33   12.04    0.53    0.67    0.00    0.03    0.03    0.00    0.37    9.15    4.93    2.08    2.26    2.29    3.03    3.55   10.89   20.78    4.75    2.60   33.91    5.91    1.31    1.67   12.20    7.21    7.59   18.64    7.05   11.53   11.38    7.57   15.03    3.16    3.96
PSATFLE    -22.97  -54.56   42.08    0.65    0.48    7.14   36.82    4.61    0.23    2.81    5.51    6.09   35.15   12.68    0.71    0.01    0.02    0.00    0.09    0.00    1.35   13.25   10.17   11.39    1.52    0.68    2.65    6.99    6.75    1.81    0.27   23.65   29.46    1.14    0.15    1.69    9.62    7.73    5.04    4.38    2.54   15.52   17.12   20.91    3.17    1.96    2.34
PSATITP    -25.42  -54.58   25.08    1.71    0.97   12.51   27.73    7.78    1.60    4.03   10.40    7.81   27.50   15.04    0.69    0.23    0.00    0.01    0.07    0.00    0.80   16.20    7.19    6.59    1.91    1.57    2.08    5.58   21.26    5.63    1.61    9.55   40.51    1.88    1.12    1.76    4.74   10.91   12.02   17.56    4.81   21.08   22.59   15.01    8.18    2.49    4.12
PSATIVM    -22.38  -53.53   21.80    0.42    0.33    9.94   21.55    4.21    0.97    3.44    4.76    7.36   17.35   17.27    1.04    0.03    0.08    0.00    0.12    0.05    1.17    6.68    9.25   10.21    4.80    2.07    5.29   20.82   29.60    4.41    5.65   48.78   29.87    2.74    2.16    4.72    7.24    5.72    0.32   10.99    4.56    9.04    9.23   12.12    8.44    5.61    8.10
PSATPTQ    -23.18  -53.17   66.81   10.27    1.26   11.42   31.97   15.13    8.66    4.15   14.03    7.97   11.19   20.44    0.85    0.39    0.01    0.11    0.07    0.00    0.52    9.42    5.50    5.57    5.06    5.58    4.05    6.05   16.78   34.91    9.00    3.58   19.67   12.45    3.67    4.69    9.98    5.19    4.66   15.11    9.51    8.16    7.04    7.37   22.86    3.57    5.80
PSATCBI    -17.99  -48.54   14.00   26.79    7.63    1.26    0.02    0.01    1.25    0.53    0.01    0.05    0.22    5.40    2.03    9.36   17.65   16.67    8.69    9.70    4.12    3.26    2.22   12.39   35.81   16.63   10.19   12.83   16.60    3.81    9.61    7.68   11.19    3.69    0.23    0.00    0.50    2.63    4.47    4.30    6.23   10.93   10.17    8.25    5.21   21.25   10.52
PSATCBIV   -16.15  -48.67   12.44   19.72    5.22    1.37    0.02    0.06    3.06    0.52    0.00    0.00    0.38    2.90    1.52    6.32   15.09   19.66    8.44   12.42    3.73    4.37    3.31   15.47   24.91   13.40   13.62   13.57   13.47    2.11    6.45    2.54    7.19    3.63    0.34    0.00    0.70    3.34    5.99    5.43    7.71   17.07   13.21    7.30    3.01   11.30   12.45
PSATEMB    -18.45  -47.98   10.72   33.09   12.00    0.78    0.00    0.00    0.01    0.65    0.27    1.45    3.34   10.50   12.77   11.12    6.28    2.64    1.95    2.58    5.07    1.02    1.32    9.98   17.53   10.60    4.86    2.11   14.46   17.09    8.02    7.39    6.24    2.12    0.26    0.21    0.30    1.67    2.65    3.65    9.09    8.86   10.26    4.06    7.35   17.11    6.25
PSATIMBR   -18.42  -49.10   21.40   29.79   14.15    1.44    0.14    0.07    0.13    0.44    0.61    1.27    2.02    9.98   13.27   11.82    6.48    4.41    2.93    2.74    1.82    2.05    1.31   19.55   31.39   13.72   10.06    8.33   17.57   11.56    7.62    9.96    7.60    3.89    0.31    0.03    0.33    2.73    4.08    3.91    4.85   11.47   14.20   12.73    6.59   26.02   12.56
PSATNPTE   -19.13  -47.70   12.42   28.03   11.07    0.95    0.00    0.00    0.08    1.04    3.28    9.28    7.16    8.87   12.58   19.55    1.07    1.48    0.75    3.87    2.39    1.78    1.02   20.92   12.56    7.06    6.30    4.09   16.29   10.95    8.53    6.39    3.27    3.36    0.57    0.18    0.13    5.27    3.36    5.33    7.73    7.89   15.51    5.70    3.94    8.31   12.79
PSATARV    -18.07  -50.16   28.22   23.55   15.41    1.37    0.59    1.89    5.28    2.58    0.29    0.19    1.79    6.12   12.75    8.89    9.74    7.62    5.30    3.26    2.20    2.80    7.35   21.13   14.51   25.57   20.90   18.36   14.17    8.74   36.08   11.70    3.42   11.61    3.46    0.00    0.07    4.58    4.64    3.55    4.96   10.34   15.50   11.81    6.35   11.14    8.91
PSATSFC    -18.05  -47.68    9.45   24.72    6.38    0.98    0.00    0.00    0.59    0.29    0.01    0.21    0.11    3.50    3.91    8.14   19.09   12.33    9.47   12.45    7.56    3.05    1.40   11.24   35.05   11.95    4.38    3.95   10.75    4.68   13.14   13.42   10.83    2.88    0.19    0.01    1.04    2.34    3.16    3.85    7.87    8.91   11.70    1.79    5.65   18.18    8.34
PSATSSM    -19.02  -50.50   25.75   28.08   21.36    1.35    1.11    2.51    1.32    0.51    0.72    0.40    2.87   11.66   22.96    8.18    4.55    5.52    3.00    2.32    1.64    2.04    4.41   24.50   31.63   17.01   21.39   13.50   16.68   12.70   15.53   18.66    5.77    7.12    2.56    0.02    0.18    1.49    4.32    5.30    6.58   11.85   11.68   15.15    7.82   18.09   14.45
PSATCNI    -22.94  -50.52   35.39   11.22    5.03   21.56   27.68   11.82    4.68    2.88   13.58   10.83    6.37   25.52    3.05    0.23    0.01    0.11    0.10    0.18    0.80    3.15   13.08   15.03    6.16   10.01    8.64   33.86   57.54   45.39    7.98    2.35    8.22   12.72    3.39    7.27    1.54    6.18   15.32    4.68    5.13    6.47    5.45   22.17   36.99   21.27   14.99
PSATCPV    -22.65  -51.33   41.54   14.40    1.38   11.88   25.44   10.01    5.21    2.55    9.45    9.26    6.72   25.15    1.62    0.34    0.01    0.10    0.08    0.04    1.32    5.84   10.66    7.99    4.71    5.65    8.34    7.62   48.99   48.05    7.69    3.16   13.29   15.59    3.34    8.97    3.02    6.64    6.50    6.46    3.76    3.57    7.16   16.26   30.58    9.38    9.82
PSATCHT    -23.01  -49.73   10.10    1.61    1.08   13.11   23.26   19.52   10.26    2.05    4.97    9.92    3.13   18.55    3.12    0.19    0.04    0.20    0.00    0.04    1.03    2.47    6.40    4.45    5.29   12.57    9.38   10.47   43.02   75.57   11.56    1.94   10.07   12.44    3.81    5.59    1.40    5.23    9.74    5.44    2.76    5.16    4.90   15.97   50.55   22.06    9.48
PSATJUR    -23.22  -49.23   10.68    3.83    4.67   12.10   14.53   11.05    6.48    1.22    9.04   11.92    3.87   16.00    4.16    1.62    0.69    0.88    0.07    0.12    1.41    2.29   15.19   10.02   10.78   14.12    4.89   31.66   53.44   41.71    6.04    1.68    7.73    5.28    7.75    3.34    1.20    6.59   13.28    5.00    6.09    6.84   10.38   25.63   44.53   30.25   15.74
PSATMAU    -24.06  -50.71   13.53    1.13    0.70    5.45   21.80   20.94   16.27    3.61   11.45   11.23    5.90   23.93    1.08    0.06    0.11    0.27    0.00    0.00    0.11    3.11    5.18    2.08    1.50    5.80    4.49   10.36   16.99   71.53   22.29    1.66    9.87   14.18    2.96   13.30    5.72    8.19    7.12    5.51    3.61    3.60    5.72   11.29   49.23    4.46    3.06
PSATROS    -22.50  -52.87   79.20   19.95    1.35    8.66   26.82   10.86    4.51    2.42   11.21    5.00    9.71   28.90    1.12    0.70    0.00    0.12    0.20    0.01    1.19   16.06    8.38   10.15    4.52    6.60    4.66    3.89   61.09   26.98    4.31    4.41   29.24    5.55    5.08    4.19    2.48    3.27    4.98   13.15    5.32    6.41    9.27   15.54   25.58    5.00   15.66
PSATQMD    -16.21  -47.33    7.88    6.71    3.56    0.50    0.00    0.05    0.60    0.05    0.00    0.00    0.00    1.93    2.27    7.35   14.35   17.78   23.93   12.62    7.72    3.48    1.02    4.26   29.23   11.58    7.29    3.42    6.06    3.43   18.28   19.79    4.18    0.47    0.09    0.00    1.24    2.66    2.64    2.84    1.72   15.96    5.02    1.57    1.59   10.97    2.24
PSATRBX    -18.95  -44.76   13.83   28.77    4.15    0.42    0.01    0.34    0.42    4.26    1.88    5.36    8.10   13.16   10.27   21.15    3.67    0.29    0.38    4.58    1.58    0.08    1.85    9.18   12.73    5.57    1.32    0.17    3.39    4.06    4.04    4.27    3.69    0.09    0.06    0.62    0.89    3.01    3.10    6.66   14.30    8.82    9.96    0.72   11.49    8.81    3.76
PSATSFR    -15.93  -44.86    6.30    8.64    2.50    0.13    0.00    0.04    0.60    0.17    0.00    0.00    0.00    3.32   11.21   26.29   22.61   20.83   18.43   19.15    3.52    0.77    0.90    3.94   18.19   10.07    2.61    2.08    6.75    3.84   10.09   11.27    5.47    0.26    0.37    0.01    0.51    0.69    0.75    1.44   12.76   16.33    6.51    2.80    6.24    9.79    3.20
PSATSRM    -16.37  -45.07   12.48   18.91    3.89    0.19    0.00    0.00    0.19    0.83    0.22    0.56    0.84   10.71   12.20   21.10   22.19    9.51    8.08   12.43    3.43    0.51    2.56    2.84   12.60   11.34    1.63    1.21    5.97    7.02    5.91    7.47    2.43    0.32    0.14    0.10    0.61    0.96    0.91    3.68   15.90    8.07    8.68    2.42    3.87    8.54    3.58
PSATTMR    -18.16  -45.27   20.04   33.80    6.86    0.59    0.01    0.00    0.13    1.49    2.10   11.10    6.84   15.91   15.55   16.20    3.33    1.32    0.57    6.11    2.94    0.73    1.24   15.78   13.41    7.18    2.12    3.88    9.02    8.46    6.00   11.47    3.42    0.80    0.12    0.81    0.36    3.98    4.38    6.54   14.09    9.24    9.61    1.36    8.35    6.90    8.30
PSATBOQ    -11.35  -43.83    2.79    6.36    0.68    0.24    0.36    0.41    3.20    0.89    0.80    0.27    0.07    1.00    8.92   10.54   14.71   17.72    4.76    2.46    0.87    0.08    0.62    0.58    0.64    0.18    0.28    0.11    1.51    0.95    7.46    3.61    0.85    0.03    0.03    3.37    2.21    1.64    3.23    6.03    9.38   22.63    8.15   10.78    9.77    8.88    5.64
PSATBBO    -22.52  -48.55   28.91    7.77   14.88    7.15    6.57   16.06    4.48    2.40   15.09   14.97   12.34   17.41    5.48    1.12    1.01    0.36    0.02    0.10    0.78    1.82   14.54   22.97   26.65   52.07    8.73   21.50   18.14   15.87    4.19    5.64    5.11    4.53    6.18    3.96    0.42    7.59   11.40    8.00    7.88   10.00   10.07   23.67   38.56   30.36   21.03
PSATESZ    -23.46  -46.91   30.85    4.10    7.13    3.20    1.64   13.38    9.42    5.59    7.92   12.13   10.22   11.18   11.44    6.71    3.73    2.02    0.88    0.24    1.25    3.97   17.41   20.03   23.46   34.65    5.16   12.26   15.49    8.52    1.21    1.94    2.60    0.70   13.76    7.59    2.08    4.10    8.36    3.34    6.39   13.21   14.14   22.65   30.21   15.87   18.28
PSATIBT    -21.76  -48.99   40.38   17.74   15.91   11.70   10.81   13.30    4.20    1.87   16.72   13.04   10.22   30.17   10.03    0.18    0.05    0.12    0.23    0.24    0.69    1.10   11.31   16.22   22.91   38.66   10.17   33.83   32.08   29.02    4.70    7.49    6.81    9.56    5.30    7.30    1.25    5.37    7.45    8.57    6.63    6.99    9.22   27.44   37.79   26.28   24.21
PSATNAV    -21.12  -50.20   43.91   33.57   19.84    8.15   10.51    8.32   11.75    0.93   12.67   13.71    9.68   21.88   20.02    0.40    0.25    0.10    0.32    0.24    0.76    2.15   11.20   19.78   25.94   20.72   13.93   27.78   55.86   21.51    4.46    5.12   13.40   14.44    8.15    4.43    3.00    3.66    6.31    6.24    6.50    7.25   10.93   25.16   34.92   33.85   25.08
PSATSME    -13.40  -48.30   11.18   16.02    7.09    1.03    0.43    1.44    3.34    1.61    0.07    0.08    0.57    3.67    4.94    9.44   20.26   19.87    9.01   11.46    6.06    3.96    3.97   12.48   14.07    6.82   15.00   10.27   15.92    8.20    6.62    7.58    4.53    3.79    0.14    0.00    0.29    3.09    7.65    7.91    8.45   15.64   18.81   11.95    9.56   14.53   12.48
PSATBGR    -27.78  -51.20    1.37    0.13    1.46   12.12    3.15    3.05    6.29   15.92   33.67   12.57   17.56    3.34    0.93    0.44    0.81    0.67    0.03    0.00    7.54   17.17    4.45    0.27    5.86    6.70    3.62    8.08    0.81   28.30   32.01    3.96   33.52   31.82    0.54    0.40    0.69   11.02    6.31    4.48   10.54   16.87   12.66   10.18    5.80    4.49    3.20
PSATCNV    -27.60  -51.33    2.46    4.68    1.56   16.41    9.74    9.34   11.88   18.48   47.06   11.56   22.62    3.00    0.14    0.15    1.41    1.15    0.07    0.07    3.32   22.32    6.86    0.26    4.90   11.51    6.65    6.79    0.56   45.63   22.83    2.93   35.67   22.83    1.01    0.82    1.71   10.41    4.78    4.35   10.01   14.34   10.31    8.51    8.34    8.92    3.45
PSATFCH    -27.14  -53.04    0.38    0.23    0.73   55.21   39.97    4.11    2.12    6.26   37.54   15.58   26.45    2.21    0.11    0.00    0.00    0.00    0.01    0.00   19.87   40.22    0.34    0.12    0.90    1.54    0.92    4.82    0.02   26.78   21.99    8.32   26.00    6.33    0.02    0.18    2.82    6.15    3.66   16.80    5.66   25.13   15.76    1.85    1.92    1.07    1.10
PSATITA    -27.27  -52.38    4.96    7.66    1.48   31.14   25.59   11.31   11.45   14.08   50.89   20.42   20.22    5.30    0.11    0.01    0.21    0.23    0.01    0.00    9.75   36.39    0.84    0.08    2.75    3.70    4.27    4.89    0.41   54.81   35.67    4.30   37.53   13.13    0.10    0.41    6.84   10.65    6.30   10.29    6.17   13.70    9.93    5.24    6.38    3.04    2.93
PSATMCD    -27.52  -51.78    0.76    0.01    0.80   35.72    8.21    3.57    3.36   26.70   67.21   20.98   18.77    0.89    0.07    0.00    0.02    0.02    0.00    0.00   22.35   16.27    0.97    0.07    0.81    2.88    2.58    4.88    0.14   28.90   37.46    4.61   33.48   16.91    0.03    0.05    3.08   11.57    3.48    8.90    5.54   24.93   12.33    1.66    4.39    1.25    2.94
PSATMOJ    -27.35  -52.73    0.10    0.07    0.44   54.66   14.44    2.01    2.25   22.84   52.19   24.61   23.22    0.77    0.07    0.00    0.00    0.00    0.00    0.00   11.86   15.71    0.48    0.10    2.08    2.56    0.87    2.52    0.06    3.45   13.09    3.51   13.73    1.94    0.00    0.17    2.08    6.94    3.20   10.48   10.80   29.11    9.41    1.59    0.93    0.38    0.85
PSATQQX    -26.66  -52.54    7.88   20.40    2.22   32.89   34.11   11.62   19.30   14.04   25.92   15.03   21.94    4.05    0.11    0.00    0.02    0.01    0.00    0.01    3.27   57.95    0.38    0.36    6.24    6.45    4.10    5.95    0.20   69.93   34.59    4.32   59.14   12.25    0.15    2.40   11.83   13.00   10.33   11.00    4.29    4.12    8.33    8.90   13.81    3.08    2.87
PSATPSJ    -28.14  -55.05    0.05    0.00    1.96   40.88    0.64    0.72    3.58   40.57   45.66   34.68   17.84    0.68    0.05    0.00    0.00    0.00    0.02    0.00    5.45    2.09    0.23    0.03    1.39    3.22    3.28    3.50    0.12    0.05    1.07    6.07   11.81    0.55    0.00    0.00    1.74    4.89    0.93    3.60   21.62   43.66    5.03    1.10    0.47    0.00    0.01
PSATESP    -18.68  -51.87   22.88   17.88    9.76    3.33    2.17    2.14    2.56    2.23    0.53    0.58    0.46    3.80   31.60    5.81    1.92    2.49    2.04    1.68    1.17    2.79    3.98   20.98   19.62  110.21   19.36   28.69   50.51    7.08   16.97    6.56   12.54   19.96   11.87    3.11    0.03    0.85    7.63    0.92    1.56   13.09   14.77    5.62    6.53   32.41   34.61
PSATSRC    -19.16  -50.76   16.20   18.38   13.22    4.25    1.54    2.23    3.47    2.69    0.70    1.82    1.56    6.56   27.96    6.16    2.00    3.60    2.78    2.10    1.27    4.02    3.23   18.22   24.77   49.41   28.14   37.32   32.12    7.57   22.73   15.02    5.70   17.42    7.15    1.28    0.11    2.69    7.10    1.57    3.85   11.80   14.84   11.75    7.64   23.23   11.84
PSATFRCL   -19.12  -50.64   27.49   25.16   17.30    3.29    1.92    3.41    3.48    3.06    0.83    0.66    1.75    6.55   22.71    5.94    2.95    6.74    3.86    2.49    2.49    3.55    5.88   20.75   16.47   31.77   19.66   26.57   24.88    9.35   35.92   12.71    3.93   12.05   10.97    0.35    0.08    2.35    6.19    2.83    7.16   10.41   14.40   10.68    5.56   17.09    9.19
PSATISOT   -20.40  -51.35   31.29   25.16   20.04    5.92    5.91    4.32    6.61    0.62    4.10    5.57    9.56   17.20   25.58    2.81    0.45    1.15    1.40    0.74    0.96    5.44    8.18   24.36   21.53   11.16   31.64   27.56   69.47   12.03   12.18   10.04    8.07   11.44    5.83    3.96    2.25    4.49   10.46    7.79    5.99    7.64   11.21   13.28   24.02   31.93   29.70
PSATJUP    -20.86  -51.63   19.06    3.26   11.54    5.46    3.78    3.59    3.92    2.33    1.84    6.41    6.02   13.56   20.06    2.74    0.39    0.99    2.28    0.58    2.03    7.83   10.22   21.61   23.28   12.93   20.77   43.46   61.94    7.13    7.78   12.63    9.55    9.95    7.32    9.62    1.69    3.94   12.56    9.37    7.32    7.60   15.04   16.13   20.52   30.68   36.00
PSATSDG    -20.06  -53.18    5.40    0.53    8.07    3.35    8.42    3.06    3.05    2.83    3.59    2.28    0.54    9.13   15.27    1.53    0.32    0.30    1.60    0.65    4.90    3.08    9.37   16.74   14.04    8.82    6.72   75.87   50.81    6.03    5.74    9.31   11.39    4.05    4.70    5.80    0.95    1.07    3.99    4.62    3.18    3.67   12.37   13.82   14.53   23.57   21.01
PSATFZBT   -21.66  -52.87    9.65    0.44    0.68    5.86   12.50    9.19    9.13    3.36    2.31    3.18    5.45   16.96    8.52    0.14    0.04    0.00    0.18    0.27    2.60    3.43   18.35   18.25   16.20    8.34    5.00   49.24  104.48    3.10    5.68   14.39   31.21    3.10    4.53    6.48    3.07    4.16    0.72    8.32    4.52    8.50    9.53    9.84   13.51   14.74   23.11
PSATPPRA   -22.46  -52.91   33.67    8.92    6.51   14.17   18.44   12.19    5.26    2.32    5.65    9.65   12.19   24.28    5.79    0.69    0.09    0.12    0.40    0.24    1.03   11.41   13.17   16.69    9.87    5.50    5.83   20.80   95.30   14.63    5.36    5.19   19.95    9.46    5.48    4.61    4.77    4.39    8.48    9.23    4.14    5.49   11.19   18.89   25.89   14.69   22.30
PSATBTE    -13.69  -50.80   21.26   28.30   14.19    2.04    1.22    2.44    3.54    5.44    0.20    0.51    1.72    9.32   11.69   14.31   14.98   10.20    4.36    5.12    4.47    1.98    4.67   20.18   17.21   28.38   19.39   17.62   19.21   17.52   16.42    8.27    6.16    9.76    5.19    0.42    0.06    3.01    6.70    2.28    4.55   13.17   26.94   22.43   20.46   25.80   16.84
PSATARAG    -8.27  -49.26   12.23   16.96    8.31    1.71    1.60    1.59    2.58    1.89    1.49    2.74    2.53    8.00    7.10   15.68   20.74   19.74    7.88   10.84   11.58    4.50    4.62    7.84   14.47   17.56   13.88    8.08   11.68   13.58   11.27   10.80    6.71    5.21    4.44    4.19    2.38    3.19    8.68    3.86    6.09   11.39   21.33   20.74   18.61   17.59   14.07
PSATLAJ     -9.76  -48.37   11.97   10.93    4.10    1.39    0.77    2.17    4.36    2.04    0.72    0.80    0.85    8.06    4.95   10.62   19.17   17.42   12.63    9.08   10.17    1.97    3.76    9.48    9.31    6.87    4.40    3.28   13.31    6.95   10.22   10.63    8.16    0.51    0.52    3.41    2.95    4.47    9.65    7.84   11.41   17.71   10.15   13.24   10.35   10.92   15.37
PSATPTRL    -9.31  -47.39   12.02    7.17    1.09    4.45    0.33    3.16    5.29    3.29    2.67    1.64    0.58   10.37    4.35    7.09    9.14   20.30    8.39    9.72    3.88    0.31    0.17    2.86    1.35    5.17    4.62    5.64   22.19    5.57   13.51    3.50    9.82    1.33    2.16   13.81    4.40    3.36    9.76    9.27   12.09   10.73    7.19   15.79    4.96   16.98   15.02
PSATLJET    -7.33  -47.48    8.79    5.55    3.11    1.88    0.34    1.10    4.07    8.59    2.83    1.97    0.10    5.66    1.51    5.51   21.40   10.51   15.17   11.86    2.55    0.11    0.81    4.93    9.06   15.82   14.01    7.83   14.54    5.18    9.01    7.51    9.48    2.99   15.07    8.27    8.69    3.72   15.05   11.68    4.19    6.66    2.31   14.99    8.82   13.77   15.69
PSATUCR     -3.83  -49.65   13.02    8.93    6.56    3.66    0.29    0.68    3.82    8.40   11.22    7.70    3.61    5.03    5.55    6.52    9.92   11.98   10.39    7.56    2.96    2.81   10.87    6.98   12.58   20.06   13.04   11.94   12.48    7.33   11.92    5.92   10.51    4.73   14.03    9.18   10.94    5.34   13.76   11.18    4.82    4.28    7.25    8.77    7.91    6.16   19.24
PSATXIVJ   -29.07  -51.67    0.31    0.02    0.32   25.24   11.66    1.26    2.89   15.45   32.24   25.61   23.54    2.91    0.73    0.03    0.00    0.02    0.00    0.00   11.80   11.07    0.57    0.01    0.64    1.53    0.49    6.33    1.40    9.80   36.19    4.26   19.87   12.73    0.05    0.12    0.26    4.36    3.07    4.20    8.85   11.31   13.49    3.37    1.54    0.29    1.79
PSATDFRC   -29.45  -53.28    0.05    0.00    0.23   14.09    0.77    0.55    1.24   26.50   33.79   18.03   15.93    1.14    0.35    0.01    0.00    0.00    0.02    0.00    1.94    2.96    0.35    0.03    1.14    2.61    1.26    6.19    1.76    0.41    3.16    1.82   14.75    0.72    0.00    0.00    0.43    2.78    3.02    4.25   12.68   52.88    5.87    4.33    1.14    0.01    0.01
PSATREAL   -29.02  -53.19    0.03    0.00    0.13   23.97    1.46    0.83    3.00   35.93   45.26   21.82   27.98    1.07    0.26    0.00    0.00    0.00    0.01    0.00    3.34    5.32    0.38    0.02    0.70    1.72    0.63    4.32    1.00    0.16    5.59    3.07    9.32    0.93    0.01    0.00    0.79    4.91    1.70    5.60   15.06   33.65    7.14    2.57    0.47    0.01    0.11
PSATCTAV   -29.01  -51.39    0.20    0.00    1.10   15.81    6.82    1.03    1.75    2.80   11.14   13.78   20.54    3.54    1.68    1.15    0.60    0.35    0.08    0.00    9.92   23.18    4.36    0.32    4.85    4.72    1.98    7.00    2.83   23.85   45.18    4.12   28.83   21.57    0.37    0.12    0.10    9.78    4.35    3.55   13.32   16.52   27.70   14.68    3.27    0.86    2.25
PSATERNT   -28.56  -52.54    0.26    0.01    0.22   46.52    5.47    1.36    3.36   34.27   63.13   22.38   25.05    0.79    0.11    0.00    0.00    0.00    0.00    0.00   10.52   11.60    0.42    0.02    2.16    1.14    1.13    3.97    0.81    4.01   19.44    2.90   15.88    2.33    0.02    0.02    1.27    5.63    2.70    9.54    8.09   23.39    8.88    2.72    0.61    0.27    1.30
PSATSTPL   -27.14  -49.52    4.36    9.48    1.84    9.48   10.19   15.61   20.89   16.63   42.64    7.15   18.36    3.96    0.08    0.11    3.12    1.91    0.31    0.32    0.11   20.07   16.60    0.66    8.51   10.19    5.25    9.18    4.19   62.76   17.32    0.83   21.92   17.74    4.16    0.83    0.49   10.19    6.85    3.26   10.36   18.37   10.58   21.10   12.10    6.80    2.19
PSATCVCH   -25.14  -48.87    6.76    2.42    1.45    4.87   24.43    6.23   33.58    2.87    7.89    8.68    7.29   23.33    2.93    0.69    1.50    2.33    0.55    0.09    0.02    5.31    9.66    1.60    7.81    5.57    7.19   21.85   18.98   63.63   17.82    0.89    8.88    5.25    8.12    4.27    0.49    8.21   11.90    4.67    5.49    8.06   10.53    7.60   61.86   17.21    4.09
PSATAMY    -12.60  -69.12   11.93   13.65    9.33   11.61   16.28    7.21    7.72    9.17   11.80   24.15    7.84    7.97   23.91   18.87    9.89    7.03    8.00    7.06   10.72   10.35   28.31   17.27   24.54   29.18   14.03   28.67   17.10   12.32   10.27    9.35   18.68   23.64   20.44   14.32   17.50    6.90    5.00   15.56   15.09    8.03   14.31    5.84    5.94   14.03   12.92
PSATGJR    -10.73  -65.35   16.25    7.32    3.60    7.89   20.96    5.08    4.23    2.61    4.73    7.05    6.47   21.68   20.77    9.34    0.60    5.71    2.67    2.42    5.11   19.42   19.27    8.34   17.76   15.59   19.52   27.03    9.84   10.10    8.90   25.96   27.36   10.92    6.83    3.59    1.90    6.22    4.29    4.88    5.89   14.42   19.40    5.46    6.15    7.26   13.87
PSATPRNC   -12.43  -64.43    9.86    6.22    6.40    3.05   22.56    4.65    1.97    3.49    1.56    7.16    1.72    6.81   13.22    5.12    0.17    4.10    3.00    2.75    3.31    4.98    9.59    8.72   12.97    8.51    9.29   15.37   16.82    9.38    5.69    3.83    6.79    6.90    6.15    6.65    3.79   10.08    5.16    3.71    6.18    7.05   13.14   22.87   13.86   22.60   15.77
PSATSANT    -8.87  -63.97    0.41    7.30   11.95    6.75   28.70    8.12    4.10    3.16    3.21   12.43   10.20    2.77    1.49    9.49    7.87    8.08   12.35    3.46    7.84   12.86    3.98   10.16    8.49    9.87    2.20   10.66   10.47   13.26    9.95    1.77    7.62   11.65   13.94    4.56    7.62   12.38    2.94    5.62    9.67    8.13    8.88   21.51   53.85   31.94   10.35
PSATDARD   -10.16  -59.46    2.51    8.17   24.61    3.23    6.07    3.81    4.27    2.78    2.20    7.00    4.56    4.23    8.22   19.95    9.39    7.17    8.01   10.71    7.86    8.43    4.64    7.19   10.52    7.92   13.73    8.59    8.72    8.35    9.90    5.94   12.07   20.52    5.38    5.29    2.16   10.81    9.64    5.07    9.41   26.62   29.90    8.69    9.34    8.95   12.47
PSATGUAP   -15.12  -58.96    0.29   10.01   18.43    3.06   24.99    0.50   11.18    2.62    2.94    7.49    4.29   13.21   14.22   15.87    0.21    0.40    4.70    0.90    1.48    2.09    9.16   18.81    8.01    4.21    7.78    4.33    3.94    7.66    7.69    3.45    1.71    3.33   17.00    3.39    3.57   11.17    6.20   13.06    1.86   13.24   16.57   19.74   18.31   28.47   32.38
PSATJIRA    -9.25  -64.65   10.70    8.89    4.04    6.22   18.90   13.12    4.30    5.07    5.22   13.62    4.90    5.40   25.72   23.68    3.49    7.23   10.15    3.79    5.62    7.26   20.61   17.02   18.32    9.80    7.81   17.22   11.70    9.91    5.61    5.05   19.89   14.09    7.00   14.46    6.96    6.83    3.25    6.81    5.94    6.04   18.31    7.32   13.99   13.31   14.17
PSATROND   -11.99  -60.70    0.50    1.94   21.93    7.93   24.55    8.56    2.58    4.71    3.69    9.95    2.46    5.48   13.23    8.12    1.04    1.01    4.47    1.62    4.27    3.62    3.04   17.68    8.59    9.81    3.77   11.84   16.20    4.21    4.15    1.89    9.52   17.82   12.33    2.75    4.21    4.15    4.85   17.70    6.77   10.19   27.34   11.57   15.20   18.10   10.86
PSATSAMU    -8.75  -63.45    0.25    4.54    9.85    9.85   22.91    8.15    3.47    4.34    3.73    7.91   14.55    5.29   11.46    6.74    5.14   16.29    3.94    3.53    8.04   11.02    1.48    2.98    9.68    9.78    2.11    8.58   16.50   11.30   10.44    4.06    7.78    9.59   14.06    5.54    3.35    7.64    3.31    7.89    2.65   20.37   12.61   19.36   26.09   25.52   12.90
PSATBALB    -1.92  -59.47    9.64   14.37   16.66   26.74    8.26   17.66    8.32   13.44    7.04   14.70   10.89    7.01   12.93    3.10    2.04    9.27    4.88   13.80   17.84    9.49    7.70    3.95    2.12   13.84   12.61    4.29    5.36    7.76    6.72    0.62    3.23    7.46    8.16    4.92   14.29   11.04   13.67    9.09   10.77    9.06   34.77    9.99    2.66    8.29   21.01
PSATCUNA    -2.82  -54.30    4.93    5.65   14.30   13.01    1.38    5.25    5.06   13.01   13.47   14.21    8.32   16.08    8.64    5.43    8.84   23.77    5.38   21.89    4.88    4.64   14.84    9.48    8.21    9.76   12.30    8.75    6.75    7.30    6.30    3.68    6.07    4.94    3.94    2.01    9.28    8.63   13.02    6.43    7.04    4.84   18.66   30.24    9.61    4.39   14.28
PSATJARI    -0.65  -52.52    8.61    7.06    8.11    8.66    1.59    4.88   10.06   15.72    9.81   17.94   18.75   12.49   16.66    9.93   14.41    5.04    2.20   12.56   15.40    4.84    7.70   12.32    4.73    9.24    7.64    8.09    8.74    5.20    7.95    2.77    4.15    8.33    4.81    5.83    4.10    4.01    5.27    7.16   15.75    8.82   11.88   10.40    8.67    6.29   13.11
PSATFGOM     0.86  -51.20    7.28    7.77   12.87   18.12    1.01   15.85   17.79   11.12   10.14   18.30   24.50   30.81   24.08   18.15   13.20    5.00    4.12   26.81    5.88   15.60   11.01   11.37    6.74    5.70   11.70   14.66   14.54    3.47    7.43    5.65    7.76    7.42    7.60    6.31    4.79    6.77    7.17    8.53   16.65   13.46   15.61   10.75    8.34    8.97   12.90
PSATUBE     -6.75  -43.57    7.90    7.61    2.57    3.01    0.16    0.80    3.11    9.86    1.75    0.61    0.22    1.46    3.61   13.33   10.77   11.79    9.56    2.55    0.12    0.01    0.11    1.11    1.11    3.63    2.42    1.36    8.41    3.13    9.42    4.68    4.41    3.55    5.31    9.53   12.99    0.43    7.61    5.99    7.97    5.55    6.42    9.15   10.45   10.60   10.98
PSATBSOR    -6.74  -52.00    8.90   12.95   14.01    2.50    1.04    3.13    2.27    1.64    4.06    4.31    6.56    2.58    9.23   16.40   10.06   16.31    9.09   13.21    6.85    4.68    5.79   11.07   19.93   13.24   12.99   15.45   11.02    8.35    7.97    9.38    6.96    7.73    5.45    3.45    2.39    4.16   11.41    6.04    7.58   14.19   21.58   22.75   23.79   16.06    9.80
PSATBESP    -6.75  -51.77   10.47    4.36    6.98    2.00    1.20    1.88    3.29    1.93    6.74   12.21    1.37    1.65    1.92    5.76   15.47   15.79   14.88   11.04    4.66    4.41    4.55    5.39   18.34   13.89    5.62   17.76    7.28   14.13   13.77    6.35    6.21    5.79   10.22    5.04    9.20    4.63   13.09    7.04    7.65    4.32    8.17   13.85   11.80    5.81   11.91
PSATPIME    -3.41  -51.91   10.49    5.63   10.33    6.24    2.29    2.58    3.46    3.91    9.10   12.72    7.37    7.59    2.28    7.86    5.58   12.63   10.79   14.45    3.72    6.64   18.35   18.20   10.94    9.31   14.27   14.59   10.21   11.38   10.83    6.13    8.66    7.73    4.65    8.25    4.07    9.87   10.94   10.32    9.13    6.27   17.05   18.04   11.98    8.13   12.34
PSATIRAP   -16.74  -42.57   14.13   15.85    0.68    0.00    0.00    0.01    0.32    0.07    0.00    0.00    0.05    2.29    7.52   15.28   29.82    7.58   15.62    6.62    0.24    0.55    0.92    1.13    0.36    2.53    0.26    0.24    0.02    0.19    2.15    2.89    1.16    0.05    0.12    0.70    1.48    0.38    0.35    0.94    6.71    2.91    1.90    1.26    1.24    2.02    3.90
PSATITBI   -15.97  -39.59    7.26    3.46    0.08    0.00    0.00    0.01    0.30    0.04    0.07    0.05    0.02    0.30    9.45   20.46   54.10   16.60    7.52    2.52    0.58    1.70    1.04    0.77    0.25    0.33    0.53    0.35    0.09    0.21    0.33    1.20    0.76    0.19    0.43    1.40    2.59    1.30    1.11    0.86    2.46    2.72    0.60    1.30    0.95    0.94    0.64
PSATCOLI   -10.98  -55.77   14.64   13.25   14.85    2.97    2.00    6.87    1.59    2.82    4.92    3.59    2.76    5.33    9.40   18.32   10.70   17.16    4.59    6.61    6.43    6.15    5.07   18.73   18.40   14.00   12.98   12.08    6.71    6.60    8.90    8.93    9.94   13.20    9.50    3.18    1.83    4.84    7.80    4.31    6.41   11.31   21.45   25.34   15.87   21.69   11.31
PSATSAEL    -9.19  -57.04    5.49    7.36   26.13    3.87    3.41    2.22    3.30    1.91   13.16    4.46    2.47    4.30    2.74    6.54   10.32   14.05   11.92   10.52    8.27    7.72   10.52   13.66   12.58   16.03    6.71   28.87   10.97    6.87    9.46    8.30   18.48   12.80    1.66    7.62    5.21    6.54   11.01    4.66   10.91    9.72   27.08   31.91   17.57   15.71   15.22
PSATITQ    -17.09  -54.83   25.95    4.70    8.52    3.06    9.62    1.50    2.27    2.38    0.54    0.35    0.21    9.41   17.93    9.15    4.16   11.06    3.89    2.49    1.45    0.93    7.48   15.98   18.22   27.43   24.28   42.84   43.80    2.99   26.22   13.24   11.02   11.48   13.02    2.48    0.27    0.25    3.63    1.08    9.13   11.12   17.56   21.13   21.71   26.47   55.82
PSATJAU    -15.24  -58.73    0.62   12.58   14.20    1.67   26.40    0.57   11.33    2.33    2.56    9.07    4.17   12.46   15.96   17.60    0.47    1.14    5.79    0.61    1.71    4.97   10.30   15.66    7.87    6.01   11.57    5.94    4.54   11.75    8.48    4.00    2.03    6.89   14.93    3.11    3.22    8.78    6.13    9.65    1.55   13.64   15.42   18.64   20.30   28.46   28.04
PSATMAN    -14.87  -55.78    7.79    5.07    8.37    6.33    3.42    5.00    1.62    2.15    0.85    0.68    1.76    5.08   10.48   10.00    9.70    7.17    2.86    2.99    3.14    2.29    2.40    9.83   15.05   12.39   20.23   12.92   19.85   12.41   10.90    8.98    8.81   10.60    8.49    2.98    2.29    7.21    4.27    3.88    3.31   16.14   10.10   36.22   24.78   35.13   14.56
PSATPTP    -17.61  -54.83   23.68    2.39   12.07    2.47    8.14    1.06    3.65    1.11    0.64    0.15    0.73   12.87   30.97    8.71    1.81    8.20    2.78    1.41    0.63    0.70   10.84   10.21   33.17   19.96   18.57   55.16   42.15    1.83   23.22   16.49    9.93    7.30    6.45    4.14    0.63    0.17    1.99    0.71    8.62   17.27   17.33   16.08   27.70   25.37   57.54
PSATSTCL   -17.90  -40.20    4.95    0.66    0.00    0.00    0.00    0.00    0.05    0.00    0.14    0.06    0.00    0.01    0.85   30.27   56.68   32.00    8.02    1.49    0.67    1.85    1.01    0.45    0.71    0.44    0.24    0.65    0.07    0.05    0.04    1.29    0.53    0.33    0.56    2.27    4.36    1.71    0.53    0.20    0.81    2.70    0.19    1.24    0.52    1.39    0.37
PSATPDC    -12.58  -39.00    0.55    0.28    0.08    0.10    0.06    0.14    0.29    1.02    0.06    0.11    0.10    0.01    0.68   35.13   15.96   18.37    2.36    1.12    0.49    0.40    0.15    1.78    0.29    0.14    0.30    0.14    0.03    0.77    0.76    0.93    0.63    0.79    2.95    1.33    3.24    1.56    0.93    1.76    0.70    0.45    0.95    1.20    3.01    2.03    0.99
PSATROSA   -20.92  -41.72   13.00   19.41    1.70    0.01    0.00    0.35    1.69    8.86    3.80    2.51    6.25   11.62   28.39   66.32   16.57    4.72    4.29    5.26    1.38    0.18    0.18    1.08    1.19    1.15    0.60    0.24    1.11    0.28    1.11    4.78    0.11    0.02    0.63    0.37    4.50    5.52    0.82    1.12    1.66   10.71    1.35    1.31    0.40    0.59    3.70
PSATCAN    -20.21  -42.85   14.22   22.11    2.39    0.16    0.00    0.56    0.85    6.22    3.65    2.02   13.72   11.71   21.44   20.78    7.93    1.06    1.19    3.39    1.11    0.51    3.12    3.81    8.35    7.03    0.71    0.31    2.55    1.08    3.39    6.50    0.95    0.12    1.00    1.97    4.32    2.38    3.52    6.56    9.77    6.90    1.27    0.83    1.75    3.98   11.22
PSATSAC    -19.64  -42.85   10.29   12.00    2.14    0.00    0.00    0.01    0.43    3.55    0.46    0.46    5.41   15.12    8.76   38.61   11.32    0.92    1.61    4.91    0.55    0.63    5.04    4.94    8.46    8.63    0.92    0.49    1.25    1.03    5.86   10.84    1.69    0.80    0.21    0.46    2.92    2.42    0.84   13.14   10.70    6.05    1.61    1.80    2.72    4.80    8.14
PSATPES    -19.12  -42.66    7.14   15.33    2.79    0.00    0.00    0.00    0.39    0.28    0.06    0.01    0.54    3.03    1.70   23.76   15.27    2.74    9.00   20.71    0.62    1.06    1.61    5.28    2.22    7.30    0.26    0.37    0.49    0.28    0.91   12.29    1.39    0.41    0.18    0.41    3.02    1.98    1.34    1.26    6.55    4.56    0.69    1.26    1.55    1.88    7.19
PSATMAS    -19.50  -40.92   14.76   12.91    0.63    0.03    0.00    0.00    0.25    1.36    0.34    0.07    1.55    5.40   15.59   39.86   14.49    1.63    6.22    6.95    0.73    1.64    0.83    2.28    1.44    2.03    0.44    0.64    0.65    0.46    0.69    2.80    0.89    0.38    0.45    0.45    3.70    1.17    0.27    0.40    3.51    5.45    0.93    2.20    0.97    1.11    2.62
PSATSBR    -23.37  -45.87   32.80    3.93    4.89    1.99    4.07   19.59   10.99    4.07    3.82   13.67   15.65   12.17   20.56    9.94    8.56    2.29    0.75    0.44    1.85    3.74   13.09   16.19   27.69    2.83    4.14    8.47   15.86    2.87    0.67    2.42    5.47    1.03    7.19    2.44    2.09    4.52    4.47   10.31   10.52   14.37   12.55   17.14   12.78   10.29   18.28
PSATJAG    -23.20  -46.03   28.90    2.16   20.95    3.17    2.17   24.48    7.43    3.28    6.29   12.18   15.47    8.44   16.83    4.12    2.00    1.31    0.08    0.05    0.90    4.90   13.41   22.63   20.60   12.70    5.08    6.01   21.09    6.16    0.85    3.51    0.85    2.44   11.51    2.84    0.49    8.36    7.97    5.71    6.20   13.79   10.80   18.89   18.83   27.22   22.83
PSATFUNI   -22.53  -44.57   20.35    3.83   16.23    2.92    2.27   19.57    6.18    2.78    6.85   11.90   15.04   11.90   18.22    3.66    2.24    1.09    0.11    0.49    1.00    1.81    7.43   20.38   26.27    5.23    3.67    7.93   15.64    5.31    1.30    2.53    1.62    1.75    5.07    1.08    1.38    7.42    5.42    7.46    7.13   15.43   15.34    9.33   16.71   13.07   15.17
PSATSACE   -22.48  -43.84    8.20    4.49   13.76    0.84    0.69   11.83    7.48    7.32    5.72   12.72   20.24    9.39   31.07    3.57    3.85    2.14    1.82    0.71    0.31    0.02    0.48   20.22   33.23    5.02    0.70    7.14   15.34    2.81    0.84    1.46    5.11    0.20    0.35    1.08    2.91    4.59    5.91   10.70   11.61   11.70   15.09    3.83    6.30    2.52    9.00
PSATPIC    -21.91  -43.54    7.18   19.46   22.05    1.63    0.06    2.73    6.12    5.37    8.83   13.87   21.01    5.89   34.26    3.01    2.62    1.53    0.79    2.35    0.27    0.00    0.06   18.23   26.76    5.80    3.54    6.26   12.94    2.62    1.16    3.45    5.74    0.15    0.06    1.65    5.07    6.04    8.76    8.39    7.48    8.61   11.38    1.34    3.02    1.71    5.49
PSATSOGI   -21.94  -43.36    8.42   24.60   19.73    0.91    0.09    2.84   10.46    6.81    7.59    9.16   17.59    8.70   33.83    2.54    4.39    2.64    1.87    1.75    1.53    0.02    0.50   16.17   24.61    6.32    6.46   11.49   12.19    2.70    6.91    5.10    3.01    0.00    0.21    2.24    3.81    4.39   10.31    9.25   10.80   12.27    2.90    0.64    1.45    4.09   11.02
PSATIPSI   -21.84  -42.58   15.29   16.40   13.21    0.90    0.14    4.49    6.51    8.22    7.70    7.40   12.36   16.62   32.43    2.41    2.85    1.41    2.22    1.18    0.64    0.05    0.54   12.18   17.96    6.06    1.64    8.00    7.54    2.39    2.87    4.62    2.95    0.06    0.12    2.14    4.15    3.48    6.38    7.75    6.36    5.38    4.21    1.07    1.37    4.97   10.50
PSATTCLJ   -22.69  -43.83   21.99    8.16    5.16    1.56    6.68   13.44   13.00   11.11    6.29    7.87   11.96   13.89   25.13    8.24    5.94    4.88    3.07    0.58    0.21    0.00    0.44   26.76   33.97    5.45    0.63    4.15   20.05    1.34    0.31    2.56    8.45    0.03    0.27    1.25    1.22    1.16    6.56   10.07   10.93   13.37   11.32    1.25    0.18    3.94    8.42
PSATBIGU   -25.51  -53.67    8.62    8.43    1.38   28.98   29.90   11.88    9.90   13.52   15.67   13.31   25.07    3.31    0.15    0.31    0.00    0.01    0.00    0.00    2.82   20.19    3.02    0.92    3.11    1.94    2.99    3.28   10.14   32.08    9.60    3.50   69.36    5.91    0.41    4.06    9.77   12.56    9.14   12.97    6.27   11.97   10.23   12.84   14.04    2.31    2.53
PSATBRAU   -21.45  -42.41   17.30   33.75    6.51    0.14    0.01    2.06    4.58    6.37    5.02    3.22   13.53   18.43   26.52    2.98    8.67    1.98    1.96    1.19    0.59    0.03    1.58    8.64   14.71    9.05    1.08    2.78    3.54    1.63    2.69    6.77    1.10    0.02    0.41    0.76    1.49    2.54    4.80    7.52    8.39   10.95    1.31    0.72    0.51    4.38   16.20
PSATSUIC   -20.08  -40.58    8.85    0.97    0.00    0.21    0.00    0.20    1.02    1.14    0.20    0.05    0.46    4.20   18.13   61.19    9.38    0.89    2.79    3.14    0.90    0.98    1.77    2.91    3.16    0.40    1.27    0.67    1.19    1.68    1.01    3.39    0.52    0.49    2.20    0.24   12.88    2.93    1.25    0.79    5.25    5.25    7.48    5.86    4.00    2.96    0.09
PSATJRI     -9.30  -64.70    7.02    9.90    4.15    5.11   16.07   12.43    2.51    3.92    4.12   14.55    4.46    3.59   17.14   23.09    4.23    8.27   12.54    4.62    6.10    5.70   11.70   12.00   18.56    8.95    4.91   15.58   12.74    9.53    4.23    3.28   15.27   12.66    5.92   16.02    8.52    8.12    2.39    7.44    6.18    5.76   19.54    7.81   14.51   13.47   10.88
PSATBENI   -14.59  -67.53   21.07    6.02    3.99    8.99   27.78   12.53    9.50    8.27    8.86   12.06    5.15   10.30   50.18   24.56    1.93    5.03    2.74    1.95    4.25   11.87   47.13   33.45   18.57   13.31   15.97   22.37    7.40   11.23    9.59   10.21   32.66   18.55    9.22    6.38    2.72    3.46    6.45    7.06    6.38    6.21   16.32    6.18   12.50   12.73   23.38
PSATEPB    -12.42  -64.42    9.50    6.49    4.97    2.80   19.27    3.36    2.23    2.77    1.61    5.93    2.99   11.33   13.36    3.95    0.11    2.79    2.16    2.15    3.02    9.35    9.89    8.41   14.17   10.90   13.95   15.75   13.39    8.80    6.94   12.40    7.56    6.05    5.00    5.85    2.85    7.80    4.20    2.95    5.63    9.48   14.32   17.42    9.61   16.51   12.50
PSATEGM    -10.79  -64.35   19.08    7.42    4.52   10.01   24.18    6.88    4.80    3.09    5.76    8.44    6.41   21.41   23.56   12.59    0.82    8.07    3.76    3.02    5.99   18.91   22.48    8.72   18.29   15.15   18.16   30.88   11.23   11.09    8.60   23.21   33.88   13.53    8.49    3.50    2.44    7.66    5.09    6.29    6.27   14.01   20.59    5.85    8.57    9.04   17.09
PSATSTOA    -8.79  -63.95    0.45    7.16   12.39    6.78   28.66    8.42    3.91    3.29    3.01   12.91    9.43    2.37    1.41    7.61    8.17    8.15   12.02    3.06    7.53   13.06    3.65   10.08    8.65    9.86    2.29   10.34   10.94   13.06    9.49    1.77    7.99   11.38   14.93    4.68    7.70   12.77    3.07    5.00    9.57    8.80    9.51   22.16   57.21   33.71   10.40
PSATENC     -9.90  -66.62    1.19   10.79    1.01    6.45   13.69   21.68    3.65    5.34    2.64   11.29   10.88    3.69    8.14   25.02    3.54    2.13   15.84    4.78    8.42    4.95    4.35    1.26   13.16    5.10    1.72   12.16   19.58    7.62    5.33    2.59    9.89    9.90    8.43   33.65    7.29    6.22    0.59    1.26    6.41   11.65    6.06    8.41   18.43   15.27    8.64
PSATAMY1   -11.71  -70.63    2.95    6.14    7.74    2.96    5.87    4.92    2.41    6.17   10.25   30.76    8.61    3.41   14.24   16.42    7.64    7.19   12.37    8.39   10.90   12.51   24.28    5.42   22.07   11.51    2.11   11.95   14.44    7.68    4.32    5.12   18.88   13.84   15.69   22.80   31.39    7.24    2.03    7.39   10.32    6.43   11.81    3.83    3.52   11.25    8.49
PSATAMY2   -12.37  -71.17    9.69   12.69    8.68   14.89   14.46    9.78    8.42    9.36   14.04   29.89   10.92    5.17   15.93   17.59    9.26    9.65    9.92    6.33   13.80   14.57   28.12   16.02   19.97   25.93   13.03   31.44   19.81   15.23   14.64   10.55   18.30   27.46   36.43   13.89   20.65    6.28    6.59   13.63   13.10    8.62   13.09    7.68    4.85   11.56   10.87
PSATAMY3   -13.75  -70.18   23.12   23.68   14.84   18.97   24.78    7.58    9.88   13.48   12.79   15.14    5.20   17.86   39.07   23.60   17.99    5.38    2.88    8.96    7.28    5.76   28.41   23.80   26.30   50.85   23.14   41.70   19.74   13.00   12.88   11.99   18.74   29.36   10.00   10.38    9.26    5.59    5.23   25.33   26.37   10.10   16.72    6.71    8.69   21.48   23.46
PSATAMY4   -13.45  -69.47   14.69   10.24    4.25    6.08   23.37    3.93    9.83    5.97    5.83   14.34    3.84    5.88   31.22   15.65    2.70    2.89    3.23    3.33    8.62    4.03   33.40   30.05   33.30   30.87   21.82   28.90   10.33   10.83    5.41    9.19   19.06   20.68    8.19    8.22    2.00    9.67    3.71   15.79    6.94    4.25   15.93    3.54    5.97   12.56    7.72
PSATJRN    -13.37  -59.01    0.85    6.32   14.90    0.45   16.75    1.43    7.68    2.84    2.15    4.65    6.00    8.54   18.98   10.57    0.56    0.21    2.40    2.04    2.23    3.94   16.09   19.87   12.21    8.92    5.45    6.55    7.68    2.82    6.56    5.31    4.81    4.23   10.16    5.81    4.79    8.76    6.56   11.66    5.13    9.78    9.32   21.13   17.49   22.00   27.19
PSATAPI    -10.34  -56.98    8.71    0.97   24.41    2.13    7.24    2.32    1.09    3.36   10.06    5.47    2.23    3.09    7.35   23.26   11.01    2.16    3.77    4.21    8.93    8.77    5.64   24.91   16.49   18.89    4.87   12.55   10.98    7.74   11.96    9.74   10.10   25.54    3.40    7.80    6.26    4.34   13.12    2.93    3.91    3.91   22.59   29.32    8.20   15.27   16.37
