PSATAGV    -19.89  -50.35   20.14   18.11    3.30    0.85    4.16    1.59    3.03    3.02    3.19    0.76    7.55    4.66    4.81   12.11    6.21    6.07    9.54   13.66    1.31    0.65    4.29    2.08    0.99    8.80   16.65    4.96   13.39   18.44   21.79    8.35    6.02    3.15    6.92    9.24   15.09   18.05   10.98   11.80    8.70    9.56   14.83   14.02    0.34    2.68   11.94
PSATCMG    -21.28  -44.63   14.35   17.55    5.66    0.47    0.09    1.04    0.11    3.68    7.99   33.66   41.32    5.22   16.81   17.44   24.79   15.92   16.99    6.31   10.53    7.13   17.27   13.51   23.91   19.04   11.55   18.04    6.17   27.60   32.08   45.04   22.12   29.51   19.17    2.14    5.34    6.63    8.87   14.36   15.56   14.87    0.44    0.10    0.19    7.39    2.70
PSATCES    -20.25  -48.16   12.87   29.00    7.64    2.21    0.12    0.72    0.02    6.26    7.38    9.86    7.78    4.43    7.93   16.08   11.65    5.65    5.86   21.53    2.14    2.74    4.58    5.00    1.77   16.09   17.01    6.42   10.90   10.03   16.63   14.40   10.26    8.19   22.33   19.92    7.94    8.45    9.45    8.45   11.88   19.20    8.18    5.55    0.15    4.26   12.12
PSATELC    -21.60  -46.95   18.23   22.78   10.80    1.88    0.84    1.06    0.55    3.45    9.65   19.94   16.27    9.68    6.80   26.61   11.70    5.56    9.32   12.95    4.82    1.20    3.73    7.85    5.95   17.08   18.47   11.49    3.48   17.11   21.70   22.96   16.67    9.27   17.82   17.69    1.40    6.56    9.53   11.02   21.70   17.30    7.72    2.53    0.08    2.44    2.92
PSATFUN    -21.14  -45.04   13.80   33.74    2.74    0.19    0.00    0.11    0.00    0.67    5.97   20.14   12.78    2.34   12.41   21.19   17.96   10.07   11.32   10.05   12.44   10.31   13.38   16.14   26.66   12.40   12.84   19.31    7.12   27.69   29.62   35.81   24.69   30.99   14.67    1.14    6.81    6.22    8.64   13.68   11.58   12.84    1.46    0.24    0.04    3.78    4.18
PSATFUR    -20.67  -46.32   17.98   35.25    3.06    1.63    0.19    0.38    0.01    4.20    8.79   11.47    8.29    5.64    8.15   24.38   21.89    4.57    5.40   13.19    7.39    3.50    5.62   10.62   26.00   11.95   12.23   20.29    6.09   24.41   29.40   27.20   22.26   18.01   14.58   11.37    2.00    4.54   10.30   12.35   15.88   18.26    5.02    0.92    0.15    2.08    6.29
PSATMRB    -20.30  -49.18   15.51   29.76    6.86    1.06    1.75    0.88    0.49    2.95    6.48    7.54    7.45    5.36    7.91   22.92   11.41    4.18    9.80   22.16    1.58    0.59    4.14    3.96    1.63   15.85   22.86    6.98   13.43   12.65   19.37   13.76    8.88    5.64   14.89   14.39   11.03   12.12   10.51    8.77   10.55   15.01   13.30    9.74    0.13    2.45   11.70
PSATPRG    -21.59  -45.67   40.69   18.27   15.05    1.42    5.40    1.70    0.09   12.01   10.72   31.49   13.58    9.32    7.92   25.67   22.83    7.10    5.26    7.74    8.83    1.97    4.84    9.19   16.59   13.62   17.62   16.78    2.42   18.39   27.46   25.75   21.14   15.11   18.17   14.81    0.70    3.45    9.49   13.31   13.57   17.61    5.57    1.37    0.21    1.98    6.65
PSATPAS    -21.02  -48.18   27.96   20.60    8.16    0.62    4.68    0.77    5.67    2.22    5.73    9.44    9.76   12.21    4.53   22.12    8.08    5.95    8.52   17.98    3.15    0.33    4.23    4.10    3.36   14.14   18.28    4.22    6.86   12.78   23.53   28.31    8.36    5.51    9.24   18.15    6.79    8.47    9.05    9.27   13.04   17.11   10.40    7.68    0.14    1.56    7.27
PSATPTB    -21.61  -45.49   21.26   21.90    2.48    0.53    0.58    0.60    0.02    9.83    9.83   43.50   26.00    4.93   10.23   16.74   28.12   12.26    4.89    6.06    7.43    4.56    4.70    9.58   36.63   15.11   18.88   21.97    2.59   23.56   24.99   40.19   18.63   25.02   21.37    6.38    3.80    6.70   10.46   10.78   18.88   20.41    2.45    0.94    0.19    6.10    4.94
PSATPTC    -20.00  -48.55   18.13   21.68    5.60    2.55    0.06    0.33    0.01    2.36    5.90    4.55    4.03    2.66   10.16   12.60   10.53    4.76    5.21   17.85    3.88    2.14    4.47    4.48    4.22   14.41   13.52    7.94   11.57   13.40   16.28   12.60   12.42   10.09   22.08   14.34    8.22    7.14   10.19   12.79   18.19   19.02    7.66    3.24    0.09    4.45    7.59
PSATFZA    -26.00  -51.65    7.89   11.27    1.22   13.88   12.47   23.24   14.82    2.48    6.45    1.06    0.61   16.33    1.61    7.38   24.68    5.39    1.42    0.43    0.21    2.32    9.55    3.19    1.99    9.35   19.23    1.45    2.14   11.67    2.35    0.74    0.00    0.05    1.08    0.46   16.57   17.43    4.95    3.34    2.22    1.52    5.68    6.29    4.14   10.24   13.27
PSATJSG    -25.78  -52.00    4.69   11.10    0.80   24.80   25.54   25.19   23.10    4.14    9.21    1.80    2.53   19.46    1.73    8.28   29.83    7.11    0.40    0.54    0.09    0.63    2.08    2.72    1.44    6.92    9.37    1.66    1.01    5.53    1.46    0.24    0.00    0.07    0.58    0.43   13.13   11.51    3.94    1.50    2.64    0.91    2.48    3.00    3.73    4.97   14.06
PSATSCX    -25.53  -53.48    2.48    8.02    0.56   14.90   30.47   39.94   20.78    6.18   13.19    3.01    1.27   16.25    5.50   12.52   27.65    4.23    0.72    0.63    0.06    0.17    1.14    2.04    1.23    7.25    8.26    1.12    1.54    2.32    1.62    0.16    0.00    0.28    0.93    0.44   14.64   11.08    1.98    1.99    3.57    1.05    3.13    2.00    1.43    1.33   19.86
PSATSCL    -25.49  -51.74   11.89    8.39    4.02   12.16   15.67   24.25   13.12   14.51    4.01    2.05    0.82   20.45    3.80    8.68   35.51    5.76    1.49    0.69    0.43    2.65    5.30    1.82    0.94   12.68   35.58    2.35    1.39    8.09    3.20    2.30    0.00    0.00    0.15    0.93   15.24   24.00    2.46    2.11    3.85    1.51    8.24    6.77    3.56    1.57   11.60
PSATUVT    -26.23  -51.08    5.42    4.33    0.41    5.68   22.59   25.54   12.44    4.30    1.15    1.02    0.41   12.20    1.41    5.37   10.95   12.16    6.56    1.06    0.56    2.87    6.72    9.10    3.15   10.19   63.16    0.89    1.86   11.55    4.85    2.22    0.02    0.16    0.78    0.88    9.58   38.12    8.98    5.44    1.37    2.83   12.48    7.17    4.70    8.78    9.48
PSATBSM    -24.19  -53.74   18.06   15.22    0.73    7.26   33.97   36.58   26.40    8.95    2.46    1.00    0.84   12.58    6.42   12.95   25.11    3.40    1.48    1.67    0.50    0.19    1.07    1.12    0.65   50.02   55.59    1.74    2.37    3.64    1.56    0.63    0.10    0.05    0.00    1.82   18.69   10.40    3.07    2.91    5.21    1.76    5.14    3.30    4.63    0.89   12.09
PSATFLE    -22.97  -54.56   49.34    0.40    0.51    5.01   19.97    8.71   23.80    2.74    8.85    3.08    3.05   15.08   10.44   24.39    5.62    1.29    0.74    4.56    1.86    0.47    1.35    1.10    3.27   99.29    2.80    0.53    1.29    2.84    1.30    0.40    0.45    0.29    0.36    3.07   16.78    7.81    3.54    1.30    2.29    4.57    3.00    1.85    4.17   15.60    4.94
PSATITP    -25.42  -54.58   24.42    7.12    1.10    4.20   25.56   21.84   22.41    2.62    1.95    0.86    2.09    8.08    8.60   16.82   11.64    2.58    1.38    1.41    1.16    0.24    1.59    1.10    1.53   63.36    9.04    1.02    2.25    3.21    1.33    0.45    0.28    0.36    0.26    1.54   26.81   29.52    2.55    2.09    4.16    7.24    4.89    3.26    7.18    5.36    5.92
PSATIVM    -22.38  -53.53   30.53    2.70    2.24    2.86   12.01    1.77    8.74    2.41    3.13    4.65    3.21    8.72    7.34   15.94    5.98   13.66    4.73    5.54    2.17    0.66    2.70    0.95    1.15   18.05    1.81    3.69    4.99    3.42    1.66    1.08    0.81    0.86    0.71    9.23   49.98   18.61    5.26    4.04    3.78   11.64   11.94    7.65   15.99   12.45    3.62
PSATPTQ    -23.18  -53.17   32.89   12.83    3.40    8.92   20.79   37.87   15.41   10.41    0.60    0.35    0.78   13.32    5.69    9.05   11.09    7.39    1.54    1.39    0.67    1.99    3.24    0.97    0.88   41.24   46.05    1.77    0.57    6.36    2.94    2.60    0.66    0.20    0.18    2.46   19.87   40.46    3.99    4.05    6.77    1.53   10.88    8.15    9.41    2.08   14.25
PSATCBI    -17.99  -48.54    4.37   12.63    7.60    0.73    0.00    0.15    0.60    0.26    0.34    0.33    8.72    4.30    7.82    9.42    4.99    2.74   11.70    6.53   17.85   12.35   22.88   11.92    8.42   19.70   20.32   15.23    4.50    4.76   12.63   16.62   12.83   20.47   18.07    4.86    4.31    7.65   10.60   15.93   11.68   14.39   12.82    6.52    2.39    5.48   11.95
PSATCBIV   -16.15  -48.67    0.54   16.21    3.69    0.49    0.00    0.12    1.43    0.27    0.73    0.66   12.93    2.11    3.74    4.02    2.05   10.31   12.52    4.86   14.11   17.25   25.02   14.44    8.95   18.94   17.80   15.43    2.87    3.55    6.84    9.67    5.74   12.54   22.54    3.20    4.59    5.87    9.40   10.15   11.26   15.79   13.33   10.32    4.26    6.40   14.86
PSATEMB    -18.45  -47.98    7.73   11.17    4.68    0.21    0.00    0.00    0.02    0.29    0.19    0.67    0.89    3.94   11.15   22.60    4.68    2.15   11.31   12.41   15.50    7.86    8.07    7.53    7.72   18.18   32.32   19.71    9.33   16.99   17.92   18.81   16.69   23.00   12.51    1.55    0.45    3.84   11.83   17.00   16.50   13.14    4.25    0.82    0.36    1.37   10.26
PSATIMBR   -18.42  -49.10   16.30   13.78   10.86    1.18    0.04    0.07    0.19    0.44    0.17    0.39    1.07    6.63    5.75   17.94    6.02    1.95   11.94   12.06   11.92    7.39   10.14    5.85    4.82   23.72   34.69   12.73   14.98    8.76    8.50   12.33   15.13   15.48   17.54    8.39    3.78    7.54    9.15   13.39   10.71   12.66   11.62    5.64    0.78    4.22   12.35
PSATNPTE   -19.13  -47.70   13.05   12.09    2.05    0.44    0.00    0.00    0.00    0.49    1.20    4.00    1.50    5.57    6.05   13.22   12.53    5.50    4.81   10.87    9.99    7.28    7.10    7.27    5.35   17.85   27.09   21.14   12.94   13.58   15.73   15.59   14.51   12.80   13.32    6.18    1.42    4.83   12.19    9.83   21.02   19.16    5.24    1.04    0.54    2.83    7.53
PSATARV    -18.07  -50.16   10.01   14.08    2.89    0.53    0.25    0.63    4.48    0.72    0.25    4.52    2.74    8.95    6.67   12.68   11.85    6.63    7.96    5.24   18.07    3.47    8.72    4.11    4.31   11.71   20.66    8.86    8.79    7.41    7.16   13.42    9.52   17.97   16.79   15.97    6.18    6.41    7.30   11.20   12.74   11.41   14.66   13.12    7.47    8.53   13.47
PSATSFC    -18.05  -47.68    2.33   10.70    5.41    0.23    0.00    0.04    0.23    0.00    0.04    0.07    4.99    3.87   14.30   11.58    2.67    3.41   12.70   13.00   18.06   14.50   31.89   16.17   10.02   14.35   20.25   14.77    8.39   13.30   32.02   24.95   15.98   25.87   12.05    2.00    2.86    5.33   12.15   18.75   12.06   17.91    7.17    1.95    1.87    1.80    9.11
PSATSSM    -19.02  -50.50   20.43   15.28    6.02    0.91    0.79    0.46    0.82    0.37    0.24    0.56    3.58    7.40    7.16   20.39    6.68    2.56   10.46   11.36    9.56    4.06    5.26    3.67    2.82   11.97   21.35    7.25   12.21    7.53   11.67    8.92    9.94   13.41   10.13   17.84    7.32    8.54    8.46   11.78   10.20   11.52   11.36   11.42    3.08    6.91   12.03
PSATCNI    -22.94  -50.52   36.13   14.41    5.73    0.89   14.50    3.62    8.26    9.53    0.46    2.61    3.19   10.26    3.52    8.26    0.29    7.77    3.15    2.55    0.99    0.07    1.40    1.91    1.89   15.71   17.92    3.12    4.55   15.17   20.95    5.28    2.81    1.77    2.40    2.50   14.71   11.11   17.34    7.85    6.87   10.87    9.63   17.32    1.72    1.98   14.99
PSATCPV    -22.65  -51.33   31.02   12.39    3.77    5.81   23.36   26.05   11.73   14.02    0.32    0.82    0.94   10.11    3.97    5.91    1.15    6.95    2.57    2.00    0.68    0.31    1.21    1.31    1.15   17.09   19.89    2.11    3.32   10.54    6.67    4.88    1.59    0.60    0.79    1.60   16.50   20.88    9.23    6.40    4.82    3.59   11.69   16.59    4.23    2.44   20.92
PSATCHT    -23.01  -49.73   19.34    5.41    4.03    2.22   14.78   11.04    8.80    5.11    0.06    0.91    0.02    3.20    4.85    2.54    0.88    8.69    6.16    1.28    0.67    0.65    1.12    2.10    1.48   14.54   20.14    1.86    6.43   13.12   14.04    4.68    2.87    0.42    0.56    1.44   10.15   13.41    5.57    5.81    2.75    4.02   15.99   12.27    5.26    2.48   10.65
PSATJUR    -23.22  -49.23   41.80    4.23    4.40    2.21   13.05    2.88    7.64    2.31    0.54    1.34    0.20    1.87    9.66    4.11    1.74    8.57    9.31    1.66    1.45    0.27    1.00    4.49    3.32   13.58   18.90    1.45    5.56   25.29   22.26   11.99    5.19    1.70    1.19    5.12    9.44   10.57    9.45    7.26    3.84    9.62   14.86   16.21    8.56    3.25    8.75
PSATMAU    -24.06  -50.71   11.20    5.55    1.96    5.94   12.74   36.64    8.02    8.58    0.42    0.99    0.01   13.29    3.95    4.77    5.45   11.66    3.50    1.56    0.12    1.04    4.14    1.56    2.03   19.62   55.81    1.51    0.69    8.82    5.18    4.76    0.61    0.08    0.06    1.52   12.40   30.31    4.29    3.92    2.48    2.56   13.45    7.78    7.39    2.85   22.54
PSATROS    -22.50  -52.87   46.45   18.59    5.57    3.63   14.48   16.04   10.02    7.13    0.29    0.39    1.74   10.16    3.89   14.22    2.47    5.79    2.31    1.49    0.60    1.27    1.39    0.76    0.82   19.82   14.32    2.13    4.02   11.27    3.13    3.04    1.24    0.46    0.99    2.76   29.28   28.16    9.71    3.76    6.45    7.79   10.35   18.47   11.23    0.95   15.38
PSATQMD    -16.21  -47.33    0.18    9.23    1.49    0.14    0.00    0.00    0.22    0.00    0.04    0.00    0.70    8.19   13.36    0.96    1.43    9.86    9.41    8.84   19.11   35.03   38.60   42.18   15.53    6.17   17.05    9.36    9.19   13.47   15.87   37.51    8.26    4.85    7.51    1.08    3.40    4.70   12.60    9.63    9.67   15.61    7.00    4.65    1.83    3.14    9.43
PSATRBX    -18.95  -44.76   12.97   13.88    2.31    0.04    0.00    0.00    0.00    0.22    3.87    5.96    2.47    3.35   12.75   10.53    3.33    7.87   12.40   17.12   16.50   11.55   20.03   16.98   25.38    6.93   20.15   18.30   14.26   15.79   24.39   32.51   22.74    8.31    9.93    0.55    6.36    4.56   11.30   15.65   13.46    8.38    1.37    0.17    0.55    2.25    2.84
PSATSFR    -15.93  -44.86    6.62    4.49    0.93    0.02    0.00    0.00    0.06    0.01    0.01    0.01    0.12    4.04    5.52    0.38    0.20    2.75   14.09   10.83   16.23   26.22   47.07   28.72   23.15    3.81   15.73   10.04   11.93   18.29   21.36   20.47    6.40    4.51    0.93    0.52    1.85    4.28   12.37   17.61   15.29   15.54    4.98    2.77    1.93    2.98    5.40
PSATSRM    -16.37  -45.07   10.06    9.45    1.35    0.03    0.00    0.00    0.00    0.12    0.44    0.64    0.44    5.63   11.27    4.89    1.52    1.72   14.05   17.06   25.05   29.92   38.75   39.38   17.10    6.30   18.77   17.62   10.07   13.22   23.02   25.46   12.40    8.84    5.22    0.53    2.35    3.78   13.63   18.55   19.83   13.52    3.25    0.50    1.76    1.46    4.75
PSATTMR    -18.16  -45.27   22.67   26.36    1.36    0.34    0.00    0.00    0.00    0.10    4.11    3.43    2.05    4.46   13.53   18.40   11.65    7.05    7.05   14.67   15.58   14.50   14.06   10.21   30.40    8.74   15.24   20.43   15.42   21.65   27.19   25.54   18.53   19.44   12.54    1.56    1.13    3.57   12.89   22.08   20.88   18.83    4.06    0.67    1.48    1.25    5.75
PSATBOQ    -11.35  -43.83    3.01    2.43    1.12    0.03    0.05    0.69    1.12    0.83    1.19    0.54    0.17    0.56    0.42    0.19    0.66   11.83    7.96    6.88   11.64   18.80   23.56   18.87    3.61    0.08    0.92    4.58   11.91   12.57    7.06    2.14    1.22    0.40    0.03    0.32    3.87    2.63   11.73   20.07   14.00   11.93    7.85    5.26    6.20    5.28    1.85
PSATBBO    -22.52  -48.55   36.96    5.00   12.09    0.35    9.01    4.01    5.08    1.51    1.41    5.36    2.59    6.33    7.26   14.41    4.53    9.74    8.82    6.58    4.35    0.16    2.99    5.00    6.55    7.91   17.05    4.87    3.20   17.22   24.03   24.09   11.46    4.90    9.11   18.62    9.40    8.50    9.91    9.47    9.38   17.18   12.24   10.37    3.10    2.00   10.49
PSATESZ    -23.46  -46.91   62.25    3.11    1.16    0.12    7.84    5.85    1.98    5.34    4.24    8.26    3.35    1.91   10.38   15.53   14.25   11.79   11.62    1.25    2.92    0.78    2.12    9.36   10.68    7.34   14.03    1.93    1.09   20.62   32.21   27.13   13.87    4.53    8.03   18.50   10.81    9.06    3.28   16.32    9.47   28.79   12.32   12.35    2.90    0.93    4.15
PSATIBT    -21.76  -48.99   35.44    9.20    9.59    0.52    4.51    0.85    4.46    3.65    0.86    2.72    8.02   11.38    4.91   10.83    1.09    6.80    3.22    9.77    1.17    0.16    1.80    1.75    1.80   13.70   18.16    3.19    6.34   14.69   34.85   18.95    4.76    2.60    4.42    7.55   14.25   10.64   13.26    8.64    9.84   15.42   11.94   14.48    2.12    2.48   13.31
PSATNAV    -21.12  -50.20   31.16   20.36    7.04    1.57    2.77    1.76    9.52    6.37    1.01    2.60    9.50    9.67    3.37   13.13    2.21    6.79    9.62   10.06    1.06    0.26    2.10    2.05    0.55   11.35   13.03    6.34    8.42   21.18   32.91    7.59    3.45    2.25    5.75    4.83   18.08   12.78   15.89   10.59    8.70   14.19   13.02   12.74    0.58    2.03   13.87
PSATSME    -13.40  -48.30    1.40    9.23    4.25    0.76    0.32    0.78    4.08    2.68    4.56    1.24    2.11    3.38    3.08    8.19    3.55    9.51   11.01    2.66   10.07   19.83   27.93   21.40   22.78   17.89   23.20   16.41    3.76    3.98    8.38   12.88    7.17    6.11   10.80    3.90    7.58    4.52    9.69   11.71   11.14   13.58   12.32   15.19    5.58    8.56   15.70
PSATBGR    -27.78  -51.20    1.33    0.15    0.21   21.02   39.12   49.61    1.51    0.21    0.02    0.03    0.03   17.48    1.58    0.85    6.44    5.92    1.29    0.16    1.06    1.47    2.05    5.57    7.80   10.20   12.59    6.25    3.29    3.35    2.04    0.00    0.39    1.85    1.16    0.71    8.23   14.28    4.97    2.38    0.67    0.68    2.61    4.14    0.62    7.26   13.85
PSATCNV    -27.60  -51.33    1.89    4.91    0.21   23.91   32.69   26.52    2.08    0.86    0.17    0.42    0.34   17.94    4.13    1.87    5.81    7.11    1.54    0.38    1.00    1.84    3.46    4.79    6.55    9.31   11.51    2.24    1.18    6.00    3.77    0.00    0.04    0.94    1.32    0.28    6.21   20.54    6.88    2.13    0.78    0.42    3.54    4.53    2.19    8.31   15.73
PSATFCH    -27.14  -53.04    0.30    1.51    0.61   29.79   38.39   54.76    2.36    0.18    5.65    2.78    0.67   11.67    0.21    1.02    7.48    2.14    0.37    0.34    0.00    0.01    0.34    1.94    9.25    7.31    7.18    0.95    0.18    0.29    0.14    0.00    0.00    0.35    0.75    6.26   11.14   16.97    1.36    0.61    0.49    2.88    0.27    1.11    0.56    3.36   13.17
PSATITA    -27.27  -52.38    1.81    3.71    0.40   25.59   31.28   47.39    6.40    0.32    1.66    2.71    0.19   12.84    0.46    3.72   10.30    5.26    0.63    0.44    0.03    0.56    2.51    5.10    4.49    7.78    8.04    1.37    1.66    2.70    1.41    0.00    0.03    0.34    0.48    3.15    8.87   14.20    1.89    1.55    0.61    0.64    1.56    2.09    2.92   12.70   12.97
PSATMCD    -27.52  -51.78    0.73    0.42    0.13   38.68   41.79   85.23    1.39    0.04    0.21    0.26    0.00   11.36    0.36    0.97    6.40    3.62    0.23    0.25    0.01    0.05    0.49    3.72    4.67    5.35    8.43    2.54    0.67    0.29    0.61    0.02    0.02    0.24    0.98    2.76    9.46   11.34    1.45    0.99    0.31    0.23    0.05    2.41    0.79   19.50   17.17
PSATMOJ    -27.35  -52.73    0.14    0.16    0.37   53.96   44.56   75.53    1.16    0.03    1.00    4.23    0.39   14.46    0.08    0.55    6.49    2.49    0.03    0.14    0.00    0.06    0.43    4.59   10.00    8.54    7.61    2.33    1.75    0.09    0.29    0.00    0.02    0.14    0.26    5.26   15.34    8.27    1.57    0.84    0.43    1.59    0.64    1.98    0.27   11.43   15.87
PSATQQX    -26.66  -52.54    3.04    5.75    0.82   17.81   34.03   32.81   15.43    1.29   13.38    3.73    2.23   13.37    0.73    4.25   27.11    4.55    0.35    0.40    0.01    0.59    2.52    4.94    2.14    6.29    5.97    0.88    1.27    3.39    2.03    0.00    0.00    0.27    2.67    0.41    9.67   15.15    3.10    1.42    1.39    1.40    1.11    3.05    3.40    8.27   11.92
PSATPSJ    -28.14  -55.05    0.14    0.07    0.55   78.63   10.78    5.11    0.25    0.02    1.57    7.45   15.10   26.04    1.19    2.24    4.87    0.98    0.01    0.00    0.00    0.02    0.00    0.92   13.82    7.18    6.88    1.01    0.25    0.02    0.00    0.00    0.00    0.26    2.39    6.36   18.38   10.99    3.23    0.06    0.02    4.93    1.01    1.73    0.32   34.14   13.79
PSATESP    -18.68  -51.87   23.69    8.99    0.21    1.44    0.50    1.91    1.54    5.00    1.12    4.62    3.58    3.78    8.00   12.08    8.73   14.83    7.43   13.78    8.82    0.12    1.33    4.70    5.80   11.15    9.60    1.92   21.79   11.60    4.49   10.68    6.99   13.52    7.57   19.01    5.25    4.15    5.25    9.37    7.87    5.00    6.81    9.49    6.26   13.76   24.51
PSATSRC    -19.16  -50.76   14.64   15.26    0.24    2.32    0.72    0.46    1.32    1.16    0.78    3.98   10.43    4.61   16.82   12.82   11.75   10.98   10.13   10.80    5.21    0.55    6.87    3.63    2.28    7.54    8.95    3.79   11.38   11.49    3.23    9.57    7.15   10.50    8.39   22.43    4.33    3.71    5.85   10.18   11.74   10.12   10.94   13.16   12.32   17.91   15.48
PSATFRCL   -19.12  -50.64   17.92   19.67    0.36    2.05    1.07    1.26    2.27    0.81    1.24    3.91    5.12    2.56   14.77    9.90   11.13    9.86    8.97   14.74    5.93    1.01    6.85    4.66    2.78    9.16   12.35    3.90    8.17   11.12    4.49   11.81    6.73   19.30   12.33   19.32    5.67    4.79    9.20   12.12   11.75   14.35    8.93   13.85    7.99   11.80   12.30
PSATISOT   -20.40  -51.35   22.89   21.16    2.80    0.91    3.59    1.74    4.58    2.18    0.48    1.09   12.32    7.69    9.80   19.48   10.67    5.16    6.18   12.84    1.25    1.30    2.78    1.80    1.30    7.73   14.35    6.72    7.84   31.40   11.57    7.01    3.64    3.34    3.43   10.69   15.80   10.38    8.44   16.76    9.09   13.35    9.68   16.10    6.05    9.13   21.47
PSATJUP    -20.86  -51.63   14.59   16.09    6.47    0.44    5.20    4.23    2.30    3.21    0.90    4.22    7.70    5.84    9.99   15.23   14.74    6.15    5.61   14.28    2.64    0.42    2.73    1.43    2.23   10.99    9.76    4.66   19.21   38.88    3.61    6.67    3.50    4.52    3.47   16.36   21.25    5.71    9.12   19.39   11.10   12.30   11.55   23.37   16.92   17.42   26.15
PSATSDG    -20.06  -53.18    7.88   13.08    6.09    0.17    3.08    7.38    1.54    2.90    0.61    7.04    4.92    6.44    3.06    9.71    8.16    6.59    2.54   13.35    3.28    0.08    6.61    0.97    4.00    7.19    9.51    9.51   46.98   47.27    5.05    5.92    2.45    3.87    3.26   10.70   23.36    8.60   32.55   27.48    8.09    8.41    9.19   20.90   13.92   25.14   18.55
PSATFZBT   -21.66  -52.87   21.06    9.82    5.34    0.83    5.97    1.98    2.84    1.66    0.58    5.92    4.44    7.00   13.80   14.67    5.80    9.27    3.94   11.04    1.91    0.21    2.60    0.59    1.41   12.26    2.55    4.59   17.77    6.56    3.65    2.07    1.44    1.58    1.24   12.41   18.23    9.76   21.10    8.41    9.74   18.10   13.99   22.32   24.89   11.65   11.45
PSATPPRA   -22.46  -52.91   37.77   24.15    8.80    0.71    7.52    7.32    9.85    5.26    1.14    1.80    9.05    5.94    4.19   19.59    4.20    7.99    3.98    6.72    0.82    0.62    1.30    1.01    1.13   15.34    9.75    4.35    9.30   14.38    7.02    3.67    1.58    1.68    1.70    7.21   24.03   15.08   17.37   14.45   12.34   13.12   13.80   21.80   10.32    6.82   24.46
PSATBTE    -13.69  -50.80    8.49   14.15    3.07    0.95    0.74    2.10    3.70    2.87    2.19    1.25    0.85    4.08    2.25    7.61    3.56    9.80   12.72    5.01   11.30    6.84    8.65   11.64   11.14   23.28   37.88   14.19   17.60   10.87    8.30   10.30    8.27   17.59   17.94    8.97    9.88    6.34    7.95    7.85    9.12    9.41   11.50   10.61   14.78   12.56   21.36
PSATARAG    -8.27  -49.26    3.94    6.79    5.84    2.21    1.49    2.98    4.62    3.49    6.45    1.26    0.69    6.90    1.62    1.79    9.17   10.67    7.62    1.84    7.93   19.37   20.75   23.74   31.02   15.21   21.08   14.57    7.76   10.02    4.98    9.31    5.95    9.35   14.89   10.61   11.41    8.26    7.05   10.15   10.87   14.73   12.38   22.59   15.78   12.67   15.43
PSATLAJ     -9.76  -48.37    4.93    8.32    3.14    1.17    1.29    3.47    3.89    3.33    5.15    0.87    1.38    5.76    1.02    0.99    8.18    6.65   15.00    2.77    9.43   15.86   23.83   30.32   13.71    2.72   13.06   10.63    2.25   13.28   13.96   15.42    3.30    4.28    1.28    5.55    9.40    6.97   12.10   15.81   14.95   14.10    7.78   13.29    8.95    6.39    5.25
PSATPTRL    -9.31  -47.39    8.95    9.72    4.53    1.26    1.69    7.08    6.49    6.66   11.18    0.96    1.48    7.27    1.03    2.22   15.18   12.33   13.26    4.53    5.55   16.00   15.87   10.18    3.50    1.97   15.36   13.80    9.63   18.75    7.42   12.73    0.81    1.56    0.76    9.98   16.30    6.21   12.05   20.94   13.68   11.02    6.45   14.39   11.85    4.77    1.12
PSATLJET    -7.33  -47.48    2.47    6.01    5.28    2.71    1.76    3.48    8.85    5.71    5.80    0.84    0.68    3.46    1.21    2.09   10.81   13.42    5.94    1.22    2.77   17.82    9.52    8.09    6.49    4.37   13.11   15.15    8.87   18.10    3.65    6.50    1.23   10.74   12.17   11.32   23.73    6.81   14.48   15.28   10.36    8.80    4.23   19.44    8.53    3.51    5.19
PSATUCR     -3.83  -49.65    3.05    7.36   12.10    2.59    1.50    3.32    9.04    8.39    8.15    3.74    0.90    1.72    2.52    5.53    6.84   12.75    8.08    1.40    4.12   11.58   12.01   11.16    9.12    4.67    9.26   20.26   15.16   13.25    5.72    4.16    1.88   14.81   15.47   12.03   19.32   14.35   14.52    9.20    7.04    5.51    6.78   11.17   10.92   10.59   20.85
PSATXIVJ   -29.07  -51.67    0.39    0.01    0.02   49.06   31.46   75.76    0.55    0.00    0.00    0.03    0.19   11.29    0.76    0.47   12.90    4.42    0.09    0.07    0.24    0.20    0.52    4.94    6.99    6.51   10.93    6.65    1.69    0.15    0.29    0.02    0.11    0.61    0.93    1.74    5.84   11.95    4.87    0.63    0.20    0.73    0.23    2.01    0.05   17.79   14.40
PSATDFRC   -29.45  -53.28    0.09    0.00    0.08   71.08    1.17    0.41    0.18    0.00    0.31    2.09   10.40   17.38    0.95    8.63   13.12    0.72    0.00    0.00    0.35    0.00    0.00    0.07    9.93   16.39    6.67    2.01    0.24    0.03    0.00    0.05    0.05    0.11    2.01   13.45    9.64   12.82    4.80    0.02    0.01    3.44    2.72    1.51    0.08   35.74   19.58
PSATREAL   -29.02  -53.19    0.22    0.00    0.11   92.37   18.09    8.83    0.06    0.00    0.39    2.93    4.72   12.05    1.12    1.61    6.66    1.68    0.01    0.01    0.01    0.02    0.15    0.67    6.39   12.62    7.65    2.77    0.37    0.01    0.04    0.00    0.04    0.29    1.25    2.98    7.05   13.19    3.01    0.24    0.10    4.99    0.84    1.24    0.07   36.66   18.94
PSATCTAV   -29.01  -51.39    0.19    0.01    0.07   35.01   28.24   84.20    1.38    0.03    0.02    0.02    0.01   15.96    0.38    2.72    7.22    4.97    0.71    0.01    1.88    1.64    2.22    4.01    7.17    8.50   13.43   11.56    3.50    0.55    0.91    0.04    0.46    2.12    1.12    0.99    7.26   13.31    8.26    2.25    0.71    2.44    1.98    3.21    0.43    6.34   13.13
PSATERNT   -28.56  -52.54    0.37    0.44    0.21   73.85   38.73   74.96    0.65    0.01    0.21    0.58    0.78    9.22    0.53    0.79    7.92    2.08    0.05    0.13    0.00    0.05    0.50    3.29    6.68   11.96    8.38    3.22    0.75    0.05    0.31    0.00    0.09    0.61    0.78    4.32    8.88    9.49    1.08    0.75    0.26    1.74    0.24    1.98    0.17   22.29   14.69
PSATSTPL   -27.14  -49.52    3.74   10.29    0.71   19.38   36.45   16.21    6.40    0.94    0.18    1.59    0.80    9.86   12.32    0.46    7.97    6.77    5.05    0.92    1.09    5.17    4.12    7.12    6.37    8.87   22.46    1.66    1.05    6.77    5.74    0.03    0.16    1.36    1.76    0.16    3.98   18.16    8.31    3.20    1.02    1.26    5.80   11.06    2.50    3.79    9.33
PSATCVCH   -25.14  -48.87    5.80    0.69    0.40    2.08   12.18   12.79    6.21    9.75    1.00    2.01    0.76    9.66    1.75    4.46    4.59   17.04   21.77    2.81    1.45    1.79    3.86    7.37    5.14   15.76   54.03    0.67    1.77   12.45   10.59    5.49    0.03    0.06    0.82    2.08   10.35   42.11    7.81   11.96    2.11    5.40   13.21   10.31    8.61    5.49   12.60
PSATAMY    -12.60  -69.12   10.14   12.29   18.08   26.70   21.87   12.49    5.65    9.76    3.74    2.91    4.93    7.48    3.36    5.95    8.64    2.20    6.84    2.98    3.71    3.71    8.96   20.37   21.30   17.34   32.75   15.48   28.95   33.37   19.59   17.06   14.13   13.59   21.68   11.84   18.78   16.59   15.92   14.66   11.66   18.84    8.87    8.25    4.40    3.20    8.82
PSATGJR    -10.73  -65.35   20.41    7.49   10.48    6.73   22.63    9.98    4.26    3.32    3.11    1.65    0.87    6.02    3.97    6.30    5.73    3.99    6.65    3.22    7.98   10.63   12.22   18.61   26.84   30.20   22.15   19.87   26.42    6.33    8.42    5.70    4.94   13.77   14.35   25.77   28.74   39.32   19.87    9.63   15.11   12.57    9.06    9.67    8.52    4.11    7.05
PSATPRNC   -12.43  -64.43   19.31   14.43   11.10   10.11   17.88   13.15    2.71    4.63    4.34    2.89    0.58    0.90    1.48    2.46    9.57    1.19    4.05    1.79    6.55   10.94    8.65    6.82   17.58   19.03   21.39   11.27   60.44   24.00   25.42   10.54    7.69   11.27   15.22   25.55   30.60   24.62   18.56   15.14    8.67    6.19    6.68   10.83   20.01   12.82   12.66
PSATSANT    -8.87  -63.97   10.05   10.86   15.06   15.73   16.79    5.74    2.01    8.70    4.48    8.18    2.76    0.72    3.47    8.88    7.32    2.61    2.06    2.25    2.13   21.31    1.12    4.94    5.46   18.62    9.31   21.60   13.49   14.61   19.77   12.10    5.85   26.61   19.81   11.51   14.23    8.03    9.81    2.89    8.96    5.95    5.58    8.57    7.37    9.30   14.24
PSATDARD   -10.16  -59.46   25.12   15.90   16.79   24.27   15.46    8.18    3.49    6.26    5.47    2.55    1.65    0.91    5.22    8.28   11.74    9.25    7.15    1.07    3.32   12.64    6.62    5.04   10.45   16.38   20.40   13.75   14.10   25.94   17.90   11.22    8.83   19.33   20.61   13.29   13.26    5.32    8.52    8.13   11.57    4.83    6.71   17.72   10.58    7.68   13.86
PSATGUAP   -15.12  -58.96    9.57    5.17   27.20   11.83   24.84    4.96    3.14    3.37    3.83    2.18    1.23    2.79    6.50   10.60   20.54    8.90   24.43    9.02   21.84    6.24    4.29   16.56   15.52   14.02   11.34    3.74   36.53   15.29  110.26   39.83   25.05   20.78   28.53   27.04   14.83   20.57   11.20   14.95    4.36   18.49   12.54   11.63    7.54    8.76    9.70
PSATJIRA    -9.25  -64.65   13.99    9.82    9.80   13.37   26.27   11.09    3.43    5.37    4.65    4.02    1.79    4.28    2.88    2.53    7.19    2.08    4.33    2.87    3.30    4.21    9.44   16.15   30.78   22.72   21.26   10.64   21.30   19.53   27.47   20.50   14.09   18.87   12.61   11.04   13.89   16.14   14.19    8.90    8.37    9.14    6.63    5.60    7.39    3.78    7.26
PSATROND   -11.99  -60.70    4.61    8.98   12.62    3.54   16.68    9.12    2.11    5.27    1.85    4.27    1.42    3.11    6.44    1.27   11.35    7.61    5.80    1.85    2.99   17.50    7.93   15.75    6.84   10.54    9.75    9.72   24.32   18.83   15.14   15.05   23.86    8.24   18.74   19.59   25.63    3.42   15.11    7.23    7.90    4.85    4.85    6.68    6.96   18.71   17.06
PSATSAMU    -8.75  -63.45   20.28    6.59   10.94   11.15   16.58    8.20    1.96    7.51    4.93    2.83    0.85    0.55    1.65   15.04    7.27    2.37    1.56    1.31    1.20   14.65    0.96    3.79    8.47   11.37    3.42   18.06   24.30   13.21   24.99   24.56   14.83   14.26   27.96    9.65    8.15    6.88    5.50    2.36    6.22    5.97    4.18    7.76    7.72    9.92   24.49
PSATBALB    -1.92  -59.47    0.31    0.19   11.89    3.83   13.53   14.68   10.28    1.47   10.84    9.49    5.45    1.83    2.78    5.02   12.71    7.21    6.24    1.76    0.52    6.63    1.47   19.06    0.91    0.52    0.74    0.47    4.06    8.52   15.17   18.42   17.66   17.19    3.36    1.79    1.27    6.27    8.21    3.99    7.34    6.34    5.45   16.36   12.01    9.99    9.30
PSATCUNA    -2.82  -54.30    1.55    0.55    7.38    3.16    2.44    1.47    6.43   13.74   13.18    5.80    2.31    1.73    6.25    5.67   16.03    6.32    1.75    2.56    6.05    2.37    0.86    1.13    1.99    4.22    7.75   10.41    5.23    4.56    3.01    2.56    5.16    3.41   24.85   26.28   17.33   11.18   15.11   15.97    5.04    4.19    3.98   11.42    3.85    2.86   11.67
PSATJARI    -0.65  -52.52   10.16    9.36    8.49    6.09    6.18    2.29    1.54    1.09    2.96    5.24    1.87    1.73    1.98    1.79    4.52    2.33    6.28    4.70    1.50    3.06    4.30    5.39    3.11    6.06    4.48    7.50    4.67    5.80   11.36    5.93    5.90    6.00   20.94   15.21   11.33    4.03    6.97    6.44    5.54    5.02    6.67    6.71   10.17   31.42   24.13
PSATFGOM     0.86  -51.20    3.09    8.12   15.45   11.87    7.15    5.44    5.95    4.28    4.02    8.38    5.37    3.42    4.52    5.03   10.60    3.05    8.75    7.14    4.14   10.69    5.46    7.63    7.54    7.34    5.13   13.34   11.74   11.60   14.32    6.37   12.14   11.00   34.39   27.73   13.63    7.51    7.79    6.69    7.06    4.93    4.01    5.23   10.94   24.92   28.48
PSATUBE     -6.75  -43.57    5.75    3.26    1.07    1.30    0.37    2.00    4.40    3.09    2.88    0.55    0.36    0.97    1.15    0.73    6.57   15.34    6.45    5.32    6.21    6.91   22.05   14.72    3.62    0.57    8.02   16.19   14.39   13.04    2.55    3.00    4.01    2.64    3.14    4.00    9.29    8.49   19.65   11.42   14.01    4.37    6.58   15.09    8.04    1.64    1.10
PSATBSOR    -6.74  -52.00    5.57    5.53   12.41    1.98    2.73    1.87    2.19    3.54    5.59    1.87    1.04    4.70    1.80    0.99    6.63   11.09    8.36    2.07    3.91   16.36   11.03   12.54   17.87   17.07   25.56   13.03   11.75    8.26    3.48    7.94    6.50    9.67   13.42   12.14    7.12   11.84    7.47   11.52   11.24   13.85    9.59   19.70   22.51   13.86   16.84
PSATBESP    -6.75  -51.77    3.48    8.20    9.11    2.19    2.17    2.84    5.38    3.34    9.08    4.88    0.69    3.01    3.62    5.56    3.01   11.27   11.99    1.17    1.09   13.13    8.28   11.29    8.46    7.14   18.02   20.94    8.86    7.46    7.22    6.09    4.12    5.43   13.29   19.48   10.77   11.54    5.90   16.63   13.08   10.24    8.66   12.33   19.67   10.36   15.16
PSATPIME    -3.41  -51.91    9.46    8.77   10.09    4.27    4.22    2.81    5.45    6.97    7.10    6.47    2.21    3.31    5.57    6.80    6.00    8.62    6.19    2.03    3.76    9.58    3.11    5.31    6.64    6.22   14.79   14.27    9.02   11.36    7.01    5.34    3.54    3.21   17.98   21.21   11.78   14.20    9.24   13.49    9.90    7.32    8.51   17.46   12.32    8.57   11.49
PSATIRAP   -16.74  -42.57   11.64    4.45    0.56    0.00    0.00    0.04    0.00    0.00    0.00    0.00    0.03    1.93    2.73    0.55    0.09    0.38   20.78   21.77   32.11   50.69   57.97   24.66    9.14    1.18    3.61    5.56    7.84   13.77    9.39    6.95    5.47    3.48    0.57    0.61    3.88    3.40   11.87   28.02   16.91   12.40    1.72    0.41    3.70    1.47    0.86
PSATITBI   -15.97  -39.59    2.39    0.50    0.03    0.08    0.02    0.08    0.00    0.14    0.01    0.03    0.38    0.94    1.26    0.27    0.31    0.33   16.79   15.22   19.49   24.76   33.25   14.78    1.91    0.27    0.59    5.31    6.10    6.35    1.78    3.36    1.85    1.05    0.43    1.75    2.50    2.17    7.99   15.38   10.92    8.93    1.35    1.46    3.18    0.96    1.42
PSATCOLI   -10.98  -55.77    5.93    4.45   10.61    6.04    6.20    1.89    3.16    2.95    3.97    1.96    0.53    2.98    4.15    0.61    7.19    9.15    4.28    1.28    5.00   13.78    7.22   11.72   12.11   23.67   16.32   16.53   22.65    6.20    2.30    6.03    6.67   26.67   22.98    5.67   18.97    4.42    4.67    9.95   10.36    6.74    8.32   14.64   14.90   12.08   16.59
PSATSAEL    -9.19  -57.04    7.48    0.15   10.42    5.18    3.40    2.17    3.54    3.90    5.54    4.25    1.39    3.85    3.07    1.52   10.49    5.85    6.28    2.47    4.91    7.53    5.29    3.37   16.85   16.31   21.06   25.67   12.00   14.70    7.98    7.27    9.94    6.90   11.05   15.45    6.58   19.60    4.08   11.15   15.27   13.39   11.66   22.23   15.20   16.33   19.31
PSATITQ    -17.09  -54.83   13.34   13.42    2.98    0.27    1.79    1.61    1.39    2.80    5.97    2.11    0.28    3.03    2.84    4.41   12.26    9.52   11.75   21.05   13.44    4.83    2.67    8.70    5.49   15.86   13.02    7.54   34.52   13.99   12.20   20.94   10.48   14.85   12.89   12.54   12.31    6.74    7.29    6.08    9.46    7.79    9.80   19.34   12.36   14.42   22.86
PSATJAU    -15.24  -58.73    8.48    8.91   23.28   13.86   23.51    4.63    3.24    2.19    4.06    3.06    0.91    2.15    8.37   11.00   19.28    9.50   22.41    6.86   21.10    8.56    6.23   12.70   13.96   14.29   11.12    4.57   36.75   15.46   83.27   31.28   26.75   18.94   28.47   22.02   15.50   23.28   10.64   16.75    4.40   18.51   13.41   12.85   11.87    8.13   12.76
PSATMAN    -14.87  -55.78   11.88   15.15    0.52    3.54    3.69    2.28    0.49    4.52    4.23    1.30    0.35    2.82    5.60    0.69   11.19   10.03    7.19    0.70    5.02   20.16    9.23    8.68    7.01   31.03   12.40   14.41   10.08    3.53    1.81    4.43    7.18   16.66   37.73    7.07   17.14    4.88    8.89   11.03    8.06    5.03    8.06   22.87   18.57   19.17   12.98
PSATPTP    -17.61  -54.83    7.30   13.88    7.57    0.38    2.43    1.26    0.96    1.21    7.94    1.70    0.21    1.20    3.21    6.63   11.57    3.80    4.51   10.76    8.22    4.60    1.43    3.96    6.67   16.02   11.98    4.59   39.76   14.80    8.34   20.42   11.39   13.74   11.77   15.46   12.92    7.07    6.22    9.22    7.84   13.06    9.26   20.17   10.05   15.14   20.36
PSATSTCL   -17.90  -40.20    0.63    0.03    0.00    0.02    0.00    0.01    0.00    0.03    0.01    0.00    0.31    1.16    0.07    0.00    0.03    1.95   16.22   14.86   13.90   10.66   31.81   13.62    2.09    0.69    0.20    2.40    9.93    4.38    0.91    1.11    0.84    0.59    0.60    3.92    1.12    1.08    6.27    7.36   10.73    7.45    2.91    2.04    1.85    0.94    1.72
PSATPDC    -12.58  -39.00    0.24    0.15    0.07    0.29    0.17    0.19    0.27    0.18    0.08    0.08    0.30    0.14    0.01    0.28    0.22    0.56    0.18    1.78    0.90    1.74   11.73    1.58    0.11    0.12    0.20    0.47    5.16    3.36    0.70    0.39    0.12    0.21    0.45    1.07    2.72    2.99    1.33    2.13    9.76   11.14    1.80    3.37    5.87    1.13    3.18
PSATROSA   -20.92  -41.72   20.14    2.03    0.19    0.05    0.00    0.04    0.01    7.32   13.63   22.40    9.71   14.48    1.59    4.09    1.96    0.98   31.88   22.34   18.89   11.34    8.38   30.72    1.61    6.41    6.61   10.07    9.91    8.90    2.35    2.46    7.86   16.80    2.79    2.60    2.17    1.95    6.16   20.57    6.58    4.05    1.01    0.05    0.31    1.95    0.76
PSATCAN    -20.21  -42.85   16.31   22.46    1.82    0.07    0.00    0.01    0.00    7.14   13.91   11.04   12.05    6.97   15.39   12.67    2.14    7.42   24.69   11.00   14.96   13.29   11.54   25.61   17.05    6.38   17.24   14.22    8.76   18.21   24.85   25.98   21.36   19.74    8.49    1.10    3.67    8.80   14.01   25.32   14.99    4.25    0.63    0.08    0.35    1.55    1.06
PSATSAC    -19.64  -42.85    9.10   15.54    2.06    0.01    0.00    0.00    0.00    3.65    2.46    4.19    3.44    5.44   16.30    8.33    1.84    6.14   12.04   31.33   23.85    6.66   15.90   38.51   18.66    4.26   20.58   18.01    7.62   20.70   29.58   33.12   26.67   11.17    6.68    1.99    6.84    9.43   19.68   22.41   18.14    7.98    1.85    0.16    1.71    2.39    1.80
PSATPES    -19.12  -42.66   19.93   11.08    2.82    0.01    0.00    0.01    0.00    0.01    0.01    0.09    1.21    7.45   10.37    4.85    0.60    1.60   15.13   45.43   35.45   22.66   13.82   36.12   14.27    4.22   14.08   11.23   14.99   22.95   25.42   23.46   15.72   16.36    2.38    3.84    5.43    4.45   23.13   28.52   23.66   10.55    1.58    0.48    3.94    1.57    1.46
PSATMAS    -19.50  -40.92    7.77    2.67    0.17    0.12    0.01    0.00    0.00    0.86    1.88    2.08    1.98   12.65    2.61    1.96    0.77    0.72   23.31   36.75   25.60   24.83   24.89   36.27    9.83    4.98    4.06   12.94   13.07   10.04    3.91    7.45   12.21    8.83    1.71    3.92    3.46    3.15   13.39   14.95   11.62    5.44    1.94    0.72    2.86    2.10    1.79
PSATSBR    -23.37  -45.87   33.67   12.60    3.30    0.76   16.72   10.12    0.91    7.84    6.47   31.99    5.24    1.81   12.17   15.97   26.18    9.68   16.21    1.61    5.18    1.40    3.52   17.08   10.41    9.96    9.86    4.67    4.78   24.76   36.73   26.72   18.49   11.51   14.51    8.83    4.14    8.71    5.91   25.88   11.66   20.52    5.57    4.72    1.36    0.89    5.98
PSATJAG    -23.20  -46.03   30.28    8.71    8.72    0.53    7.12    5.62    0.63    2.24    4.06   12.64    1.85    2.40    7.25   20.16   14.13   11.72   14.60    2.85    7.29    0.17    5.98    8.44   10.04    8.42   13.82    1.50    0.70   26.49   31.95   24.78   19.07    6.74   22.13   21.70    7.39    8.21    7.08   18.40   12.24   20.72    4.91    4.94    0.64    0.12    5.31
PSATFUNI   -22.53  -44.57   30.02   12.26   11.41    1.30   11.12    6.26    0.41    9.78    4.96   29.48    9.37    4.08    7.97   21.72   20.44    7.87   15.63    3.65    9.18    1.21    6.32   12.00   18.49   15.15   14.94    8.46    2.53   25.59   30.91   27.92   23.10   15.95   21.14   12.82    3.56    6.74    7.44   18.94   16.30   21.90    3.28    2.32    0.46    2.00    3.11
PSATSACE   -22.48  -43.84   21.72   10.98    4.27    4.10    3.50    9.70    2.75   13.45    7.95   34.93   23.70    2.01   16.45   25.17   24.91   19.20   25.15    4.60    9.62    7.41   15.31   15.26   29.25   23.03    9.40    4.93   11.78   43.75   26.28   54.99   19.70   33.05   21.27    3.63    2.76    4.68    5.42   18.55   16.43   18.83    0.31    0.00    0.11    8.83    2.50
PSATPIC    -21.91  -43.54   11.16   12.78   10.01    0.32    0.04    7.15    0.14    4.29    6.45   37.20   50.87    2.38   19.42   19.55   26.61   16.89   28.21    5.19    8.42    4.04   15.98   14.71   22.51   17.09    8.62    9.08    7.11   38.18   32.29   44.65   22.61   29.36   18.52    1.68    3.02    4.97    5.43   19.38   17.27   10.74    0.06    0.03    0.09    8.36    1.16
PSATSOGI   -21.94  -43.36   13.58   34.48    9.01    0.06    0.01    9.16    0.01    1.14   11.91   31.37   44.59    5.60   21.23   26.63   26.48   20.10   16.69    9.52   10.27    7.36   22.35   10.02   18.92    8.89   17.58    7.78    9.78   47.73   51.09   35.20   30.82   44.69   15.12    1.24    4.01    8.19    6.52   31.04   23.44    3.94    0.49    0.00    0.03    2.30    1.53
PSATIPSI   -21.84  -42.58   20.26   24.33    4.97    0.07    0.15    6.98    1.02    4.10   13.55   34.74   45.70    3.80   15.92   32.89   27.29   18.78   14.31    6.21    4.96    8.71   23.46    9.24   17.91    6.53   14.66    7.75    6.81   31.15   34.05   45.99   34.39   29.16   11.19    0.91    2.30    3.79    8.66   20.91   18.44    4.30    0.85    0.05    0.14    3.78    1.33
PSATTCLJ   -22.69  -43.83   34.74   13.73    6.08    8.38   20.07    4.05    4.30    9.69   12.42   29.40    9.22    0.72    6.33   16.04   13.79    9.08    6.84    1.10    5.46    2.69   11.57   13.60   18.75   17.46    8.36    4.70    7.63   31.01   27.13   55.21   15.53   31.89    8.39    0.79    1.13    9.09    6.74    9.46   10.19   17.61    0.00    0.00    0.00    2.41    0.67
PSATBIGU   -25.51  -53.67    2.45    7.17    0.52   13.41   31.59   42.10   21.03    6.37   12.72    3.51    1.09   16.71    6.51   14.62   27.09    4.05    0.66    0.62    0.05    0.14    1.11    2.19    1.33    7.55    7.72    1.08    1.53    2.23    1.56    0.13    0.00    0.33    0.78    0.38   15.71   10.78    1.84    2.02    3.30    1.08    2.68    1.81    1.55    1.26   20.56
PSATBRAU   -21.45  -42.41   29.10   22.68    3.09    0.00    0.00    0.97    0.00    5.11   21.45   22.77   27.18   10.66   13.39   21.16   13.45   16.48   22.79    8.50    7.23   15.18    8.66   16.24   14.70    6.73   20.77    9.53    9.63   28.21   34.15   19.16   22.83   24.19    6.89    1.50    4.09    5.78   13.07   39.41   22.07    8.47    4.01    0.10    0.39    2.78    1.33
PSATSUIC   -20.08  -40.58    3.29    0.11    0.00    0.38    0.00    0.03    0.00    0.51    1.84    4.54    4.78   19.90    0.84    0.27    1.27    0.37   29.30   38.01   13.06   12.48    9.89   24.46    2.24    5.11    4.20    5.33    9.12    4.82    0.37    0.43    2.47    8.94    1.74    6.41    2.32    4.30    7.32   16.91    3.81    4.91    4.52    2.14    0.24    3.30    2.14
PSATJRI     -9.30  -64.70   12.85   11.46   12.10   15.13   28.44   12.43    1.93    4.69    5.12    4.44    1.77    2.55    1.61    2.45    7.18    1.18    4.27    2.44    2.34    3.71    6.17   10.51   19.29   13.39   24.34   12.88   27.51   25.04   30.79   24.34   16.99   23.50   13.67    9.69   15.83   17.50   15.59    9.48    6.48    7.67    5.39    5.13    6.26    3.24    7.84
PSATBENI   -14.59  -67.53   18.57    3.31    4.54    7.35   20.27    7.43    7.74    7.14    3.71    3.10    2.22    9.25    6.59    3.05    6.46    4.68    4.86    4.23    5.99    6.39   19.65   33.42   61.28   49.83   16.13    6.32    9.38    6.69   17.89    6.88    5.67    9.24    9.87   14.22   10.07   14.18   11.58    7.51   13.40   14.48    9.92    7.83   10.63    5.38    6.15
PSATEPB    -12.42  -64.42   19.63   12.69   10.22    8.17   18.26   11.50    2.85    3.88    3.44    2.17    0.52    2.23    2.57    5.06    7.58    1.54    4.74    1.81    8.01   11.18    8.01    9.79   18.28   16.49   17.53   16.98   49.88   17.28   18.22    7.56    6.00   11.06   15.10   27.40   25.31   27.12   19.76   14.85   13.10    9.79    9.95   12.32   16.28    9.79   10.42
PSATEGM    -10.79  -64.35   20.41    7.00   11.60    7.98   23.96   10.69    4.63    3.72    3.76    2.06    1.06    6.25    3.54    4.44    6.80    4.42    6.76    3.65    6.90   10.14   14.18   19.45   29.57   37.27   27.22   15.86   26.37    8.06   11.98    8.01    6.11   15.09   14.41   23.77   34.17   41.26   18.38    7.82   12.06   11.21    6.10    7.20    8.81    4.62    7.87
PSATSTOA    -8.79  -63.95   10.67   10.34   15.28   15.79   16.03    5.46    1.93    9.32    4.04    8.14    2.24    0.68    3.12    9.37    7.41    2.78    2.16    2.30    2.13   21.54    1.17    5.39    5.77   19.34    8.93   22.62   11.82   12.89   18.80   12.23    5.54   24.91   19.92   11.00   13.70    8.37    9.48    2.93    8.61    5.89    5.13    8.95    7.06    8.75   12.83
PSATENC     -9.90  -66.62    3.50   19.85    7.42   18.59   29.57   13.87    1.07    5.05    3.90    3.70    1.06    2.00    1.85    1.87   10.12    0.63    1.95    1.78    3.44    1.19    1.06    0.65   20.26    4.41    6.50    8.20    5.85   22.72   29.91   31.59   19.41    7.69   12.14   10.80   10.49    8.37   10.50    6.96    8.62    3.07    8.03    1.86    4.59    3.37    6.97
PSATAMY1   -11.71  -70.63    2.87   10.68   15.80   21.68   32.18   16.43    3.04    6.18    3.20    1.87    5.62    5.50    2.43    5.06    6.11    1.04    3.04    1.48    2.52    3.24    2.18    9.09    5.72    5.68   26.19    6.19   16.06   34.36   17.23   19.87   15.86   17.20   18.86    9.11   14.42    9.24   17.76   16.59    4.23   15.50    4.31    4.38    2.49    1.30    9.28
PSATAMY2   -12.37  -71.17    6.56   11.77   17.27   30.71   25.51   13.54    6.10   11.37    4.01    2.49    4.65    9.41    4.67    9.16   12.60    2.38    7.02    3.94    4.08    4.81    5.63   11.78   13.02   10.05   24.79    8.85   16.71   38.34   12.63   13.00    8.61   10.63   27.87   11.36   17.32   16.22   15.15   14.68    8.37   17.03   11.07    7.32    4.95    2.24    9.60
PSATAMY3   -13.75  -70.18   19.64   16.85   19.80   31.38   11.64    8.99    7.37    9.46    2.93    3.37    5.40    4.43    3.12    3.43    5.66    2.41    7.27    3.28    3.16    2.85   13.75   32.63   39.18   35.69   39.27   20.71   47.48   27.54   25.78   21.85   22.20   15.31   22.96   14.41   21.90   20.23   16.62   13.33   23.15   26.73   11.00   14.86    6.23    7.74   10.56
PSATAMY4   -13.45  -69.47   14.82    8.54   19.78   19.06   10.28    8.82    6.38   12.05    5.55    5.20    3.87   11.89    2.21    4.00    7.50    2.77   12.44    2.91    4.99    3.39   17.54   37.05   37.35   23.78   50.34   37.25   43.95   23.28   28.31   15.59    8.93   12.77    8.53   13.28   23.55   22.74   12.56   14.37   13.01   14.89    7.84    5.24    2.71    1.42    1.95
PSATJRN    -13.37  -59.01   12.91    8.27   17.88   11.96   16.61    4.61    5.76    3.58    4.99    1.62    0.95    1.72    3.91    4.28   18.22    6.54   15.48    3.07   17.62   16.22   21.41   11.02   18.11    9.65   10.71    4.40   35.60   33.54   70.69   38.21   11.44   10.18   16.66   38.74   24.08    8.33   21.67   17.96    8.65    5.87   18.13   13.41   11.51   10.59   12.18
PSATAPI    -10.34  -56.98    6.87    7.07   22.32    9.01    6.14    3.02    6.70    8.01    3.38    3.44    1.17    1.60    7.16    2.00   13.99   11.27    9.57    1.28    3.37   10.59    1.71    7.15   22.66   16.98   11.04   22.30    7.17   30.44   15.05    3.23   12.25   10.05   21.31   11.47   10.60    4.65    5.01    4.23   13.70   12.50    6.12   18.56   16.14   12.26   17.66
