PSATAGV    -19.89  -50.35    1.04    1.58    1.85    7.97   14.97    1.45    0.16    0.01    0.00    0.07    0.07    2.48   23.78   16.81    6.70   15.65    8.31    0.68    7.74    8.35    1.02    1.68    3.14   15.23   13.55   39.12   67.92   13.05   38.62    8.96    1.22    3.59    3.39    3.22    2.40    3.46    6.96   10.00   11.82    6.95    3.94    9.11   12.24   17.89   10.56
PSATCMG    -21.28  -44.63    0.96    0.28    0.24   17.46    7.62    2.71    1.12    0.03    0.00    0.00    0.00    0.06    3.71   15.39    5.74   13.17    0.98    5.91   24.83    5.14    1.12    0.84    9.25   20.78   29.30    4.15    2.51    2.48   21.51   21.74    4.25    3.76   11.45    4.11   11.99   15.28    9.77   15.29   14.74    2.26    3.99   14.49   20.25   48.73    9.23
PSATCES    -20.25  -48.16    0.56    0.25    0.42    9.75   12.64    2.21    0.06    0.00    0.00    0.00    0.00    1.13   20.10   12.71   13.29   13.94    4.74    2.53   13.06   20.29    3.45    0.95    2.33   17.28   20.82    5.66   22.95   19.42   43.91   15.57    0.94    2.09    3.94    3.36    4.45    5.60    8.64   15.52   12.88    2.81    2.76   26.65   22.18   13.76    8.79
PSATELC    -21.60  -46.95    0.37    0.25    0.60    8.94   16.46    2.43    0.06    0.00    0.00    0.00    0.00    0.51   21.99   25.65   12.60    2.89    4.83    4.05   20.21   19.82    1.75    0.51    1.58   21.48    7.18    8.06    3.72    5.02   18.49   14.69    2.34    0.80    3.84    4.16    3.51    5.16    5.43   14.35    3.12    1.26    5.75   21.57   15.36   11.70    3.33
PSATFUN    -21.14  -45.04    1.14    0.52    0.81   12.32    9.45    2.11    0.18    0.01    0.00    0.00    0.00    0.27    4.51   20.59    7.87   17.83    1.56    5.77    7.35    7.08    0.57    0.31   11.13   23.30   34.68   11.18    1.22    1.01   18.79   14.55   10.09    4.30   11.66    4.52    4.73   11.43   10.53   14.97   11.94    7.36    2.66    6.98   21.14   23.01    4.22
PSATFUR    -20.67  -46.32    0.65    0.53    0.49   13.55   14.26    2.47    0.03    0.01    0.00    0.00    0.00    0.09   12.83   15.83    8.96   10.85    6.88    5.61    8.05   20.22    0.69    0.86    7.62   22.94   27.58    9.23    3.82    3.43   20.97   12.29    5.48    2.66    5.76    3.71    3.99    7.28    9.71   20.14    5.20    5.09    3.58    9.24   33.95   12.10    4.40
PSATMRB    -20.30  -49.18    0.74    0.36    1.15    5.62   14.84    1.58    0.04    0.00    0.00    0.00    0.00    2.16   21.30   16.65   10.55   15.55    8.02    1.89   13.13   18.93    1.93    1.00    1.44   17.27   13.55   10.21   40.30    9.42   39.12   20.32    1.37    2.56    3.28    4.15    2.74    4.08    7.92   13.21   10.69    4.72    2.77   16.95   26.69   14.55    9.58
PSATPRG    -21.59  -45.67    0.61    0.39    0.66   10.13    9.23    2.60    0.01    0.00    0.00    0.00    0.00    0.05    8.21   22.40   12.17    3.84    4.58    3.22   10.34   17.51    0.42    0.54    3.75   20.43   16.28    3.79    2.71    4.10   17.32   20.10    4.39    1.26    6.33    3.49    7.91    5.68    4.94   14.67    4.03    1.33    5.02   11.04   22.71   14.47    4.75
PSATPAS    -21.02  -48.18    0.42    0.21    0.63    4.96   11.58    1.78    0.01    0.00    0.00    0.00    0.00    5.07   19.54   22.56   16.58    5.91    6.26    4.13   23.64   22.54    1.03    0.67    1.44   20.24    9.89    8.38    7.37    6.65   26.23   18.35    1.30    0.65    3.33    3.84    1.96    5.64    6.91   12.84    4.72    1.28    4.85   14.00   12.46    8.63    5.17
PSATPTB    -21.61  -45.49    1.15    0.48    0.34   11.92    9.91    1.66    0.03    0.00    0.00    0.00    0.00    0.03    2.82   24.10   12.85    4.88    1.80    5.38    7.35    8.09    0.40    0.32   10.92   24.89   20.32    2.85    1.45    2.34   19.45   21.07    4.92    2.59    5.54    2.20    5.55    7.44    5.88   19.06   12.14    1.67    6.44   11.10   26.11   45.25    4.16
PSATPTC    -20.00  -48.55    1.39    0.31    0.91    8.21   19.08    3.37    0.14    0.00    0.00    0.00    0.00    0.43   15.60   15.18   11.98   17.46    5.83    2.27    6.88   17.06    5.05    1.58    4.56   17.92   29.16   11.19   44.85   45.73   38.58   13.50    1.29    3.18    4.36    3.41    3.99    4.07    9.67   23.60   14.65    8.33    6.14   17.88   30.75   15.15    5.14
PSATFZA    -26.00  -51.65    3.36    8.03    5.99   22.46   12.33    0.51    0.02    0.00    0.00    0.73   12.03    3.29   14.10   14.56    0.44    0.08    0.02    3.88    1.74    0.42    0.05    2.12    2.85    4.23    1.72    0.04    0.10    0.19    4.04    2.22    2.58    7.98    2.81    1.42    3.51    7.85    7.81    0.43    0.03    0.07    2.67    2.18    7.32    7.36    1.01
PSATJSG    -25.78  -52.00    1.24    4.37    4.17   30.03   20.03    0.83    0.00    0.00    0.00    0.65   20.76    2.81   25.58   15.20    0.78    0.01    0.04    5.40    1.22    0.13    0.02    1.94    2.45    1.94    2.47    0.07    0.71    0.19   10.85    1.45    2.69    3.68    1.60    0.76    1.48    5.81    6.98    0.69    0.04    0.01    0.87    1.31   11.81   10.71    1.35
PSATSCX    -25.53  -53.48    0.28    2.77    8.78   37.32   10.77    0.53    0.00    0.00    0.00    0.28   21.43    4.78   22.67   15.02    0.53    0.00    0.15    8.00    3.00    0.09    0.02    0.90    3.52    1.72    1.93    0.26    0.91    0.76    9.56    1.23    2.57    2.13    0.97    0.76    0.80    7.17    5.40    0.73    0.04    0.01    1.08    0.72    7.25    5.65    1.11
PSATSCL    -25.49  -51.74    0.90    2.45    3.99   11.81   11.82    0.69    0.00    0.00    0.00    1.26   13.41    9.90   28.22   13.69    0.41    0.02    0.04    2.87    4.79    1.34    0.04    1.39    3.55    2.83    3.25    0.01    0.54    0.59    5.97    1.42    3.27    7.47    2.26    2.01    4.20    6.00    8.24    1.13    0.23    0.03    2.44    1.07    8.91   10.36    1.17
PSATUVT    -26.23  -51.08    1.89   11.62   15.20   10.10    5.52    1.59    0.04    0.00    0.02    0.96    5.35    5.73    8.08   12.46    2.40    0.17    0.12    2.47    4.94    0.82    0.17    0.73    7.50    6.42    1.26    0.95    0.04    0.55    1.50    2.06    2.67   12.13    6.17    1.91    5.01    7.79    8.05    1.19    0.18    0.57    7.45    3.63    3.61    3.54    1.43
PSATBSM    -24.19  -53.74    0.10    0.23    8.76   19.64    5.70    0.15    0.00    0.00    0.00    0.34   23.84   28.93   33.85   16.88    1.15    0.22    0.67    8.84    3.62    0.50    0.06    0.05    6.67    5.61    3.05    0.45    0.51    1.98    4.15    1.26    1.53    2.75    1.75    0.76    1.17    4.76    6.75    0.89    0.21    0.13    1.74    0.91    5.63    4.59    1.09
PSATFLE    -22.97  -54.56    0.47    3.97   11.18   13.75   12.95    0.36    0.00    0.00    0.21    9.88   31.23   33.92    2.65   13.83    1.06    0.70    2.37   15.65    0.94    0.00    0.03    0.00    8.59    6.79    1.60    0.09    0.14    0.56    5.34    0.25    0.63    0.09    0.00    0.00    0.00    0.49    2.80    0.04    0.40    4.02    3.06    8.17    3.70    1.52    6.18
PSATITP    -25.42  -54.58    0.18    0.98   10.70   23.06    5.89    0.12    0.00    0.00    0.03    7.08   24.96   50.14   13.80   26.49    2.07    0.52    1.47   15.73    4.48    0.05    0.07    0.01    9.06    5.73    3.04    0.27    0.32    1.11    3.64    0.42    1.09    0.42    0.09    0.08    0.11    1.66    5.87    0.64    0.36    0.54    1.38    2.72    7.68    1.36    3.20
PSATIVM    -22.38  -53.53    0.72    5.25    3.62    9.94    7.14    0.28    0.00    0.00    0.22   13.63    9.41   24.20    6.68   30.46    6.76    0.99    1.55   18.63    1.95    0.01    0.29    0.00    5.41   10.99    7.74    0.04    0.30    9.16    4.36    0.37    0.64    0.89    0.00    0.03    0.06    1.00    3.84    1.06    3.79    5.97    4.83    5.60    7.08    1.89    9.41
PSATPTQ    -23.18  -53.17    0.54    0.20    5.19   14.05    4.41    0.12    0.00    0.00    0.00    0.74   13.21   33.03   36.65   17.59    1.53    0.54    1.36    7.52    8.57    0.84    0.01    0.08    8.75    9.28    1.54    0.32    0.35    1.86    2.53    1.11    1.02    4.16    2.28    1.14    1.83    3.19    9.45    0.83    1.09    0.78    2.98    1.64    4.77    5.22    2.25
PSATCBI    -17.99  -48.54    4.69    7.90    6.20    7.54   17.52   11.47    0.52    0.11    0.51    0.03    1.16    4.89    8.54   14.65    5.37    8.08    2.68    1.51    7.56   13.43   19.13   11.22   14.49   10.47   14.13   16.82    8.29   10.87   53.94   51.53    2.13    3.84    7.90    7.76    5.85   14.20   11.26   10.25    9.73   13.88   18.04   21.76    8.34    6.26    5.53
PSATCBIV   -16.15  -48.67    6.34    9.39    8.89   13.90   13.88   12.41    0.80    0.28    1.10    0.06    1.72    4.31    3.66    5.40    2.39    5.31    1.66    0.74   12.48   10.51   25.97   12.42   13.95   10.28   10.41   14.56    7.18   13.64   40.44   59.40    2.24    5.29    5.95    7.35    3.52    8.69   11.50    3.87   16.88   29.58   19.13   16.41    8.05    3.92    2.87
PSATEMB    -18.45  -47.98    2.82    1.67    2.23   12.68   20.55    5.12    0.39    0.41    0.10    0.01    0.09    3.35   10.37   17.75    6.72   13.33    5.74    2.02    2.34   11.00   17.33    3.14    5.97   14.96   17.66   16.12    7.54    8.25   55.88   51.69    2.32    3.38    4.49    4.01    5.47    9.98   11.40    9.06    4.88   16.41   21.03   21.65   22.78   18.13    3.29
PSATIMBR   -18.42  -49.10    3.91    5.52    2.71    7.61   16.25    5.49    0.64    0.03    0.07    0.02    0.05    3.27   10.99   16.90   10.45   13.01    4.41    1.78    2.86   13.74    7.23    4.05    7.16   18.82   23.00   18.06   11.20   17.53   66.96   28.99    1.82    3.44    5.46    3.82    3.13    9.79   13.02   22.32   10.67    5.91   16.52   30.33   23.55   19.79    7.85
PSATNPTE   -19.13  -47.70    2.98    0.70    1.20   14.02   17.47    3.74    0.19    0.07    0.02    0.00    0.00    0.79    6.43   14.97    7.16   15.17   11.68    1.99    5.34    9.03   10.24    2.08    3.45   14.67   24.64   18.30   34.55   26.94   57.50   32.11    2.04    3.35    5.28    2.40    2.64    5.33    6.30   15.59    4.87   12.27   15.18    8.75   23.28   13.24    2.27
PSATARV    -18.07  -50.16    4.54    7.86    3.15   12.33   13.04   12.68    1.23    0.25    1.97    1.28    2.23    3.06   11.23   16.03   10.69   12.85    2.17    0.32    5.89   12.42    7.60    3.94   10.44   15.12   31.30   17.93   10.22   24.48   71.19   21.28    1.36    1.95    5.22    2.47    2.16    8.65   13.88    6.32   16.93    5.70   13.61   28.04    9.39    8.36   10.97
PSATSFC    -18.05  -47.68    3.88    3.50    5.31   11.11   15.92   10.18    0.64    0.16    0.17    0.05    0.80    6.41   12.79   15.38    7.61   10.06    1.97    2.00    8.61   12.95   28.01    6.81   12.92    8.63   14.03   13.74    8.34    4.07   54.48   53.42    1.39    4.54    8.85    9.49   13.87   14.44   18.62   10.89    7.44   28.90   30.75   24.56   10.30    9.02    5.26
PSATSSM    -19.02  -50.50    3.62    6.47    3.24    8.30   13.54    4.35    0.69    0.04    0.46    0.15    0.12    3.15   11.54   13.09   17.64   14.66    4.60    0.61    5.55   12.43    3.78    3.04    5.22   11.92   34.70   24.89   11.51   26.83   40.95   12.56    1.35    2.94    5.32    2.92    2.40    6.79   13.32   15.42   16.60    5.51   10.80   33.54   23.33   18.76   13.06
PSATCNI    -22.94  -50.52    0.37    0.00    6.28    7.58    1.38    0.58    0.00    0.00    0.01    0.00    0.30   23.51   31.60   23.77    9.91    3.61    2.74    4.78   26.75    1.87    0.02    0.06    5.19   10.20    1.40    4.14    0.67    1.19    7.69    8.14    0.27    2.70    1.84    4.27    0.72    3.04    8.58    6.37    0.73    1.47    4.82    1.82    3.41    6.78    3.12
PSATCPV    -22.65  -51.33    0.28    0.15    7.98    4.54    2.12    0.26    0.00    0.00    0.00    0.33    5.80   20.59   33.27    9.49    5.98    1.96    2.81    3.22   22.69    0.46    0.00    0.18    6.30   10.06    1.71    0.32    5.22    1.04    2.41    1.96    0.90    4.26    2.25    2.99    1.10    2.66   10.17    2.94    1.28    1.21    1.92    1.00    2.41    6.40    3.45
PSATCHT    -23.01  -49.73    0.40    0.13    3.34    7.14    0.45    0.33    0.00    0.00    0.00    0.16    2.77   16.95   19.62    9.50    4.43    1.43    0.61    1.97   32.44    0.49    0.02    0.35    4.24    8.42    0.47    0.17    6.92    0.45    3.59    3.04    0.74    5.78    1.77    3.31    1.56    4.28    9.80    4.86    1.33    0.99    3.49    3.27    1.48    6.52    2.61
PSATJUR    -23.22  -49.23    0.13    0.05    0.93    4.99    1.59    0.93    0.00    0.00    0.00    0.13    0.39   16.10   14.46   20.65    4.39    1.46    0.31    4.57   31.93    2.84    0.29    0.32    4.17   18.11    3.07    0.99    3.79    0.42   11.32    9.15    1.58    3.23    2.80    4.66    2.02    4.90   11.94   10.12    1.23    1.36    4.52    1.75    5.33    6.13    6.69
PSATMAU    -24.06  -50.71    0.62    0.57    3.12    4.56    4.36    0.60    0.00    0.00    0.00    0.71    5.25    6.01   16.96    3.39    3.12    0.35    0.22    2.49   21.75    0.67    0.02    0.22    7.42    7.26    0.55    0.07    0.35    1.56    2.54    0.96    0.58    9.79    2.67    2.57    2.68    4.79    9.05    1.01    1.15    0.27    2.68    1.65    1.96    5.11    1.30
PSATROS    -22.50  -52.87    0.09    0.06    4.39   10.29    1.79    0.48    0.00    0.00    0.00    3.22    7.85   38.55   38.43   29.34    5.81    1.78    5.83    6.56   11.15    0.77    0.00    0.03    4.59    8.90    2.71    0.02    0.26    2.31    1.10    1.39    0.65    1.95    2.77    1.07    1.13    1.71   11.10    1.26    1.60    1.24    2.33    0.94    2.16    7.30    3.01
PSATQMD    -16.21  -47.33    2.78    6.44    5.97   11.81   25.16   21.21    0.54    0.24    0.31    0.14    7.23    5.49    5.81    4.20    2.61    1.78    0.44    3.56    6.12    5.96   29.66   11.69   16.60    6.35   11.07   13.08    9.96    6.96   27.55   55.02    2.72    6.23   12.28   12.31    3.51   10.83    3.89    4.73    9.05   25.45    5.42   16.10    9.74    8.45   13.57
PSATRBX    -18.95  -44.76    1.82    1.37    1.54   10.07   13.73    2.41    0.02    0.07    0.00    0.00    0.10    1.82    9.00   12.34   12.82   20.48   11.36    4.77    3.69   13.37    2.23    0.93   11.27   17.81   34.27   20.00    6.34    3.10   23.94   55.52   15.07    5.58   11.75    2.91    7.42   15.32   20.26   10.36    7.60   12.25    8.97    6.26   11.72   19.60    8.12
PSATSFR    -15.93  -44.86    4.74    6.31    2.45    9.71   23.68   25.65    0.35    0.21    0.17    0.52   12.82    8.41    5.38    5.03    0.32    0.20    0.38    2.25    3.77    9.68   23.80    9.39   23.07   13.51    4.20   10.80    6.33    2.31   32.74   49.39    4.66   10.72   35.50   11.70    9.41   20.93    7.57    7.35    4.85    4.88    1.68    3.73   10.46   14.79   16.66
PSATSRM    -16.37  -45.07    3.33    2.18    3.92   12.29   21.92    9.97    0.33    0.29    0.16    0.04    3.65    4.74    8.21    6.85   12.01   14.66    5.59    4.84    6.58   17.79   18.35    3.26   17.94   12.30    9.59   14.43    9.19    3.67   36.88   87.48   12.02    7.27   18.97    7.35   12.51   21.44   11.26    8.12    8.21   15.72    8.43    9.49   11.89   24.37    9.37
PSATTMR    -18.16  -45.27    1.38    1.12    2.75   12.11   17.70    3.55    0.02    0.09    0.03    0.02    0.94    1.53   12.84   11.02   14.00   22.51   12.59    8.06    3.21   19.73    7.96    1.73    9.59   19.20   32.35   20.77   13.08   13.37   34.72   54.38    5.56    7.12    8.25    3.62    7.22   14.54   10.38   22.16    7.01   17.96    7.75    4.58   22.51   15.34    4.92
PSATBOQ    -11.35  -43.83    2.04    2.29    0.71    3.99   13.86    9.78   20.33   13.14    3.98    7.74    5.21    0.87    0.16    0.00    0.00    0.03    0.13    0.39    2.01   12.31   16.58   31.05   10.44    0.33    0.17    3.46    6.14    3.59   20.17    8.37    6.56   14.43    6.61    2.18    0.50    0.66    0.35    0.76    0.57    0.02    0.38    3.14   10.82   12.31    9.48
PSATBBO    -22.52  -48.55    0.35    0.05    0.26    3.82    1.32    0.82    0.00    0.00    0.00    0.01    0.00   14.90   17.20   27.94   15.54    1.68    2.62    6.09   26.95   15.91    0.22    0.15    1.94   23.38    9.05    3.75    3.51    3.38   20.95    8.24    1.36    1.31    7.53    4.51    2.46    6.76    9.36   17.66    2.54    1.31    6.26    8.35   14.14    7.55    7.54
PSATESZ    -23.46  -46.91    0.27    0.02    0.47    7.77    4.30    0.85    0.14    0.00    0.00    0.09    0.02    6.03   17.22   10.36   15.06    1.03    0.67    2.79   31.21   16.27    3.88    1.15    1.46   32.55   16.23    3.37    4.16    1.19   18.62    8.87    6.95    2.02    4.79    5.75    3.96    8.48   10.63   25.59    4.72    1.79    4.57    5.19   21.66   19.19    3.74
PSATIBT    -21.76  -48.99    0.49    0.05    2.33    5.62    2.82    0.77    0.01    0.00    0.00    0.00    0.06   21.82   24.10   23.27    9.20    2.51    7.01    4.20   27.27    5.02    0.07    0.18    1.67   18.64    3.85   12.47    3.12    3.27   18.15    6.05    0.62    0.52    1.83    3.70    1.14    4.03    6.32    7.25    1.19    1.26    4.11    6.03    6.60    6.66    3.46
PSATNAV    -21.12  -50.20    0.56    0.40    3.68    5.16    9.58    0.40    0.03    0.00    0.00    0.00    0.09    8.15   34.33   21.10   12.77   10.60    7.40    3.83   10.60    7.98    0.58    0.56    2.88   16.56    4.81   39.44   32.22    2.74   25.32    7.54    0.76    1.13    2.93    3.08    1.15    2.29    5.24    8.05    3.35    2.87    4.21    4.36    5.38    5.04    4.32
PSATSME    -13.40  -48.30    4.58   11.28    2.95    6.88   24.19   11.80    6.59    1.17    1.83    0.86   12.60    5.42    6.10    6.02    3.22    6.37    0.11    0.46    8.61   11.13   22.56   11.03   23.30   14.80   10.70   13.36   10.76   18.05   25.61   35.65    4.32    5.91   11.35    8.78    6.81   19.91    6.92    3.89   10.36   13.74   20.22   17.75    7.51    8.94    6.71
PSATBGR    -27.78  -51.20    5.95   31.07   14.98    3.82    1.81    1.93    0.04    0.00    0.97    7.55   53.13    7.61   18.27   14.84    0.76    0.07    0.02   10.35    0.03    0.11    0.27    2.40    2.53    7.93    0.05    0.23    0.01    0.06   11.07    6.44    4.24   12.27    5.52    2.65    1.26    6.32    6.78    1.61    0.15    0.40    0.68    0.55    4.21    5.83    3.91
PSATCNV    -27.60  -51.33    3.89   24.75   12.30   15.16    2.93    1.75    0.08    0.00    0.34    2.09   46.30    5.21   19.36   18.49    0.86    0.06    0.12    4.66    0.03    0.32    0.55    2.84    0.94    8.06    2.40    0.45    0.04    0.09    5.47    2.92    3.22    8.13    5.42    2.08    0.82    5.99    7.14    1.51    0.03    0.37    1.48    1.29    5.04   10.25    2.62
PSATFCH    -27.14  -53.04    0.17    9.37   20.95   15.45    3.62    0.45    0.00    0.00    0.00    0.13   61.17    0.98   26.18   11.09    0.23    0.00    0.03   10.17    0.00    0.00    0.02    1.27    0.92    0.51    0.00    0.01    0.18    0.24    6.39    1.00    2.15    1.40    0.37    0.44    0.14    4.68    4.50    0.46    0.00    0.00    0.02    0.06   44.37    8.32    1.34
PSATITA    -27.27  -52.38    1.14   18.78   16.37   19.65    3.02    0.84    0.01    0.00    0.04    0.34   40.42    1.05   28.84   11.20    0.49    0.02    0.02    7.38    0.01    0.07    0.04    2.45    2.31    4.03    0.74    0.07    0.00    0.12    6.03    1.61    2.52    4.71    2.41    0.81    0.51    5.36    7.08    0.70    0.01    0.07    0.41    0.21   14.97    8.46    1.74
PSATMCD    -27.52  -51.78    0.87   18.81   10.47   16.99    0.34    0.23    0.00    0.00    0.04    0.35   58.48    0.24   33.28    9.34    0.20    0.00    0.02    8.26    0.00    0.00    0.06    4.07    2.92    3.78    0.00    0.00    0.00    0.10    6.87    1.00    2.24    3.30    1.58    0.79    0.38    4.91    4.35    0.47    0.02    0.00    0.08    0.11    8.33    4.84    0.92
PSATMOJ    -27.35  -52.73    4.29   29.73   12.66   15.70    3.19    0.64    0.03    0.00    0.03    1.12   58.87    1.00   38.48    7.00    0.00    0.00    0.53    9.58    0.00    0.00    0.00    0.74    2.35    2.24    0.00    0.00    0.37    0.89    9.26    2.20    2.70    0.99    0.99    0.29    0.14    2.72    2.93    0.84    0.00    0.00    0.00    0.05   28.67    2.15    0.70
PSATQQX    -26.66  -52.54    1.11    6.85    9.11   32.99    9.46    0.96    0.00    0.00    0.00    0.28   24.53    1.72   25.37   15.67    0.43    0.01    0.00    9.70    0.06    0.02    0.02    2.82    2.20    4.44    1.37    0.21    0.11    0.22   10.47    1.24    2.57    4.33    1.75    0.84    1.08    6.15    9.51    0.73    0.00    0.03    0.18    0.81    9.09   11.20    1.56
PSATPSJ    -28.14  -55.05    8.06   27.58    0.75    1.37    0.42    0.20    0.07    0.01    0.08   19.01   34.78    0.05   20.16    0.48    0.00    0.00   19.35   14.17    0.00    0.00    0.00    0.75    1.09    0.13    0.00    0.13    1.10    0.56    9.34    0.38    0.13    0.00    0.02    0.00    0.24    0.27    1.94    1.25    0.01    0.00    0.00    0.00    1.87    0.71    0.40
PSATESP    -18.68  -51.87    0.69    5.60    1.89   13.02    5.58    6.94    0.30    0.05    2.58    3.17    6.33    6.82    9.95    9.17   16.10   11.78    6.26    0.03    2.79    0.61    1.75    0.53    5.13    4.67    6.27   21.19    7.90  127.53   43.43    3.45    1.22    1.42    1.95    3.54    3.11    8.61    7.14   10.56   11.29    2.14   15.41   10.80    6.93    5.37    5.71
PSATSRC    -19.16  -50.76    1.48    3.28    4.05   19.93    8.99    4.08    0.76    0.16    8.12    7.02    3.94    3.70   22.75   10.19   18.67    9.82    7.50    0.05    7.61    3.13    4.32    0.90    6.16    6.23   16.73   17.26   12.87   77.38   35.81    2.59    1.27    1.23    2.13    5.35    3.25    5.24   10.27   14.92   11.81    4.43   10.70   19.73    5.19    6.10   11.74
PSATFRCL   -19.12  -50.64    2.06    6.43    3.17   21.45    9.35    7.47    1.48    0.36    5.84    3.47    5.85    4.14   22.33    7.35   11.42   10.15    9.45    0.14    9.39    6.96    4.85    1.33   10.01    8.87   39.41   22.83   11.28   56.12   61.88    3.95    1.32    1.27    2.19    3.12    2.96    6.79   10.94   12.27   17.73    7.36   13.52   26.60    4.13    9.72   12.52
PSATISOT   -20.40  -51.35    0.93    1.55    5.12   13.76   12.91    1.43    0.27    0.03    1.18    1.20    5.26    9.15   21.95   18.58   16.40    9.51    5.57    5.00    6.20    0.74    1.35    0.41    5.47    8.80   13.42   33.77   12.99   20.08   20.56    1.36    1.10    2.28    2.99    2.35    2.05    4.56    8.79    9.59   11.06    7.84    2.61    9.38   12.22    9.87    7.70
PSATJUP    -20.86  -51.63    0.99    1.65    2.82   15.87   10.33    1.95    0.29    0.01    2.78    6.50   14.16    8.09   10.18   14.75    9.21    8.07    5.95    5.20    5.21    0.25    1.53    0.39    6.06   10.30   13.66    2.81    6.36   27.56   13.27    1.92    0.90    1.27    2.09    1.06    0.90    3.92    8.06    7.65   15.61   10.91    4.15   13.75   10.05    4.77    7.37
PSATSDG    -20.06  -53.18    0.70    1.83    1.20   11.10    9.88    0.56    0.21    0.01    2.51    9.60    7.49    5.61    4.68    5.58    2.98    6.22    4.90    0.91    4.02    0.55    0.68    0.16    2.75   13.66    7.97    0.90    6.84   21.20    7.35    1.50    0.64    1.73    0.36    0.64    0.36    2.57    5.08    6.25   11.37    7.59    1.87   14.79    7.04    3.30   13.11
PSATFZBT   -21.66  -52.87    0.51    1.16    4.26   12.82    5.52    0.22    0.03    0.00    0.23   12.37    6.44   14.60   10.44   11.35   10.92    3.16    3.45   10.26    4.77    0.15    0.60    0.03    1.57   16.99    5.71    0.15    0.97   19.80    5.37    0.86    0.67    1.44    0.14    0.08    0.36    2.27    8.33    2.85    7.61    4.76    7.12    2.67    8.84    1.98    7.52
PSATPPRA   -22.46  -52.91    0.17    0.55    6.95   12.46    4.42    0.47    0.03    0.00    0.01    4.91    5.40   22.75   24.79   22.49   10.74    4.78    5.94    9.67    8.84    1.43    0.21    0.04    3.52   13.30    4.88    2.86    0.54    7.34    4.81    1.42    0.70    1.61    1.84    0.81    0.83    1.84   11.81    3.66    4.15    3.75    3.50    2.52    5.24    4.38    5.51
PSATBTE    -13.69  -50.80    2.65    6.32    2.03   11.75   15.68   10.27    3.38    2.92    2.87    4.86   10.36    9.44   12.03   14.23   14.84   10.23    1.06    0.47    3.62    4.26   19.83    7.62   15.64   19.76   15.11   15.03   10.37   24.71   45.25   15.41    6.65    3.77    3.25    3.85    1.29   12.08   11.66    5.45    7.51    9.61   23.65   24.35   12.92    9.63    7.77
PSATARAG    -8.27  -49.26    5.99    6.67    1.50    8.35   17.57    8.24    6.68    8.86   15.05    6.67   12.58    6.69    8.43    5.07    4.53    3.74    1.16    0.89    4.05    5.99   12.94   16.94   16.69   14.32    9.44   13.61   15.71   19.16   14.91   20.18   19.46   12.08   11.21    8.33    4.67    8.82    6.58    5.19    9.24    9.47   15.20    8.07   12.86    7.86    5.24
PSATLAJ     -9.76  -48.37    8.00   10.29    2.94    8.59   16.52   10.55    8.40   10.35   12.19   12.94   14.10    8.12    3.89    1.63    0.23    0.76    1.16    1.65    7.63    7.38   21.25   24.73   26.09    6.22    6.64   10.03   17.89   19.24   13.41   23.73   22.26   25.62   22.83    4.08    3.49    4.73    2.25    6.90    5.95    0.95    6.07    6.16    5.77    9.57    5.18
PSATPTRL    -9.31  -47.39    1.38    4.32    3.19    5.75   16.84    4.62   10.86   22.62   14.29    7.71   14.36    7.87    0.76    0.74    0.51    2.51    3.92    6.57    0.56    3.89   14.66   22.84   15.16    1.14    4.29    9.71   18.72   13.79   16.92   10.00   18.04   28.41   12.04    0.74    0.21    0.30    1.68    5.12    2.18    0.17    1.29    9.53    7.75   15.19    5.15
PSATLJET    -7.33  -47.48    1.22    7.21    1.66    3.15   11.68    4.74    4.40   20.98   19.65    5.24   15.16    8.92    6.11    3.79    1.34    3.39    2.03    8.97    1.21    3.03    4.88   12.58   14.16    1.11    6.45   13.40   27.63   22.80   15.88    7.58    9.65   15.72   13.30    0.72    0.43    3.00   11.08    6.44   10.37    5.90    1.31    8.56   13.86    6.29    4.25
PSATUCR     -3.83  -49.65    3.96    7.24    1.30    3.08    9.17    2.12    1.93   14.93   18.64    3.40    9.24    2.92    5.90    3.59    4.04    3.75    3.68    5.34    4.26    5.21    5.60   13.94   21.14    6.88   20.53   12.28   11.77   11.18   16.64    9.43   14.24   22.60   13.45    5.38    8.59   16.84   11.00    7.60   16.57   13.66    6.72    9.27   13.73    5.97    4.66
PSATXIVJ   -29.07  -51.67    5.81   40.06   14.58    0.80    0.11    0.51    0.00    0.00    0.25    5.31   43.25    0.57   24.96   10.70    0.06    0.00    0.09   10.37    0.02    0.00    0.05    1.91    1.72    2.67    0.00    0.00    0.00    0.34    5.79    2.61    4.50    3.67    2.99    1.17    0.49    1.94    3.57    1.08    0.08    0.05    0.03    0.05    8.85    5.46    1.02
PSATDFRC   -29.45  -53.28   11.88   30.51    1.51    0.39    0.33    0.37    0.07    0.56    0.39   13.03   17.40    0.32   29.52    1.64    0.00    0.00    8.66    9.64    0.00    0.00    0.00    1.73    3.72    0.56    0.00    0.01    1.13    0.24   13.55    0.84    0.52    0.00    0.00    0.00    0.63    0.40    2.85    0.79    0.08    0.02    0.00    0.00    0.53    1.08    0.52
PSATREAL   -29.02  -53.19   13.11   50.52    6.18    1.70    0.16    0.38    0.04    0.31    0.01   10.39   35.19    0.18   31.60    6.24    0.00    0.00    3.28    9.69    0.00    0.00    0.00    0.68    0.78    0.28    0.00    0.00    0.44    0.58    8.64    0.87    1.11    0.13    0.17    0.02    0.14    0.56    1.43    0.84    0.02    0.01    0.01    0.00    8.73    2.42    0.46
PSATCTAV   -29.01  -51.39   11.04   31.88   16.84    1.70    1.20    2.16    0.08    0.01    3.35   12.05   43.04    4.77   14.60   10.64    0.64    0.08    0.00   12.85    0.02    0.04    0.05    1.17    2.51    2.92    0.11    0.14    0.02    0.11   10.49   12.24    5.18    9.02    4.06    2.58    1.61    8.01    5.30    1.56    0.55    0.99    0.97    0.51    5.93   10.30    3.67
PSATERNT   -28.56  -52.54    5.72   38.63    6.15   10.59    0.55    0.25    0.00    0.00    0.06    4.08   51.46    0.05   44.64    5.65    0.00    0.00    0.13    9.74    0.00    0.00    0.02    2.55    3.28    2.10    0.00    0.00    0.31    0.90    5.87    1.30    1.54    0.88    0.55    0.17    0.21    2.46    2.33    0.72    0.02    0.02    0.00    0.03   23.80    2.47    0.99
PSATSTPL   -27.14  -49.52   11.26   17.81    6.63    6.52    5.98    2.86    0.32    0.04    0.13    1.61   23.23    4.51    6.65   10.80    1.55    0.08    0.47    2.31    1.01    0.85    0.80    1.62    2.49   11.81    0.95    0.97    0.15    0.50    1.17    4.91    4.71   12.21    2.26    3.40    1.52    4.91    4.53    2.39    0.05    0.69    4.69    3.41    4.51   13.36    1.64
PSATCVCH   -25.14  -48.87    0.55    1.90   17.59    3.81    5.13    3.99    0.08    0.00    0.00    0.97    3.51    6.73    4.04    5.75    6.48    1.19    0.27    1.25   32.03    3.97    0.60    0.50   15.40   13.63    2.67    2.14    0.81    1.08    1.66    2.66    3.08   14.77    5.00    2.17    2.93    6.90    9.16    0.89    0.79    0.98    6.07    7.66    4.12    1.89    1.92
PSATAMY    -12.60  -69.12   15.39    3.93    7.54   12.15    7.74    4.33    3.32    6.11    9.95   11.44   13.39    8.41    7.13    5.29   10.19    4.47    6.89   10.88   13.69    2.83    3.83   11.36   16.14   21.06   23.67    6.25    3.85   11.08   10.12    5.87    8.49   12.79    9.96   17.43   13.52   14.21   23.55   18.02   10.02   10.33   13.07    4.66    3.41    2.53    6.72
PSATGJR    -10.73  -65.35   12.31    6.41    5.65   13.95    4.68    0.82    1.78    2.41    4.71    4.91   22.36   12.05    7.59   12.42    9.42    2.91    2.82   19.93    2.64    0.66    1.04    1.84   15.72   17.28    8.31    5.41    4.31   25.45    9.22    3.16   20.64   10.97    3.36   11.56    7.25    9.32    8.01   10.71    7.96   15.29   10.15   10.57    3.37    3.91    4.21
PSATPRNC   -12.43  -64.43    7.06    4.38    8.57   10.50    5.10    2.25    2.23    1.97    5.89    5.27   13.11   16.12    1.96    4.59    8.88    8.01    0.97   17.71    0.54    0.00    0.52    2.03    5.57   12.39   18.79   17.00   12.36   12.34    9.05    4.16   21.35   13.59    7.17   10.39    4.72    6.94    9.52   14.71    8.57   10.32   11.77   17.70    8.80    2.27    6.85
PSATSANT    -8.87  -63.97   12.28    5.15    5.04   12.03    9.33    0.97    4.73    0.87    1.97    9.24   12.98    5.58   13.58    3.10    9.21    7.40    2.02    0.58   14.76    0.13   14.61    5.40    5.74   13.09   14.10    3.21    1.58    8.00   13.16    9.09    7.30    8.11    5.69   22.58   17.64   16.87   36.60   25.68   11.69    4.41    9.95   12.91    6.51    6.35   10.10
PSATDARD   -10.16  -59.46   15.40   18.21    4.28    5.25    7.82    1.99    8.00    7.15    0.80   13.88   13.84    8.53   12.16    1.42   20.21   13.03    3.07    1.41    9.97    2.39    7.55    5.68    7.04    7.43   11.69   11.45   10.74    6.00    4.12    7.93   10.50    8.80   12.83   13.30   11.72   15.06   13.33   12.28    8.94    3.26    8.55   14.31    7.18    8.85    3.87
PSATGUAP   -15.12  -58.96   18.79    2.24    8.97   14.98    5.42    1.43    2.69    9.00   21.94   13.76   19.41   17.99    2.43   21.21   19.15   11.14    1.21   14.69    0.24    0.02    1.01    1.46   15.05    5.22   33.58   24.70   15.75    5.77    9.67   16.63   20.92    5.37    9.93   10.41    0.92    5.46   23.32    5.46   14.22    8.15   23.65   12.02   13.92    3.94    7.32
PSATJIRA    -9.25  -64.65   12.74    3.39    7.80   12.20    9.17    3.02    2.93    1.24    1.38    3.67   10.74    9.79    4.24    2.90    9.82    3.41    2.55   13.91   11.89    0.82    1.65    2.57    6.64   17.41   16.84    6.50    3.91   12.66   14.37    4.03   16.88   13.91    6.80   21.04   13.25   12.08   29.40   33.65    8.60    9.18    8.50    7.64    3.47    3.04    6.73
PSATROND   -11.99  -60.70    4.01    9.76   10.25   12.09    8.82    0.49    2.68    4.80    3.93    3.01    8.74   20.37    6.09    0.37    8.61    5.66    2.76    8.47    1.30    0.14   12.70    3.27    3.05    6.99    4.44   18.68   16.31    4.29    6.50    2.06    6.42    8.16   11.69    9.37    3.48    9.89   13.95    7.17    9.83    3.23    6.04   28.17    7.20    5.55    4.24
PSATSAMU    -8.75  -63.45   10.39    5.05    3.48   10.58   10.02    0.80    3.74    1.75    3.09    2.40   16.31    7.10    7.37    0.89    8.43    8.52    1.61    3.58    8.49    0.23   17.13    3.22   12.31    9.64   11.00    3.64    1.48    4.15   12.36    5.68   14.19   10.97    8.15   21.21    9.39   23.52   39.28   14.65   14.49    6.60    9.77   13.86    4.40    8.38   10.61
PSATBALB    -1.92  -59.47    1.20    5.74   15.13    1.09    4.68    6.90    5.80    2.99    4.94    9.26    0.74    0.40    0.43    4.00    7.70   25.22   20.25    8.72    4.27   10.88   12.92   11.62    5.44   11.01   10.75    9.14    6.68   46.80   14.04    8.37    0.48    7.07   19.50    1.78    0.59    0.58    0.64    0.60   13.32   36.98    4.33   23.94   12.10   21.01    8.73
PSATCUNA    -2.82  -54.30    4.19    7.53    0.87    0.12    4.48    0.31    0.26    1.19    8.66    5.75    0.06    0.00    1.75    0.62    2.15   16.30    7.43    8.85    7.74   22.89    3.57   19.52   12.87   16.26    8.41    7.54    7.84    5.34    9.97    4.46   12.78   11.65   23.85    8.78   24.33   30.70   24.61    3.26   16.79    5.56    2.04   12.11    6.41    6.44    6.22
PSATJARI    -0.65  -52.52    4.12    0.22    0.03    0.03    0.18    5.51    0.98    5.33    1.99    0.03    0.29    0.19    0.36    0.45    0.84    0.74    6.91    7.56    6.17    3.96    2.26    6.42    9.59   12.86    6.44    2.49    7.15    3.88   10.14   13.28   23.15    9.10    5.66    4.00    5.84    8.74    3.73    3.17    6.89    7.26    9.03   13.12   13.38    9.10    4.61
PSATFGOM     0.86  -51.20    4.06    0.08    0.12    0.22    0.57    3.77    1.60    1.75    0.46    0.12    0.43    0.39    1.17    1.08    2.58    1.37    5.99    5.91   12.07    8.19    5.65    4.93    8.98   14.02    8.27    6.21    7.12    9.49   13.50   28.12   31.75   14.59   12.46    8.87    8.55   11.29    8.69    8.24    9.27    9.16   10.80   17.55   12.79    9.17   10.98
PSATUBE     -6.75  -43.57    0.29    3.33    5.35    3.68    9.88    5.39    6.20   25.00    5.96    2.80    8.36    2.18    1.46    3.04    2.13    4.94    2.12    9.25    0.86    5.09    9.43    9.80   10.40    0.29    0.89   12.94   21.10   10.41   16.29   10.98   11.57   15.20    4.10    0.74    0.10    0.20    3.46    2.32    0.81    1.45    2.48   11.22    5.30    6.20    7.49
PSATBSOR    -6.74  -52.00    5.44    8.59    2.98    8.68   13.10    4.77    5.17   10.18    9.33   11.59   13.64    8.86    8.95    8.98    6.90    3.29    1.79    0.56    2.00    4.31    9.61   12.57   19.21   16.37   17.07   14.19   11.64   12.98   11.26    9.79   15.53   11.18    5.88    9.48    4.91    9.88    8.30    7.33    4.58   10.46   20.00    7.42   11.27    5.16    3.73
PSATBESP    -6.75  -51.77    8.15    6.11    6.08    7.57    7.34    0.30    3.87   10.88   13.99    9.53   16.49    4.07    5.48    1.30    0.60    3.22    3.72    2.09    1.68    2.36    5.27   11.61   13.66   16.32   10.08    7.18   16.08   14.19   10.53    5.18   15.96   21.37   12.99    4.44    6.68   11.37   14.49    5.87   10.54    5.11    2.46    4.99   10.67    6.43    4.73
PSATPIME    -3.41  -51.91    4.76    8.27    4.17    5.05    8.99    0.64    1.76    4.71   14.20    7.85    4.24    5.00    4.35    6.30    5.17    5.24    5.04    6.51    2.62    5.35    3.57    9.55   15.37   19.19   10.20    8.88    9.89    8.93    9.45    5.14   13.60   21.31   15.56   10.86   17.86   19.05   24.21    8.54   10.67   11.30    4.26    8.33    7.58    6.38    4.83
PSATIRAP   -16.74  -42.57    5.45    3.39    6.11   12.28   32.34    8.85    0.52    0.33    0.26    0.14    1.48    4.05    8.51    3.21    1.29    2.71    4.46   10.14    6.39   12.79   29.72    9.54   16.06    1.43    0.91    9.16    9.06    2.00   18.48   43.23   17.73    7.97   28.29    5.72   15.09   21.00    3.30    3.99    1.47    1.38    4.70    6.71   10.85   32.21   11.88
PSATITBI   -15.97  -39.59    2.43    1.14    2.03   11.35   34.76   20.62    1.34    0.59    0.07    0.34    5.49    1.51    2.66    0.53    0.12    0.42    2.33    8.49    4.45   14.43   29.50   14.35    4.83    0.33    0.30    4.21    5.22    1.11   16.03   23.34   13.72    8.03   20.06    6.18    6.12    6.10    2.70    1.73    1.17    0.79    1.09    8.76    4.59   24.73   10.66
PSATCOLI   -10.98  -55.77   11.20    5.54    1.31   11.99   17.05    5.14    5.52    6.78    2.04   14.39   15.22   14.47   14.44   12.07    9.74   14.01    1.43    1.30    3.11    2.65    8.26    8.23   13.54   15.02   23.28   13.93    9.47   10.12    5.50    8.13   20.10    4.29    3.55    6.48    2.78    6.75    9.70   10.19    6.03    7.10   24.49    7.90   10.63    5.36    8.84
PSATSAEL    -9.19  -57.04    6.48   11.67    1.72    4.45   14.31    0.67    4.49    9.22    9.33   14.24   11.77   10.04   11.51   16.96   12.44    4.95    2.06    2.09    2.66    9.30    5.05    9.50    7.57   19.33   16.73   12.22    7.89   10.93    8.77    4.02   10.22   17.81   13.72   13.45   13.04   10.12   10.23   15.87    6.52   16.68   15.46    7.51    8.78    6.35    5.56
PSATITQ    -17.09  -54.83    5.40    7.32    1.76   10.64    3.44    5.11    0.39    2.53    1.11    3.04   12.63   20.08    6.83    6.05    7.66   21.44    6.05    0.19    1.55    0.32    1.15    0.63   12.19   17.22   14.64   11.19    8.73   55.87   30.99    4.02    1.60    2.02    1.75    2.62    2.70    3.88    8.70   11.35    6.81    6.45   17.24    9.79    4.14    6.26    5.18
PSATJAU    -15.24  -58.73   20.80    3.31    9.18   13.63    5.42    1.53    2.01   10.67   17.68   12.11   17.62   19.70    6.38   24.25   16.53   12.07    1.71   19.18    0.27    0.01    0.76    1.04   16.22    5.61   35.80   23.12   15.97    4.88    9.63   11.82   18.42    5.44    6.80    7.28    1.12    3.87   17.77    5.71   12.48    8.50   22.12   12.57   12.74    3.68    7.31
PSATMAN    -14.87  -55.78    7.48    4.35    3.82    5.44   17.21    5.64    4.97    2.64    3.39    7.33   15.44   13.70   18.20    5.29    4.12   12.57    4.64    0.68    1.31    0.17    1.51    2.24   17.66    4.93   14.26   18.22    7.57    6.98   17.38    2.94    5.63    3.05    4.40    2.59    4.13    2.76   15.89    3.98    7.64    8.75   17.72   10.07    3.69    4.76    5.00
PSATPTP    -17.61  -54.83    7.02    3.48    0.95   11.06    2.81    1.83    0.41    0.20    0.85    1.50    8.62   15.80    4.26    3.65    7.29   20.68    4.20    0.20    1.50    0.16    0.39    0.49   12.66   19.84   21.05   12.45    7.16   89.27   36.60    2.55    2.26    1.50    1.89    1.65    4.93    5.99    8.17   11.65    7.76    4.37   15.79    7.44    4.85    5.97    7.62
PSATSTCL   -17.90  -40.20    0.93    0.12    0.63   15.56   29.52   11.47    1.21    0.56    0.08    0.03    5.93    0.23    3.49    0.23    0.01    0.08    4.38    7.06    1.65   20.12   42.26   26.30    3.42    0.07    0.19    4.45    5.64    2.55   15.50   19.86    7.70    8.14   37.64   10.73    8.74    3.84    1.62    2.08    1.26    0.73    3.78   13.74    8.42   23.19   11.89
PSATPDC    -12.58  -39.00    0.38    0.44    0.78    4.71   14.19   13.27   20.40    8.61   10.16    1.30    1.54    0.21    0.25    0.07    0.11    0.09    0.29    0.24    3.95    5.69   34.61   11.30    1.74    0.31    0.15    0.38    0.44    0.44    3.95    3.80    7.56    6.68    1.93    0.46    0.84    1.11    0.83    1.10    1.27    0.79    0.64    0.54    0.91    0.14    1.58
PSATROSA   -20.92  -41.72    2.86    0.92    0.35   11.77    9.00    3.93    1.02    1.41    0.10    0.00    0.02    1.16    9.82    8.61   19.34   21.04    6.16    1.54   28.61   64.73    3.06    1.38    4.52    0.26   25.52   25.21    2.32    1.01   12.73   69.00   58.70    4.32   28.66    5.63   15.81   14.57   13.57    2.50    4.98   18.01    9.35    8.50   10.33   25.41    8.83
PSATCAN    -20.21  -42.85    4.60    1.48    0.61   15.19    6.71    1.74    0.09    0.61    0.05    0.00    0.00    1.22    9.63    9.91    4.95   14.77    5.05    3.06   10.73   22.39    3.09    0.62    4.35   10.86   38.52   14.04    1.55    0.37   11.88   44.10   21.20    8.52   21.11    6.59   17.43   27.87   18.58    5.36    8.48   14.01   10.60   11.49   15.61   24.68   12.67
PSATSAC    -19.64  -42.85    3.07    1.65    1.23    8.05   18.67    6.10    0.39    0.53    0.04    0.00    0.03    2.12   15.89    7.54   12.12   20.07   13.48    5.08    7.94   17.69    3.97    6.75    8.61   18.35   26.27   19.37    3.71    1.31   19.19   72.48   28.60    3.68   10.08    3.74    8.27   36.60   21.54    6.89    9.13   17.97   19.53   28.59   10.70   37.55   11.20
PSATPES    -19.12  -42.66    4.83    1.30    1.61    7.85   28.64    7.83    2.05    0.59    0.08    0.00    0.10    3.45   17.55   12.36    9.79   29.05   14.41    3.40   11.36   27.64    3.82    8.45   13.72    6.39   12.08   17.43    5.88    3.66   17.29  129.21   36.47    6.71   18.67    7.78   28.51   32.63   17.28    2.99    4.40   10.95   14.29   27.71    4.93   45.07    6.05
PSATMAS    -19.50  -40.92    2.01    0.89    0.53   12.96   22.43    4.35    0.61    0.75    0.13    0.01    0.75    2.60   20.16    7.77    7.46   23.71   14.31    5.49   12.56   48.11    9.35    8.43    7.27    1.12   10.31   18.23    4.84    1.30   12.81   80.14   32.80    7.35   32.49    9.83   23.40   22.10   14.58    2.44    3.09    8.02    7.98   18.78    7.25   43.81    8.72
PSATSBR    -23.37  -45.87    0.68    0.34    0.87   14.93    6.05    2.75    0.28    0.01    0.00    0.00    0.00    0.40   11.68   11.60   22.06    2.33    0.69    2.58   37.20   16.70    4.12    1.19    1.00   23.90   28.74    5.31    3.99    1.03   17.68   22.30   16.32    1.30    4.57    5.33    4.34   11.88    7.35   12.87   10.58    2.79    4.15   10.51   16.14   11.64    6.13
PSATJAG    -23.20  -46.03    0.82    0.13    0.36    7.89    2.01    0.98    0.02    0.00    0.01    0.01    0.00    1.54    9.34   17.07   25.18    0.75    0.17    8.67   26.69   23.97    1.27    0.32    1.37   27.08   16.13    2.33    2.82    1.22   13.57   13.11    5.97    1.17   12.24    6.16    5.68    9.00    4.36   24.99    9.03    2.81    6.07   12.33   23.35   14.43    3.05
PSATFUNI   -22.53  -44.57    0.57    0.17    0.64   14.58    2.58    1.80    0.09    0.00    0.00    0.00    0.00    0.40   11.00   20.32   19.93    3.20    0.40    4.76   24.02   14.10    1.48    0.26    1.85   20.23   22.87    2.18    2.74    3.45   17.60   21.84   10.79    1.25    8.93    4.98    8.30    8.80    7.98   13.38    8.81    3.10    6.18   14.79   15.62   13.18    6.30
PSATSACE   -22.48  -43.84    0.50    0.09    0.37   15.52    6.10    3.20    0.50    0.01    0.01    0.00    0.00    0.00    9.75   13.69   10.93    6.69    1.55    2.68   54.24    6.69    2.50    0.82    4.83   20.67   40.78    5.65    5.08    5.52   22.40   38.10    9.37    2.03    8.65    7.00   10.50   21.84   10.68   10.88   18.40    3.66    5.26   20.63   16.56   31.98   17.65
PSATPIC    -21.91  -43.54    0.65    0.12    0.06    7.44    5.12    3.35    1.20    0.08    0.01    0.00    0.00    0.02    5.20   10.64    3.95    8.36    1.60    3.89   52.23    8.35    1.68    1.10    6.70   20.58   34.70    2.49    5.14    2.21   21.38   25.47    2.70    2.94   12.53    4.70   11.75   22.71   15.32   12.45   16.75    3.60    4.00   16.72   18.28   51.36   14.80
PSATSOGI   -21.94  -43.36    1.20    0.68    0.32    5.87   13.28    5.02    2.28    0.22    0.01    0.00    0.00    0.11    3.74   11.74    2.36    7.15    1.92    2.04   42.66   18.06    1.56    1.39    4.10   21.67   36.32    7.74    6.58    0.95   22.27   20.42    3.93    3.56   20.47    3.31   10.89   18.46   23.54   24.44   18.62    8.24    3.74   18.97   18.52   43.81   12.45
PSATIPSI   -21.84  -42.58    2.03    0.97    0.51    6.97    6.89    1.94    0.97    0.22    0.06    0.00    0.00    0.06    4.23   15.09   17.87    5.46    1.84    1.25   48.68   14.94    2.86    0.67    3.78   20.12   40.27    3.83    4.27    2.04   20.62   24.02    9.09    1.64   11.98    3.06    7.67   19.60   22.24   14.71   21.56    8.02    3.99   15.14   12.12   45.59    9.85
PSATTCLJ   -22.69  -43.83    0.78    0.08    0.76   10.31   12.30    5.49    0.21    0.02    0.00    0.00    0.00    0.00    3.97   10.91   24.66    2.90    2.12    0.41   50.42   14.02    4.46    0.75    2.62   15.49   46.57    8.22    3.10    1.24   23.19   41.08   13.92    0.15    4.91    2.35    2.14   14.83    4.09   21.27   14.53    1.34    2.87   12.54    9.61   11.11    5.28
PSATBIGU   -25.51  -53.67    0.25    3.44   11.32   38.44   10.91    0.50    0.00    0.00    0.00    0.27   22.36    5.48   21.63   16.18    0.53    0.01    0.17    8.92    3.11    0.07    0.05    0.82    3.50    1.55    1.90    0.26    0.92    0.88    9.34    1.27    2.71    1.83    0.79    0.68    0.69    7.29    5.22    0.69    0.03    0.01    1.10    0.70    7.39    5.19    1.04
PSATBRAU   -21.45  -42.41    7.78    4.95    0.39   12.73   10.71    2.75    0.75    0.39    0.07    0.01    0.00    0.35    6.53    8.58    6.42   12.19    0.87    1.76   23.67   19.47    3.45    0.53    3.63   13.19   37.05   17.06    4.30    1.67   16.54   24.79    9.69    1.67   25.98    6.39    9.89   21.61   27.04   10.89   13.16   27.44   11.25    7.67   19.28   32.99   12.86
PSATSUIC   -20.08  -40.58    6.33    0.99    0.83    5.44   17.33    5.52    0.39    2.10    0.10    0.01    0.38    1.40   30.75    6.53    0.34   14.94   22.23    1.54    2.04   81.74   11.26    6.39    6.24    0.79   10.56   18.95    9.64    1.13   17.09  101.10   36.15   16.16   48.58   11.60   22.43   12.15    6.44    3.08    3.14    9.19    4.70    9.49    3.23   28.14   19.74
PSATJRI     -9.30  -64.70   14.95    2.55    6.98   11.56    9.11    2.57    2.10    0.79    0.98    2.61    8.27    8.54    3.93    1.72    9.45    3.17    1.89    9.51   12.76    0.00    0.52    1.86    4.73   13.77   18.24    6.91    2.91    8.09   16.56    4.17   10.18   15.13    6.42   24.21   16.12   11.30   31.44   40.18    8.31    9.78    9.78    8.88    3.50    2.78    7.94
PSATBENI   -14.59  -67.53    6.03    4.98   10.24   14.09    9.52    4.57    5.01    2.61    2.80    7.48   17.88   12.84    5.96    6.13   10.92    4.28    4.64   26.59   10.30    3.09    5.17    4.65   11.95   29.52   14.19    5.57    6.88   26.12   10.09    3.97   35.66    9.68    6.31   11.41    5.53   13.29   21.44   13.89   10.64    9.62    6.99    5.06    2.59    3.61    3.67
PSATEPB    -12.42  -64.42    9.41    5.10    6.96   11.01    4.59    1.59    2.10    1.48    5.45    4.95   15.60   13.28    3.61    6.41    7.82    6.08    0.93   16.07    0.39    0.00    0.40    2.14    8.19   12.75   17.11   13.40   10.30   14.72    8.42    3.44   20.01   10.93    5.61    8.95    4.14    5.80    7.18   11.03    8.13   14.01   12.83   16.45    6.79    2.18    5.47
PSATEGM    -10.79  -64.35   11.44    6.18    6.50   14.53    5.28    1.06    1.76    3.16    4.78    5.01   22.61   14.07    7.58   13.08   11.12    3.41    3.53   22.73    3.57    0.83    1.32    1.55   16.18   18.51    6.65    5.57    4.06   27.07   10.06    3.72   21.92   13.18    3.96   13.82    8.75   11.47   10.71   13.98    8.20   12.42    8.27    9.45    3.81    4.62    4.95
PSATSTOA    -8.79  -63.95   11.38    4.66    4.43   12.10    8.93    1.02    4.60    0.89    2.01    8.31   13.83    5.69   12.83    2.31    9.32    7.45    2.09    0.49   15.62    0.15   15.03    5.82    6.28   13.49   12.97    3.19    1.54    7.83   12.97    9.13    6.41    7.65    5.13   22.80   17.11   17.93   35.10   23.50   11.20    4.07    9.91   13.00    6.98    6.38    9.82
PSATENC     -9.90  -66.62   18.68    5.28    6.54   10.89    9.13    1.34    3.78    0.43    0.47    1.63    7.13   10.53    3.11    3.59    6.74    2.96    0.82    2.92   10.74    0.00    0.00    1.48    6.14    3.88   15.99    5.28    1.61    1.81   11.22    5.07    9.69   19.16   14.33   26.30   19.15   15.12   39.65   44.10    5.55    1.46    2.86    6.35    6.65    4.22    7.60
PSATAMY1   -11.71  -70.63   19.75    4.10    4.77   13.64    8.97    3.28    1.68    0.69    2.87    4.98    7.95    3.47    2.69    0.84    9.19    1.57    3.14    8.08   17.92    0.77    0.00    6.81    8.20   10.77   20.43    5.22    0.71    2.82    7.30    4.98    6.07   10.07   10.81   15.33   17.21    7.92   21.29   22.07    8.01    7.78    9.95    3.99    1.60    1.32    6.97
PSATAMY2   -12.37  -71.17   15.21    4.16    7.33   13.55    7.80    4.49    4.38    6.51    7.91   13.62   13.54    8.31    8.62    6.98   12.98    4.40    7.49    9.70   14.94    2.62    3.76   11.34   14.70   23.74   32.11    4.53    5.13    9.26    8.78    4.98    6.64   14.09    9.85   17.23   12.67   10.76   26.09   19.41   12.18    8.54    8.80    4.18    3.46    2.50    6.64
PSATAMY3   -13.75  -70.18   13.04    4.83    9.07   10.18    6.77    5.70    4.30   11.63   23.42   18.10   15.74   12.73    9.57    7.97    7.11    8.03   11.65   16.80   10.28    6.01    8.76   19.57   29.22   28.40   16.81    7.91    5.73   21.97   12.40    8.71   10.36   13.02   11.02   12.17    9.27   22.32   22.17   15.80   10.69   13.82   18.20    5.21    4.76    2.70    7.20
PSATAMY4   -13.45  -69.47   12.97    1.84   10.13    9.19    6.56    3.85    2.02    5.31    4.77    6.17   16.38    8.43    6.81    4.35    9.74    3.90    4.36    8.45    9.68    1.87    2.69    6.73   10.27   17.35   17.16    8.72    2.68    9.40   12.14    3.83   12.20   12.42    6.56   30.86   14.85   20.08   24.67   12.58    7.10   11.88   17.70    4.17    4.01    4.35    5.52
PSATJRN    -13.37  -59.01    4.24    1.90    9.04   12.94    6.30    2.65    8.09    7.86   15.43    9.62   15.10   14.05    4.10   11.23   14.87   13.57    1.19    6.83    0.28    0.62    1.17    4.15    3.49    8.06   19.78   20.48   13.69    2.42    8.14   13.57   12.32    5.38    4.01    6.88    1.65    4.99   22.43    6.59   18.49    6.67   12.50   14.43    7.02    4.24    3.62
