PSATAGV    -19.89  -50.35   37.59   16.55    5.49    1.11    0.84    0.04    0.00    0.02   10.00    6.64    0.49    1.49    3.30   10.99   18.57    3.81    0.86    0.19    0.15    1.45   19.23   10.29    7.09    3.20    2.75    1.82    1.32    1.90    3.76    2.98   21.60   13.17   10.03   12.12    8.45    7.43    3.60    8.80    2.34    8.73    4.53    3.69   26.09    3.13    0.94
PSATCMG    -21.28  -44.63   15.08   14.14   14.97    0.39    0.00    0.25    0.02    5.32   14.90    7.15    6.26    1.70    9.95    7.81   11.66   11.61    7.19   11.39    2.77   13.05   18.92   17.72    6.32    3.36    2.45    0.02    0.01    4.71   12.44   15.03    7.41    5.90    3.96    5.72    8.40    7.27   14.74    6.99   15.19    7.45    8.89    3.71    9.65   10.87    2.93
PSATCES    -20.25  -48.16   12.93   13.27    6.54    0.35    0.00    0.27    0.06    1.27   21.97   13.90    6.42    0.85    5.26    4.28   25.99    7.21    1.98    0.64    1.58    0.97    8.88   10.59    6.77    2.40    1.59    0.50    0.41    1.69    5.43    3.68   11.66   10.14    6.17    4.79   22.02    2.53    4.43    9.09    1.50    7.25    3.20    5.43   24.12   14.11    0.90
PSATELC    -21.60  -46.95    8.82   23.81    3.68    1.07    0.00    0.02    0.14    1.23   10.83    6.55    9.32    0.35   13.96   12.85   25.53    5.36    1.66    1.13    1.24    5.09    9.56   10.76    6.21    4.07    0.78    0.32    0.00    1.79    4.30    7.71   16.37    7.60    7.87    2.22    9.34    4.36    9.81    6.34    4.56    7.39    1.74    2.85   29.33   13.75    1.32
PSATFUN    -21.14  -45.04   14.25   22.90   17.04    0.17    0.00    0.02    0.01    0.43   13.42   11.68    5.56    0.75   14.32    7.49   14.09   21.25    9.08   18.13    1.68   13.63   15.15   18.47    9.59    1.46    1.96    0.00    0.41   10.49   17.96   13.55    2.06    5.33    3.16    6.09    5.44   14.99   16.21    4.03    9.32   14.72    5.31    6.43   15.34   15.59    2.60
PSATFUR    -20.67  -46.32   15.23   27.85    5.17    0.51    0.00    0.05    0.04    1.06   14.07    8.99    6.11    0.45   16.99   13.44   17.76   21.73   10.30    5.18    1.88    5.87    9.17   12.52    8.29    1.23    1.50    0.08    0.18    4.07   12.78   13.52    6.18    5.84    6.33    3.98    4.61   10.00   19.28    7.72    8.28   10.67    3.73    5.63   22.23   14.94    2.97
PSATMRB    -20.30  -49.18   22.38   18.65    7.46    1.03    0.16    0.05    0.02    0.43   18.98   11.45    4.21    1.13    5.13    5.48   22.00    4.90    1.07    0.57    0.53    2.01    9.10    8.83    5.05    2.36    1.24    1.08    0.18    2.01    5.24    2.71   20.73   10.29    7.50   10.07   10.88    4.29    1.52    8.07    2.78   10.44    3.82    3.38   25.72    8.32    0.95
PSATPRG    -21.59  -45.67   14.21   12.18    6.77    0.92    0.01    0.20    0.12    3.00   14.58   11.33    7.86    1.01   16.88   10.21   21.88    8.95    4.28    3.18    1.17   10.87   11.15   12.50    2.72    1.97    0.49    0.03    0.03    1.59    7.64   16.69    8.25    7.77    7.12    5.88   12.08    6.95   18.77    5.80    7.68    9.88    6.76    3.52   28.57   13.11    2.66
PSATPAS    -21.02  -48.18   14.25   17.64    3.02    0.52    0.89    0.26    0.10    0.29    9.35    7.34    9.01    1.16   14.71   10.60   25.21    2.70    0.84    0.60    0.60    4.59    9.56   10.30    2.92    0.98    0.69    0.40    0.07    0.54    6.07    4.20   18.22   12.27    7.08    7.61    7.67    3.09    1.57   12.05    4.17   10.48    2.77    3.16   30.32    8.85    1.11
PSATPTB    -21.61  -45.49   11.78   13.71   13.15    1.32    0.00    0.01    0.04    4.26   16.06   11.27    7.27    0.97   12.35    8.19   23.13   15.85    6.68    6.26    1.35   12.88    8.63    9.42    5.87    3.67    1.52    0.01    0.00    1.57    8.34   13.07    6.85    8.82    8.79    7.09    8.78    7.06   20.58    5.02    8.48   10.42    6.24    3.70   23.73   13.32    3.38
PSATPTC    -20.00  -48.55   20.14   20.61    3.83    0.20    0.00    0.21    0.01    1.23   11.42    9.86    1.48    1.28   10.22   12.07   17.56   12.80    9.30    1.47    2.59    2.59   11.98    9.73    7.53    2.20    2.25    1.40    0.37    4.10    8.94   10.96   10.50    9.45    7.08    5.04   12.00    3.83   12.68    4.50    7.49    7.06    3.52    5.58   23.22   18.07    1.69
PSATFZA    -26.00  -51.65    6.71   10.61    0.61    8.02   25.92    9.56    8.54    4.55    8.14    1.14    9.42    6.00    9.69    0.02    0.01    0.21    4.98    0.83    3.03   13.72    7.77    3.32    0.08    0.04    0.02    0.02    1.65    3.89    0.36    0.05    0.38   20.76   26.50   16.41   12.27   26.18    5.97    3.40    1.93    3.81    4.20    7.90    5.28    7.31    6.68
PSATJSG    -25.78  -52.00    1.36   10.65    1.23   12.54   42.29    9.12   16.86    8.66    6.66    1.45   11.62    8.89   17.89    0.08    0.00    0.34    2.50    0.61    2.92   18.03    6.88    0.68    0.02    0.01    0.00    0.01    0.97    4.00    1.05    0.19    0.08   16.61   17.72   17.36    9.82   27.78    8.02    2.72    1.72    1.72    3.33   13.01    2.25    5.84    5.10
PSATSCX    -25.53  -53.48    1.30    4.73    0.71   12.70   49.43    3.09   23.81    9.41    6.41    3.46    7.07    4.01   18.27    0.06    0.02    0.11    1.26    0.49    2.95   12.71    6.22    0.80    0.07    0.00    0.04    0.05    0.28    3.87    0.73    0.24    0.29    8.24   15.37   12.74   12.19   32.53    7.42    2.64    0.81    1.90    2.43   16.06    1.98    1.70    2.13
PSATSCL    -25.49  -51.74   15.03    1.20    1.37   13.63   38.84    7.68   16.35    8.09    6.92    1.05    9.51    3.74   13.79    0.01    0.00    0.44    2.94    0.63    1.59   17.22    5.46    5.52    0.05    0.00    0.00    0.00    0.84    7.23    2.14    0.14    0.18   19.38   27.10   19.94   11.09   13.12    7.87    2.17    1.62    1.98    4.20    9.12    4.90   10.07    7.68
PSATUVT    -26.23  -51.08    4.02    2.41    0.31    7.82   25.54   19.60   19.38    4.87    5.62    2.01    3.26    0.68    6.06    0.02    0.11    0.08    4.50    1.69    2.28    9.73    6.42    4.68    0.35    0.09    0.09    0.06    0.11    0.98    0.64    0.36    3.59   19.92   15.96   12.56   11.17   11.98    4.78    7.88    4.08    3.19    2.58    8.92   16.10   12.72    8.65
PSATBSM    -24.19  -53.74    6.13    1.22    0.51   20.19   37.73   11.02    4.56    5.21   11.03    1.66    5.11    1.90   16.76    0.01    0.00    0.07    0.49    0.29    0.55    4.18    2.51    1.29    0.30    0.01    0.00    0.00    0.01    1.10    0.55    0.34    3.74   20.93   19.56   26.08   14.94   19.09   12.95    2.65    1.69    1.29    2.86   10.67   10.24    2.00    1.84
PSATFLE    -22.97  -54.56    7.78   11.27    2.15    8.82   11.25    6.76    0.03    1.06    3.51   13.66    0.96    8.62   10.82    1.42    0.00    0.05    0.00    0.37    5.37    6.34   16.29    0.99    0.66    0.30    0.11    0.02    0.05    0.00    0.17    0.67    2.10    5.77    5.14   12.19   30.67   20.36    2.78    3.53    2.35    1.92    2.35   15.90    5.87    0.16    0.02
PSATITP    -25.42  -54.58    7.69    3.88    0.79    9.89   21.45   11.78    1.85    1.89    4.77    7.76    2.04    4.78   12.45    3.78    0.05    0.04    0.00    0.52    0.70    5.22    7.74    0.72    0.15    0.03    0.08    0.01    0.01    0.14    0.10    0.57    3.61    7.04   12.04   14.31   28.75   20.22    4.96    2.56    1.44    1.66    2.23   15.07    5.89    0.49    0.32
PSATIVM    -22.38  -53.53   13.06    6.05    2.97   10.95    2.67    4.95    0.07    0.20    4.89   14.46    7.21    7.44   19.37   15.06    1.55    0.00    0.00    0.77    5.22    8.43    5.96    0.96    2.14    0.65    0.50    0.20    0.10    0.02    1.60    3.63   10.88    8.85   12.70   12.28   20.73    5.07   10.73    7.81    2.06    3.10    2.07   11.44   12.89    0.29    0.02
PSATPTQ    -23.18  -53.17   16.76    1.84    0.69   19.46   29.68   19.35    8.14    5.84    6.24    1.79    4.12    0.49   13.42    2.78    0.00    0.05    0.49    0.27    0.33    1.62    2.28    1.56    0.15    0.01    0.05    0.02    0.04    1.25    0.52    0.08    1.94   26.36   22.90   17.49   14.22   14.53    8.94    3.22    2.45    3.14    3.24    7.44   16.93    3.31    2.41
PSATCBI    -17.99  -48.54    8.87   12.14    0.98    0.74    0.02    0.02    0.00    0.02    0.15    0.00    0.00    0.00    0.11    1.98   15.81    8.87   10.22   15.89   13.37   21.11   13.22   11.04    8.10    9.75    9.54   10.75    9.49   15.10    9.63   12.66   15.25   15.82    3.80    8.61    0.39    0.60    1.27    3.20    4.97   13.63   12.38   12.98   18.77   20.65   11.85
PSATCBIV   -16.15  -48.67   10.64   15.36    1.54    1.35    0.04    0.07    0.02    0.00    0.00    0.02    0.00    0.00    0.05    0.51   12.40    8.32    4.20   15.84   15.37   18.10   12.41    9.72    5.16    8.02    9.15   11.17   10.70   10.57    5.83   10.51   14.60   16.85    2.88    6.39    0.43    0.13    1.31    0.89    1.63    9.00    5.90    6.95   18.11   17.97   18.05
PSATEMB    -18.45  -47.98    8.85   16.90    1.23    0.01    0.02    0.09    0.00    0.05    0.26    0.23    0.30    2.65    5.67   11.20   19.82   12.52   11.02    6.03    5.88   15.67   14.62   18.90   17.58   12.18    5.69    4.15    8.47   13.93   13.85   12.22   10.21    4.83    3.15    4.80    0.50    5.13    7.99    6.20    4.68   11.97   17.84   16.37   19.85   20.04    4.59
PSATIMBR   -18.42  -49.10   15.94   14.96    2.22    0.82    0.01    0.02    0.01    0.14    0.40    0.43    0.09    0.79    5.53   13.62   25.05    8.10    8.95    5.65    6.56   12.56   14.97   15.48   15.75   10.49    6.35    7.11   10.53   16.73   16.00   15.18   19.77   19.68    6.32   11.23    0.85    3.59    3.35    5.63    8.67    8.32   13.12   12.32   19.83   23.59    3.43
PSATNPTE   -19.13  -47.70   24.56   14.46    1.12    0.07    0.01    0.18    0.01    0.25    0.86    1.72    2.09   10.22    8.17    9.67   14.17   10.76    8.61    3.09    3.85    5.44   20.94   12.42   17.58    5.13    3.81    3.00    2.62   12.91   13.38   14.36    9.16   11.51    7.12    4.94    4.46    3.35   20.55   13.15    9.93    6.07    7.12    8.82   20.73   24.91    6.79
PSATARV    -18.07  -50.16   10.22   11.73    4.31    0.86    0.18    0.42    0.74    0.01    0.83    0.08    0.06    0.03    2.93    2.75   15.44    6.34    4.09   15.16    7.60   17.80   17.20   13.54    8.70    8.71    8.81    4.61    5.26   18.05   12.34   13.24   14.00   14.94   21.15   15.13    1.51    0.94    0.09    2.61    9.23   11.28   14.22   18.01   18.37   19.46    1.20
PSATSFC    -18.05  -47.68   10.57   19.48    1.15    0.10    0.04    0.02    0.00    0.00    0.01    0.00    0.00    0.00    1.54    3.80   13.17   10.79   17.30   19.42   13.19   22.33   14.15   16.96   10.13   13.21   10.19   10.51    8.16   16.22    9.76   14.41   10.64    6.57    2.70    4.57    0.35    1.13    1.24    4.14    1.42   13.54   11.49   12.21   18.52   21.87   16.33
PSATSSM    -19.02  -50.50   22.23   20.13    6.88    1.12    0.14    0.09    0.00    0.06    1.30    0.43    0.00    0.24    9.64    7.18   23.66    7.39    3.09    5.03    6.67   10.47   17.46   12.05   15.05    9.61    6.00    5.27   10.10   14.71   10.56   10.49   17.10   15.64   10.22   13.76    2.51    3.67    0.41    4.11    5.67    6.42   10.77   10.56   26.25   19.73    2.12
PSATCNI    -22.94  -50.52   41.49    3.46    7.68    8.50    1.55    2.78    0.14    1.21    0.26    6.69    3.59    1.83   17.76   10.28    0.25    0.05    0.01    0.00    0.22    0.60    3.73    2.76    1.47    0.64    0.87    0.17    0.00    0.00    0.58    0.86   27.08   28.08   18.84   17.88    8.17    8.35    1.61    6.14    2.90    5.97    2.48    5.21   12.17    2.88    1.62
PSATCPV    -22.65  -51.33   21.16    0.24    2.53   19.27   14.91    9.68    3.27    2.53    2.53    2.55    2.01    1.06   16.39    9.19    0.08    0.06    0.09    0.25    0.14    0.54    2.19    1.45    0.40    0.10    0.22    0.06    0.00    0.29    0.26    0.29   12.68   30.77   35.51   17.97   12.78   11.48    4.20    6.16    3.76    5.32    2.35    7.06   11.12    2.49    1.27
PSATCHT    -23.01  -49.73   12.00    1.50    3.34    7.85    7.96    8.88    6.24    1.63    1.57    0.30    0.26    0.14   13.46    5.51    0.00    0.06    0.00    0.19    0.36    1.33    1.77    6.07    1.03    0.07    0.12    0.09    0.00    0.04    0.18    0.31   16.53   23.00   18.96   23.26    8.10    5.38    1.41   10.44    7.91    6.74    1.48    7.75    9.51    1.65    1.23
PSATJUR    -23.22  -49.23   24.35    2.68    5.45    1.84    3.04    6.93    1.18    0.45    0.35    1.10    0.35    0.34   13.07    5.35    0.02    0.05    0.01    0.06    0.56    1.92    5.49    7.92    2.60    0.56    0.15    0.15    0.00    0.02    0.11    1.63   22.77   22.51   11.98   20.27    8.41    3.64    0.41    7.97    5.48    4.75    1.27    5.67   15.03    4.02    0.86
PSATMAU    -24.06  -50.71    3.68    0.08    0.82   11.14   22.05   18.78   19.84    8.32   18.72    0.67    2.11    0.27    9.86    0.35    0.00    0.03    0.29    0.70    1.10    1.44    2.73    1.22    0.39    0.01    0.00    0.01    0.01    1.53    0.85    0.10    1.77   21.54   23.09   12.08    3.16    6.23    3.03    3.92    5.18    2.58    2.01    7.65   17.63    3.79    3.26
PSATROS    -22.50  -52.87   28.08    0.68    4.14   14.49   17.19   17.72    0.17    1.71    2.24    1.88    0.91    1.33   14.85   16.65    0.01    0.00    0.14    0.10    0.10    0.13    4.79    1.17    0.15    0.02    0.23    0.10    0.00    0.02    0.11    0.22    4.30   25.60   22.22   20.09   21.51    6.62    7.19    5.66    3.03    5.27    2.59    4.15   11.27    1.17    1.21
PSATQMD    -16.21  -47.33    4.85    7.79    0.59    0.02    0.08    0.04    0.00    0.00    0.00    0.00    0.00    0.00    0.02    2.83    2.51   15.37   19.27   17.36   17.15   24.96    9.24    6.04    2.79   17.25   13.72   10.71    2.90   15.14   12.28    9.00   10.51    8.24    2.41    3.46    0.18    0.55    0.75    0.99    0.23    6.70    5.62   13.43   16.75   27.47   13.26
PSATRBX    -18.95  -44.76   23.24   18.42    2.63    0.00    0.03    0.10    0.00    0.01    1.26    8.79    5.33    0.99   12.14    6.37    9.44   31.54   13.62   18.45    6.12   12.39   21.00   26.55   24.84    8.92    1.97    1.02    5.25   16.25   24.23   10.57    0.27    2.91    1.25    1.47    3.61   10.54   10.64    1.04    9.63   23.29    9.43   11.75   22.16   33.61    2.21
PSATSFR    -15.93  -44.86    9.40    7.51    0.96    0.04    0.08    0.01    0.00    0.01    0.00    0.00    0.00    0.00    0.01    0.44    1.84   17.62   10.54   16.70   17.77   20.69   15.11   13.44    7.93   19.09   24.88    9.72    6.48   20.39   17.29    9.83    1.91    2.84    1.09    1.41    0.38    0.44    0.29    0.95    0.00    4.97    3.42    8.97   17.25   38.16   11.24
PSATSRM    -16.37  -45.07   17.12    9.17    0.80    0.03    0.03    0.06    0.01    0.01    0.07    0.55    1.10    1.26    2.86    4.81   11.45   17.17   16.79   16.04   13.39   18.60   14.45   21.49   25.23   20.88    9.44    4.37    7.69   18.44   19.93   11.35    2.60    1.84    1.43    1.55    1.17    3.78    2.17    2.15    2.38   13.36   16.66   22.57   16.96   43.28    9.81
PSATTMR    -18.16  -45.27   16.76   25.83    3.72    0.11    0.02    0.03    0.00    0.06    0.94    1.45    1.53    1.73   16.03   17.40   13.18   27.43   19.21   12.06    5.27    9.30   17.85   21.42   20.43   10.21    3.30    1.63    4.48   11.83   20.15   13.71    3.74    5.82    5.13    3.14    1.62    6.76   12.60    5.46    5.15   18.97    9.60   14.55   18.55   29.95    5.75
PSATBOQ    -11.35  -43.83    7.95    7.62    1.46    0.99    0.28    0.40    1.89    0.14    0.17    0.11    0.00    0.00    0.00    0.06    2.50   12.01    6.38   11.53   11.20   15.33   14.83    6.04   12.43    7.38   11.84    8.51    8.71   12.62   14.97    9.23    1.13    3.92    0.30    0.02    0.36    1.06    0.21    0.00    0.01    3.42    8.59    6.34   12.97   18.98   10.63
PSATBBO    -22.52  -48.55   30.06    1.25    7.82    0.97    1.11    2.34    0.04    0.29    1.99    6.61    3.13    0.97   20.20   21.00    5.11    0.40    0.42    0.66    0.51    5.56   12.97    6.20    2.43    0.65    0.28    0.04    0.01    0.09    2.47    4.12   23.99   16.66    8.57    9.00    7.73    4.47    2.57   10.37    8.13    7.75    2.50    3.88   29.34   14.96    1.11
PSATESZ    -23.46  -46.91   32.51    1.03    4.34    0.22    0.43    5.93    0.24    7.98    5.01    4.39    1.66    0.48    9.47   19.76    1.62    0.13    1.09    1.40    2.01    6.76   13.43   10.06    3.69    3.44    0.79    0.07    0.04    0.03    0.27    5.58   22.36   13.09    8.88    5.80    9.56    8.54   10.14   16.48    7.56    7.47    1.09    3.96   25.55   16.64    1.43
PSATIBT    -21.76  -48.99   26.63    2.86    8.32    1.39    1.78    3.00    0.01    0.00    2.21    7.98    6.97    0.71    9.86   12.36    8.03    0.58    0.10    0.05    0.37    2.84    5.45    5.09    2.94    0.56    1.40    0.17    0.01    0.08    4.31    3.37   28.76   25.12    9.35   17.42    3.37    3.01    0.80   12.30    3.03   10.32    2.15    2.87   19.90    4.76    1.40
PSATNAV    -21.12  -50.20   29.10   12.86    3.46    1.76    0.53    0.78    0.00    0.00    7.34    6.97    7.36    1.48    7.12   15.30    9.84    1.07    0.21    0.03    0.06    1.00    9.80    3.29    1.55    0.79    1.64    0.65    0.09    0.18    8.87    2.06   19.92   19.04   15.60   12.82    4.63    6.17    7.19   14.56    2.55   10.84    3.62    2.56   23.08    3.15    1.10
PSATSME    -13.40  -48.30    9.36   10.73    3.53    1.78    0.98    1.13    3.20    0.16    0.30    0.09    0.04    0.02    0.09    1.11    4.14    8.39    5.98   20.44   15.46   20.65   13.81    5.88    8.57    8.56   13.16   10.57    5.36   12.20    9.83    6.49   21.98   15.26    5.09    9.51    0.19    0.32    0.52    0.28    1.80    3.13    4.81    9.78   28.51   36.63   19.41
PSATBGR    -27.78  -51.20    0.49    1.84    0.84   17.89   38.18   29.94   31.74    8.46    2.34    6.06    2.43    5.19   17.37    3.29    0.26    0.03    7.27    1.28    1.64   14.54    4.43    1.46    0.11    0.02    0.09    1.13    0.13    1.15    0.99    0.60    4.81    7.05   14.98   14.16    8.51   15.53   15.88    3.19    1.24    1.05    1.00   14.74   12.31    5.14    6.53
PSATCNV    -27.60  -51.33    0.94    0.98    0.35   28.01   38.81   22.17   21.96   12.71    9.74    8.66    2.84    3.84   11.89    1.26    0.22    0.03   10.03    0.89    2.18   13.90    8.20    0.88    0.24    0.01    0.03    0.79    0.07    0.98    0.65    0.24    4.33    8.49   16.94   15.27   10.83   25.88    9.96    2.73    1.18    0.94    1.16   15.16    6.16    6.21    3.95
PSATFCH    -27.14  -53.04    0.00    2.82    0.12   19.51   58.18   30.22   35.76   24.18   13.45    3.86    5.91   19.17   14.90    0.25    0.37    0.00    0.38    0.11    0.18    8.49    6.19    0.32    0.00    0.00    0.01    0.02    0.61    0.76    0.11    0.55    0.49    8.64   10.04    6.71    7.63   11.49    2.50    1.08    0.49    0.70    1.75   19.17    0.85    0.24    0.50
PSATITA    -27.27  -52.38    0.27    1.22    0.19   18.51   35.36   23.06   24.51    8.80   11.76    4.45    3.38   15.99   13.20    1.21    0.18    0.02    3.67    0.57    0.95   12.42    5.55    0.53    0.01    0.00    0.00    0.25    0.20    0.69    0.31    0.21    0.72    8.40    8.13   11.70    8.76   22.44   11.98    1.91    0.68    0.97    2.21   15.47    5.13    4.52    2.56
PSATMCD    -27.52  -51.78    0.04    0.57    0.04   33.25   41.74   28.50   47.88    3.45   10.02   11.25    2.45   20.81   19.13    1.74    0.17    0.00    0.95    0.10    0.37   11.16    3.98    0.37    0.00    0.00    0.03    0.53    0.06    0.26    0.12    0.34    0.73    5.52    8.22    5.16    4.33   20.23   12.39    1.34    0.47    0.76    2.67   19.24    1.79    1.10    0.52
PSATMOJ    -27.35  -52.73    0.02    0.48    0.31   27.76   42.66   42.60   51.75    9.65    9.31    5.28    7.80   22.10   32.01    1.28    0.26    0.00    0.05    0.00    0.20    3.12    2.92    0.36    0.00    0.02    0.01    0.15    0.87    0.61    0.20    0.37    1.74    4.84    7.35    3.02    6.79   14.16    8.87    2.67    0.58    1.25    3.45   24.28    0.82    0.17    0.23
PSATQQX    -26.66  -52.54    0.09    8.28    0.64   11.20   35.32    6.82   14.80   12.16   10.80    1.82    2.66   10.27   16.45    0.61    0.13    0.11    3.05    0.95    1.56   14.27    8.34    1.01    0.00    0.00    0.11    0.26    0.72    4.30    0.70    0.27    0.75    9.37   10.01    9.69    9.25   20.10   16.51    2.24    0.95    1.75    2.98   15.30    4.58    4.26    2.72
PSATPSJ    -28.14  -55.05    0.18    0.94    2.58   74.13   12.30   96.99   26.96    0.07    5.31    4.14    5.98   28.54    7.17    0.64    0.19    0.00    0.00    0.00    0.06    0.15    0.93    0.57    0.00    0.00    0.00    0.26    0.03    0.00    0.01    2.89    5.70    7.19    7.72    4.33    2.17   11.03    3.65    0.92    0.38    0.22    4.39   27.53    1.08    0.37    0.05
PSATESP    -18.68  -51.87    9.53   12.00    9.99    2.11    0.17    1.47    0.34    5.38    0.65    1.05    1.26    1.13    2.41   12.36    7.37    6.01    0.02   14.18    7.26   12.71   10.48   12.86    7.16    6.87   11.29    6.36    5.86   12.97    9.49   14.89   20.60    9.98   21.15    4.49    1.13    1.19    6.84    8.88   10.38    2.72   13.76    4.55   10.77    1.04    0.09
PSATSRC    -19.16  -50.76   13.45   23.70   11.95    1.23    0.19    0.97    0.10    0.33    1.40    0.95    0.42    1.61    2.27   10.44   13.50    7.39    0.07    7.42    9.89   16.84   17.32   12.48   10.75    4.24    7.91    6.28    6.16   22.87   14.58    9.64   19.09   19.38   14.52    6.58    0.73    2.27    3.37   13.86    6.79    2.86   13.85    5.61   20.22    3.76    0.06
PSATFRCL   -19.12  -50.64   14.12   14.16    8.35    0.90    0.25    0.95    0.23    0.19    0.95    0.22    0.45    2.14    5.29   11.43   16.37    6.66    0.22    5.05    9.31   14.76   19.30   14.39   10.72    5.51    6.04    4.49    8.31   18.41   13.42   12.07   15.50   16.12   13.92    9.21    1.06    2.69    0.82    8.82    8.53    2.88   15.31    7.82   20.39   10.97    0.11
PSATISOT   -20.40  -51.35   32.34   21.40    5.44    1.41    0.08    0.17    0.01    0.13    8.17    5.36    0.74    0.54    2.77    4.86   10.40    3.15    0.25    0.85    2.77    4.15   17.02    7.52    5.22    2.53    3.01    2.24    3.49    4.95    4.61    3.33   17.25   21.62   20.88    9.41    3.43    6.05    5.02   10.30    3.45    3.62    5.46    5.37   22.49    1.57    0.47
PSATJUP    -20.86  -51.63   21.10   27.58   12.23    5.78    0.56    0.85    0.13    1.23    1.84   13.56    2.74    2.51    5.66    4.97    6.94    2.67    0.03    3.08    7.46    9.61   14.28    6.60    6.76    3.18    3.77    4.07    5.87   10.32    5.86    4.28   20.70   23.91   17.18   11.02   12.21    1.40    7.67   11.59    5.07    2.81    5.98    4.33   14.00    1.03    0.17
PSATSDG    -20.06  -53.18   19.02   13.78    8.16    4.52    0.78    0.25    0.01    0.76    2.45   16.87    1.72    4.55   12.91   11.81   10.72    3.73    0.01    1.54    8.08   15.26   11.55    4.25    6.34    1.67    2.12    3.20    4.39    8.64    5.75    1.84   13.36   16.26   13.53    7.53   11.72    1.14    7.63   14.93    3.58    2.16    5.44    5.82   14.23    0.60    0.07
PSATFZBT   -21.66  -52.87   18.68    4.72   10.42    5.23    6.77    1.89    0.02    0.44    8.99   16.53    1.68   13.67   13.93   13.48    9.08    0.22    0.00    0.32    4.19   12.22    8.33    3.83    2.82    1.42    0.93    0.72    0.80    0.86    3.77    2.01    8.85   14.93   17.59   11.90   17.00    2.95   13.24    7.09    2.30    2.90    3.67    7.05   10.61    0.58    0.09
PSATPPRA   -22.46  -52.91   33.89    6.27    7.86    5.70    3.03    3.57    0.02    0.57    2.18   13.69    5.59    7.71   12.71   10.32    4.83    0.04    0.03    0.10    0.69    0.78   10.30    4.83    1.13    0.63    0.91    0.32    0.17    0.09    2.56    0.67   10.30   20.90   23.59   19.02   23.80    4.21    9.21   12.80    2.50    5.81    2.84    4.20   12.54    1.17    0.91
PSATBTE    -13.69  -50.80   12.63    9.26    7.80    1.45    0.93    0.84    2.07    1.79    1.91    0.49    0.46    0.92    4.74    2.41   11.84    9.61    6.89   14.62   13.88   16.81   17.56   13.75    9.38    7.65   11.37    7.29    5.00   12.10   11.00   11.55   24.14   15.91   25.07   10.99    1.00    3.79    2.24    3.92    7.20    8.57   14.15   13.08   17.36   17.88    3.01
PSATARAG    -8.27  -49.26    9.70    9.96    7.27    2.16    1.00    1.96    4.74    5.44    2.03    1.52    0.39    1.48    5.18    0.71    3.66    5.80    7.85   10.15   24.92   15.86   19.92   14.11   12.37   13.80   11.78   10.77    5.85   14.27    8.99   19.02   22.53   12.45   14.32    5.74    2.34    3.54    2.89    1.56    2.77    5.64    4.69   13.12   16.20   29.44   16.54
PSATLAJ     -9.76  -48.37    7.26   10.73    3.29    3.21    2.49    3.32    7.65    3.25    1.22    0.51    0.39    0.87    0.83    0.33    3.91    6.56    4.98   15.73   17.75   16.74   17.48   16.15   15.11   10.08    9.96   17.10    8.87   17.58   12.60    9.92   14.73   12.36    2.55    0.33    1.74    2.02    0.56    0.09    0.04    1.20    3.40    9.42   15.06   33.51   13.90
PSATPTRL    -9.31  -47.39    5.72   10.98    2.88    1.43    4.32    8.86    5.42    4.03    1.39    0.30    0.31    0.65    2.24    0.73    9.38    7.50    8.26   11.32   15.86   19.02   11.41    8.87   17.02   18.30    6.55   10.87    4.06   13.56    7.79   10.38    6.03   10.12    2.12    0.09    2.44    0.96    0.46    0.00    0.07   12.43    4.57   10.87   11.06   14.12   12.39
PSATLJET    -7.33  -47.48    5.91    7.39    3.97    3.29    3.11    4.85    3.66    4.06    0.80    1.69    2.23    2.14    3.73    5.14    4.71    4.54   12.33    6.89    9.81   20.13   10.09    5.72   11.83   18.65   10.65    5.76    8.47   13.10   15.24    2.29   20.44    5.67    4.45    0.54    7.96    1.04    0.83    0.20    7.82    6.87    3.30   14.31    9.28   13.12   12.20
PSATUCR     -3.83  -49.65    8.71   10.88    7.41    6.14    2.37    0.99    8.04   12.20    4.53    4.09    3.43    3.30    6.84    7.99    2.83    7.28    7.50    7.14   11.30   12.57   11.67    6.08   17.27   19.95   13.71    5.43    7.76    5.33    9.54    9.83   26.10    5.70    1.86   17.88   12.93    2.34    2.28    4.70   19.54   10.17    9.78    8.13    7.56   10.38   18.23
PSATXIVJ   -29.07  -51.67    0.16    1.44    0.05   31.07   20.51   36.12   22.77    0.75    1.69    2.91    5.57   14.92   19.76    4.70    0.55    0.00    0.51    0.17    0.56    6.54    3.01    0.76    0.00    0.00    0.00    0.27    0.06    0.24    0.05    0.64    0.53    8.77    9.22    6.04    5.51   12.45    8.85    0.85    0.52    0.53    1.21   25.34   10.41    0.63    0.92
PSATDFRC   -29.45  -53.28    0.02    0.30    2.62   69.42    7.37   54.02   15.90    0.06    0.78    1.86    4.28   34.56    2.47    3.57    0.22    0.01    0.00    0.01    0.24    0.65    1.26    1.06    0.00    0.00    0.01    0.35    0.05    0.02    0.05    1.80    2.25    2.01    4.91    2.93    2.67   13.98    5.10    1.18    0.08    0.14    2.13   34.97    2.59    0.60    0.20
PSATREAL   -29.02  -53.19    0.13    0.36    0.24   50.51   36.49   31.22   26.15    0.31    4.55    3.36    4.81   35.44   15.71    2.38    0.22    0.00    0.00    0.00    0.13    0.56    1.40    1.07    0.00    0.01    0.00    0.47    0.12    0.05    0.07    0.91    1.22    3.44    6.23    2.38    1.97    9.73    3.96    1.06    0.18    0.47    3.41   31.78    2.86    0.48    0.17
PSATCTAV   -29.01  -51.39    0.68    3.03    0.27   12.74   13.36   29.92   14.97    3.06    0.91    2.43    7.88    8.08   15.33    5.79    0.29    0.03    6.59    1.99    2.14    8.96    5.60    1.35    0.02    0.20    0.06    0.45    0.43    1.81    1.06    1.02    1.53    7.42   14.22   11.24    6.58   13.59   13.71    4.55    1.25    1.18    0.96   24.84   19.95    6.16    4.99
PSATERNT   -28.56  -52.54    0.18    0.08    0.25   37.82   38.59   42.92   38.23    1.01    7.94    7.73    5.12   28.94   27.98    3.07    0.17    0.00    0.18    0.00    0.30    2.16    2.78    0.85    0.00    0.00    0.00    0.47    0.05    0.24    0.06    0.12    0.92    2.88    6.56    3.51    5.51   11.37    8.61    1.05    0.35    0.46    3.02   25.19    2.23    0.47    0.31
PSATSTPL   -27.14  -49.52    2.53    0.79    0.51   24.39   29.77   14.51   13.69   22.06    8.37    9.30    4.92    1.55    7.67    0.05    0.11    0.03    7.12    1.12    3.33   12.14   14.23    4.53    0.44    0.08    0.12    0.62    0.10    0.86    1.44    0.39    7.31    8.22   14.36   14.59   18.95   36.75   12.98    5.57    2.90    2.82    2.01    9.55   10.68   10.96    8.61
PSATCVCH   -25.14  -48.87    3.93    1.00    0.32    2.09   16.32   13.98   42.05    1.96    5.10    1.41    1.98    0.02    8.41    0.76    0.44    0.24    0.00    1.07    2.09    2.87    2.85    9.14    1.21    0.43    0.14    0.03    0.15    1.34    0.21    0.37    3.63   15.72   11.75   14.22    4.55    6.41    3.42    5.37    4.97    4.55    3.66    7.17   13.67    3.54    3.30
PSATAMY    -12.60  -69.12   17.31    6.92   10.48   14.10   10.87    6.88    3.07    7.70    2.98    7.96   12.52    9.31   10.63    4.02    3.98    3.26    5.29    6.17    3.60   13.75   13.70   20.73   12.93   26.46   28.88   16.36    9.87    9.07   10.27   12.78   16.56   41.73   17.33   11.78   10.32   15.37    9.06    8.42    4.60    5.78    6.58   14.16   16.11    6.41    2.90
PSATGJR    -10.73  -65.35   12.33    5.23    7.60    7.00   11.66    5.59    2.68    2.14    4.57    5.82    4.06    2.64    3.68    5.56    2.50    5.20    6.08    5.98   14.19    7.06   13.85   10.45    4.09    6.02    4.06   14.03    8.38    7.04   10.09   14.19   18.87   20.18   11.59   14.56    7.59   27.22    7.49    9.41    4.45    3.20    4.49   12.31    5.05    1.59    1.45
PSATPRNC   -12.43  -64.43   22.04    9.08    8.24    5.86    8.35    6.29    0.86    3.79    5.48    4.02    1.71    1.24    2.82    6.47    2.01    1.93    2.92    4.83    6.64    8.72   12.27   17.70   10.81    7.63    7.62   14.35   12.24   11.12    7.52    9.74   15.52   24.35   10.36   22.48   12.88   17.77   10.12    5.03    6.47    4.23    6.14   17.34    5.91    0.09    0.01
PSATSANT    -8.87  -63.97    2.81    9.12   14.57   10.75   11.46   17.92    2.16    2.96   22.36   25.18   11.74   12.11    8.90    7.01    8.24    3.43    1.71    4.67    5.37    8.50   13.80   30.77    7.53    6.26   12.49   13.46   22.03    8.74   15.10   10.23   17.27   27.91   19.47   22.48    6.25   16.20    7.07    4.92    3.29    6.98    5.05   10.34   12.41   23.26   11.44
PSATDARD   -10.16  -59.46   19.92   19.94   13.69   16.28   11.09    2.35    1.44    4.89   15.88    5.96    6.96    1.33    2.11    5.77   10.35    1.15    1.36   10.03   13.60   16.90   15.87   17.40    9.58   12.98   11.57   19.37    9.72   10.11    6.35   19.92   42.77   34.37   21.15   10.57   12.89    8.91   12.95    7.75    7.98    5.29    5.05    5.37   22.96   24.51    6.25
PSATGUAP   -15.12  -58.96   10.92    9.41   17.43    2.54   11.19    1.21    0.90    0.06    4.43    0.12    0.21    0.02    3.36    1.56    0.96    8.09   14.33   21.61    5.28   16.27   16.25   19.01    5.26    7.03    5.42    9.60    4.09    8.48   15.32   11.96   31.28   22.19   14.31   15.72   10.10   17.24   18.28    4.58    5.55    3.94   10.74   22.98   11.78    0.82    0.00
PSATJIRA    -9.25  -64.65   12.27    4.49    4.58    5.74   12.85    8.94    2.53    3.70    7.73   14.46   11.22    5.79    4.54   10.63    6.30    2.71    2.87    2.82    4.85    8.81   11.40   18.38   11.28    6.79    7.24   12.97    9.23    9.01    6.82   12.57   13.77   29.73   13.96   15.10   10.29   16.20   13.43    8.48    5.57    4.39    9.81   11.37   18.24    6.97    2.56
PSATROND   -11.99  -60.70   10.31   17.49    7.87    8.93    7.52    1.00    1.11   13.66    2.54    0.69    1.11    0.98    3.02   14.02   14.33    2.79    7.66    9.70    4.62   14.34    3.62   22.38   20.13    5.54   13.20   29.95   17.06    4.12    9.89    8.15   10.71   34.52   10.07   26.46    6.01    8.51   22.58    7.81   19.38    1.74    8.64    4.55    6.68    0.55    0.18
PSATSAMU    -8.75  -63.45    0.98   15.06   10.05    8.72   11.10    7.68    2.93    5.19   22.15   44.37    3.77    3.86   10.21    6.30    8.85    1.74    1.87    9.07   13.17   12.59   13.31   26.26    9.32    4.82   10.94   18.74   17.05   13.70   17.60   13.97   20.92   29.09   19.04   22.21    7.48   34.12   20.32    2.63    5.41    7.32   10.13   11.78   20.39   15.80   13.78
PSATBALB    -1.92  -59.47   18.59    5.54    8.29    8.31   17.75    8.48   12.92    5.58    8.37   16.00   13.82    4.07    9.05   20.36    9.45    3.80    9.84    5.41   11.92   18.28   14.28    5.07    8.53    4.17    6.97   17.21   13.91   11.10    5.78    6.23    0.76    0.69    1.72    7.54    9.63   16.16   14.43   18.63   22.66    7.86   14.76   19.94   12.31   15.53   18.51
PSATCUNA    -2.82  -54.30   10.19    7.24   11.77    6.52    2.16    5.68   18.43   22.99   15.74   14.50   17.95   10.16   25.19    1.40    3.75    0.95    1.86    2.86    5.23    2.48    3.47    3.11    8.83    7.37   11.43    8.21    8.63   10.50    3.19    3.68    9.72   40.97    4.82    4.64    6.57   16.36   11.08   13.94   16.56    7.62    7.98   20.16   27.27    8.23   18.24
PSATJARI    -0.65  -52.52    4.82    3.49    4.13    2.96    7.43    7.91    5.74    5.43   17.15   14.19    4.75    3.45    4.95    6.71    6.34    4.12    7.43    5.21    4.70    3.20    6.31    4.15    5.98    6.43    5.81    5.63    8.43    5.37    2.07    2.94    6.09    4.37    1.97    3.78    4.66    4.31   17.21   27.97   17.84   24.08    8.30   11.74   22.05    4.29   17.82
PSATFGOM     0.86  -51.20    8.01    7.15    8.25    6.21   15.33   11.07   10.21   10.37   11.02   18.17    4.31    3.13   11.33    9.51    9.77    5.40    8.98    8.43    9.24    6.44    9.52    7.59    9.81   12.53    8.85    7.78    8.96    5.52    3.59    9.66    5.08    2.30    2.12    3.93    8.03    8.21   17.55   23.74   23.59   14.47    8.53   19.16   38.72    3.81   12.31
PSATUBE     -6.75  -43.57    5.44    8.20    2.01    1.96    4.00    2.34    5.57    4.37    1.14    0.56    0.28    0.33    0.59   10.05    4.36    9.66    7.44    8.68   10.14   18.32    9.31    4.44   11.54    7.53    2.76    7.26    5.53    9.46   13.15   11.96    9.49    5.28    1.99    0.22    3.00    0.73    0.45    0.10    1.25    7.44    7.56    6.98   14.29   21.35    7.05
PSATBSOR    -6.74  -52.00   11.52   10.30   10.95    3.35    1.29    1.14    1.16    5.65    2.92    4.55    2.00    1.24    4.26    0.35    2.07    2.35    7.61   10.36   15.09   16.81   15.79   10.69   11.56    9.70   15.77    9.54    6.67   13.47   11.07   25.56   29.84   18.92   12.09    7.10    3.37    7.15    2.64    5.18    9.29    7.96    6.89   15.59   16.93   22.36   13.85
PSATBESP    -6.75  -51.77   10.04   10.59    4.86    9.42    2.82    2.49    2.35   10.39    8.45    3.57    4.82    1.55    8.62    1.65    2.49    6.90    5.45   13.23   14.58   13.18   13.90    5.20   10.55   15.66   16.63    5.70    8.66    8.92    8.02   21.87   23.79    4.31    2.80    4.67    5.34    1.18    1.23    1.30    5.14   12.62    7.95   11.48    6.55    9.91   14.41
PSATPIME    -3.41  -51.91    9.45    9.99    7.64    5.74    3.74    2.16   10.99   15.38   11.57   14.24    6.37    3.98   12.47    3.77    5.24    2.52    7.89    4.46    5.61    7.21    9.50    6.80   10.54   11.08   17.97   10.60    8.89    9.69    6.05   15.85   26.26   18.68    2.75   10.83   12.56   10.62    5.74    7.74   11.68   11.06   11.40   21.06   16.19    9.05   17.94
PSATIRAP   -16.74  -42.57   14.90    4.27    0.05    0.25    0.01    0.01    0.02    0.01    0.00    0.02    0.13    1.50    0.06    0.45    3.82   11.03    7.30   20.01   14.21   14.12    8.01   10.59   23.28   18.35   31.58    8.79   10.17   17.16   19.62   10.31    0.37    3.98    1.67    0.43    1.07    2.19    0.53    1.04    0.42    4.34   12.39   14.66   10.60   33.28   10.13
PSATITBI   -15.97  -39.59    5.08    0.92    0.29    0.12    0.04    0.12    0.03    0.12    0.01    0.20    0.21    0.40    0.07    0.01    1.06   21.00    7.60    9.57   16.63   19.34   11.53    7.69   19.87   24.69   34.17   13.43    7.95    5.91   14.39    4.41    1.49    3.73    1.52    1.22    0.74    0.63    1.31    0.93    0.50    0.76    7.92   14.82   15.43   25.73   12.62
PSATCOLI   -10.98  -55.77    8.26   11.84   15.24    5.44    4.09    1.32    0.33    3.29    1.63    1.61    5.62    2.16    1.04    2.80    2.81    1.20    9.37    8.23    6.17   18.81   14.67   10.25    5.62    6.76   10.71    5.91    8.12    8.88   17.93   17.89   25.96   40.85   80.57   14.66    6.82    7.43    3.99   10.37    8.69   10.30    5.68   15.55   20.39   13.80    4.24
PSATSAEL    -9.19  -57.04    7.49   14.64   14.06    7.65    5.15    1.78    1.52    4.20   11.85   10.24   11.78    0.74    1.47    1.11    5.56    2.20    5.27    8.34   19.68   14.29   16.24   23.90   12.76    7.18   10.37    7.39   11.95    9.86   11.72   20.36   32.74   37.31   21.21    1.65    7.17   19.50   13.10    4.31    6.06    1.71    6.09   23.83   17.26   24.48   20.50
PSATITQ    -17.09  -54.83   13.85    4.94   11.47    4.45    0.92    0.66    0.02    0.57    0.82    2.86    4.91    0.64    6.07    5.93    6.09    3.49    8.19   10.50    6.99   11.57    9.43    4.49   10.13    6.27   10.73    9.24   13.75   11.94   10.75    7.08   22.45   19.91   26.37   10.10    4.07    2.80   14.01    5.17    7.97    7.36   10.71    7.07   18.14    1.42    0.08
PSATJAU    -15.24  -58.73   14.89   10.64   19.32    2.70   11.77    2.31    0.72    0.07    2.60    0.13    0.22    0.01    3.94    1.74    0.91    7.80   13.92   20.27    9.40   18.93   17.42   17.91    6.52    6.32    9.02   10.77    3.45    8.62   13.59   10.88   33.20   18.18   16.23   17.83   11.19   16.24   19.12    5.57    6.08    6.64   13.66   22.13   11.53    0.69    0.00
PSATMAN    -14.87  -55.78   15.34   12.46   13.30    3.97    2.10    1.42    0.29    0.68    2.12    2.30    0.02    4.59    0.99    5.03    2.15    1.73   12.37    4.83    6.50   13.89    7.82    6.02    4.60    4.95    6.32    8.17    5.12   10.84   17.14   11.20   14.31   16.78   56.74   32.22    0.81   18.30    6.07   10.21    9.14    6.34   13.52   10.16   11.25    0.94    0.10
PSATPTP    -17.61  -54.83   13.33    5.93   15.50    5.65    1.02    0.39    0.01    0.31    0.78   12.40    9.79    0.56    4.57   14.11    5.10    2.50    6.52    7.94   10.04   12.27    9.85    3.19   10.92    8.04    6.73    7.87   15.35   13.61    8.41    7.09   20.73   20.11   23.33    8.96    6.75    2.67   20.95    6.44    8.49    6.66    9.15    5.67   15.93    1.09    0.18
PSATSTCL   -17.90  -40.20    1.26    0.09    0.02    0.12    0.00    0.07    0.00    0.00    0.00    0.27    1.63    1.34    0.04    0.00    0.10   23.61    2.81    3.10   21.51   25.82   13.69    9.24   25.82   45.41   29.23   12.89   13.60    2.33   14.21    2.42    2.44    3.45    2.35    3.38    0.70    0.80    1.27    1.39    0.57    0.45   16.54   19.88   15.71   28.84    7.75
PSATPDC    -12.58  -39.00    0.48    0.33    0.34    0.31    0.46    0.57    0.13    0.25    0.03    0.23    0.58    0.57    0.27    0.12    0.06    0.16    0.31    3.56    6.29    5.20   10.60    1.38    5.37    4.31    2.31    0.24    0.29    0.33    0.98    0.19    6.26    1.32    1.06    1.13    1.82    1.21    0.15    0.14    1.44    2.15    4.05    6.78    7.90   13.25    8.58
PSATROSA   -20.92  -41.72   26.76   22.33    0.22    0.00    0.00    0.11    0.03    0.00    5.33    7.99   25.22    1.69    0.22    1.45   10.93   16.17   20.86   25.02   17.37   18.38   26.02   21.89   52.49   15.61    4.18    1.25    2.20   24.16   33.30    9.13    0.28    2.33    3.21    0.62   11.72   12.53    0.23    1.74    0.16   14.88   13.12   12.90    7.69   41.32    8.75
PSATCAN    -20.21  -42.85   30.26   27.23    0.69    0.00    0.00    0.11    0.13    0.01    5.45   11.06    5.77    0.92    4.34    1.24   18.55   24.96   39.11   18.42    9.51   15.83   21.21   20.70   36.85    5.20    1.28    0.27    4.90   18.67   53.58   12.09    0.27    3.51    1.06    0.20   22.72   13.68    1.50    1.93    6.23   29.52   18.63    7.28    9.59   32.60    3.61
PSATSAC    -19.64  -42.85   22.51   22.86    0.36    0.00    0.06    0.17    0.18    0.00    0.25    7.20    8.71    5.93    2.35    2.11    7.40   20.32   30.91   17.98   27.22   27.00   19.78   24.35   46.59   10.33    3.39    3.36    9.40   22.82   35.49   16.23    0.74    5.87    2.85    0.56   11.47   19.55    1.63    3.30    9.50   31.79   15.27   12.67   13.94   45.12    3.57
PSATPES    -19.12  -42.66   37.90   19.82    0.05    0.03    0.07    0.28    0.17    0.01    0.00    0.49    5.75   13.29    0.39    2.80   11.23   10.86   22.99   29.69   26.71   22.81   30.35   32.76   48.87   23.73   17.78    3.45    9.21   18.93   21.08   11.89    1.03    8.38    3.75    0.99    4.06    7.67    0.84    3.85    0.73   21.10   21.03   13.94   21.37   54.51   10.47
PSATMAS    -19.50  -40.92   22.11   11.94    0.09    0.11    0.02    0.19    0.12    0.02    0.35    2.03    6.59    5.81    0.27    1.42   10.41   16.16   22.18   24.95   22.29   22.71   25.33   25.78   47.86   26.80   11.69    4.86   12.91   19.57   22.13    8.74    1.38    4.95    2.56    1.93    3.65    5.65    1.16    2.49    0.25   10.77   14.65   20.99   20.41   43.53   13.61
PSATSBR    -23.37  -45.87   43.84    3.56    7.66    0.69    0.19    9.18    0.08   13.17   13.63    6.92    2.17    0.56    9.64   12.95   16.42    1.14    3.12    2.77    3.00    5.69   14.97   19.81    5.07    2.51    0.56    0.14    0.15    0.44    3.08    7.03    8.80    6.23    7.13    6.95    8.55   10.76   13.06   14.10   18.34    8.61    2.87    5.29   19.20   16.68    3.08
PSATJAG    -23.20  -46.03   21.65    1.49   14.14    0.65    0.04   10.83    0.09    6.42    3.35    4.59    1.80    0.49   16.17   11.84    9.69    0.14    0.99    1.08    1.42    6.71   18.88   17.58    2.67    1.85    0.21    0.00    0.00    0.03    1.13    4.55   16.60    6.04    1.40    4.67    8.88   12.21   18.43   13.31    8.85    8.00    2.84    4.21   30.27   26.18    0.73
PSATFUNI   -22.53  -44.57   23.54    3.77   12.89    1.10    0.04    5.63    0.14    9.06   14.31    8.10    4.57    0.83   12.55    9.38   21.61    2.48    2.55    4.14    1.72   10.65   16.31   17.23    3.82    2.04    0.62    0.05    0.05    0.72    5.68   12.45    8.34    5.81    4.27    5.55   10.93    8.62   16.94    8.88   12.90   10.01    6.58    3.64   23.22   17.49    1.69
PSATSACE   -22.48  -43.84   32.65    4.51   16.07    0.49    0.03    2.85    0.05   14.22   11.67   11.81    3.94    1.30    5.02    1.14    9.29    1.82    5.59    5.92    4.50   17.26   19.88   24.02    7.20    2.58    2.90    0.08    0.27    1.37    6.18   11.70    5.34    4.79    3.52    4.49   10.01    5.37   17.56   19.71   21.15   10.79    7.06    6.15    6.74    8.19    2.58
PSATPIC    -21.91  -43.54   20.59    8.12   17.80    0.10    0.00    1.73    0.00    8.17   13.98    6.46    3.69    2.06    4.27    4.33    8.01    3.69    7.31    4.23    3.11    8.33   22.80   17.18    3.11    2.75    4.18    0.26    0.09    2.62    7.81   11.51   10.25    4.73    1.50    2.14    7.11    3.85    9.89    9.31   14.07    9.92    8.24    3.63    2.81    7.63    1.56
PSATSOGI   -21.94  -43.36   28.47    8.97   15.13    0.05    0.00    0.76    0.00    5.56   18.75    6.18    5.20    1.18    2.90    4.97    6.58   12.83   19.70   18.03    4.82   11.86   23.42   20.13    8.59    6.48    2.33    0.38    0.69    2.43   20.61   13.18    5.58    3.62    2.38    0.40    6.30    6.23    4.73    4.61   12.01   10.53    9.77    2.24    6.70   16.53    3.49
PSATIPSI   -21.84  -42.58   37.00    9.29    7.52    0.03    0.06    2.50    0.00    3.26   14.14    6.81    4.27    1.28    2.54   10.09   15.83    9.33   21.34    7.59    6.62   14.67   23.07   15.40    5.28    3.89    2.28    0.30    0.46    1.70   11.17   12.74    5.15    3.77    0.70    1.01    8.14    6.28    3.63    4.72   16.75   11.00    6.74    3.14   12.52   22.69    9.20
PSATTCLJ   -22.69  -43.83   39.14    7.74   12.21    0.02    0.05    5.07    0.00    4.72   12.38    7.75    0.99    0.05    1.57    0.46   13.40    0.75    5.69    2.93    4.62    6.84   19.09    8.74    2.58    3.36    2.01    0.53    0.06    0.00    5.00    6.90    4.55    3.51    0.27    1.62    7.63    3.02    3.57   10.38   14.74    7.17    2.59    2.96    7.81   12.82    3.66
PSATBIGU   -25.51  -53.67    1.03    3.85    0.62   11.97   49.90    3.00   23.87    8.98    7.02    4.54    8.29    3.98   17.48    0.05    0.02    0.09    1.01    0.46    2.91   12.64    6.33    0.73    0.06    0.00    0.03    0.04    0.31    4.21    0.65    0.27    0.34    7.98   15.15   11.84   12.49   34.18    6.68    2.46    0.80    1.78    2.40   17.11    1.76    1.45    1.91
PSATBRAU   -21.45  -42.41   41.79   13.12    1.06    0.00    0.00    0.05    0.01    0.46   16.21   10.09    5.55    0.26    3.12   11.65   12.43   27.02   45.73   22.61    6.26   13.22   23.64   25.60   17.74    6.21    1.00    0.00    0.18   10.25   41.40   12.19    1.08    7.29    4.21    0.38   21.71    8.29    2.81    0.95    7.86   21.42   12.18    3.92    8.99   26.65    3.76
PSATSUIC   -20.08  -40.58   10.63    1.33    0.11    0.11    0.01    0.56    0.02    0.11    0.01    6.10   36.58    7.48    1.37    1.97    7.16   23.96    9.66   23.82   14.11   16.02   26.69   22.93   52.46   29.89    9.06    0.75    9.12   17.40    7.35    3.02    2.87    4.06    4.00    6.53    5.31    1.25    5.19    2.44    0.27    2.17    5.62   12.82    9.06   29.91   17.52
PSATJRI     -9.30  -64.70   10.80    2.96    4.58    6.19   13.91    9.59    1.17    1.92    8.51   17.02   12.19    6.55    3.73    9.19    6.04    1.22    1.40    1.30    2.54    7.72   10.59   15.97   13.43    7.02    8.15   12.96    9.73   10.47    8.18   12.50   14.62   30.49   16.53   15.91    8.38   16.24   15.04    8.31    5.21    4.40   11.53    9.99   18.26    6.40    2.40
PSATBENI   -14.59  -67.53   16.68    7.96    5.58    4.77    9.34    5.09    5.15    8.87    5.97    7.03    8.39    4.75    6.31   15.34    7.46    6.81    6.99    7.28   10.65   13.03   14.18   26.79    6.35    7.49    7.31    9.69   10.17    6.00    3.65   13.43   13.44   29.79    7.35   13.06   14.83   18.24    8.23    8.95    6.31    5.28    4.97   16.13   19.02   10.32    3.15
PSATEPB    -12.42  -64.42   17.15    7.07    7.12    5.33    9.49    4.88    0.87    2.80    4.14    2.87    1.46    0.89    2.84    4.55    1.39    1.95    3.51    4.34    7.99    6.69   13.21   14.63    8.08    5.74    5.95   15.91   10.71    9.15    9.83   11.55   15.74   20.39    9.46   18.45    9.76   17.20    8.49    6.85    5.14    3.27    4.91   14.80    4.16    0.07    0.01
PSATEGM    -10.79  -64.35   14.65    6.23    8.80    7.93   11.41    7.05    3.27    2.65    6.01    7.99    5.31    3.64    3.98    7.58    3.37    6.30    6.42    6.93   15.16    9.00   13.21   11.57    5.08    7.82    4.75   11.83    8.68    8.00    8.39   13.54   20.09   23.68   13.25   16.44    9.36   31.17    8.59    8.81    5.29    3.93    5.44   13.64    7.02    2.11    1.92
PSATSTOA    -8.79  -63.95    2.47    9.78   13.41   10.27   11.54   17.59    2.00    3.06   22.99   24.95   11.72   10.28    9.62    7.13    8.59    3.74    1.86    4.91    5.36    8.97   13.36   30.98    6.98    6.51   11.68   14.41   21.07    8.77   15.13    9.95   17.44   26.78   19.79   23.14    5.82   16.10    7.51    5.39    3.15    6.28    5.42    9.91   12.31   23.11   11.14
PSATENC     -9.90  -66.62    6.78    5.29    1.60    7.45   17.16   19.94    6.21    1.73    5.47   20.76   15.18    6.17    5.38    3.06    4.14    0.97    1.18    0.66    6.01    1.79   10.43   11.16    7.14    2.31    4.36   30.36    2.35    5.92    7.30    9.71    5.34   18.91   12.57   14.86   12.40    9.03   16.33    6.67    6.86    2.74   10.98    5.79   13.20    1.32    3.35
PSATAMY1   -11.71  -70.63    3.57    4.42    2.88    6.21   12.33    7.01    1.09   11.24    2.15   12.81   17.25    6.53    9.80    4.63    3.31    0.71    2.25    2.01    1.36    5.90   10.61   14.10    8.34   11.10   18.10   17.14   14.04    7.51    6.71    7.18   12.20   36.41   13.22   17.98    3.56   10.04   10.68    6.52    5.70    3.02    5.23    5.20   23.40    7.34    0.40
PSATAMY2   -12.37  -71.17   13.76    6.55    9.66   21.35   12.38    7.80    5.11    6.06    2.44    5.71   13.30    8.07   12.52    3.01    3.67    5.08    4.77    5.88    3.38   12.45   10.58   21.22   12.49   27.98   30.82   17.22   10.41    9.07   12.51   14.54   16.15   47.69   24.61   12.50    8.19   20.78   10.18   11.58    5.72    8.56    6.76   12.34   14.10    3.94    2.19
PSATAMY3   -13.75  -70.18   35.58   11.01   20.19   15.66    6.91    4.84    2.65    6.70    3.67    5.63    7.75    9.67    9.84    4.26    4.48    4.02    8.56   12.62    6.84   21.59   22.78   25.96   18.82   40.60   40.04   19.73    5.42   13.35   12.58   17.30   21.06   37.21   14.75    7.48   21.48   12.95    7.03    6.83    2.82    4.40    6.42   25.98   14.16   11.67    7.88
PSATAMY4   -13.45  -69.47   18.50    5.53    9.23    6.63   10.02    7.46    2.28    8.39    4.65    7.98   10.45   16.05    9.30    4.91    4.40    1.96    6.75    3.27    2.27   16.41   11.25   21.97   10.34   23.54   22.05    7.25    8.58    4.19    4.60    8.44   15.13   43.93    9.95    6.13    8.24   12.73    6.72    6.03    3.04    4.65    6.60   12.70   11.63    3.05    0.87
PSATJRN    -13.37  -59.01    9.38   12.29   21.10    3.32    9.38    2.29    0.76    0.61    4.24    0.60    0.26    0.11   11.35    1.71    3.53    8.16    2.72   14.05   12.07   10.49   13.61   22.29   16.78   11.24    4.11   13.59    6.44    9.95   17.91   18.69   13.84   26.47   19.85   22.90   10.22   15.03   25.82   10.71    5.52    5.02    2.64   17.06    7.60    0.79    0.18
PSATAPI    -10.34  -56.98   13.21    5.33   18.89   14.54    7.26    4.87    0.71    5.04   11.39    2.52    7.81    1.94    1.09    2.38    2.90    3.03    3.42    5.99   22.27    6.84   27.87   26.36   11.28   17.23    5.13    9.57   18.92    7.26    9.29   23.40   39.54   59.51   22.36    1.14    5.82   14.76   22.07    2.99    7.77    5.07    3.58   24.56   22.67   16.40   19.36
