PSATAGV    -19.89  -50.35   21.43   13.95    2.77   12.93   10.97   14.47    2.06   12.52   15.95   12.00    6.63    4.27    1.75    2.02    4.83   11.87   19.82   22.55   12.99    5.98   12.98   32.60   42.88   24.00    4.85   21.65   18.37   19.20   10.21   15.60   11.83    7.53   16.02   11.04   14.64    1.67    0.48    2.08   20.41    6.33    1.56   15.69   18.81   24.27    4.73
PSATCMG    -21.28  -44.63   32.34   22.69   14.18   25.01    2.84   24.31   20.91   14.60   19.54   24.81    9.79   18.04   19.07   19.39   16.72   14.41   17.14   41.34   19.65   14.90   31.90   49.57   54.96   18.52   19.15   11.70    7.88    6.00   11.78   42.37   23.73    3.96    0.74    7.65   15.00    0.32    0.58   10.58   21.39   17.95    7.61   27.54   23.42   21.02   12.49
PSATCES    -20.25  -48.16   25.11   28.79   15.60   11.15    4.82   12.82    3.33    8.13   28.17   12.19    8.48    9.13    4.60    7.66   10.20   18.76   16.28   35.11   13.24    2.77    8.98   48.29   37.66   21.60    6.64   26.82   17.90   38.55   20.22   15.12   12.37   15.91   12.23   17.11   12.96    0.39    0.11    1.11    8.36    5.52    1.91   11.92   24.43   25.73    6.57
PSATELC    -21.60  -46.95   27.07   10.30    6.08    7.40    2.33   13.72    6.76    7.66   21.69   12.18    9.43    9.74   10.51    4.71   11.83   17.40   14.10   26.28   13.86    6.98   11.19   44.31   83.58   29.01   21.94   22.87   18.49   19.77   13.18   23.74   24.51    1.67    3.62   14.07    7.27    0.03    0.02    0.26   10.73    7.17    2.60    4.55   30.26   30.70   13.36
PSATFUN    -21.14  -45.04   33.40   35.93   23.67   36.46    5.32   12.90    3.65   12.83   20.72   25.90   13.48   23.43   16.23   18.91   13.98   17.13   16.88   41.81   19.92   11.03   22.69   38.60   35.17   16.37   23.69   12.79    8.22    9.82   14.41   33.26   21.23    2.98    0.59   11.71   15.74    0.02    0.18   10.27   17.23   11.83    7.63   10.78   20.05   13.62   10.69
PSATFUR    -20.67  -46.32   27.59   31.90   23.60   11.73    5.13   14.14    9.85   10.52   20.56   21.70   16.93   13.40   13.07   11.12   18.39   14.60   11.01   28.60   19.29    8.70   12.70   36.80   48.62   26.07   23.45   18.27   10.79   21.28   26.08   24.97   18.28    3.66    2.13   14.16   11.99    0.05    0.24   15.77   15.63    7.24    4.16    9.82   18.00   19.17    8.03
PSATMRB    -20.30  -49.18   26.70   18.96   12.80    8.17    6.67   15.31    3.04    8.07   21.17   10.36    8.46    5.33    3.31    5.17    7.64   16.95   18.76   26.90   13.92    6.11    9.71   45.91   50.50   18.85    6.91   22.66   19.08   31.10   15.08   16.92   12.30   15.02   11.18   10.15   15.08    0.24    0.15    1.07   10.96    5.12    1.64   15.87   28.16   25.71    4.22
PSATPRG    -21.59  -45.67   30.84   12.42    4.72    1.26    4.69    9.72   12.02    8.04   17.21   24.01   12.36   14.62   14.30   12.31   16.02   16.94   13.03   31.74   24.22    9.66   16.42   47.00   80.66   38.17   27.54   13.41   12.90   15.28   20.05   28.89   12.46    0.86    1.21   14.36    3.39    0.01    0.06    1.62   10.95   11.19    4.86   10.16   16.99   15.69   13.76
PSATPAS    -21.02  -48.18   21.72   11.72    5.96    1.47    2.85   13.99    2.17    4.80   25.00   14.74   10.50    7.41    3.64    1.61    7.38   19.00   15.07   26.21   13.75    2.67    6.69   50.83   57.39   21.97   17.19   13.79   23.66   33.33   11.42   18.65   17.14    3.58    5.69   13.15    6.00    0.00    0.02    0.11   12.82    5.21    3.91    5.03   30.21   23.13   10.13
PSATPTB    -21.61  -45.49   27.50   13.65   12.49    2.53    4.62    9.51   17.47    5.50   16.64   24.39   12.06   13.77   12.96   17.48   16.75   16.91   17.13   37.63   29.95    9.64   32.22   55.93   91.52   39.22   32.79   11.94    6.93    9.98   18.67   48.52   23.30    1.36    0.63   12.55    8.14    0.07    0.05    7.72   11.56   13.36    2.15   18.44   13.39   19.30   10.30
PSATPTC    -20.00  -48.55   33.07   30.58   21.43   17.49    8.69   11.79    6.25   11.00   19.60   15.04   13.25   10.38    6.34    8.01    9.16   20.89   19.22   33.59   20.69    6.02   16.88   27.42   28.07   24.83    9.94   19.61   17.05   26.06   20.71   16.07    9.42   15.26   10.53   17.46   15.49    1.46    0.53    5.04    6.76    7.02    1.43    7.57   18.96   22.73    8.07
PSATFZA    -26.00  -51.65    0.04    0.33    0.88    0.45    1.30   19.90    1.25    8.47   51.78   11.06    2.62    0.92    2.16    1.21    0.78    1.01    3.08    1.58    1.43    9.53    9.67    0.85    0.97    0.08    8.22   40.29   13.77    8.99    5.62    2.11    0.69    0.30    0.11    0.05    0.60    0.11    0.25    0.31    2.04    2.40    0.92    0.02    0.37   10.64   12.90
PSATJSG    -25.78  -52.00    0.00    0.04    0.14    0.20    2.56   18.48    1.69    4.23   26.80    8.56    2.20    1.34    1.89    1.53    0.58    0.47    3.02    1.06    0.87    5.59    7.10    1.22    0.54    0.10   12.60   40.47   16.98    6.91    5.27    1.35    0.28    0.44    0.02    0.03    0.36    0.03    0.03    0.09    0.58    0.75    0.26    0.02    0.94   16.32   15.58
PSATSCX    -25.53  -53.48    0.00    0.00    0.04    0.27    7.04   17.79    2.06    7.76   22.24    6.55    2.71    0.75    2.08    0.56    0.29    0.39    0.93    0.62    0.47    2.35    5.72    1.56    0.33    0.25   23.06   38.80   10.50    5.30    2.21    0.76    1.03    0.40    0.01    0.04    0.31    0.00    0.00    0.02    0.11    0.55    0.19    0.11    0.79   19.49   20.98
PSATSCL    -25.49  -51.74    0.00    0.02    0.19    0.05    1.43   16.82    1.73    8.76   27.96   14.28    3.40    0.46    1.76    2.37    0.26    0.48    0.72    1.37    1.34    2.57    5.22    4.11    0.93    0.14   16.28   40.39   23.97    7.99   10.10    0.72    0.32    0.02    0.02    0.00    0.40    0.02    0.02    0.02    0.70    0.60    0.06    0.20    2.67   12.68   15.08
PSATUVT    -26.23  -51.08    0.16    0.99    2.01    1.59    0.82    9.28    3.31    3.86   25.44   15.98    2.32    2.30    1.05    0.35    1.67    4.75    7.06    2.85    2.01    6.16    6.39    3.68    1.24    0.19    7.27   31.13   14.53    6.24    7.35    3.71    1.60    0.31    0.19    0.13    1.05    0.42    0.61    1.01    6.13    4.38    3.42    0.50    0.65    2.63   24.31
PSATBSM    -24.19  -53.74    0.07    0.00    0.09    0.69   11.03    7.56    2.95   14.54   21.76    6.85    2.54    0.68    0.56    0.46    0.13    0.34    1.07    2.97    0.69    2.09    5.33    1.24    0.38    0.73   25.55   76.76   14.48    3.94    1.26    0.55    0.40    0.03    0.10    0.24    0.31    0.00    0.00    0.10    0.16    0.20    0.17    0.31    1.15   14.83   16.17
PSATFLE    -22.97  -54.56    0.00    0.10    0.36    0.69    7.82    4.00   14.86   13.27   37.56   20.80    1.86    0.46    0.06    0.12    0.31    0.25    0.29    0.35    1.15    9.04    8.39    1.33    1.05   28.53   37.57   29.87    1.95    0.60    0.37    1.32    6.75    2.59    4.60   11.83    1.71    0.03    0.00    0.08    0.27    0.04    0.07    0.00    0.17    8.11   13.49
PSATITP    -25.42  -54.58    0.06    0.01    0.08    0.50   16.53    7.40   13.62   11.13   32.28   11.26    1.92    0.64    0.18    0.41    0.23    0.24    0.46    3.48    0.76    3.87    7.16    0.56    0.22   10.06   31.25   40.06    6.38    1.28    0.58    2.39    1.60    0.90    2.95    5.90    0.89    0.01    0.00    0.44    1.31    0.12    0.08    0.06    0.15   14.16   22.45
PSATIVM    -22.38  -53.53    0.09    0.04    0.22    1.09    9.85    1.70   13.87    5.87   24.93   27.03    1.65    0.90    0.21    0.29    0.24    0.16    0.40    2.53    4.19    7.68    5.83    3.93    3.94   19.98   18.80   13.74    1.50    1.63    1.67    3.39    7.66    7.30   23.70   16.31    3.90    0.09    0.00   17.92   14.46    0.30    0.01    0.02    2.91   11.44   10.24
PSATPTQ    -23.18  -53.17    0.02    0.04    0.22    0.39    7.08    6.43    3.96   11.62   24.26   12.74    2.28    1.01    0.68    0.32    0.11    0.41    0.86    4.85    1.01    2.69    4.73    1.47    0.28    2.78   16.21   50.68   27.99    4.29    4.40    0.44    0.56    0.09    0.25    0.45    0.29    0.00    0.00    0.09    0.35    0.52    0.06    0.02    1.20   10.12   13.46
PSATCBI    -17.99  -48.54   17.04    7.91    8.72   18.16    8.37   19.77   10.96   16.71   16.75    9.48    5.06    9.36    5.27   11.87   17.64   13.65   14.37   13.42    5.11   17.09   11.96   15.08    7.50    9.64    4.61   10.67   11.23   13.00    7.43    7.34    1.84   12.76    5.89    7.25    8.94   18.55   29.94   24.29    5.95   19.61   14.73   12.88    0.98    6.99    2.88
PSATCBIV   -16.15  -48.67   12.26   12.66    3.39    9.46    9.51   15.10   15.94   12.93    7.23    4.80    2.72   10.06    3.88   14.22   19.64   16.30   12.00   12.43    2.51   12.46    7.51   12.17    4.71    6.13    3.04    7.98   11.40   17.75    7.61    3.58    1.58    7.10    9.52    4.67    3.71   10.84   19.43   14.48    4.29   10.22   18.52   11.32    1.68    6.58    2.26
PSATEMB    -18.45  -47.98   19.22   23.67   16.45   22.09   14.01    6.32    2.19   19.01   23.71   12.10   10.40   12.16    7.03   16.51   12.53    8.30   17.15   40.01   19.42   16.42   21.55   22.47   37.94   19.36    7.26   22.08   15.94   15.59   13.63   14.44    3.83   13.20   11.20    9.73   27.44   17.88   11.39   31.39   11.48    7.46    7.32    8.89    3.37   15.81    8.62
PSATIMBR   -18.42  -49.10   24.11    9.76   16.94   26.27   14.63    8.83    5.01   18.29   18.71   15.61    6.82    9.34    4.71    8.69    6.86   13.54   22.24   25.13   14.32   12.87   18.57   19.80   17.49   15.62    7.52   11.96   13.98   14.62   12.22   15.25    3.91   11.68    9.36    9.49   24.77   24.15   21.48   14.59   13.02   14.51    5.72   11.85    4.58   16.91    3.87
PSATNPTE   -19.13  -47.70   22.91   20.44   19.17   24.03   14.87   12.22    3.83   17.89   20.40   14.78   11.38    9.17    7.49   14.06   11.23   19.24   15.93   32.33   21.82   10.25   15.35   14.83   31.60   21.76    5.94   10.66   12.99   25.45   14.89   14.91    7.27   17.55    8.32   10.99   19.53    2.14    1.43   23.96    6.07    4.84    3.81   10.11    4.67   18.68   10.01
PSATARV    -18.07  -50.16   12.06    7.01   13.16   14.73    6.19    9.14    7.14    8.98   13.68    5.39    4.29    7.07    3.19    7.66   13.83   11.81    8.88   10.06    6.45   10.28   11.33   13.29    5.14    4.97    3.80    4.75    4.80   15.22   16.89    9.61    0.96    9.90    3.86    8.42   15.94   19.33   17.45   22.90   16.08   14.48   21.86   14.82    4.57   10.33    2.93
PSATSFC    -18.05  -47.68   19.81   12.66    7.88   28.39    9.33   12.37    2.35   21.02   19.16   20.09   11.17   12.22    8.32   11.56   15.42    8.46   11.67   17.57   10.88   12.57   24.86   13.67   16.37    8.93   10.24   14.40   17.89    9.47   12.58    5.41    1.29   16.35   16.17   10.56   14.72   22.98   41.48   23.28    7.42   24.86   22.37    6.13    0.63    5.41    4.21
PSATSSM    -19.02  -50.50   27.23   13.42   11.75   24.26   14.01   13.24    3.71   12.60   18.97   12.59    4.63    6.67    2.69    5.96   10.31   15.71   21.17   22.45   11.79   10.51   16.36   19.11   12.13   14.23    2.64   14.34   15.78   11.76   14.70   10.97    6.60   12.39   11.29    9.51   24.23   17.46    9.66   14.05   22.42   13.12   10.54   22.69   12.16   18.24    4.51
PSATCNI    -22.94  -50.52   27.21    0.58    0.45    0.22    1.78   17.88    0.78    9.05   20.13   12.21    6.75    1.25    1.38    0.26    0.82    3.71   10.68   11.74    8.26    0.99    4.43    3.85    1.27    2.93   17.84   29.24   40.00    8.85    7.66    2.92    6.06    1.35    2.25    5.45    0.00    0.01    0.07    0.48    0.50    0.30    0.56    2.25   10.37   11.54   11.05
PSATCPV    -22.65  -51.33   16.48    0.14    1.32    0.53    1.02    4.91    1.69    9.04   21.55   18.54    5.05    1.21    1.04    0.28    0.50    2.84    5.36   12.13    4.42    1.99    5.86    1.54    0.72    2.75   15.67   41.96   48.95    5.27    7.23    1.00    2.98    0.64    1.19    0.81    0.04    0.00    0.01    0.28    0.53    0.25    0.12    0.67    3.07   11.71   10.31
PSATCHT    -23.01  -49.73   17.27    0.85    2.04    0.40    0.30    8.29    1.64    4.29   15.55   13.18    3.96    2.67    0.77    0.59    1.06    2.71   10.59   17.01    2.80    2.64    5.32    1.98    0.34    0.71   21.46   22.62   54.06    4.65    9.66    0.52    0.21    0.21    0.33    0.13    0.11    0.05    0.12    0.31    0.32    0.62    0.43    1.03    6.65    9.76    7.67
PSATJUR    -23.22  -49.23   20.12    3.27    1.35    1.16    0.13   12.51    1.99    3.57   20.05    9.75    3.78    4.23    1.72    2.17    2.34    3.43    7.06   16.22    2.68    1.84    5.43    6.02    1.28    0.55   25.92   19.33   39.66    6.34   14.45    0.72    0.45    0.59    0.77    1.20    1.02    0.69    0.88    0.49    1.17    3.15    1.79    2.34   13.02    7.60   12.38
PSATMAU    -24.06  -50.71    0.11    0.37    0.48    0.50    1.15    7.84    1.14    7.01   18.84   17.65    2.19    1.51    0.92    0.42    0.47    1.74    2.44    2.74    1.36    3.14    8.38    2.39    0.41    0.50   16.80   38.83   32.46    7.04   10.82    0.43    0.53    0.17    0.09    0.04    0.14    0.03    0.07    0.38    0.71    1.46    0.61    0.03    1.89    4.35   12.60
PSATROS    -22.50  -52.87    1.69    0.06    0.65    0.59    6.01    2.35    2.87    9.44   18.89   15.91    3.00    0.68    0.82    0.38    0.22    0.61    1.28   13.10    1.70    2.88    5.21    0.69    0.66   16.31    9.55   42.73   29.47    2.66    1.74    2.91    2.17    0.51    1.35    3.15    0.13    0.00    0.00    0.13    1.87    0.24    0.10    0.08    0.68   10.32   10.85
PSATQMD    -16.21  -47.33   16.59    3.94    5.06   13.79    1.74   12.75    3.34   10.73   10.78   10.06   14.62    8.50    6.74   10.84   15.52   13.80    4.36   12.99   12.05    7.52   21.83   10.64    9.31    1.46    1.30   13.42   22.60    3.52   15.82    1.70    1.90    5.56   14.92    5.04    4.20   10.48   16.04   26.66    5.22   25.33   37.77    3.02    0.29    0.84    1.59
PSATRBX    -18.95  -44.76   33.95   41.44   26.48   24.28   13.64    6.94    1.95   15.53   17.75   22.31   20.41   23.23   16.73   20.65   14.65   18.22   14.62   31.99   14.17   12.10   20.20   25.28   18.49    9.53   17.24   14.81   10.22   10.96    9.52   19.23   16.75    9.26    9.23   13.35   24.82    6.28    0.61   25.38   11.74    6.40   14.64   12.13    5.06   12.78   16.83
PSATSFR    -15.93  -44.86   21.65   17.32   10.20   12.45    4.31    6.84    3.50   19.79   11.55    8.39   11.73    8.69   14.14   15.54   14.09   10.52   11.94   11.80   14.79   16.60   23.88   10.99    5.13    9.98    5.23   11.00   16.82   12.44   10.79    3.60    7.14   11.54   18.11    9.06    8.88   20.75   35.14   37.03   18.01   18.66   28.99    3.93    0.60    3.16    1.72
PSATSRM    -16.37  -45.07   22.64   20.68   13.39   20.83    7.98    8.25    2.40   17.55   12.12   16.69   17.80   12.33   12.96   15.30   13.13   15.88   12.45   21.46   18.67   16.03   16.92   16.41   21.17    9.15   12.65   14.36   19.53   15.46    8.46   10.16    8.84   15.85   16.58   15.06   22.37   23.19   27.68   34.86   22.11    9.54   18.44    8.72    1.94    7.83    7.57
PSATTMR    -18.16  -45.27   24.28   34.83   26.20   30.22   13.77   12.01    2.09   14.02   17.33   22.40   21.94   19.17   15.69   17.10   18.59   18.80   14.27   30.62   21.77   11.55   18.02   18.76   30.74   18.03   12.51   17.51   12.91   14.31   21.22   15.96   17.75   14.52    7.70   14.17   22.65    9.02    4.53   36.57    8.99    5.36   11.98   16.14    3.98   21.17   16.07
PSATBOQ    -11.35  -43.83   18.49    9.72    3.76    8.75    1.36    4.56    1.04    1.07    5.44    5.85   11.57   12.01   14.39    9.83    9.98    6.59    3.85    4.79    1.13   10.17    4.42    1.55   12.44    7.61    5.04    4.55   10.10   10.19    7.76    2.41    2.78    7.83   10.03    9.87    1.89    7.54   10.82   13.97   13.13   14.74   13.91   10.61    1.65    1.83    3.33
PSATBBO    -22.52  -48.55   23.08    8.95    2.56    0.58    0.76    8.33    2.29    3.42   23.33   14.51    9.61    6.84    3.57    1.74    5.52    7.04   14.16   20.69    8.05    2.80    5.78   34.75    7.06    2.54   25.70   12.70   31.28   32.83   17.01    7.99    2.87    0.76    0.66    4.39    0.57    0.12    0.19    0.45    4.79    4.81    3.18    3.51   16.69    9.78   11.39
PSATESZ    -23.46  -46.91   27.43   16.97    4.80    1.46    0.99    5.06    5.69    3.28   16.89   16.00   14.42   11.47    4.55    3.43    4.68    4.55   13.13   30.84   17.02    4.82    8.43   30.62    7.48    2.24   23.27   26.93   25.11   60.89   32.10    8.23    3.03    1.27    0.46    2.17    3.84    1.51    1.83    1.98    4.35    7.43    8.96    4.68   17.87   13.73    8.92
PSATIBT    -21.76  -48.99   19.62    7.67    0.79    0.11    4.19   15.56    0.76    7.80   19.51   10.12    8.96    2.67    1.65    0.46    2.93    7.98   17.27   17.53    8.91    1.65    3.69   22.78   10.91   12.76   21.19   13.13   39.61   30.85    5.51   12.36   12.13    1.96    4.31   14.83    0.68    0.00    0.03    0.21    5.47    3.77    5.46    8.49   20.83   12.13    7.34
PSATNAV    -21.12  -50.20   19.66    8.04    0.45    0.44    6.72   16.10    1.36   12.12   21.13   14.32   11.33    1.85    1.46    0.74    1.78    9.40   13.84   20.47    9.63    5.36    4.66   20.17   22.42   21.12   18.11   16.35   29.52   26.31    8.74   12.64   15.80    5.68    6.28   11.06    5.76    0.00    0.12    0.14    8.35    1.43    7.86    5.27   13.65   23.71    7.61
PSATSME    -13.40  -48.30   25.55   10.53    2.70    8.98    5.22    3.31    6.46   10.41    8.12    5.64    4.09   11.37    6.22   12.20   18.37   19.94   11.01   11.88    4.02   11.26   11.58   15.51    4.22   13.15    4.22    9.38   15.86   21.48    8.36    3.97    1.88    5.89    4.47    6.49    8.79   13.83   21.67   24.25    7.85    7.68   19.63   11.65    2.58    5.12    0.84
PSATBGR    -27.78  -51.20    0.00    0.70    0.79    0.79    3.27   12.08    1.06    0.44   14.28   19.73    3.78    0.06    1.36    0.97    1.08   20.67   13.33    1.61    1.47    3.90    9.37    2.25    0.62    0.05    0.32    2.30    1.28   13.03    2.42    1.17    0.39    0.81    0.11    0.66    1.20    0.17    0.36    3.34    8.55    2.12    1.09    0.29    0.15    4.99   24.00
PSATCNV    -27.60  -51.33    0.01    0.40    0.70    1.03    3.04   13.51    1.11    2.06   17.14   25.48    2.88    0.15    0.77    0.29    1.32   16.72   11.59    3.84    2.20   13.22    4.51    1.31    0.43    0.03    0.10    6.48    1.66   11.70    2.68    1.84    0.76    0.31    0.08    0.37    0.24    0.09    0.41    1.50    6.84    2.66    2.08    0.48    0.34    5.38   26.55
PSATFCH    -27.14  -53.04    0.00    0.00    0.00    0.00    1.40   12.45    0.35    0.71   24.78   18.13    1.40    0.32    0.01    0.36    0.34    1.08    2.98    0.60    0.18    0.79    0.90    0.09    0.01    0.00    0.76   30.16    1.90    4.30    0.52    0.37    0.41    0.16    0.24    0.05    0.02    0.00    0.00    0.38    0.37    0.21    0.02    0.00    0.00    4.07   34.79
PSATITA    -27.27  -52.38    0.00    0.08    0.13    0.06    1.02   13.40    1.19    2.67   19.29   14.61    1.97    0.38    0.28    0.87    0.52    3.69    5.71    1.33    0.61    7.25    3.11    0.52    0.26    0.00    0.48   17.62   10.40   10.51    1.56    1.46    0.75    0.40    0.13    0.12    0.02    0.02    0.03    0.26    1.71    1.00    0.72    0.10    0.26    4.97   25.68
PSATMCD    -27.52  -51.78    0.00    0.01    0.01    0.00    1.77   10.85    0.82    0.24   12.02    9.76    1.80    0.00    0.14    0.02    0.30    4.51    7.41    1.11    0.31    1.17    3.68    0.27    0.01    0.00    0.02    5.71    3.17    8.76    0.79    0.60    0.40    0.85    0.02    0.01    0.00    0.01    0.00    0.00    2.38    0.12    0.08    0.00    0.00    1.43   20.08
PSATMOJ    -27.35  -52.73    0.00    0.00    0.00    0.13    5.80    9.79    0.53    0.85   10.08   10.19    1.74    0.01    0.03    0.67    0.73    8.65    3.44    0.58    0.11    0.86    0.53    0.10    0.01    0.00    0.08    4.09    0.47    8.85    0.35    0.74    0.24    0.39    0.42    0.04    0.00    0.00    0.00    0.00    1.05    0.14    0.00    0.00    0.00    5.39   28.32
PSATQQX    -26.66  -52.54    0.00    0.00    0.05    0.14    3.66   10.70    1.29    7.15   26.86    9.57    1.52    1.04    1.01    2.65    4.59    1.79    5.97    1.09    0.63    6.91    7.38    1.91    0.35    0.05    7.51   32.53   15.60    9.42    2.54    1.28    3.10    1.14    0.08    0.16    0.24    0.02    0.00    0.43    0.52    1.07    0.67    0.02    0.24   19.71   25.97
PSATPSJ    -28.14  -55.05    0.00    0.00    0.00    0.06    0.02    4.26    0.10    0.08   21.67   14.70    0.93    0.08    0.00    0.57    4.61   18.08    2.01    0.59    0.02    0.02    0.48    0.07    0.09    0.01    0.04    1.85    0.07    0.33    0.00    0.13    0.22    4.92    0.64    0.05    0.00    0.00    0.06    0.75    0.02    0.02    0.00    0.00    0.00    3.55   25.29
PSATESP    -18.68  -51.87    8.66    1.24    7.80   23.46   10.25    2.49    1.79    3.95   17.83    1.47   14.21    8.83    1.89    5.39    2.14    7.77    8.13   10.09    7.05   10.13   10.71   27.66   20.36   15.75   11.95    9.96   13.09    5.42    6.94   32.18    4.17    7.72   11.40    3.36   25.01   25.67   11.32   23.59   44.34   28.11   13.09   16.54   16.02   16.36    6.87
PSATSRC    -19.16  -50.76   12.37    1.62    5.28   31.20   11.66    8.30    9.02    9.14   13.93    6.39    7.70    4.37    2.04    6.77    5.96   11.95   13.16   14.11    6.09    8.53   17.32   22.74    5.82   16.06   13.90    7.55    7.10    8.47   11.43   20.29    2.55    9.10    7.35    2.79   24.68   18.68    7.88   25.17   52.32   40.58   13.75   18.26   20.78   18.07    5.66
PSATFRCL   -19.12  -50.64   10.22    8.44    7.52   20.30   12.21    6.54   10.14   12.37   13.62    6.83    6.11    3.88    3.02    9.21    8.03   11.49   15.61   12.99    6.30    6.91   16.71   17.33    3.60   11.82    6.75    5.35    4.14   14.02   20.20   14.55    2.33    7.90    4.12    6.04   26.14   22.72   13.44   26.41   35.02   29.06   17.89   13.08   15.40   15.63    6.87
PSATISOT   -20.40  -51.35   11.12    5.99    0.61   17.00   15.44   14.64    5.28   10.76   14.82   10.40    7.67    3.64    1.47    2.45    3.13    9.30   14.43   17.89    9.43   10.02   12.57   26.48   24.39   22.16    9.64   14.21   14.45    6.68   14.62   15.56   15.70   11.55   11.53    9.03   18.38    6.23    0.38    8.56   47.62   16.60    3.12   12.01   18.70   22.15    8.08
PSATJUP    -20.86  -51.63    9.33    0.82    0.81   20.24   14.02   13.37    7.38    7.45   14.72    7.42   13.82    2.43    1.33    3.09    1.51    7.76   11.68   13.67    7.51    8.54   10.85   21.18   17.71   13.46   13.99    9.86   11.95    2.86   11.78   18.65   13.12   12.60   13.70    7.97   19.20    8.06    1.81   26.25   61.84    5.87    3.92   18.34   19.59   13.60    9.06
PSATSDG    -20.06  -53.18   11.34    0.27    0.35   23.28   11.16    7.01    7.10    7.83   15.37    3.05    9.73    2.06    1.12    3.12    0.35    4.02    6.68   16.39    6.03    4.55   21.97   23.63   15.70    7.33    4.09   10.77   13.76    3.08    9.03   18.98    9.11   12.68   19.05   11.47   14.05    5.23    0.40   37.19   36.43    5.10    2.84   17.97    8.72    3.29    7.84
PSATFZBT   -21.66  -52.87    0.87    0.08    0.20    7.13   10.98    4.29    5.11    7.76   21.39   15.02   10.11    1.25    0.71    1.60    0.40    0.64    1.26    8.14    5.80    4.88    5.81    8.80   11.46   12.01    4.06   11.95    8.38    1.80    5.78    9.96    9.49   14.08   24.00   10.09   10.12    1.12    0.02   34.73   28.07    1.36    0.41    1.70    5.99    9.33    8.67
PSATPPRA   -22.46  -52.91    5.15    1.00    0.23    2.91    8.13    6.01    2.24    7.58   18.19   15.73   12.12    0.97    1.02    0.75    0.36    3.74    4.91   10.49    5.25    4.52    8.77    5.65    5.73   18.94    9.30   26.59   23.56    5.25    6.85    8.77   12.28    6.71   10.37   13.15    5.33    0.06    0.00    6.49   11.09    1.74    0.62    1.81   13.84   11.60   11.84
PSATBTE    -13.69  -50.80   14.02   10.91   10.81   11.57    9.66    3.00    5.20    8.89   11.79    7.28    8.53    5.31    2.35   10.88    9.86   16.01   12.47   12.80   11.76   17.89   11.95   17.09    7.75   13.41    7.72   13.47   13.24   14.01   14.96   13.80    2.31    8.17    7.63   10.67   14.71   23.65   25.02   23.16   20.25   23.20   15.66    9.37    3.41   10.34    1.33
PSATARAG    -8.27  -49.26   23.76   12.96    9.16    9.87    3.50    2.95    9.65   11.50    8.02    9.33    8.37   10.66    8.44   14.95   17.82   17.17   10.76   11.24    5.76   15.08   10.59    6.99    3.46   16.35   10.49   13.40   13.38    8.08   15.34    6.20    5.51    6.33    9.52   11.37   10.22   11.00   17.76   17.02   16.34   15.30   20.17    8.94    5.81    8.35    3.58
PSATLAJ     -9.76  -48.37   24.68   13.63    6.58   13.53    1.87    3.54    5.76    9.25    5.98    6.09   13.31   10.67    6.97   14.94   18.40   16.48    9.03    9.94    5.97   13.88   15.39    7.03    3.76   17.66    4.25   10.61   12.32    6.73   13.78    2.50    3.84    9.98    8.09   13.60    7.03    7.95   11.79   14.34   10.61   12.90   22.62    7.17    2.53    3.37    3.10
PSATPTRL    -9.31  -47.39   15.37   14.27    7.14    9.08    1.47    1.86    4.76    4.52    4.91    7.73   11.85   13.88   10.78   17.96   16.00   19.98    7.20    5.90    7.66   13.44   11.27    1.56   10.42   14.00    4.23   16.72   18.24   10.31   12.25    2.67    7.32    8.67   14.80   10.37    6.28    9.44   11.34   10.74   20.91   18.11   21.19    8.90    6.06    2.31    1.66
PSATLJET    -7.33  -47.48   15.71   17.55    5.44    6.41    1.70    1.12    4.55    5.82    7.87    4.33   13.60   11.11   11.69   13.12   10.17   14.81    7.91    4.25    5.82   13.85   10.17    1.51   11.46   10.25    4.23   14.72   15.52    7.67   11.32    9.25    7.98    5.23   14.77    5.96    8.24    7.45    7.80   17.44   20.88   18.72   35.60   13.76   12.02    4.02    3.99
PSATUCR     -3.83  -49.65   21.70   19.13    4.83    1.71    1.90    2.11    3.47    5.45    8.43   11.66   14.09   14.19    7.66    8.55    8.01   13.33    8.67   10.17    7.16   19.84    6.75    4.91    8.77   13.73    8.70   12.36   20.02    5.62   11.91   12.69    8.53    3.70   10.95    6.34   10.10   14.75    7.57   16.37    8.99   13.57   31.65    9.94   22.83    5.99    4.72
PSATXIVJ   -29.07  -51.67    0.00    0.00    0.00    0.00    2.38   11.25    0.56    0.01    9.38   16.56    2.38    0.02    0.40    0.21    1.41   16.24   11.42    1.24    0.33    1.45    3.56    0.19    0.00    0.00    0.05    0.66    0.89    6.59    0.88    0.27    0.09    1.03    0.02    0.18    0.13    0.00    0.00    0.00    4.46    0.12    0.00    0.00    0.00    1.24   26.82
PSATDFRC   -29.45  -53.28    0.00    0.00    0.00    0.41    0.39    4.52    0.13    0.04    8.65   14.62    0.90    0.57    0.05    0.03    3.44   16.53    2.07    0.78    0.16    0.18    0.32    0.12    0.01    0.01    0.08    0.68    0.35    0.68    0.08    0.24    0.13    9.24    0.15    0.13    0.06    0.00    0.00    0.03    0.31    0.05    0.00    0.00    0.00    0.05   13.63
PSATREAL   -29.02  -53.19    0.00    0.00    0.00    0.05    0.65    5.99    0.14    0.01   11.64   12.41    1.39    0.24    0.15    1.28    2.35   13.35    5.75    0.87    0.08    0.54    0.41    0.09    0.00    0.00    0.28    3.33    1.00    4.42    0.08    0.39    0.18    1.77    0.39    0.04    0.01    0.00    0.00    0.00    0.74    0.00    0.00    0.00    0.00    0.97   28.25
PSATCTAV   -29.01  -51.39    0.00    0.80    0.79    1.63    3.76   12.61    1.13    0.20    9.65   22.98    1.68    0.37    1.79    2.07    4.55   26.72   16.82    1.44    2.05    3.29    1.55    0.82    0.75    0.09    0.28    2.75    3.28    9.19    3.45    0.99    0.03    1.22    0.13    1.44    2.04    0.41    0.24    5.22    6.63    3.05    1.14    0.20    0.21    1.29   24.82
PSATERNT   -28.56  -52.54    0.00    0.00    0.00    0.00    1.71   11.06    0.48    0.01    7.35   17.17    1.90    0.00    0.04    1.10    0.45    6.37    3.21    0.85    0.06    1.24    2.46    0.22    0.01    0.00    0.01    0.70    1.42    8.96    0.38    0.54    0.27    0.15    0.24    0.00    0.00    0.00    0.00    0.00    2.78    0.02    0.00    0.00    0.00    3.31   26.99
PSATSTPL   -27.14  -49.52    0.01    0.51    1.43    3.92    1.97    5.29    2.89    3.21   18.89   23.00    6.68    0.11    0.61    0.21    1.61   11.91   12.46    4.61    4.12    9.84    3.13    3.35    1.13    0.06    0.14    8.93    2.98    9.19    4.81    3.37    1.54    0.68    0.38    0.47    0.47    0.11    0.73    2.63   10.88    4.26    3.62    0.68    0.57    5.93   22.18
PSATCVCH   -25.14  -48.87    1.22    2.10    1.42    1.88    0.84    0.17    2.32    1.22   15.40   18.03    2.75    3.55    1.25    2.17    2.77    3.23    5.84    9.84    2.04    3.48    7.08    4.04    1.36    0.23   18.33   36.07   35.95    2.88   11.43    2.58    2.26    0.70    0.38    0.18    1.39    0.99    1.40    1.22    8.39    4.12    4.39    1.13    1.13    4.79   17.40
PSATAMY    -12.60  -69.12    0.55    0.47    2.26   15.81   10.44    5.38   24.17   10.42   10.35    6.23   11.32    2.80    3.37    7.64    4.16    6.81    9.61   13.22   10.65    7.95   13.94   17.41   14.16   23.49   14.82   14.93   13.07   29.11   20.02   15.13   27.82   17.96   13.87   25.03   22.77   14.54    6.96   16.47   60.76   33.43    0.92    1.61   13.41   11.68    7.41
PSATGJR    -10.73  -65.35    1.15    0.43    0.46    1.51    5.70    8.35   10.84    4.86    1.79    3.74    4.19    7.11    6.19   10.57    5.05   10.06   11.74   12.36    6.97    8.81    7.82    4.38   10.83   27.37   22.65   18.91   13.95   14.39   10.43    3.71    8.61   13.79   13.75   22.26   22.09   15.17   19.60   39.90   27.49    4.14    0.42    8.71   14.03    5.64    9.36
PSATPRNC   -12.43  -64.43    1.16    0.18    0.06    0.18    1.92    4.05    6.02    5.62    1.89    2.33    1.35    5.38    1.89    6.74   13.61   15.06   14.94   10.94    6.51    3.17   15.99    6.85    5.54    7.47    9.58   18.69    8.47   12.08   13.79   12.74   10.80    9.96    9.40   12.00   14.10   10.48    9.33   22.29   18.14   10.03    2.36   13.58   14.94    3.62    2.21
PSATSANT    -8.87  -63.97   21.57   10.33    2.33    9.53   13.42   13.46    4.68    3.20   14.38    7.91    4.65    3.63    6.96   20.06   20.30   18.94   24.37   14.66   12.14   12.58    7.01    7.55    6.76   15.95   15.49   21.34    1.21    7.45   15.45    6.45    6.51   18.72    1.04    3.85   24.96    9.88   18.71   22.07    2.33    3.86    4.79   13.36   20.23    1.45    9.35
PSATDARD   -10.16  -59.46    6.01   16.60   15.03   24.02   13.13    3.25    1.96    7.16    8.28    4.69    1.98    5.94    8.46   11.71   13.24   14.36    8.30    2.96    8.29    8.04   17.14    3.42    6.34    9.28   16.50   16.72    2.68    8.75   14.32   13.75   11.63   11.18   12.84   10.51   15.09    3.57    8.18    8.78   13.88    4.33   24.90    7.13    6.50    1.03    4.91
PSATGUAP   -15.12  -58.96    2.33    2.04    0.06    0.07    2.94    8.40    3.59    4.78   12.17    2.90    0.55    3.52    0.58    8.77    9.31   11.28   16.25   13.89    3.89    1.74   17.67   19.10    1.19    3.60    2.40    5.02    4.70    2.82    5.86   10.71    2.96   10.18   10.01   17.61    9.84    6.53    4.21    8.06   10.80   20.78   12.05    9.74    7.97    2.29    6.87
PSATJIRA    -9.25  -64.65    4.93    1.75    1.28    4.06    6.53    7.07    9.49    7.02    3.11    5.25    4.14    2.38    2.63    9.44    6.75    7.80   17.17   19.68   11.77    9.48   11.94    6.59    7.71   14.33   16.20   11.65    6.11   13.49   12.97   10.33    9.75    9.48    3.41   18.10   17.11   12.22    8.04   15.11   26.62   16.97    0.74    4.83   16.51   10.11    8.07
PSATROND   -11.99  -60.70    5.13    0.11    2.24    0.91   12.18    0.66    0.54    8.06   14.62    1.98    2.12    2.56    4.82   17.04    9.18   15.14   18.95    7.58    3.05    3.22   11.76    2.75    6.50   11.26    6.15   22.28    3.69    5.31   17.82   14.40    3.16   10.47   12.79    3.42   14.21    8.85   13.92   24.51   22.83    9.83   11.08   12.45    9.77    1.46    6.41
PSATSAMU    -8.75  -63.45   15.11    9.92    1.65    7.42   15.79    9.72    1.23    4.96   13.67    5.52    1.52    2.51    7.29   17.80   31.73   27.61   16.99    4.53   10.49    4.27   13.84   10.53    5.10   17.28   19.49   20.74    1.29    4.48   13.56    8.48    6.45   12.23    1.00    7.14   14.64   15.65   22.28   26.31    4.51    2.31   11.32    9.98    9.48    2.54    8.64
PSATBALB    -1.92  -59.47    6.66   23.46    4.08   10.81   16.51   10.30   17.40   20.63   14.14    6.33    1.88   16.07   11.25    7.03   17.95    8.05    6.32    5.93   11.33    8.36   17.65   10.78    6.92    3.46    6.92   12.88   24.17    3.87    3.63   16.27    7.03    2.21    6.52    2.87    1.82    4.06   18.94   11.80    1.03    3.70   12.55   19.74    5.12    8.48    9.48
PSATCUNA    -2.82  -54.30   22.94    3.32    2.24    6.06    1.11   13.23    9.40    2.62   16.41   13.58    8.15   31.48   10.94    4.48   14.88    6.19   19.47   11.31   11.63   25.71   12.41    7.81    3.11   15.12   12.64   22.58   22.47    6.57    9.68    3.34    5.03   13.71   23.12    5.88    0.29   11.66    2.46    8.41    6.17    3.47   13.50   16.42    4.72   18.75    6.31
PSATJARI    -0.65  -52.52    3.33    3.55    4.28    6.83    5.60    7.84   16.65    6.08   24.02    9.39    3.03    9.87    9.24    2.86    6.94    4.92    5.17    7.19   13.63    7.90   10.13   12.22    5.23    5.93   10.74   14.25    8.20    5.73    1.92    2.45    6.53    2.41    9.25    0.19    0.16    4.45    4.17    4.91    3.82    5.16    8.01   11.64    2.79   11.64    4.77
PSATFGOM     0.86  -51.20    4.45    3.50    7.09    9.69   10.62   13.92   13.76    5.35   27.49   14.93    9.83   20.29   11.33    4.55   13.18    8.01    6.09    6.01   22.11    8.68   15.83   10.75   13.46   17.89   10.91   11.72   15.18    7.58    2.40    2.25    6.10    5.36    4.78    0.11    0.54    7.16    7.55    7.47    4.69    6.03   10.10   15.49    8.37   10.94    8.45
PSATUBE     -6.75  -43.57   22.57   17.02    3.20    5.72    4.62    1.80    2.84    1.10    6.97    5.21   14.39   10.01   16.38   17.52    5.82   11.64    4.09    3.61    5.80    7.05    2.41    4.26   13.09    7.18    8.71    7.14   11.07   11.14    6.45   10.69    7.99    8.67   10.52    8.82    2.32    9.78    6.16   12.91   13.02   14.85   15.87   18.86    4.09    0.72    1.25
PSATBSOR    -6.74  -52.00   21.72    8.65   11.90   10.24    3.89    2.99   11.47   13.70    7.57   11.48    5.71    8.34    7.41   13.94   15.73   13.26   11.63   13.04    6.69   11.41   13.89   11.44    3.92   16.33   11.37    7.66   15.72    4.72   18.33   15.12    8.57    5.73    8.74    9.74    9.15    6.34    7.74    8.29    9.96   13.11   14.06    7.67    6.53    7.62    1.93
PSATBESP    -6.75  -51.77   27.35   15.87    3.03    5.03    1.47    2.69    6.82    8.63    7.56   16.04    7.55   20.43   11.52   15.82   15.41   15.36    9.35    9.65    6.67   10.92   10.34    7.91    6.31   17.98   14.24    9.68   20.79    7.11   15.34    9.01    9.55    5.99   14.11   13.90   10.01   10.90    5.33   15.19    7.81    7.27   14.50    5.51   19.61    5.35    2.23
PSATPIME    -3.41  -51.91   26.10   10.98    7.48    4.29    1.57    8.21    5.71    6.08    7.12   14.89    8.00   19.38    9.96   13.34   18.66   15.95   11.73    8.90    5.71   11.58   13.96   11.44    8.80   14.34   13.02   18.90   19.41    5.36   15.69    7.77    8.11    6.44   13.30   11.25   13.22   16.26    8.71   11.15    8.21   10.34   15.33   10.75    8.85    7.96    3.91
PSATIRAP   -16.74  -42.57   12.08   10.96    8.63   10.63    7.50   26.33    4.35   20.08   14.68   13.00   12.28    1.24    9.95   26.83   12.85   12.84    8.06   11.81    7.73   11.45    8.12    2.43    9.27    4.35   15.53    7.10    4.14   10.25    3.41    2.24    8.92   20.06   14.40    7.79   13.78   18.68   19.57   21.76   19.99    7.06   15.17    0.81    0.80    1.62    1.39
PSATITBI   -15.97  -39.59    9.65    6.00    7.14    5.43    7.01   10.62    3.01   15.28    7.15    8.54    1.96    1.01    9.59   17.86    6.34    5.90    4.29    3.90    2.78    3.56    1.43    1.07    5.25    5.98    5.94    2.00    9.49    8.49    2.21    4.83   14.00   19.01   12.70    6.65   11.47   22.05   17.25   16.73   11.13    5.49   10.17    1.32    1.24    0.93    0.95
PSATCOLI   -10.98  -55.77   11.23    6.38   12.51   11.68    6.79    8.10    8.62   13.70    4.96   11.96   15.35    3.18    7.39   11.89   14.43    9.79    9.88   12.70    5.19    8.51   13.26   10.38    3.12   12.21   14.29   12.65   10.76    2.58   14.96   15.31   14.70    9.87    7.61    7.30    8.77    9.21    7.57    3.77   12.60    9.19   25.53   15.64    9.79    7.02    3.60
PSATSAEL    -9.19  -57.04   22.34    9.64   11.21   13.78    4.51    3.06    8.04    8.75    6.62    6.89    4.43    5.97   11.95   16.53   15.84   16.44   11.31   12.34    5.37    7.89    8.68    9.66   11.39   10.78   19.54    7.65    9.22    7.47   19.04   15.52   12.94    7.84   15.52    7.53   10.65   10.87    3.56    7.12   19.00   14.73   10.21   16.10   16.48    6.09    3.16
PSATITQ    -17.09  -54.83    4.57    1.44    5.57   32.25    8.85   11.40    3.36    6.43    3.35   14.06   18.04    7.00    1.27    4.40    5.73   11.23    9.60   11.55    8.65   12.60   16.02   28.08   25.78   23.70   11.97   18.22    8.50   14.94    8.57   24.82    4.91    6.21    9.69    5.72   15.45   19.21   29.33   18.11   30.04   15.11   17.22   14.24    8.16   12.86    4.78
PSATJAU    -15.24  -58.73    1.46    1.61    0.32    0.58    5.14   11.23    5.53    7.53    8.81    1.88    0.62    2.09    0.73    7.74    8.83    9.93   16.49   11.04    4.01    2.64   18.17   16.78    1.92    3.92    4.67    7.72    3.92    2.80    3.98   13.10    3.65   10.69   10.69   18.67    9.29    5.80    6.06    8.45   13.06   21.34   14.07   12.20   13.14    1.95    4.57
PSATMAN    -14.87  -55.78    1.16    6.71    6.53   13.72    8.83   10.83    2.66   12.28    9.80    7.16   16.17    2.03    1.90    6.48    9.36    8.98   10.42   10.67    7.33    7.80   21.96   11.89    9.39   15.73   11.15   11.06   12.70    4.87   17.54   26.08   11.34    9.78    8.50    2.17    8.65   13.63   12.15   23.48   24.22   24.66   13.28    5.01    3.12    4.97    3.78
PSATPTP    -17.61  -54.83   10.06    0.41    1.35   35.03    6.02   12.72    6.47    9.83    5.41   19.27   17.55    6.93    1.37    2.85    6.54   10.15   11.00   10.86    7.23    6.15   13.31   29.92   16.31   20.20   10.23   15.85   12.81    9.28    9.94   26.17    3.28   14.96   10.24    8.54   13.99   19.78   29.52   22.96   28.11   23.30   12.55   22.68   11.78    8.71    8.54
PSATSTCL   -17.90  -40.20    4.04    6.86    9.40   11.32   10.52   16.83    3.34   15.58    5.63    7.05    0.20    2.11    8.68   16.57    4.79    9.06    2.53    1.51    1.78    0.29    0.32    1.67    8.79    2.58    0.30    0.31   10.85    5.56    0.36    2.31   25.74   22.33   14.35    7.00   17.71   13.76   11.85   18.42    4.32    1.88    7.08    2.64    1.29    1.26    0.77
PSATPDC    -12.58  -39.00    2.04    1.20    1.23    2.04    2.10    2.53    2.40    2.03    1.61    0.91    0.19    0.52    3.66    4.67    3.68    7.08    2.83    0.99    3.23    1.65    1.37    2.79    3.72    3.52    0.66    1.27    3.28    4.62    4.47    8.11    8.46   17.66    8.81    3.82    2.23   13.50   25.06   21.00   16.03   13.12   14.27    3.95    4.11    1.09    1.56
PSATROSA   -20.92  -41.72   14.15   43.52   33.74   62.55   25.26   14.29   13.07   22.77   22.76   10.13    0.90   10.45   18.75    4.01    1.54   13.26    8.71    9.98    5.61   10.42    6.47    4.64    7.49    8.94   22.93   13.30   15.53    1.69    7.43   36.24   31.62   12.89    3.04    8.38   29.42    1.68    1.55    2.22    9.19   21.73   26.70    4.94    9.57   20.16    5.20
PSATCAN    -20.21  -42.85   34.47   23.88   15.23   40.57   13.29   14.45    5.27   14.18   18.22   24.95   10.33   23.03   22.15    9.79    3.62   13.59   10.82   32.93   18.46   15.29    5.93   32.54   17.43   10.01   19.76   14.49    8.80    4.29    4.01   24.08   21.19    4.95    0.47   12.04   35.24    0.20    0.27    9.69    9.04    7.08   10.06    3.95   10.77   18.80   12.68
PSATSAC    -19.64  -42.85   20.89   30.97   21.23   39.04   20.65    8.60    3.57   15.94   27.25   30.14   14.64   25.97   24.91   11.09    5.38   14.82   15.59   40.92   31.20   12.87    9.70   52.46   15.72    6.66   26.63   14.89    8.20    1.95    3.29    8.79   18.35    8.68    3.18   21.06   28.06    0.94    3.19   22.37   11.12   10.00   15.66    4.75    7.11   14.28   11.80
PSATPES    -19.12  -42.66   11.99   16.89   26.48   58.26   20.03   11.95    4.27   20.17   33.37   21.46   18.95    5.29   28.71   18.45    3.32   14.23   12.25   18.58   27.48   23.66   18.97   18.45   13.22    3.60   27.03   13.60    9.64    2.67    5.92    6.57   12.23   19.54   12.83   16.79   27.98   10.49    4.44   12.96   10.96   12.60   18.68    6.25    6.35   14.32   14.96
PSATMAS    -19.50  -40.92   16.07   28.66   22.68   36.97   19.00   20.69   10.50   17.44   22.62   13.94    2.70    6.76   22.83   14.10    2.42    8.98    7.53   11.92    8.24   11.60    4.42    6.25    8.94    7.56   14.97    6.45   13.51    8.31    6.24   16.24   23.64   21.10    7.32   13.88   29.19    9.41    3.60    7.29    5.68    3.10   21.51    1.75    3.15   12.42    7.12
PSATSBR    -23.37  -45.87   28.11   10.12    4.82    2.86    2.22    7.12    8.89    3.02   12.75   25.13   23.69   20.75    9.48    9.17   14.07    8.47   17.91   27.64   23.68    7.11   12.31   61.48   20.65   12.06   19.54   24.44   27.54   21.76   43.38   29.38    9.76    2.16    0.80    1.58    4.31    1.56    3.47    2.33    8.71   20.33   15.98   17.59   18.52   17.01   14.69
PSATJAG    -23.20  -46.03   17.08   10.27    4.76    0.80    0.55    8.16    5.66    5.39   21.71   27.46   11.80   20.71    9.41    2.72   15.50    7.99   20.14   27.74   17.09    2.81   10.91   72.51    9.66    3.49   18.81   25.76   20.87   65.32   25.60   12.51    4.36    1.37    0.35    2.38    1.45    0.55    1.62    0.70    5.98    8.36    8.21    4.61   13.31   13.18    9.06
PSATFUNI   -22.53  -44.57   30.14   10.96    6.11    3.70    1.26   19.82   18.44   12.56   22.33   24.30   18.74   16.48   16.57   13.65   25.19   15.82   16.56   30.40   26.03    7.97   17.78   67.10   43.31   25.16   24.59   16.38   17.49   21.57   34.74   22.54    7.55    1.45    0.66    4.99    2.11    0.47    1.11    0.84    9.83   16.90    9.12   16.86   16.01   16.45   11.90
PSATSACE   -22.48  -43.84   47.57   11.55    8.45    6.12    0.77   20.26   21.58    9.89   26.63   26.24   14.30   24.83   33.33   28.12   13.33   17.83   14.99   38.37   10.12   17.16   41.44   58.25   64.59   45.04   21.19   26.57   22.34    8.64   39.36   36.05   15.25    2.24    1.40    5.46    5.77    1.32    3.40    3.92   16.56   28.11   12.01   34.41   11.89   20.94   18.13
PSATPIC    -21.91  -43.54   26.74   22.26   15.56   16.84    3.58   19.11   30.10    9.11   24.02   27.72   13.81   23.06   28.52   34.64   18.26   18.53   17.49   40.41   12.36   18.26   35.89   50.55   51.03   28.24   23.57   18.71   10.16    6.35   15.14   36.80   12.68    1.86    1.21    4.52   10.79    0.76    1.13    8.48   24.05   23.90    9.00   35.31   22.58   16.88   11.51
PSATSOGI   -21.94  -43.36   32.63   19.54   18.77   36.30    2.04   12.00   15.46   14.99   19.90   29.28   24.72   21.79   20.13   33.03    7.49   11.01   14.69   33.49   14.14   20.20   25.95   59.95   35.93   28.05   36.32   20.10   10.17    3.37    9.00   30.11   14.16    3.37    1.36    3.56   10.69    0.14    2.15    6.88   21.36   17.72   12.51   28.44   30.26   21.42   12.21
PSATIPSI   -21.84  -42.58   37.69   19.06   11.89   14.02    2.56    6.52   12.34    9.39   12.21   17.64   17.03   20.73   19.77   19.79    6.76   10.13   10.46   29.96   19.67   20.03   27.04   46.17   36.62   39.74   40.72   26.44   22.30    3.84   25.42   33.18   12.97    2.18    0.88    1.82    5.38    0.52    3.38    3.76   17.18   20.29   17.66   23.52   21.65   20.70   15.75
PSATTCLJ   -22.69  -43.83   31.63   12.71    7.93    5.78    4.02    6.56   17.98    3.42   13.52   21.18   35.29   27.72   17.43   19.44    4.66   12.52   15.18   34.01    9.08    5.22   21.88   45.61   60.12   22.00   43.09   37.75   25.16   15.30   36.70   52.81   17.50    1.74    0.46    0.93    5.02    1.69    3.23    1.28   13.12   26.55   11.93   25.36    9.61   14.34   11.66
PSATBIGU   -25.51  -53.67    0.00    0.00    0.05    0.26   10.22   16.81    1.81    7.36   22.08    5.80    2.36    0.71    1.66    0.60    0.31    0.37    0.88    0.52    0.38    1.91    5.45    1.24    0.30    0.28   24.51   38.92    8.86    4.78    1.79    0.72    0.86    0.33    0.01    0.04    0.30    0.00    0.00    0.02    0.09    0.46    0.19    0.11    0.68   19.82   23.35
PSATBRAU   -21.45  -42.41   44.46   29.29   15.92   61.38    4.94   17.63    9.89   12.69   15.74   27.26   12.86   24.98   12.31   19.76    4.37   17.25   11.57   35.64   19.87   19.30   14.43   30.19   29.96   15.81   29.51   18.16    5.85    3.41   11.07   34.87   25.39    2.94    0.45    1.45   12.43    0.02    1.72    8.15   11.24   15.40   15.51    6.12   29.43   26.78   15.31
