PSATAGV    -19.89  -50.35    0.11    0.21    0.12   11.16   11.12    2.86    0.39    0.10    0.05    0.38    2.03    2.86   20.69   17.26    4.43    7.17    0.45    0.19    1.34    4.23   10.23    3.53    9.57    6.28   11.12    6.46    1.42   10.56   11.27   11.36    5.01    1.01   29.89    5.44    0.46    4.56    1.07   13.25   20.16   17.42   15.94    0.02    0.08    1.12    0.13
PSATCMG    -21.28  -44.63    0.46    0.01    0.70   22.59    9.86    4.30    0.69    0.21    0.04    0.17    0.62    1.03   11.89   13.50    0.12    0.01    0.02    0.02    0.00    0.04    0.47   14.71   24.30   30.58   17.51   11.85    6.23   12.90   22.26   22.90    5.07    1.19   11.60   19.40   18.87   14.77   18.67    9.02   19.88   12.66    1.65    0.96    0.89    0.00    0.41
PSATCES    -20.25  -48.16    1.08    3.82    0.71    6.81   14.51    1.71    0.11    0.01    0.00    0.17    1.35   12.83   16.88   21.99    0.00    0.08    0.01    0.09    0.04    2.02    6.15    7.62    6.12    9.46   12.36    5.18    2.05    5.58    9.29    9.35    2.27    1.38   17.33   47.01    5.11   43.68    5.25    9.16   15.85   20.07    0.73    0.11    0.40    1.61    0.08
PSATELC    -21.60  -46.95    0.20    0.29    2.57    9.91   12.61    3.48    0.15    0.02    0.01    0.42    1.42    4.45   14.50   15.48    0.15    0.34    0.26    0.06    0.04    0.16    5.81   18.48    8.88   13.83    7.26    8.75    2.43    5.40   11.53    1.40    5.33    0.20    5.30   25.73    2.29    7.91   20.09   10.24   13.92   23.81    0.17    0.44    1.48    0.35    0.14
PSATFUN    -21.14  -45.04    0.49    0.01    0.35   13.05    4.91    3.07    0.15    0.04    0.05    0.24    0.88    0.69    5.92    6.60    0.02    0.02    0.01    0.02    0.00    0.01    0.20   14.21   21.66   16.50   12.28    9.69    5.87    4.71   21.10   36.83    5.11    0.28   10.22   36.65   32.28   16.23   19.97    8.59   19.30    9.56    0.87    0.93    0.76    0.27    0.57
PSATFUR    -20.67  -46.32    0.37    0.14    6.84    9.08    7.09    1.42    0.06    0.03    0.17    0.31    1.38    3.85    7.91    7.73    0.10    0.16    0.06    0.06    0.01    0.06    1.08   15.50   15.23   12.52   11.61    8.60    2.11    6.54   17.11   13.46    7.47    0.10   15.63   45.82   12.89   19.23   22.54   12.70   20.27   20.68    1.41    0.61    1.22    1.20    0.45
PSATMRB    -20.30  -49.18    0.22    1.06    0.80    8.75   13.46    2.20    0.14    0.01    0.02    0.26    1.09    8.57   19.40   23.94    0.33    1.92    0.03    0.09    0.04    2.18    7.53    6.81    8.27   10.85   11.18    6.12    2.99    5.78    9.23   13.19    4.06    0.41   16.89   22.07    1.47   20.05    6.55    8.54   15.93   20.87    8.59    0.08    0.35    1.79    0.03
PSATPRG    -21.59  -45.67    0.12    0.01    1.16    8.43   12.62    4.00    0.08    0.01    0.02    0.24    1.44    3.88   10.32   13.92    0.33    0.02    0.05    0.01    0.00    0.24    2.59    6.05   19.27   17.62   14.06    5.66    1.68    8.04   15.77    3.50    2.17    0.38    3.96   17.27    4.68    3.92   47.70    9.89   19.42   28.09    0.90    0.78    1.09    0.15    0.07
PSATPAS    -21.02  -48.18    0.01    0.20    0.82   15.90   13.78    1.58    0.03    0.01    0.00    0.21    1.46   14.74   23.31   18.64    0.05    0.66    0.05    0.04    0.07    1.02    5.33    2.91    9.85   17.35    9.39    4.76    1.40    6.59    9.44    5.65    0.91    0.57    2.14    2.81    2.40   16.03   12.92   10.03   25.40   20.91    4.61    0.74    0.77    0.79    0.02
PSATPTB    -21.61  -45.49    0.22    0.03    1.02    6.49   12.75    4.11    0.24    0.01    0.03    0.30    1.47    2.10    9.20   11.52    0.26    0.06    0.08    0.01    0.00    0.02    0.56    7.83   25.01   17.56   14.84    4.75    2.71    4.85   16.32   12.59    5.13    0.15    7.34   21.87    6.49   10.26   22.16   10.84   26.55   27.24    1.73    0.35    1.08    0.00    0.21
PSATPTC    -20.00  -48.55    0.80    1.94    1.19    3.92   16.88    2.86    0.48    0.09    0.14    0.20    1.68    6.74    9.45    9.19    0.04    0.33    0.06    0.11    0.10    3.25    7.91   12.80   10.80   12.57   11.67    8.07    2.61    5.36   13.44   13.94    4.43    2.20   34.84   82.40    9.54   35.04    4.49   11.17   18.71   18.42    1.76    0.10    0.66    0.97    0.10
PSATFZA    -26.00  -51.65    0.53    1.59    4.47    6.62    6.13    1.36    0.11    0.02    0.00   13.21   20.58   32.06    3.96    2.83    2.59    4.23    4.31    4.18   10.31   21.50   14.67    1.68   11.50   13.47    1.48    1.29    4.36    3.12    1.12    0.52    1.33    6.60    8.30    1.12    0.22    0.37    0.08   20.13    1.88    0.77    1.11    7.65    0.04    1.03    2.52
PSATJSG    -25.78  -52.00    0.09    1.70    7.89    7.33    9.69    0.73    0.01    0.00    0.00   19.39   21.41   27.13    6.21    3.33    2.25    4.04    9.63    7.87   22.29   24.75    9.51    1.99   15.65   13.36    1.20    2.45    6.63    5.38    0.90    0.16    0.18    6.09    4.93    0.87    0.06    0.20    0.12   15.00    0.48    0.12    0.76    6.10    0.06    0.86    3.90
PSATSCX    -25.53  -53.48    0.01    1.71   12.60   21.85   13.83    0.31    0.02    0.00    0.00   17.72   27.75   23.97   15.88    3.59    1.28    2.22   12.34   12.07   20.03   29.69    7.21    3.71   16.38   10.39    1.12    3.17    4.43    3.15    0.98    0.11    0.28    2.75    2.42    1.37    0.00    0.22    0.31   11.17    0.40    0.22    0.52    3.84    0.36    0.62   12.63
PSATSCL    -25.49  -51.74    0.02    0.17    4.39    6.90   10.51    0.72    0.01    0.00    0.00   23.18   21.56   17.66    5.00    2.86    0.87    3.99    9.16    3.43   15.95   11.53   16.42    6.74   11.49   15.62    1.43    1.49    1.69    2.54    2.04    0.31    0.41    4.71    8.13    1.46    0.05    1.86    0.72   26.35    1.56    0.11    0.96    8.03    0.02    1.89    2.47
PSATUVT    -26.23  -51.08    0.47    5.55    4.83   13.25   10.13    3.28    0.58    0.05    0.00    4.88   13.65   18.95    4.12    1.41    3.23    7.02    7.58    6.16    9.38    7.55   16.45    4.71   11.01   14.46    1.51    1.36   14.11    5.37    3.62    1.39    3.01    8.78    6.34    0.30    0.56    0.89    0.03   12.63   12.96    2.32    1.92    7.29    0.17    1.87    0.36
PSATBSM    -24.19  -53.74    0.00    0.14    7.20   29.49    4.97    0.31    0.00    0.00    0.00    6.92   35.75   16.72    8.74    1.10    1.20    2.21   18.93    4.75   15.22   11.51   15.81    4.16    9.03   11.87    1.16    2.83    2.85    1.56    1.14    1.15    0.92    2.27    1.44    1.15    0.00    0.35    0.49   10.57    0.52    0.21    0.47    4.90    0.20    0.70   17.14
PSATFLE    -22.97  -54.56    0.11    5.03    6.89    8.09    3.03    0.22    0.02    0.00    0.00    9.58    3.12   23.65    7.95    5.03    0.99    2.05    1.80    1.92   18.94   13.43    6.68    0.33   12.85    4.21    1.74   12.48   14.53    2.03    1.34    1.27    8.40    4.07    4.94    0.30    1.09    0.14    8.44    5.86    0.35    0.23    0.34    6.77    3.85    0.04   19.56
PSATITP    -25.42  -54.58    0.08    2.75   11.62   15.95    5.85    0.16    0.01    0.00    0.00   19.30   10.40   21.39    6.84    4.27    1.93    2.43    6.60    6.09   16.05   14.14    8.09    2.77   12.98    6.89    1.69   11.63    8.01    2.29    1.17    0.78    3.26    3.21    2.06    0.29    0.27    0.07    2.95   10.14    0.33    0.38    0.58    7.50    2.37    0.13   12.37
PSATIVM    -22.38  -53.53    1.21    1.77    6.62   10.52    6.38    0.91    0.08    0.00    0.04    0.27    3.22   15.98   11.59    5.26    4.39    3.55    2.79    1.67   10.72    6.74   17.38    0.29   19.35    4.51    2.45    5.90    8.75    4.34    1.92    1.91    1.88    1.98    7.49    0.42    0.32    0.17   22.99   12.91    0.83    0.66    1.31   13.62    7.34    0.16    8.10
PSATPTQ    -23.18  -53.17    0.14    0.13    2.64   16.08    4.75    0.16    0.00    0.00    0.00    8.07   25.46   19.00    7.98    2.92    2.19    3.70   16.00    2.01   14.17    5.99   17.65   15.25    9.19   12.73    1.09    1.98    4.80    1.69    1.99    1.28    1.06    0.88    2.33    0.18    0.01    1.22    0.38   15.85    2.43    0.67    0.73    8.23    0.25    0.66    3.20
PSATCBI    -17.99  -48.54    1.60    1.65    1.86   11.04    4.71   14.86    4.95    3.29    5.00    8.81    6.95    6.22   16.80    1.34    0.09    0.31    4.18    0.86    3.72    2.79    5.14    2.91    4.69    3.24    5.88   10.69    6.10    8.56    7.83    5.80   20.88   38.65   34.77   35.06   21.42   28.74    3.91   11.92    8.92   13.67    5.11    0.33    0.19    1.13    0.65
PSATCBIV   -16.15  -48.67    2.69    2.98    4.09    9.11    5.08   22.59    9.34    4.40    7.18    9.92    6.13    6.32   23.12    0.13    0.17    0.25    4.91    1.80    6.74    2.75    5.58    3.06    2.91    2.55    7.19    6.12    5.63    4.79    6.03    6.12   18.39   24.39   26.66   32.59   17.75   13.37    2.51    5.23    6.22    8.83    4.39    0.40    0.13    1.17    1.23
PSATEMB    -18.45  -47.98    3.91    0.94    0.67    6.38   13.11    6.18    1.21    0.60    0.85    1.17    3.73    4.13    4.84    0.13    0.01    0.03    0.23    0.42    3.95    4.03    2.39    6.40   12.19    6.55    4.76   14.28    3.88    8.96    8.19   13.23   15.46    9.63   50.36   23.25   22.56   53.58    9.81   14.08   15.05   11.56    1.26    0.58    1.01    1.56    0.81
PSATIMBR   -18.42  -49.10    2.23    0.83    0.78    7.37    9.53    9.24    1.98    0.89    0.73    2.00    3.15    4.99   11.38    4.29    0.03    0.27    0.78    0.37    1.92    5.63    5.87    6.70    9.92    4.93    7.10    9.05    5.50   12.54   12.82   10.17   11.76   21.65   49.34   33.05   25.21   30.97    3.85   17.79   14.35   19.82    4.48    0.12    0.28    0.52    0.20
PSATNPTE   -19.13  -47.70    2.29    2.51    0.65    5.71   10.79    2.88    0.98    0.23    0.58    0.51    2.83    2.72    7.94    0.92    0.01    0.05    0.16    0.31    0.38    4.40    1.91   11.81   11.76    8.25   14.02    8.65    1.91    7.98   15.44   18.83    7.03    2.18   48.11   69.78   13.38   46.87    6.30   10.13   14.02   15.49    0.81    0.20    0.94    1.63    0.52
PSATARV    -18.07  -50.16    3.67    0.34    2.92   10.10    8.39   18.79    4.27    2.91    3.21    4.38    4.52    3.29    4.99   14.62    6.87    0.49    4.55    1.83    5.07    3.09    7.01    3.79    5.90    5.13   11.41    8.31    8.46   11.73    5.85    5.14   12.11   22.09   22.52   29.38   52.52    9.53    1.88    9.79    9.53    9.49   12.91    0.54    0.12    0.16    0.89
PSATSFC    -18.05  -47.68    0.70    2.91    1.73    4.51    5.09   17.97    3.54    3.69    3.02    8.82    7.79   11.87   11.82    0.01    0.06    0.28    2.86    0.73    4.75    4.40    4.25    2.37    4.84    1.82    5.14   12.68    6.89    9.77    8.97    7.52   19.18   24.93   30.21   38.06   18.81   37.40    7.55   14.71   10.35   12.55    2.03    0.66    0.58    1.14    1.03
PSATSSM    -19.02  -50.50    0.83    0.72    0.93    7.98    8.88   11.58    2.27    1.10    1.27    1.97    2.97    3.52   14.58   20.11    5.86    1.27    1.87    1.00    2.86    4.75    6.97    4.35    9.80    5.23    8.11   10.17    3.51    8.95    8.92    3.84    9.58   15.83   28.76   26.83   11.97   15.09    2.36   15.73   13.57   13.06   13.38    0.12    0.15    0.35    0.19
PSATCNI    -22.94  -50.52    0.00    0.00    1.78   14.81    1.71    0.14    0.00    0.00    0.01    1.85   12.02   14.57   16.24   11.74    8.36   10.90    8.00    0.30    2.30    2.69   12.91    0.60   14.99   18.51    2.01    4.30    1.46    4.67    3.51    1.62    0.39    1.66    1.76    0.17    0.12    0.50    1.39   13.41   17.73   20.89   17.97    0.68    0.45    0.12    2.41
PSATCPV    -22.65  -51.33    0.01    0.07    2.12   16.77    1.67    0.10    0.00    0.00    0.00    6.41   18.38   16.84    7.63    5.30    4.54   12.27   19.42    0.86    5.12    4.17   12.51    2.57    8.37   14.89    1.07    2.93    2.24    4.10    3.74    1.45    0.52    1.14    1.01    0.15    0.02    0.32    1.73   28.92   14.36    2.24    7.28    4.08    0.42    0.31    2.84
PSATCHT    -23.01  -49.73    0.00    0.10    0.64    2.53    1.48    0.49    0.04    0.00    0.00    0.62    8.88    8.31    3.14    3.07    3.01   14.59   11.79    0.76    2.19    5.87    9.90    0.22    8.07    9.03    1.06    1.15    0.91    4.33    3.75    1.70    1.42    5.19    1.08    0.07    0.05    0.25    0.82   17.12   27.50    8.66    9.59    1.82    0.21    0.51    9.18
PSATJUR    -23.22  -49.23    0.00    0.02    6.17    1.91    2.70    1.27    0.09    0.00    0.00    0.15    8.59    5.09    6.99    5.20    8.52   12.77    6.90    0.07    2.56    3.39    9.80    0.54    7.99    9.96    2.66    1.54    1.64    5.52    5.95    1.12    0.67    1.10    1.73    0.28    0.33    0.26    1.86   16.64   39.34   27.07   10.86    0.56    0.52    0.55    3.96
PSATMAU    -24.06  -50.71    0.14    0.17    3.18    5.88    1.54    0.54    0.04    0.01    0.00    5.78   11.76   12.53    1.94    2.25    1.70    4.01   10.07    2.56    4.41    7.52   16.44   15.93    8.05    9.96    0.91    0.62    3.45    4.03    1.61    0.98    0.73    2.37    2.39    0.49    0.03    1.61    0.64    8.48    8.13    1.34    1.66   14.31    0.03    1.40    1.09
PSATROS    -22.50  -52.87    0.01    0.08    2.71   18.75    3.40    0.03    0.00    0.00    0.00    7.23   16.09   26.20   14.56    4.45    4.67    7.56   21.03    0.59   13.24    5.25   16.11    7.63   11.65   15.41    1.04    1.92   10.37    2.06    3.53    1.28    0.54    0.16    1.28    0.12    0.00    0.13    1.09   25.21    2.71    0.72    2.04    2.29    0.42    0.19    0.46
PSATQMD    -16.21  -47.33    0.98    5.63    1.98    3.72    6.89   15.83    7.92    5.77    7.42   10.24    7.53   16.59   13.68    0.02    0.12    0.38    2.37    1.55    3.42    5.77    4.65    0.72    7.43    3.11    4.37    8.62   10.35    7.22    1.56    5.98   17.12   12.18   15.62   19.52   11.93    9.75    5.39    2.58    3.07    6.00    2.01    1.27    0.44    1.45    0.87
PSATRBX    -18.95  -44.76    0.29    0.06    0.06   16.39   14.46    1.82    0.25    0.09    0.10    0.21    0.77    2.30    5.11    0.14    0.02    0.02    0.02    0.01    0.04    0.06    0.07   11.98   12.24    7.84   12.14   11.15    6.13    4.13   12.37   21.74   20.44    3.74   36.60   81.52   48.08   17.40   20.80   12.39    8.73    2.93    0.33    0.68    0.56    0.30    0.43
PSATSFR    -15.93  -44.86    1.25    0.63    0.46    1.94   11.10   21.32   10.72    4.38    5.95    9.33   15.08   20.29    7.14    0.00    0.05    0.28    2.46    1.55    2.29    2.14    1.67    0.52    2.58    1.79    6.27    6.12    3.51    4.03    1.67    7.17   15.49   18.51   14.38   21.35    9.74    7.56    8.66    6.85    3.68    6.76    1.90    1.17    0.32    0.60    1.07
PSATSRM    -16.37  -45.07    0.94    0.49    0.18    9.15   17.40   11.33    2.96    1.04    0.78    1.74    3.96    6.98    4.44    0.02    0.01    0.05    0.22    0.23    1.31    2.03    0.54    4.56    8.51    2.40    7.29   11.54    5.21    7.08    6.74   11.91   27.68   25.66   26.07   37.51   24.46   25.11   12.09    8.24    5.94    4.23    0.79    0.68    0.61    0.45    1.62
PSATTMR    -18.16  -45.27    0.86    0.62    2.65   10.59   14.50    2.96    0.24    0.12    0.44    0.66    2.18    5.77    7.46    0.95    0.02    0.06    0.06    0.07    0.47    1.03    0.89   15.36   10.28    7.43    9.85   11.18    3.89    5.58   12.31   15.17   14.65    3.05   37.70   77.00   23.93   30.67   16.85   11.49   12.81   12.71    0.79    0.66    0.85    0.51    0.80
PSATBOQ    -11.35  -43.83    0.98    0.57    0.23    2.86    4.91    7.83    7.54    9.66   14.39    5.20    3.54    0.63    0.01    0.01    0.36    1.66    3.86    3.52    2.05    2.57    2.98    4.14    4.28    2.89    2.40    4.16    5.10    9.83    5.03    5.58   16.67   28.24    9.69   22.80   15.41   21.96    4.99    4.76    4.55    5.32    3.00    0.84    0.52    2.52    1.05
PSATBBO    -22.52  -48.55    0.01    0.00    6.20    5.71    5.73    1.62    0.08    0.00    0.00    0.05    3.79    9.64   28.42   16.56    1.56    2.90    0.92    0.09    0.34    1.86    7.34    0.39   14.31   18.39   10.24    4.69    1.13    5.39    7.93    0.87    0.41    0.49    1.61    0.70    0.65    3.41   11.82   12.64   26.38   23.31    8.08    1.53    0.81    0.57    0.39
PSATESZ    -23.46  -46.91    0.00    0.00   13.05   17.57   13.30    5.97    1.20    0.07    0.02    0.00    1.45    8.59   32.83   13.18    7.10    1.62    0.90    0.90    1.41    9.26   10.99    5.68    8.77   16.67   10.73    4.75    1.26   14.92    4.05    1.61    0.95    0.62    2.25    1.99   11.10   13.57   23.24    6.55   47.82   22.21    2.31    1.15    1.64    1.07    0.49
PSATIBT    -21.76  -48.99    0.00    0.01    0.90   12.80    2.74    0.51    0.00    0.00    0.00    0.20    8.45   19.09   22.46   24.73    4.72    5.89    0.14    0.09    0.32    1.63   15.43    0.42   12.36   13.53    2.60    3.27    1.71    5.45    8.70    3.85    0.47    0.72    0.32    0.90    0.52    5.62    4.94   11.29   24.04   21.31   17.32    0.69    0.24    0.50    0.39
PSATNAV    -21.12  -50.20    0.01    0.07    0.20   13.33    4.45    1.18    0.03    0.00    0.01    0.20    7.84   16.23   26.39   17.32   13.80   11.25    0.74    0.28    2.53    4.60   16.96    2.05   10.60    9.35    9.03    7.14    2.24    5.54   10.40    9.46    0.97    0.55    0.31    2.74    0.42    1.93    1.25   10.82   29.22   17.94   18.34    0.40    0.11    2.66    0.17
PSATSME    -13.40  -48.30    6.68    2.28    8.47    7.13    3.51   14.10   11.54    5.94    7.09    9.83   16.93    7.83    7.90    1.73    0.09    1.03    5.43    2.13    6.52    2.93    5.61    4.60    3.82    3.84    3.48    3.79    7.64   12.47    7.27    8.51   25.34   31.88   35.21   26.01   23.96   17.26    7.69   13.25    6.50   12.22    7.88    1.02    0.23    1.05    1.96
PSATBGR    -27.78  -51.20    3.44   35.82   17.98   11.16    8.06    1.95    0.20    0.02    0.00    6.69    6.63   11.97   14.17   12.70   30.15   12.11   10.39   31.60   42.09   15.07    4.52    0.00    0.02    2.47    0.53   12.51    3.65    9.38    2.14    1.35    0.66    2.49    5.53    0.52    0.48    0.16    0.94   11.97   10.20    1.01    1.57    1.57    0.19    0.17   50.83
PSATCNV    -27.60  -51.33    1.52   29.66   10.39   19.79   12.53    2.07    0.38    0.11    0.00    8.70   23.81   37.18   28.71    6.94   13.75    7.19    8.52   23.47   20.98   12.57    6.16    0.00    3.78    4.29    0.96    8.53    4.12   12.37    2.11    1.12    0.95    7.39    6.09    0.50    0.65    0.20    0.10   11.17    5.75    0.31    1.37    1.65    0.20    0.05   27.69
PSATFCH    -27.14  -53.04    0.88   14.02   12.89   15.46    7.74    0.18    0.00    0.00    0.00   28.17   14.55   17.49   13.90   10.65    7.24    4.90   11.15   23.55   29.04   27.50    0.27    0.06    8.85    0.64    0.89   35.68    4.20    1.66    0.29    0.00    0.02    6.36    0.82    0.06    0.00    0.05    0.05   12.92    0.98    0.38    0.50    1.42    2.58    4.68   38.19
PSATITA    -27.27  -52.38    1.49   10.60   10.58   29.02   13.87    1.31    0.03    0.01    0.00   14.14   21.90   36.03   17.88    8.84    8.06    5.92   10.23   21.20   16.99   27.20    3.27    0.01   10.23    4.02    0.92   14.54    6.76    8.45    0.55    0.07    0.66    5.29    4.56    0.32    0.06    0.06    0.14   10.21    4.59    0.23    0.66    0.92    0.10    0.92   24.27
PSATMCD    -27.52  -51.78    3.71    9.85    8.22   22.39   15.01    0.82    0.00    0.00    0.00   21.39   11.81   11.86   18.24   15.85   15.30    7.67   15.50   27.37   26.54   31.30    2.24    0.00    0.59    1.63    0.31   12.29    1.95    1.46    0.32    0.02    0.03    0.38    3.39    0.11    0.00    0.06    1.25    7.02    5.08    0.52    0.69    0.56    0.09    0.89   52.76
PSATMOJ    -27.35  -52.73    0.54   13.51    8.67   19.37    8.43    0.56    0.00    0.00    0.00   22.71    2.45    5.19   21.44   17.03   19.12    6.00   13.00   39.24   32.07   25.06    0.02    0.00    4.64    1.05    0.76   21.42    2.13    0.40    0.27    0.00    0.02    5.46    1.57    0.27    0.00    0.09    3.31    9.14    1.34    0.05    0.61    0.69    5.36   15.67   54.20
PSATQQX    -26.66  -52.54    0.30    4.11   12.74   25.57   12.70    0.86    0.00    0.00    0.00   17.35   23.06   34.36    5.94    6.24    2.75    2.61    9.43    8.51   17.43   29.62    2.44    0.37   21.55    5.01    1.85    7.06    8.03   11.10    0.64    0.02    0.14    8.94    5.86    0.76    0.00    0.18    0.17   13.09    3.45    0.72    0.75    2.29    0.78    0.27    7.75
PSATPSJ    -28.14  -55.05   11.34   21.15    0.82    3.71    1.36    0.15    0.02    0.00    0.00   18.16    0.02    0.09   24.84   13.47   17.66   14.31   28.53   79.68   22.30   14.30    0.00    0.00    0.37    0.77   12.78   30.11    0.20    0.10    0.02    0.00    0.00    0.23    0.89    0.27    0.13    0.37    5.53    6.68    0.45    0.00    0.11    0.56    8.35   72.70   42.98
PSATESP    -18.68  -51.87    4.92    1.79    4.10   20.88    4.20   13.96    1.30    2.34    1.53    1.75    4.49    2.88    7.72   21.21   11.28    1.43    4.44    0.60    4.55    2.53    7.03    5.25    1.22    2.18    7.14   13.29    3.42   13.32   10.35    4.30    5.98    3.11    9.40    5.04    1.89    0.67    3.91    9.55    6.04   10.47    9.52    0.31    0.00    0.00    0.06
PSATSRC    -19.16  -50.76    1.90    0.52    4.26   14.51    6.58   11.55    1.79    2.03    1.88    1.61   10.97    4.21   13.89   23.24   14.17    1.81    7.93    0.95    6.54    4.13    9.14    3.50    8.28    5.01   11.50   12.74    7.94   12.44   11.63    3.65    3.94    5.30   16.31    7.35    1.04    0.65    2.25   12.18    7.12   10.30   11.91    0.57    0.05    0.03    0.23
PSATFRCL   -19.12  -50.64    1.86    0.22    2.60   13.80    5.81   13.14    2.05    2.03    1.73    1.91    9.24    3.27    8.85   15.95   14.14    0.60    2.79    1.63    7.73    2.73    9.74    5.51    9.16    6.15   13.36   12.94    9.48   11.37    8.90    3.36    5.57   11.88   20.98    8.57   10.05    1.21    2.56   14.04   10.30   10.28   10.31    0.62    0.16    0.12    0.61
PSATISOT   -20.40  -51.35    0.43    0.28    0.53   19.78   10.65    5.16    0.79    0.34    0.38    0.38    4.86    8.21   24.09   16.04   17.49    4.80    9.21    0.38    6.92    7.74    9.93    5.18   11.75    9.62    8.89   10.11    5.32    8.68   11.59    4.94    3.51    3.54   13.33    2.38    0.11    1.15    1.33   21.27   19.25   11.89   17.41    0.62    0.14    0.08    0.35
PSATJUP    -20.86  -51.63    1.82    1.33    3.94   17.96   12.83    5.12    1.20    0.81    0.87    0.45    8.09   14.31   17.03   22.61   19.85    8.80   17.54    1.39   10.86    6.32    9.31    7.00   10.83   11.52    6.39    9.30    5.95   10.62   10.64    4.75    5.20    4.10    9.46    2.48    0.13    0.36    1.78   13.23   16.27    8.21   20.04    1.46    0.05    0.03    0.35
PSATSDG    -20.06  -53.18    6.34    3.07    8.12    9.92   16.57    4.48    0.87    0.32    1.32    0.32    1.69   23.85   10.46   15.99    9.10    6.46    8.73    1.07   10.63    4.01   11.13    6.48    7.08    5.82    5.39    3.91    5.08    8.42    4.87    3.44    3.26    1.71    7.83    2.43    0.04    0.36    2.34   12.79   10.66    5.27   19.60   10.96    0.02    0.32    0.10
PSATFZBT   -21.66  -52.87    1.77    2.31    3.54   10.28   12.26    1.89    0.25    0.03    0.30    0.36    5.26   20.68   11.78    8.94    6.55    9.31    4.54    0.47   12.07    6.49   17.12    2.25   13.57    7.28    3.84    4.49    9.58    7.60    4.01    3.35    1.68    1.82   10.34    0.55    0.10    0.21    8.00   14.06    4.47    1.76    9.36   13.19    0.09    0.24    0.20
PSATPPRA   -22.46  -52.91    0.39    0.07    1.86   22.78    7.37    0.55    0.10    0.01    0.06    2.78   11.20   20.84   20.74   13.69   11.25   13.27   13.59    0.34   15.49    5.96   15.03    8.97   14.61    9.76    3.84    4.64    6.50    4.87    6.23    3.32    1.48    1.55    3.14    0.57    0.07    0.07    0.96   19.71   13.23    4.38   14.87    2.75    0.14    0.10    0.56
PSATBTE    -13.69  -50.80    3.46    2.77    6.78   11.15    4.68   16.48    8.69    2.49    1.68    3.41    6.55    2.88    3.98    5.96    3.97    2.26    3.64    1.24    7.09    3.26    7.63    3.43    3.44    2.62    5.62    9.29    8.26   16.10   15.79   17.43   24.52   29.74   28.46   26.07   39.79    4.03    8.10   17.54   14.32   10.25    8.40    1.28    0.55    0.19    3.13
PSATARAG    -8.27  -49.26    0.91    3.08    3.70    9.14    6.40   12.72   11.00   10.60    4.59    5.74   14.32    6.15    4.26    1.59    1.62    2.16    4.69    1.80    7.36    5.21    7.42    6.85    6.26    4.83    3.48    7.43    9.61   13.18   16.59   14.47   15.39   29.82   26.83   24.78   16.34   23.33   16.16   17.26    8.51   14.31    6.96    2.57    2.10    3.00    1.51
PSATLAJ     -9.76  -48.37    0.62    1.61    2.22    4.63    9.66    7.62    8.33   12.34   10.01   12.49   23.69    5.97    0.81    0.04    0.56    3.16    3.24    4.06   10.06    6.25    5.04    6.89    7.77    6.13    5.51    3.14    5.94   11.15    4.57    5.70   13.07   24.61   20.34   22.69   13.98   16.25   11.44   11.89    3.72    7.51    5.42    1.17    0.45    1.33    1.07
PSATPTRL    -9.31  -47.39    0.04    0.02    0.05    3.10   15.00    7.17    4.69    9.05    6.19   12.11    9.21    0.37    0.02    0.06    3.05    4.24    3.54    7.57   11.79    7.12    6.45   10.16   12.47    7.33    3.86    3.64    9.52    6.68    4.60    7.87   11.51   24.68   13.68   22.49    9.12   15.36    9.08    9.16    5.53    5.97    4.81    3.03    0.40    0.15    0.50
PSATLJET    -7.33  -47.48    0.17    0.15    0.62   12.33   10.29    6.71    6.76   14.38   10.15   10.77   12.95    1.41    0.72    2.65    6.40    5.30    7.30    8.38   13.59    6.49    6.64    9.08   11.20    8.15    3.46    7.48   11.06    8.75    2.11    4.91    8.82   22.38    9.50   17.10   11.30   13.08    7.38   11.14    7.78    7.59    6.11    4.58    1.52    0.37    1.08
PSATUCR     -3.83  -49.65    1.09    0.05    0.19   13.95    8.59    8.43    7.27   10.36   14.65    5.32    7.94    3.22    5.29    8.88    7.56    7.38    9.38   10.12    9.62    9.24    7.61    9.90    9.63    4.78    3.26    5.65    7.82   10.26    4.64    3.60    6.49   22.08    7.23   20.07   13.80   14.76   11.27   17.67   10.51    7.06    5.61    3.86    8.07   10.88    8.70
PSATXIVJ   -29.07  -51.67    7.52   30.44    6.94    4.30    6.40    1.20    0.00    0.00    0.00   12.23    1.40    3.00   13.53   22.89   29.37   16.59   16.48   57.18   41.28   24.98    0.34    0.00    0.01    4.82    0.32   13.33    1.76    1.62    0.26    0.15    0.00    0.11    7.19    0.03    0.00    0.08    0.72    7.74    3.45    0.29    1.37    0.61    1.42    5.65   80.86
PSATDFRC   -29.45  -53.28   14.43   49.30    1.18    4.38    1.82    0.15    0.00    0.00    0.00    8.92    0.00    0.05   11.79    7.75   28.52   14.82   54.90   74.52   18.22    6.60    0.02    0.00    0.01    0.94    2.27   42.12    1.01    0.35    0.14    0.00    0.00    0.01    0.50    0.02    0.12    0.53    2.85    2.40    0.44    0.00    0.30    0.80    5.44   70.17   54.17
PSATREAL   -29.02  -53.19   12.35   27.86    2.46   10.24    4.26    0.21    0.00    0.00    0.00   11.92    0.22    0.27   17.07   20.73   39.73   14.11   29.23   86.35   40.30   16.64    0.03    0.00    0.48    1.16    0.68   31.29    0.43    0.11    0.08    0.01    0.00    0.12    0.85    0.01    0.01    0.24    0.54    4.06    0.95    0.00    0.49    0.51    4.97   49.62   62.01
PSATCTAV   -29.01  -51.39   10.30   49.46   19.62    6.64    3.37    1.56    0.06    0.00    0.00    8.98    1.07    1.61    6.21   29.04   21.46    7.27   28.29   49.10   52.05   26.72    2.27    0.00    0.01    2.82    0.20   20.36    2.19    2.37    1.74    0.48    0.06    0.09    6.39    0.35    0.32    0.28    0.87   13.33   12.54    0.74    3.63    1.51    1.01    4.71   76.34
PSATERNT   -28.56  -52.54    3.65   16.79    8.80   23.23   11.86    0.67    0.00    0.00    0.00   18.12    2.20    4.10   25.17   25.39   30.57    9.30   16.05   51.44   35.52   26.75    0.18    0.00    0.93    1.14    0.43   12.92    0.99    0.27    0.06    0.00    0.00    0.38    1.40    0.03    0.02    0.06    0.47    3.74    2.01    0.15    0.44    0.56    5.33   11.05   61.65
PSATSTPL   -27.14  -49.52    1.38   27.70   10.29   13.46    9.39    2.72    0.87    0.35    0.01    8.14   17.96   23.75    7.03    1.47    7.20    6.15    7.56   14.23   19.58    5.70    4.19    0.00    3.30    9.45    1.47    4.34   16.43   15.50    4.10    4.28    4.85   10.99    6.52    0.86    2.55    0.49    0.14   14.11   12.88    0.26    2.03    2.24    0.77    0.10    7.21
PSATCVCH   -25.14  -48.87    0.03    1.52    3.17   13.37    5.54    7.00    1.06    0.14    0.00    0.01    2.82    4.32    2.12    0.61    3.02    6.70    3.94    1.75    3.40    2.23   16.28   17.85    4.55    4.59    1.80    1.13   12.45   14.42    4.61    1.71    2.04    4.52    2.96    0.31    0.64    0.58    0.03    3.97   18.04    2.50    1.43    1.74    0.09    4.82    2.08
PSATAMY    -12.60  -69.12   18.02   12.87   13.52   12.00    3.97    3.30    9.06    4.73    2.78    8.74   18.32   16.42   12.11    8.92    9.34   22.79    5.32    3.15    5.97   14.08   46.52   11.22   18.53   22.21    4.86    4.76    3.13    5.28   16.16   10.20    6.04    6.67    7.49   13.15   10.88   11.18   12.81   11.60   25.96    6.71    4.47    8.16   11.29   15.13   23.65
PSATGJR    -10.73  -65.35   12.88    9.13   11.37   14.08    7.91    5.64    5.36    4.37    2.78   10.94   14.40    5.48    4.72    6.13    3.32    2.80    2.92    8.25   12.33    4.07    7.66    1.38    4.86    7.30    4.72    9.02   12.16   16.22   15.19    7.35    2.95   13.72   14.34   28.31   21.52   14.81   18.45    7.44    6.18    2.52    3.78    7.85    8.49   21.12    9.95
PSATPRNC   -12.43  -64.43   11.17    5.80   10.38   10.66    9.77    8.29    7.49   10.31    1.62    4.64   18.54   10.91    9.33    6.34    9.19    3.58    3.38    1.75   18.57   14.76   16.17    3.55   10.34   11.38    4.81    1.26    3.37   19.66   18.53   11.71    2.60    9.13   17.91   33.84   25.93   17.01   31.72    6.10   10.04    4.67    8.10   18.43    7.53    9.71   14.11
PSATSANT    -8.87  -63.97    5.15    9.68   13.08    4.80   12.11    9.39   11.79    4.69    7.40   13.68   12.21   17.15   11.35   10.81   18.77   10.80    9.51    5.30   12.30   14.47   23.27   13.01   15.18   41.41    8.33    2.53    5.03    2.19   16.35    5.51   14.20    4.48    9.64    4.61    6.22    6.16    0.63   13.63   19.10   12.33   12.07   14.21   11.60    3.19   16.73
PSATDARD   -10.16  -59.46    1.35    4.41   14.74   12.28    4.35    9.67   22.72    6.91    6.53    3.93   18.21   16.90   10.85   12.12    9.49    9.88   12.41   14.33   13.77   17.29   20.74   24.28   19.11    6.31    6.62    4.57    4.20   37.96   22.65    5.84    4.31    9.86   12.11   11.06   15.48    9.82   13.74   13.05   15.18    9.77   11.20   17.36   12.13   15.05    7.61
PSATGUAP   -15.12  -58.96    4.84    5.21   12.62   12.03    8.69    8.00   13.53    9.13    2.63    1.82   15.14   16.33   30.84   14.59    8.73    3.86    3.22    7.31   36.76   23.71   30.50    6.32   13.44    1.60    1.98    0.08    2.96   12.59   43.40   10.74    1.65    2.01    3.69   22.74   17.88   10.07   16.91    5.46    3.91    1.37   10.86    9.00    2.84   13.00   34.03
PSATJIRA    -9.25  -64.65   13.58   11.53   12.35    9.67    8.84    5.57   11.75    4.94    2.48    7.04    9.71   11.39   12.88    5.59    6.48    6.69    2.63    6.52   15.58    6.14   28.97    4.41   18.93   20.57    6.09    2.51    3.94    2.88   14.54    7.93    3.70    5.20    3.63   10.89    7.98    5.50   10.92   16.44   12.96    6.80   10.08   11.12   10.90   11.44   16.06
PSATROND   -11.99  -60.70   12.17    6.27   12.03   10.42    9.48    8.56    6.64    9.67    1.37    5.64   16.91   19.99   11.98   10.80   11.09    8.32   11.98   11.96   29.11   20.49   11.02   17.52   16.62    3.14    4.29    0.20    7.40    5.74   28.14   19.87    9.74    9.37   17.43    7.48   14.16   13.85   30.36   11.44    5.58   21.97   16.72   38.24    4.94    8.15   19.53
PSATSAMU    -8.75  -63.45    1.23    4.85   21.12    5.59    4.43   12.39    7.63   19.17   11.11   14.15    8.43   16.08   12.78    9.12   12.96    3.37    7.86    5.70    6.52   15.10   33.33    8.72   27.90   14.76   13.14    1.02    5.32    3.60   14.03   10.26    3.93    3.08    6.28    3.01    6.96    1.40    1.82   10.53   13.96   24.02   11.75   13.29   18.32    0.73   25.60
PSATBALB    -1.92  -59.47    8.34   14.43   22.52    3.95    6.57    4.57    7.32    4.82    2.08    9.21    3.91    1.29   11.82    4.37    5.63    2.21    1.32   12.35    9.89    4.94    5.64    2.16    5.56    1.23   12.59    7.12    5.48    4.85    5.27   27.14    3.62    4.35    2.19    0.62    0.02    0.01    7.08   13.66    2.75    0.82    2.44   11.46   13.04    6.39    4.19
PSATCUNA    -2.82  -54.30    2.65    1.23    0.96    5.62    6.41    3.07   14.15    2.75    1.17    2.64    8.22    0.95    6.67    6.87    9.04    4.53   10.16    6.24   10.98    7.19    6.49   12.39   14.73    2.25    3.73    1.57    8.69    3.74    5.33    3.96    9.58    2.98    9.43    1.83   10.76    4.78    4.90   23.76   12.65    4.44    4.71    5.09   11.82   12.73    9.02
PSATJARI    -0.65  -52.52    0.81    0.17    0.00    2.13    6.23    5.28    6.47    1.08    1.18    0.67    0.31    0.90    0.29    2.07    3.65    3.57    1.51    2.94    7.68    6.26    2.27    1.60    1.84    1.38    4.08    0.51    0.46    1.01    2.27    6.87    7.80    2.75    0.20    1.04    1.02    4.49    4.33   10.25    0.57    1.22    4.94    0.75    5.15    6.87    3.88
PSATFGOM     0.86  -51.20    2.40    0.15    0.10    3.24    8.32    6.37    7.24    1.08    2.73    1.47    0.39    0.69    0.34    2.52    4.76    8.85    1.58    4.45    6.33    4.31    2.13    1.12    1.64    3.03    8.11    1.13    1.57    4.21    5.14    9.84   16.17    6.96    0.52    2.78    2.31    7.83    9.10    7.32    1.51    1.24    4.97    0.60    4.56   13.16    6.97
PSATUBE     -6.75  -43.57    0.14    0.04    0.06    7.18    8.13    5.20    4.63   10.69   10.15    5.84    2.11    0.65    0.16    0.17    2.82    2.54    4.66    6.38   14.49    3.97    7.30    7.39   11.10    5.97    4.85    3.86    4.92    6.11    4.79    6.96   16.96   15.84    4.56   11.53   11.28   11.59    4.71    4.12    5.09    3.64    6.80    2.14    0.37    0.18    0.87
PSATBSOR    -6.74  -52.00    0.38    9.38    8.28    9.65    4.32    6.08    8.99   14.26    4.59    6.32   12.36    8.40    6.75    2.60    2.33    5.79    8.73    3.12    5.73    3.69    9.31    8.08    6.19    4.56    4.71    8.17    8.82   19.17   20.68   14.89   10.77   26.34   16.60   11.24   13.73   19.62   16.56   13.61    8.92   18.36   15.91    1.41    2.74   10.95    4.21
PSATBESP    -6.75  -51.77    0.79    0.11    3.51    8.41   13.19    9.91    8.68    8.89    9.03    4.99   12.05   10.20    1.96    8.60    5.41    8.13    8.27    3.81    6.03    5.58    9.81    9.75    8.03    7.61    2.61    7.37    4.26   12.68   12.89    6.80   10.31   30.92   10.26   11.63    8.08   18.78   14.78   17.08    9.01    7.65    5.38    3.34    5.03   12.92    5.18
PSATPIME    -3.41  -51.91    0.89    3.73    7.65    7.86    6.47    6.95    9.90    7.47    5.38    4.79    7.11    5.94    6.13    8.19    3.36    7.80   10.22   13.78   13.64    7.72   12.36   10.83   13.05    5.07    3.83    3.96    4.84   11.50   10.58    8.29    5.60   17.68   13.04   11.72   11.13   11.97   16.16   21.26    8.03   12.95   10.61    4.09    5.25    8.38    8.96
PSATIRAP   -16.74  -42.57    1.41    0.32    0.05    3.82   22.33   11.97    5.56    0.68    0.69    0.90    5.86    5.46    0.23    0.00    0.06    0.44    0.37    0.33    0.40    0.02    0.01    0.28    0.74    0.21    2.71    7.36    5.65    4.68   10.12    9.16   21.59   17.64   14.62   22.75   15.80    5.89    4.93    3.54    1.07    2.04    0.57    0.96    1.45    1.79    1.31
PSATITBI   -15.97  -39.59    1.62    0.50    0.02    0.68   23.14   15.26    7.12    0.79    0.72    0.32    1.47    2.88    0.17    0.01    0.59    0.61    0.28    1.04    0.47    0.04    0.39    0.16    0.66    0.68    0.72    2.03    8.44    8.17    7.17    8.14   17.80   15.69   15.46   15.05   12.70   11.23    3.25    2.27    1.35    0.94    1.91    1.11    3.10    4.04    1.93
PSATCOLI   -10.98  -55.77    2.51    8.08    9.93   10.48    3.20    5.15   11.43   19.47    1.90    7.26   13.83   11.77    1.95    2.77    2.32    7.86   13.70    9.34    8.57    4.66   14.13    6.09    8.31    3.53    7.53    5.66   14.87   26.89   24.49   18.19    8.41   10.26    9.28    8.39   15.64   16.61   14.05   11.97    8.91   10.70   11.21    1.29    1.70   14.24    6.71
PSATSAEL    -9.19  -57.04    3.51   15.54   12.57    8.98    2.10    3.10    5.74   12.86    3.43    5.63   18.04    8.79    5.06    4.56    2.22    6.94    7.75   11.11    9.33    8.34   11.78    8.44    9.14    6.36    9.83    3.29   18.87   29.20   14.16    8.01    5.58   16.02   11.76    9.65    4.60   10.62   15.46   17.89   14.99   20.75   20.95    4.66    4.38    9.22   13.38
PSATITQ    -17.09  -54.83    1.53    5.26    8.71    8.11    6.35   12.24    3.43    2.08    1.07    1.37    5.58   12.10    3.60    5.40   12.95    3.88   11.52    0.57    5.12    3.11   13.27    4.97    2.34    0.79    5.71    7.84    3.10   10.07   21.99   10.77   13.78    6.68   12.27   13.05    6.62    1.91    8.26   21.58    6.94    7.53   10.34    1.10    1.49    0.45    1.00
PSATJAU    -15.24  -58.73    4.26    3.12   11.94    9.63    7.04    5.48    9.81    8.75    1.98    1.37   13.96   16.79   28.99   14.35    7.20    3.07    2.04    7.48   36.37   18.71   34.51    9.00   13.31    1.93    2.02    0.10    4.68   15.81   40.75   10.57    1.14    4.58    3.85   28.99   18.26   10.62   16.84    3.35    4.99    1.53   12.94   11.33    5.30   17.32   32.50
PSATMAN    -14.87  -55.78    2.37    4.60    7.47   12.16    5.81    5.26   13.06    6.50    1.25    1.10   11.46   15.47    1.86    3.08    4.50    2.67   10.16    3.35    5.94    2.43   15.42    5.34    5.16    2.62    5.41    4.52   11.72   17.63   16.10   23.27   13.87   18.87   25.58   45.72   68.01   11.54   14.19   16.75    5.76   11.84   10.83    0.75    7.99    4.25    2.97
PSATPTP    -17.61  -54.83    0.53    9.73    9.60    7.43    5.58   10.84    2.86    1.58    0.33    0.54    3.13   12.10    6.13   16.03   13.34    1.55   10.98    0.97   13.30    3.26   19.03    5.16    1.84    0.96    8.79   11.02    3.13    9.29   18.15    9.41    8.20   10.85   10.93    7.57    2.59    1.84    3.69   17.01    6.28    5.48    6.13    1.55    0.97    0.18    0.38
PSATSTCL   -17.90  -40.20    0.51    0.22    0.01    0.25   27.99   13.94    5.68    0.45    0.41    0.23    0.50    1.55    0.02    0.01    0.17    0.07    0.04    1.24    0.33    0.08    0.54    0.18    0.66    0.91    0.24    0.53    3.25   18.02    8.45    8.74   23.18   20.93   21.25   10.56   20.74    7.37    1.89    1.97    1.40    0.92    2.76    4.10    5.97    8.21    2.30
PSATPDC    -12.58  -39.00    0.36    0.16    0.06    0.52    2.26   12.58   22.27   15.63    1.64    0.77    3.35    0.55    0.46    1.40    0.97    1.40    3.74    1.09    2.51    0.41    0.25    1.40    0.81    1.75    0.88    0.82    1.16    5.99    7.48    4.05    9.03    7.27    1.12    1.73    1.80    1.52    0.46    0.06    0.05    0.28    2.41    2.09    3.31    6.65    1.46
PSATROSA   -20.92  -41.72    0.90    2.73    0.16   29.69   23.16   11.54    5.38    0.39    0.03    0.03    0.09    0.32    1.55    0.00    0.00    0.04    0.03    0.01    0.00    0.03    0.26    3.94   11.65    1.00    4.84    3.00    3.97    9.05   22.28   32.33   38.55   15.56   20.09   40.18  109.42   14.11    8.23    2.59    2.34    1.75    1.07    2.08    2.03    0.24    1.31
PSATCAN    -20.21  -42.85    1.17    0.69    0.01   24.29   10.03    4.19    1.26    0.08    0.08    0.15    0.28    0.56    3.41    0.07    0.02    0.01    0.00    0.11    0.00    0.01    0.05    7.11   15.29    6.49   15.18    9.43   14.80    5.84   20.34   39.58   48.16    6.73   16.33   50.35  101.27    4.53   15.06    3.22    3.80    3.47    1.89    3.28    5.46    0.73    0.74
PSATSAC    -19.64  -42.85    0.32    0.46    0.04   21.23   15.79    1.92    0.47    0.45    0.34    0.18    0.37    7.10    1.81    0.01    0.00    0.00    0.02    0.54    0.04    0.00    0.27    0.93   20.69    1.03   13.36    7.04    9.12    6.79   12.87   30.60   95.91    9.53   31.04   64.61   63.04   14.35   14.55    7.20    2.38    5.28    0.50    0.91    1.84    0.05    0.09
PSATPES    -19.12  -42.66    0.82    0.07    0.03   21.13   15.66    2.85    1.43    2.21    0.34    0.36    0.87    5.07    0.52    0.02    0.01    0.05    0.04    0.61    0.02    0.00    0.04    0.37    5.61    0.22    8.75    1.07   13.08    3.19    6.49   16.02   86.43   30.35   42.50   46.94   21.08   18.15    9.11    5.21    1.85    5.14    1.19    3.29    3.43    1.78    0.18
PSATMAS    -19.50  -40.92    1.26    0.66    0.07   18.13   16.32    6.65    2.63    0.58    0.19    0.24    0.56    2.39    0.88    0.00    0.05    0.22    0.20    0.57    0.16    0.01    0.18    1.37    2.74    0.25    1.25    0.98    6.65    7.60    9.29   17.96   52.08   48.60   29.76   34.09   38.72   20.28    8.35    3.28    2.14    2.45    1.31    2.30    3.35    2.17    0.81
PSATSBR    -23.37  -45.87    0.03    0.06    4.72   22.41   16.04   13.85    1.92    0.12    0.01    0.00    0.67   13.31   23.93   17.64    4.36    1.99    0.26    0.08    0.39    5.91    9.16    8.10    5.48   24.45   16.93    7.31    4.04   14.45    7.42    4.48    2.08    1.05    5.17    5.12   14.69   14.99   60.68    5.72   30.36   21.19    2.10    1.40    0.70    0.21    0.02
PSATJAG    -23.20  -46.03    0.00    0.01    7.40   11.68    3.27    6.61    1.31    0.00    0.04    0.01    1.45   11.98   33.75   13.09    3.66    0.02    1.31    0.18    0.46    7.17    4.81    2.09   16.04   23.50   16.30   10.99    0.87   15.58    7.26    2.26    0.49    0.18    6.68    1.22    6.01   10.25   37.17    6.26   31.07   18.40    3.17    0.98    1.31    0.85    0.03
PSATFUNI   -22.53  -44.57    0.02    0.01    3.45   11.87   11.08    9.70    0.75    0.08    0.02    0.02    1.34   11.25   18.95   16.82    2.56    0.22    0.50    0.05    0.11    2.53    3.78    7.00   17.50   28.79   20.97    6.88    2.61    9.28   15.00    3.43    2.11    0.53    7.55    7.51    5.88    5.52   53.89    6.98   22.29   25.82    2.83    0.97    0.75    0.52    0.01
PSATSACE   -22.48  -43.84    1.01    0.08    2.14   22.11   21.56   11.36    2.32    0.51    0.01    0.00    0.16    2.46   19.43   24.48    0.40    0.37    0.02    0.00    0.00    0.16    1.56   18.55   11.61   38.67   26.57   13.92    7.71   13.30   30.32   10.19    5.10    2.27    9.31   14.30   13.49    9.05   18.13    6.67   15.23   22.29    3.36    0.84    0.06    0.00    0.05
PSATPIC    -21.91  -43.54    0.39    0.02    1.27   33.49   13.83    6.92    1.68    0.26    0.03    0.02    0.20    0.56   15.41   16.14    0.17    0.00    0.00    0.00    0.00    0.06    0.15    8.91   18.11   39.25   21.67   18.42    8.06   12.04   24.87   11.75    3.66    2.66   13.00   16.30   16.91   15.87   21.24    7.11   15.26    8.09    1.95    0.79    0.73    0.00    0.24
PSATSOGI   -21.94  -43.36    0.19    0.03    0.52   25.11    6.04   12.55    1.54    0.53    0.03    0.03    0.41    1.05    6.51    2.66    0.16    0.08    0.01    0.05    0.00    0.09    0.11    5.75   17.62   30.40   26.41   14.75    7.80   20.31   21.12   16.17    5.29    3.62   13.41   20.20   34.85   15.01   16.36    5.13   15.79    8.88    2.00    1.74    0.72    0.02    0.23
PSATIPSI   -21.84  -42.58    0.22    0.67    1.49   19.91    5.16   14.04    2.50    0.29    0.04    0.03    0.19    1.59    5.69    6.41    0.09    0.00    0.00    0.00    0.00    0.11    0.31   10.36   12.56   23.38   22.46    8.33    6.63   12.45   14.02    4.72    2.73    2.29   10.28   11.81   31.95   12.26   17.95    9.10   19.85   12.39    2.10    0.56    0.53    0.05    0.10
PSATTCLJ   -22.69  -43.83    0.35    0.00    3.99   22.25   16.01   20.62    4.39    0.21    0.00    0.01    0.02    5.08   19.70   16.28    0.14    0.72    0.12    0.00    0.00    0.14   11.23    8.35    1.54   19.65   16.98   10.07    3.71    3.33    6.32    4.94    2.11    0.89    5.16   11.93   11.35    7.20   18.62    5.49   13.70   23.56    0.92    0.82    0.18    0.00    0.00
PSATBIGU   -25.51  -53.67    0.01    2.49   12.24   25.08   11.70    0.28    0.03    0.00    0.00   18.93   25.97   22.48   16.03    3.62    1.46    2.20   13.50   16.42   17.49   28.74    6.19    4.43   16.68    9.32    1.15    5.46    3.98    3.02    0.97    0.09    0.33    2.57    2.15    1.21    0.02    0.19    0.52   10.26    0.35    0.19    0.56    3.76    0.82    0.55   12.76
PSATBRAU   -21.45  -42.41    0.72    0.36    0.03   29.77    8.52   14.83    2.29    0.22    0.01    0.01    0.13    1.11    6.16    0.23    0.00    0.00    0.00    0.01    0.00    0.06    0.02   18.78   20.13    9.17   17.88    9.51    8.38   20.67   25.13   28.47    7.19    2.98   12.25   19.99   72.24    8.90   13.88    6.00    8.29    4.89    2.72    2.66    1.00    0.16    0.94
PSATSUIC   -20.08  -40.58   12.55    2.19    0.31   12.05   26.50    4.61    4.30    0.36    0.47    0.14    0.53    1.22    1.69    0.00    0.03    0.31    0.70    1.68    0.21    0.35    4.27    2.09    3.75    1.16    1.19    6.20    0.79   10.12   17.27   23.35   25.91   48.74   16.57   33.81   31.98   24.96    3.45    1.98    3.39    2.72    2.14    2.08    3.17    1.71    0.55
PSATJRI     -9.30  -64.70   15.01   12.44   13.38   10.15   10.52    5.43   13.63    5.91    1.98    5.54    9.69   11.85   14.62    6.25    6.15    7.95    2.39    2.66   14.81    7.26   35.76    4.11   23.25   25.54    6.06    1.96    3.23    1.62   16.69    7.01    3.86    4.75    3.24    5.46    4.74    5.65    9.87   17.85   15.21    8.48   12.27   13.60   10.68   11.29   18.02
PSATBENI   -14.59  -67.53   11.85    8.83    8.89    8.46    4.66    6.36    7.42    2.61    4.02   12.18   11.17   10.08    7.90    4.88    8.45    4.16    3.68   16.74   18.23    3.38   13.65    5.41    6.54    8.16    4.32    4.22    5.86    7.06   11.07   10.86    3.14    7.37    5.20   25.81   17.01    5.97   14.98   12.19    7.10    2.64    3.91    2.89   10.65   12.22   11.44
PSATEPB    -12.42  -64.42   12.18    6.33   10.05   11.99    8.08    7.17    5.88    7.73    1.41    5.20   16.54    8.67    7.39    6.55    7.04    2.80    2.64    3.81   15.22   12.27   12.94    2.50    8.31    8.58    3.89    2.10    6.35   16.73   17.21   10.49    2.36    9.71   19.19   30.24   23.02   17.32   26.33    4.60    8.39    3.31    5.89   15.24    6.52   14.22   13.59
PSATEGM    -10.79  -64.35   12.14    9.56   12.13   13.52    9.38    6.06    6.65    5.30    3.45   12.66   15.16    6.31    5.50    5.77    3.75    3.44    3.62    8.09   14.34    3.20    8.70    1.80    5.40    9.34    5.86   10.82   11.53   17.95   15.87    7.19    3.37   14.58   11.23   30.32   23.08   13.27   19.79    9.99    6.78    3.40    5.00    7.87   10.07   19.97    8.91
PSATSTOA    -8.79  -63.95    4.86    9.58   12.89    4.82   12.35    9.41   11.43    5.18    7.07   13.28   11.52   16.94   10.83   10.85   19.81   10.61    9.65    5.10   12.66   15.12   23.87   13.95   14.94   40.64    7.61    2.60    5.47    2.06   17.04    5.26   15.05    4.71   10.27    4.96    6.47    6.67    0.68   14.89   19.62   11.56   10.92   12.53   11.79    2.54   16.89
PSATENC     -9.90  -66.62    8.08   16.23   16.63    8.09    6.67    2.24    9.22    3.77    2.92    1.87    3.14   13.68   16.51    3.40    4.51   10.30    1.67    5.56    9.43    7.43   25.74    5.18   32.05   25.81   12.13    1.03    3.73    0.42    6.50    5.27    5.48    1.34    1.79    1.46    1.30    2.14    7.36   15.63   16.32    6.40   14.67   24.05   15.91    7.29   21.37
PSATAMY1   -11.71  -70.63   23.09   16.61   12.30   13.95    5.15    1.70   10.98    6.10    1.18    3.31   12.23   11.00    7.48    5.65    7.10   11.63    5.65    1.09    4.45   13.63   59.63   16.64   26.35   27.53    5.66    2.02    0.97    4.27   14.29    5.49    2.62    2.40    0.55    1.55    1.65    5.06   14.30    2.94   20.66    6.22    3.65   11.69    7.76   21.98   39.14
PSATAMY2   -12.37  -71.17   20.72   14.42   15.87   10.70    2.46    2.34    8.74    5.84    3.51    8.82   16.71   12.23   11.42    9.96   10.62   28.35    6.26    2.41    4.67   18.70   57.89   12.23   20.99   25.17    6.54    4.73    3.75    5.19   14.30    9.28    8.01    6.58    6.53   10.39    8.74   10.10   13.70   11.39   24.11    6.62    3.20    6.05   12.51   12.52   13.46
PSATAMY3   -13.75  -70.18   13.55    9.57   16.19   11.31    4.93    5.20    9.44    3.15    3.50   13.96   30.68   29.52   21.18   12.89   11.94   23.10    5.32    6.09    4.88   11.87   22.09    9.05   14.75   12.76    3.22    5.42    5.17    6.77   21.73   19.29    7.96   11.53   15.82   25.05   19.37   19.18   11.85   18.41   38.33   10.30    7.13    9.06   13.69   12.60   13.28
PSATAMY4   -13.45  -69.47    9.67    6.97    5.62   12.88    3.83    5.33    5.30    2.37    2.23    9.01   11.51   14.60    6.86    4.67    5.63   23.73    2.66    3.15   12.46    7.59   33.63    3.81    3.75   18.22    2.56    8.67    2.05    3.26   11.52    5.20    3.70    4.12    7.86   20.19   18.18    9.23    8.47   12.34   17.77    2.07    4.07    5.48    8.32   15.08   37.93
PSATJRN    -13.37  -59.01    5.42    4.51   14.21   17.69   22.13   14.85   12.49    8.16    2.14    1.55   10.35   14.24   22.39    8.62    6.40    9.06    5.45    8.83   25.31   13.34   14.13   17.49   10.86    2.40    2.93    0.89    3.96   13.31   34.07   15.58    2.50    6.65   12.34   15.00   29.72   16.59   20.55    5.95    2.87    6.67    7.66    8.27    0.76    3.01   13.41
