PSATAGV    -19.89  -50.35   28.42    6.67    7.70    2.66    1.81    2.00    0.22    0.27    5.50   17.18   12.72   29.85   30.10   21.16   18.09    1.01    0.57    2.90    0.42    0.11    0.31    2.40    2.03   11.05    9.18    8.50   12.62   17.24   28.05   14.00   39.16   22.16   16.63   22.57   14.24   11.72    5.94    3.73    2.96    1.01    1.74    5.23    8.64   16.18   15.40
PSATCMG    -21.28  -44.63   24.64   30.01   25.27    0.17    0.00    4.91    0.32    0.54   12.46   13.51    2.24    3.03   10.97    4.32    6.50   28.64   37.47    6.40   10.10    5.26    0.88   12.31   33.51    1.14    0.35    0.25    4.61   12.33    7.07   20.07   10.83    4.27   21.61    8.40   15.12    8.34    8.60    1.36    3.02    9.96    3.58    6.31    7.66   12.63    6.60
PSATCES    -20.25  -48.16   14.64    5.81   19.64    1.75    0.10    4.09    0.05    0.69   13.78   23.42    9.08   15.32   13.24   23.76   14.94    2.89    3.26    0.45    0.51    0.32    0.43    1.11   11.97   13.85    2.85    0.43   13.61    8.51   23.77   20.35   33.68    8.99   23.99   21.16   19.36    3.21    7.26    1.56    0.93    2.32    0.98    0.36    1.72   10.74   13.11
PSATELC    -21.60  -46.95   17.40   17.70    3.20    5.60    0.23    6.52    0.38    0.17   13.52   27.15    9.84   18.03   17.17   14.97   22.58    8.80    6.16    0.21    1.70    1.30    0.28    0.99   28.04   21.17    0.11    0.40   15.92    3.52   19.07   20.91   19.68   15.69   37.64   29.37   17.24    3.45    6.49    4.59    1.42    1.25    3.53    0.51    2.41    8.51    9.71
PSATFUN    -21.14  -45.04   18.53   30.54   17.52    0.08    0.00    1.71    0.21    0.00    8.00   12.50    0.25    3.28    8.49    6.62    7.25   21.30   20.95    2.48    3.27    3.40    0.65    9.02   35.62    0.45    0.18    0.21    0.77   10.19    8.40   14.63    4.15    3.86   14.58   14.58   21.47   10.58    6.18    3.04    1.21    7.45    1.08    4.88    6.11    8.11    1.79
PSATFUR    -20.67  -46.32   15.46   23.70    8.79    1.07    0.06    5.20    0.17    0.04    7.73   16.81    6.28    9.54   10.88   12.37   11.75   14.90   12.05    0.90    1.82    2.03    0.37    4.19   37.36    9.41    0.14    0.36    9.09    9.83    9.90   17.24   12.69   10.94   32.17   27.07   17.33    8.79    9.00    4.79    1.79    4.39    1.52    3.13    1.90    4.33    5.77
PSATMRB    -20.30  -49.18   20.73    6.78   12.75    4.40    0.77    5.57    0.14    0.35   15.89   19.76   14.69   17.35   20.29   24.67   18.47    2.86    2.19    0.75    0.92    0.33    0.31    1.60    9.42   17.27    5.45    0.89    9.80    8.48   25.86   16.16   31.75   13.50   24.86   18.08   17.53    4.41    6.03    2.46    1.31    1.53    1.02    2.89    5.79   12.39   15.08
PSATPRG    -21.59  -45.67   23.08   19.56    3.54    1.12    0.50   11.78    0.66    0.58   16.84   18.57    8.35    9.43   15.63   18.48    8.31   33.66    7.86    0.67    9.65    3.82    0.09    2.92   22.39   13.75    0.19    1.91   11.40    9.27   16.30   21.59   17.89   14.27   25.04   15.52   11.36   12.17    5.05    3.95    0.67    3.19    4.02    2.61    2.89    8.16    9.11
PSATPAS    -21.02  -48.18   21.95   13.00   11.49    2.58    1.83    9.79    0.23    0.14   15.78   23.20    7.54   17.85   26.97   23.05   32.29    5.48    2.27    0.25    3.35    0.93    0.19    2.13   12.70   15.39    0.88    2.75   13.24    4.42   19.89   16.74   27.71   15.70   21.70   18.69   13.92    4.81    4.85    2.70    1.29    2.56    1.68    1.13    2.19    7.31    8.11
PSATPTB    -21.61  -45.49   21.73   16.05   11.66    0.36    0.01    7.07    0.22    0.21   17.93   16.77    3.76    7.50   20.89   13.20    6.06   29.00   11.50    1.05    8.23    6.37    0.08    3.11   37.97    8.63    0.43    0.90    5.00    9.30    6.33   24.12   17.95    9.46   29.12   11.59   11.18   11.96    7.35    6.74    0.68    2.57    2.29    5.50    1.07   12.26    5.39
PSATPTC    -20.00  -48.55   16.84   11.54   25.97    0.74    0.02    2.03    0.06    0.17    1.42   18.49    9.80   16.88    9.46   17.61    6.94    5.31    3.26    3.13    1.26    0.44    0.31    0.83   23.86    9.24    2.57    1.53   11.80   18.09   15.59   18.84   28.48    7.79   33.11   21.98   17.15    5.16    9.90    6.59    3.31    2.61    3.06    1.39    4.34   10.04    9.03
PSATFZA    -26.00  -51.65   15.36    4.99    1.02    4.99   33.62    9.98    8.29    3.54    1.25    7.30   11.84    5.23   13.53    0.99    0.37    0.87    3.86    0.53    0.40    0.15    0.65    7.74    1.44    0.54    8.51   19.22    6.88    2.07    4.92    1.76    1.23    2.75    1.46   16.08    3.32    2.25    0.08    0.18    0.05    0.20    0.44    0.49    3.10   11.57   13.88
PSATJSG    -25.78  -52.00    8.91    8.48    1.97    5.31   35.53   14.32   15.53    2.42    1.51    9.26   10.90    5.01    8.95    1.70    0.54    1.19    3.37    0.50    0.05    0.07    0.73    4.94    1.14    0.80    4.70   17.32    4.95    6.25    4.57    2.42    1.15    1.10    2.08   16.42    4.03    2.10    0.11    0.02    0.01    0.03    0.07    0.11    0.92    7.73   10.03
PSATSCX    -25.53  -53.48    4.90   14.60    1.28    8.88   42.48   25.07   12.58    1.79    1.29    8.21   13.12    7.03    6.30    4.36    2.12    2.88    2.71    0.65    0.00    0.03    0.54    3.23    0.75    0.89    4.19   13.69    2.09   11.30    2.57    1.78    1.31    6.20    4.83   17.60    4.18    1.65    0.48    0.07    0.00    0.00    0.05    0.17    0.64    8.03    9.33
PSATSCL    -25.49  -51.74   12.77    8.29    1.26   12.10   41.20   17.91   14.95    1.68    2.34    4.69   12.07    6.08    3.90    2.45    0.14    0.77    3.33    1.12    0.05    0.05    0.49    3.04    0.95    0.40    6.22   19.50    7.91   10.82    4.85    7.57    3.33    7.08    2.79   20.81    3.80    5.92    0.32    0.00    0.00    0.03    0.12    0.58    1.60    7.98    6.61
PSATUVT    -26.23  -51.08    5.42    3.46    1.63    7.99   84.84    2.52   12.93   15.02    1.42   12.63    8.65    2.75   32.88    1.48    1.08    1.19    4.27    1.77    2.67    1.41    2.36    7.27    0.78    0.75   12.70   16.15    6.17    0.73    5.81    5.34    1.91    7.38    3.62    5.58    4.35    3.94    0.01    0.42    0.13    0.77    1.54    1.44    2.19    5.17    9.78
PSATBSM    -24.19  -53.74    4.07    7.14    1.14   24.66   47.04   29.88   13.07    1.66    2.01    5.25   14.33    8.62    4.93   14.28    0.37    0.45    3.26    1.06    0.00    0.04    0.53    1.13    0.45    0.44    2.99    9.97    6.03   11.65    2.79    2.92    6.25   10.97   18.62   14.02    3.42    1.85    0.58    0.01    0.00    0.00    0.19    0.28    2.35    9.93    8.32
PSATFLE    -22.97  -54.56   15.34    1.36    0.09   24.89   72.19    8.63    7.77    0.48    0.50    5.45    3.74   10.48   14.35   26.32    0.55    3.91    2.18    0.83    0.00    0.00    0.01    0.12    0.04    0.75    2.50   10.45    3.39   11.55   27.64   16.76   14.54    2.69   23.15   21.30    5.85    2.74    2.69    0.17    0.02    0.01    0.35    0.52    5.44   17.49    6.28
PSATITP    -25.42  -54.58   11.12    4.52    0.50   21.27   58.72   13.34   10.01    0.62    1.12    7.54    7.63    5.94    6.75   20.27    0.72    1.17    2.70    0.72    0.00    0.02    0.17    0.24    0.13    0.30    3.48   10.82    6.25   14.93   18.43    9.41   17.74    9.90   23.26    9.77    3.50    3.41    1.63    0.07    0.01    0.03    0.22    0.32    7.01   11.81   10.18
PSATIVM    -22.38  -53.53   15.18    0.62    0.05   24.71    9.50    6.90   13.16    0.70    1.38    9.25   15.30   15.80   31.70   15.66    4.29    0.40    0.70    0.88    0.06    0.00    0.06    0.12    0.03    1.18    2.44   12.60    9.18   20.66   41.29    4.90   21.73    3.39   10.90   13.44   12.12    3.54    6.43    1.13    0.24    0.20    0.50    0.55    7.00   16.61    8.26
PSATPTQ    -23.18  -53.17   16.65    6.05    0.72   26.03   39.55   22.24   13.08    1.84    4.28    8.29   14.49    9.06    6.59   58.18    0.53    0.17    1.60    0.79    0.22    0.11    0.30    0.87    0.27    0.36    4.06   10.22    7.92   16.96   13.48    3.62    8.80    8.85   14.94   20.40    3.38    2.74    0.63    0.13    0.08    0.31    0.44    0.43    2.45    8.39    8.52
PSATCBI    -17.99  -48.54   12.80   12.02    6.38    0.88    0.00    0.02    0.29    0.20    0.12    0.00    1.07    2.94    0.32    3.47    7.54   13.78   14.81    7.76   11.14   12.32    3.37   28.18   23.43    8.22    6.72    8.76    7.64   11.26   10.86   10.30   13.47   13.81   12.90   11.38   15.56   16.27   11.71   21.93   17.80   15.00   23.50   26.87   20.59   26.82    4.24
PSATCBIV   -16.15  -48.67    7.77   15.54    9.08    0.91    0.00    0.02    0.58    0.31    0.25    0.00    0.01    2.30    0.32    2.50    4.88   10.86    5.17    2.36    4.39    7.33    4.55   32.99   12.27    5.41    6.10    9.47   11.31   11.41   10.43   10.28   12.99   14.92    4.85   10.30   11.82   16.85   16.17   21.29   19.29   27.52   27.51   13.18   22.33   17.52    3.58
PSATEMB    -18.45  -47.98   17.50    6.76    1.70    0.02    0.00    0.03    0.17    0.16    0.12    2.87    0.82   19.75    4.01    3.69   10.95    8.09    8.98   22.40   22.02    3.68    0.60    5.14   32.58    7.07    0.52    3.35    2.21   15.30   13.21   15.89    2.84    3.36    9.41   10.82   18.25    7.74    8.21   18.45   17.39   18.44   29.46   11.45   18.43   14.29    4.24
PSATIMBR   -18.42  -49.10   21.24    9.82   12.14    1.11    0.01    0.08    0.26    0.12    0.18    3.98    6.55   11.89    5.06    1.95   14.01   12.14   10.98   19.07   22.31    2.88    0.07    6.73   35.10   10.04    5.55    8.02    6.67   18.70   10.58   21.78   21.32   10.86   26.84   12.81   23.11    9.36    7.89   13.46   13.35    8.63   14.81   12.47   14.82   21.17   11.90
PSATNPTE   -19.13  -47.70    8.53    4.71   12.06    0.04    0.00    0.12    0.08    0.36    0.22    9.33    3.92   14.52    8.58    4.62    5.83    8.04    3.06    7.76   16.97    0.79    0.46    1.87   27.31    4.72    1.91    3.22    6.84   23.57    8.08   15.32    8.10    4.09   28.22   20.22   15.89    3.82   10.43   14.04   13.31    9.55    6.69    1.96   12.57   19.58    4.09
PSATARV    -18.07  -50.16    9.69   21.41   18.83    0.92    0.12    0.56    1.42    0.65    0.37    3.59    0.38    8.12    5.99    3.91   11.80   24.54   19.94   16.45   23.75    9.63    2.16    8.13   17.76    6.29    7.58    8.30   11.10   17.85    6.10   20.73   19.00   10.33    5.84    9.78    8.75   14.79   13.09   18.33   21.41   17.92    7.91    7.30   10.91   20.51   16.75
PSATSFC    -18.05  -47.68   14.73    3.12    2.19    0.05    0.00    0.00    0.36    0.08    0.01    0.09    0.08    5.72    1.16   13.46    5.46   11.08   10.41   12.82   28.74    8.91    2.43   19.64   19.98   10.23    3.56    3.95    3.72    6.95   16.69    7.68    3.03    5.96    6.89    7.29   23.76    9.76   16.65   19.59   15.60    8.28   24.45   28.09   26.39   24.04    4.26
PSATSSM    -19.02  -50.50   25.26    8.87   15.96    3.50    0.18    0.20    0.72    0.51    0.63    5.54    5.81   11.10   13.05    9.69   12.30    9.45    5.05   21.01   11.46    1.68    0.14    3.16   14.31    5.69   10.74    8.73    9.90   18.06   19.84   23.17   19.22   15.00   11.48   14.82   14.50   16.81   10.36   14.32   11.84    7.40   10.55   12.06   11.88   18.26   14.96
PSATCNI    -22.94  -50.52   21.08    6.89    5.61   21.68   20.53   34.91    1.79    1.00    1.05   12.88   40.77   37.63   30.97   35.47   54.06    0.12    0.10    0.46    0.76    0.35    0.07    0.34    0.38    2.10    1.20   11.76   15.11   18.09   27.40   11.12   22.42   37.59   23.80   10.16    7.21    3.31    0.21    0.08    0.16    0.44    0.53    0.26    3.81    7.38   12.27
PSATCPV    -22.65  -51.33   21.28    9.54    1.33   19.73   35.20   28.32    2.01    1.58    2.34   11.66   22.64   15.57   17.99   45.46   28.26    0.20    0.38    3.49    0.46    0.21    0.24    0.66    0.19    0.55    2.60   13.20    9.96   19.46   17.07   11.30   12.82   21.84   12.50   15.61    5.26    4.02    0.56    0.05    0.08    0.67    0.55    0.39    3.65    9.96   12.38
PSATCHT    -23.01  -49.73   20.96    1.55    0.93   17.51   37.88   22.20    0.80    7.58    0.79    4.78   18.67   27.08   27.48   10.87    8.69    0.25    0.10    3.55    1.85    0.32    0.44    1.67    0.29    1.07    1.61   15.20    8.33   16.26   13.48   10.08    7.40   34.74   13.68   13.65    5.51    5.99    0.01    0.07    0.01    0.60    1.10    0.46    2.76   10.77   16.74
PSATJUR    -23.22  -49.23   41.59    0.25    2.54   23.37   31.52   24.04    0.55    4.47    0.59    3.17   26.90   17.36   29.87   12.04   19.08    0.85    0.48    3.37    2.96    1.43    1.56    1.28    0.61    4.88    1.87   20.00    8.60   19.93   16.05   15.40   12.03   37.75   37.40   15.44    5.49    9.77    0.05    0.19    0.28    1.41    1.36    0.93    2.23    8.49   12.60
PSATMAU    -24.06  -50.71    5.67    0.87    0.65    6.01   40.36   12.64    4.94   11.63    2.55   12.62   12.99    3.19   13.91    2.79    1.55    0.25    1.46    2.96    0.44    0.25    0.68    5.60    0.44    0.24    5.56   14.50   11.31   11.66    9.46    6.41    5.06   16.63    4.15    9.60    4.42    5.64    0.44    0.21    0.04    0.87    1.29    0.59    1.14    6.88   12.36
PSATROS    -22.50  -52.87   28.54   10.91    1.46   31.00   17.78   21.07    7.08    1.27    4.57   17.94   22.52   17.20    9.42  119.29   15.27    0.07    0.21    0.62    0.40    0.18    0.32    0.28    0.14    0.15    2.22    8.06   12.63   21.10   28.47    7.39   14.28    5.42    9.02   14.36    4.77    2.84    1.08    0.10    0.20    0.55    0.34    0.23    4.46    7.49    6.10
PSATQMD    -16.21  -47.33    3.47    2.65    0.44    0.01    0.00    0.02    0.07    0.19    0.02    0.00    0.05    5.11    1.06    4.26    0.16    6.83    3.38    1.59   25.60   44.36   16.08    7.59   17.62    8.27    0.29    4.26    5.27    6.45   16.36    2.20    1.42    3.69    0.26    5.23   13.61   13.35   18.30   18.31   25.94   19.10   18.20   11.17   32.18    8.91    0.78
PSATRBX    -18.95  -44.76   18.21   11.98    2.07    0.00    0.00    0.01    0.14    0.16    0.18    4.79    0.01    5.28    8.46    6.86   18.04   20.32   20.17   11.19   18.60    5.29    3.47    9.07   27.06    0.01    0.01    0.22    0.13   10.76    8.04    4.30    0.26    0.46    0.85   19.32   10.13   12.78   21.45   13.79    7.68    9.06    0.80   14.60   47.30    6.46    1.81
PSATSFR    -15.93  -44.86    2.88    4.71    0.44    0.00    0.00    0.02    0.13    0.05    0.00    0.00    0.40    4.56    2.14    9.26   11.55   21.73   21.02    9.20   25.30   42.82   27.74   30.62   14.44    3.46    0.14    1.18    2.63    5.10   15.50    0.80    0.13    1.25    0.29    2.40   12.42   18.39   12.91   15.11   21.73   28.81   23.45   18.15   19.73    5.84    0.54
PSATSRM    -16.37  -45.07    9.61    4.61    0.45    0.00    0.00    0.00    0.08    0.12    0.02    0.29    0.12    6.21    4.67    7.09   11.40   19.29   21.39   20.05   34.14   26.38   16.97   16.93   17.17    1.38    0.14    0.88    1.47    7.94   11.31    2.52    0.20    0.80    0.23    3.44   10.30   11.02   16.43   19.32   25.19   26.43   14.73   24.21   30.22   12.45    0.49
PSATTMR    -18.16  -45.27   12.39   25.61    5.30    0.03    0.00    0.18    0.04    0.10    0.12   10.32    1.28   15.88    6.92    5.88   14.41   19.29   16.55   12.61   14.81    5.70    5.17   10.61   31.41    2.66    0.14    0.89    1.38   14.42   11.25    8.61    1.91    2.24   13.07   26.72   17.01   10.31   16.71   12.53   12.02   19.51    4.06    8.07   46.99   18.04    2.46
PSATBOQ    -11.35  -43.83    4.12    2.99    0.18    0.13    0.11    0.04    0.10    0.00    0.00    0.00    0.03    1.85    0.45    5.64    4.77   18.08    4.49    1.71   11.73   11.57   20.20   37.88    4.69    1.44    0.22    0.37    0.20    4.21    2.30    0.21    0.43    1.14    6.76    1.90    7.52    5.37    9.05    8.35   11.69   10.91   21.04   14.75    9.27    1.27    0.92
PSATBBO    -22.52  -48.55   35.02    1.42   11.74   12.56   12.70   19.77    0.63    0.49    2.07   12.56   22.94   21.43   24.42   17.64   28.63    5.96    1.16    0.93    4.25    1.11    0.66    2.90    3.66   12.82    0.97    6.80   12.64   10.41   17.54   18.85   31.57   33.07   22.72   11.78    7.93    7.63    0.85    0.10    0.53    1.09    2.83    1.92    2.11    8.72   10.49
PSATESZ    -23.46  -46.91   56.54    3.01    4.74    5.32   12.29   14.22    0.48    2.40    1.51    4.84   16.93   16.89   19.53   15.56    8.78    5.88    2.32    1.98    5.04    3.77    3.42    5.25    3.20   14.83    0.71   14.42   15.47   16.16   20.28   26.58   30.36   28.12   20.80    5.44    5.53   17.25    2.40    0.73    1.49    3.76    4.04    3.29    3.06    8.18    7.99
PSATIBT    -21.76  -48.99   30.37    6.41   21.78    9.96    7.37   11.28    0.56    0.06    1.17   24.15   31.85   44.47   32.20   20.35   43.61    0.31    0.28    0.19    0.96    0.36    0.12    0.52    2.25    5.50    0.90    6.66   17.56   12.31   21.46   16.02   27.74   35.01   22.86    9.51    6.88    3.21    1.74    0.20    0.58    0.66    0.56    0.41    2.01    8.83   12.37
PSATNAV    -21.12  -50.20   22.84   20.25   16.92    9.93    4.12   10.67    0.49    0.18    1.51   19.33   33.26   53.54   45.04   29.95   24.00    0.54    0.31    0.16    0.52    0.09    0.12    1.30    5.41    5.09    3.71    9.77   14.38   16.26   17.99    6.14   33.72   25.96   17.26   19.10   11.09    6.06    4.07    0.78    0.51    1.38    0.53    1.33    6.47    9.39   12.64
PSATSME    -13.40  -48.30    5.68   16.97   11.36    0.68    0.03    1.38    3.68    0.22    0.96    0.04    0.31    7.78    2.78    2.26    3.16   15.34    7.49    1.81    6.93   23.09   31.26   20.18   19.12    9.83    6.96    7.04    7.42   10.00   10.89    9.19   13.04   11.69    5.63   10.18   13.70   14.26   13.01   12.29   21.04   23.91   13.94   15.65   27.66   10.14    7.13
PSATBGR    -27.78  -51.20    1.86   17.48    0.81   14.93   24.79   23.42   26.55    0.74    2.45    9.65    3.27    3.02   17.68    3.33    0.40    0.51    6.57    1.87    2.07    0.33   10.36    8.52    1.22    0.93   11.38    0.88    0.01    0.10    0.06    1.30    1.40    0.96    0.63    2.25    8.93    0.84    0.00    0.36    0.17    0.26    0.32    0.14    0.32    7.24    4.52
PSATCNV    -27.60  -51.33    4.49   29.70    4.49   13.73   32.65   11.46   26.51    4.39    1.44   20.20    4.50    2.38   10.85    2.43    0.42    0.71    9.67    1.68    2.42    0.32    7.10    6.77    0.85    0.34   12.67    7.99    0.91    0.01    0.24    1.21    1.75    0.98    0.56    3.44    7.51    1.54    0.00    0.50    0.22    0.20    0.66    0.96    1.09    3.71    5.76
PSATFCH    -27.14  -53.04    2.99   17.77    3.42   19.08   46.38   41.42   10.21    0.15    2.69    9.85    4.76   13.53   19.44    7.00    0.49    1.08    2.56    0.71    0.02    0.01    0.20    5.13    0.53    1.69    9.29    0.22    0.06    0.00    0.00    0.20    0.15    0.06    0.09    8.74    3.43    1.86    0.02    0.05    0.00    0.00    0.00    0.29    0.18    6.79   19.35
PSATITA    -27.27  -52.38    6.73   21.07    4.93   14.49   51.25   18.30   12.75    4.35    2.77   12.28    4.09    5.07   17.31    2.72    0.33    1.01    6.97    1.00    0.10    0.03    1.51   10.74    1.04    1.23    9.72    4.34    1.37    0.02    0.52    0.64    0.56    0.54    0.71   11.28    9.43    1.36    0.01    0.01    0.01    0.02    0.07    0.17    0.29    4.37    9.24
PSATMCD    -27.52  -51.78    3.29   35.78    3.36   23.66   35.44   36.91   17.48    0.31    4.15    8.46    2.04    4.47   17.73    1.39    0.36    0.86    2.40    0.76    0.27    0.01    2.79    4.01    0.36    0.61    5.35    0.39    0.07    0.00    0.00    0.08    0.17    0.05    0.24   10.45    8.53    1.05    0.03    0.00    0.00    0.00    0.00    0.00    0.02    2.96    5.86
PSATMOJ    -27.35  -52.73    1.43   34.80   11.95   31.22   52.16   43.05    6.59    0.08    2.95    6.08    4.48    8.18   22.43    2.23    1.02    1.70    1.05    0.30    0.00    0.00    0.29    6.35    0.80    4.65    8.13    0.05    0.02    0.00    0.00    0.03    0.17    0.14    0.14    9.93    7.13    0.96    0.02    0.05    0.00    0.00    0.00    0.02    0.20    6.61   12.36
PSATQQX    -26.66  -52.54    8.63   15.25    1.54    4.77   39.90   15.32   13.99    1.71    2.28   10.93    6.99    4.35   15.46    5.52    4.04    1.43    4.73    1.01    0.01    0.00    1.05    8.48    1.55    1.66    6.20    9.41    1.69    5.66    1.51    0.56    0.95    5.72    3.01   14.08    5.48    1.79    0.05    0.27    0.02    0.00    0.00    0.05    0.26    5.75   10.47
PSATPSJ    -28.14  -55.05    0.18    0.38    4.40   15.20   40.83    1.06    1.49    0.00    0.80    0.70    1.96    7.01   16.98    0.89    2.79    3.48    0.24    0.04    0.00    0.00    0.01    1.50    0.18   17.09    0.23    0.00    0.00    0.02    0.00    0.00    0.13    0.26    0.01    2.03    8.32    0.02    0.00    0.52    0.03    0.01    0.00    0.00   24.51    5.42   18.71
PSATESP    -18.68  -51.87   23.53   26.12    9.56    0.60    0.21    2.29   11.90    0.08    0.24    9.45   12.24   11.10    8.51    4.43    3.65    2.38   18.48   10.07    2.98    4.97    0.14    0.17    2.29    5.91    3.46    3.89   22.45    2.08    0.24   11.44   12.70   12.85    1.22   13.64    7.35    9.19   13.76   17.03   21.91    5.43    9.92    2.56    3.57   21.61   30.40
PSATSRC    -19.16  -50.76   17.40   19.59    3.67    3.15    0.03    0.87    2.45    0.34    1.22   10.54   12.68   19.95   13.05   10.02    4.03    7.20   15.03   23.65    4.78    3.80    0.41    0.21    1.06    4.05    7.14   11.76   12.92    1.72    0.92   10.78   14.38   13.53    1.88   15.04    7.56   13.29   14.57   18.38   15.23    5.72   17.30    4.84    6.98   27.36   27.94
PSATFRCL   -19.12  -50.64   20.09   22.66    6.38    1.99    0.01    1.50    1.84    0.79    0.59    4.31    5.19   16.46   12.83    9.94    9.44   10.06   16.27   31.93   10.43    4.56    2.36    0.53    2.14    4.33    7.32   11.54   13.40    3.17    2.77   15.96   21.82   11.01    6.07   12.13    8.29   11.45   14.17   19.78   16.25   11.34   27.03    6.69    6.18   28.13   22.34
PSATISOT   -20.40  -51.35   28.24   17.67    7.24    4.77    0.96    7.05    1.33    0.62    2.94   22.39   32.27   31.12   38.99   20.03   10.21    1.15    1.54    5.75    0.37    0.29    0.12    0.79    0.62    4.15    2.97   11.71   11.18   14.33   11.80   10.01   19.92   25.62    6.66   20.11   12.25   21.24    9.13    8.64    4.80    1.05    3.73   10.57    9.88   16.83   23.55
PSATJUP    -20.86  -51.63   14.01    4.74    8.42    9.22    2.10   10.25    7.85    1.46    0.75   13.46   30.26   28.97   22.86   10.40    3.77    4.40    5.50    3.17    0.29    0.78    0.09    0.26    0.39    8.47    3.53   12.63   18.40   11.53    3.57    5.48   17.14   24.32    1.90    9.51    9.26   16.77   14.74   14.14   10.03    1.20    1.62   14.05   10.24   17.62   20.23
PSATSDG    -20.06  -53.18    8.05    0.90   17.72   12.66    3.99   12.58    4.01    0.94    1.01   15.80   20.98   29.57   12.93   16.04    4.86    8.99    4.56    1.38    0.34    0.54    0.00    0.02    0.19    6.85    5.76    7.62   21.65   35.28    8.47   16.15   21.41    7.10    0.99   16.61    8.26   29.43    8.94    8.60    8.57    0.72    1.04    6.29    3.86   14.18    8.81
PSATFZBT   -21.66  -52.87    9.67    0.45    4.14   25.75    2.89   10.86   11.47    1.05    1.63   16.54   26.84   21.77   18.75   11.56    4.08    1.79    0.89    0.86    0.51    0.08    0.05    0.03    0.04    2.48    3.07   13.91   16.46   27.50   34.96    4.36   26.31    8.72    4.14   17.12   12.12   11.76   13.07    1.34    1.76    0.39    0.47    3.62   10.75   15.37    8.74
PSATPPRA   -22.46  -52.91   22.74   10.94    7.88   24.52    6.99   14.05    2.61    1.22    1.14   14.10   34.42   33.90   21.37   41.85   16.26    0.03    0.05    0.37    0.34    0.08    0.15    0.26    0.48    2.89    1.61   10.50   14.30   24.64   25.04    8.74   26.11   18.75    6.15    8.00    7.04   15.07    5.70    1.00    0.46    0.61    0.45    2.23    9.31   10.23    8.51
PSATBTE    -13.69  -50.80   10.50   12.00   13.55    1.43    0.39    2.40    2.61    0.47    1.23    3.24    2.60   13.92    2.64    3.54   10.06   17.07   17.25    7.14   18.37   18.23   15.19   15.71   15.00    9.28    8.29   10.48    8.99   16.37    7.33   27.71   30.81   10.24    8.43   10.41    6.95    6.81   12.93   14.94   30.88   29.42   22.04   13.51   14.85   32.40   13.61
PSATARAG    -8.27  -49.26    4.49    7.22   11.19    1.79    0.57    2.85    3.21    5.20    1.71    1.51    1.27    7.75    6.56    0.41    4.88   11.83   12.04    4.55   10.71   10.57   14.87   20.12   26.03   15.95   13.92   11.29    7.10    8.52    8.87   18.27   19.61    8.39    2.17   10.12    8.51    7.93   17.96    9.77   24.01   20.44   12.91   17.94   26.57   14.05   16.92
PSATLAJ     -9.76  -48.37    6.34    8.20    2.62    0.50    0.19    0.81    4.24    0.95    0.20    0.36    1.13    6.52    5.23    0.38    4.26    9.15    6.70    2.83   11.65   15.82   19.46   20.09   21.08   10.69    7.31    6.43    3.43    7.13    8.54    7.36    4.17    8.31   12.68   13.90   12.29   18.00   10.12    9.97   21.20   24.08   17.91   26.98   33.89    3.29   10.91
PSATPTRL    -9.31  -47.39   13.27    6.89    1.46    0.57    0.27    0.64    1.22    1.82    0.33    0.35    5.63    8.67    8.89    3.20    4.30    6.27    3.25    5.85   10.29   12.63   16.51   17.55   14.12   23.58    4.96    3.18    3.54    9.43    4.81    6.63    5.70    5.00   15.92   11.29    7.63   10.70    6.67   12.21   22.04   18.71   14.37   14.88   12.35    0.91    8.22
PSATLJET    -7.33  -47.48    6.14    3.45    0.87    0.50    0.35    0.11    0.49    6.35    1.19    3.29    1.87    9.11   12.19    4.94    3.96    4.71    4.25    4.06    3.30    5.91    6.15    4.91   22.35   23.23   19.13   16.86    4.71    4.79   13.03    8.53   11.57    3.32   11.24    8.67   11.24    6.10   17.39   12.02   18.31   14.85   23.28   16.30   10.45    8.39    7.11
PSATUCR     -3.83  -49.65    4.09    6.69    5.06    3.56    0.27    0.11    2.18   12.78    1.12    2.78    2.86    8.64    3.41    3.73    7.92    9.71   14.90    6.09    2.20    5.64    5.17    5.64    4.89   11.91   16.48   12.27   17.25   12.67   10.17   18.09    9.33    5.73   10.29    7.89    6.80   11.74   12.26   10.35   24.22   17.01   34.01   16.25   15.94   10.67    8.32
PSATXIVJ   -29.07  -51.67    0.83    9.63    1.15   21.51   32.72   37.98   19.77    0.09    5.15    2.41    1.76    4.10   13.79    3.82    0.74    3.42    1.25    1.38    0.69    0.05    4.00    5.39    0.16    4.11    1.65    0.05    0.00    0.00    0.00    0.00    0.31    0.09    0.18    1.10    5.45    0.15    0.00    0.00    0.00    0.09    0.00    0.00    0.00    7.23   11.43
PSATDFRC   -29.45  -53.28    0.15    0.03    4.19   12.13   17.06    2.40    0.81    0.06    0.90    0.78    0.28    2.63   17.81    0.52    1.23    2.70    0.43    0.32    1.10    0.02    0.72    1.59    0.66   20.67    0.23    0.00    0.00    0.02    0.01    0.00    0.22    0.37    0.36    0.38   14.08    0.01    0.00    0.00    0.02    0.09    0.00    0.00    6.77   15.05    6.65
PSATREAL   -29.02  -53.19    0.51    2.28    4.37   17.15   37.39    7.10    3.14    0.00    2.33    0.49    1.59    4.74   19.52    0.88    1.01    2.17    0.60    0.44    0.05    0.00    0.77    1.16    0.38   12.10    0.36    0.00    0.00    0.00    0.00    0.00    0.26    0.19    0.05    0.35    7.24    0.05    0.00    0.01    0.00    0.01    0.00    0.00    2.25    3.96    8.79
PSATCTAV   -29.01  -51.39    0.95    2.75    0.79   14.81   22.78   47.78   21.19    0.45    5.48    5.70    3.31    4.65   23.00    2.02    0.28    1.27    4.67    2.04    2.27    0.28   10.38    5.97    2.67    5.94    5.29    0.21    0.00    0.05    0.01    1.07    1.62    0.92    1.26    0.52    5.24    0.27    0.00    0.00    0.24    0.72    0.09    0.17    0.04   10.66    7.32
PSATERNT   -28.56  -52.54    1.03   24.39    6.73   27.50   38.38   37.06    9.98    0.07    3.68    3.03    1.49    3.94   16.38    1.08    0.59    1.46    1.37    0.46    0.05    0.00    0.59    2.78    0.59    4.88    2.14    0.03    0.01    0.00    0.00    0.00    0.17    0.11    0.11    6.09   12.25    0.31    0.00    0.00    0.00    0.00    0.00    0.00    0.02    2.09    7.68
PSATSTPL   -27.14  -49.52    3.98   23.78    6.70   15.33   46.05    8.04   37.27    6.75    0.79   17.70    6.31    2.09   41.38    2.24    0.68    1.78    7.17    1.34    5.12    1.41    2.84    3.81    1.07    2.01   18.94    7.19    4.87    0.02    0.31    1.77    3.33    3.27    1.73    0.24    9.38    4.14    0.01    1.11    0.79    0.27    1.76    2.37    3.17    2.24    4.28
PSATCVCH   -25.14  -48.87    2.58    0.81    1.62   13.74   65.51   18.36    5.67   27.29    0.95    4.52   10.22   14.69   40.25    1.11    2.76    0.73    0.69    8.87    8.58    2.46    3.49    4.94    0.53    0.26    5.81   18.74    9.90    1.25    5.92    4.76    7.57   18.98   12.24    9.28    5.13    7.93    0.09    1.13    0.24    1.89    3.14    1.46    1.40   12.66   12.18
PSATAMY    -12.60  -69.12   12.64   15.44   10.00   27.58   18.07   21.09   17.87   32.53   21.37    8.85    2.23    2.42    4.05    6.42    7.95    6.02    9.87    5.77   10.76    4.75   10.01    4.01    6.52    9.68   16.75   28.26   35.07   11.11   19.42   10.09    8.13   12.73   23.19    9.77   11.68    7.00    2.25    2.70   19.30    9.75    7.74    4.37    6.31    8.97   13.69
PSATGJR    -10.73  -65.35   15.15    7.07    4.72    6.29   15.01   15.97   11.21    8.66    5.53    3.45    0.94    4.60    9.82    8.22   11.42    6.21    3.71    5.41    9.79    2.09   17.08    8.42    7.76   25.23   45.82   50.25   37.02   18.32    4.49    2.40    6.76   13.20   17.33    6.03   16.80   12.75    2.98    6.32    6.15    6.70    3.45    3.69    3.52   10.38    5.12
PSATPRNC   -12.43  -64.43   23.90   10.03    8.56    6.05   19.58   21.28   16.17    4.65   13.37    2.55    0.73    0.50    0.68    0.79    2.80    6.27    5.34    3.31   12.45    2.48   12.40    9.68    5.37   10.11   17.87   12.83   10.81   11.01   11.72    5.02    2.65    5.16    5.54    1.23    2.41    2.47    2.97   18.63   15.75   29.86   15.59   13.23    4.58    7.41    6.11
PSATSANT    -8.87  -63.97    3.02   22.32   23.45   27.44    7.22   14.81   17.98   14.64    7.61    7.59    1.65    1.72    1.90    0.55    4.30    8.86    7.64   11.16    9.79    4.01    6.50    4.18    2.79    4.66    2.06    3.88    8.16   24.58   10.71    6.88   10.52    3.77    3.08    2.14    4.30   16.04    8.47    4.46   20.37   14.74   11.47   21.56    9.77   10.44    8.41
PSATDARD   -10.16  -59.46    5.76   26.39   19.40   19.97   10.11    4.15    8.29    2.27    7.06    4.15    1.70    1.80    2.97    3.13    1.22   25.21   11.38    6.48    8.38    1.07    6.39   15.10   10.79   19.27   24.16   16.17   31.86    7.80   35.96   23.00    8.74    3.30    4.40    4.39    5.26    1.01   12.91   15.37   11.97    7.83    6.91   13.01   15.12   12.87   15.05
PSATGUAP   -15.12  -58.96   10.78    6.01   20.74   11.21   25.78   14.87   24.39    2.08    5.25    0.90    0.67    0.36    0.23    3.18    5.94   12.05    6.74    3.45   12.91   14.53   15.12    8.09   10.56   14.33   11.69   34.03   19.88   27.68   22.86    6.96    1.62    0.73    3.20    0.98    1.65    0.64   23.93   53.38    7.57   17.33   28.87    4.82    6.71    4.58    7.90
PSATJIRA    -9.25  -64.65   18.86   14.70   10.64   13.79   22.21   16.58   10.99   26.38   13.43    5.12    1.01    1.82    4.48    2.86    5.12    5.68    6.70    5.73   12.64    2.21    7.92    5.71    5.76    5.22   13.00   17.69   18.74   16.87   13.50    7.01    7.67    6.39   10.03    3.28    8.16   12.39    2.23    7.67   12.27   10.41   10.78    8.10    3.05    9.04    8.57
PSATROND   -11.99  -60.70    4.06    7.20    6.57    9.20    7.07   18.65   22.64    4.27    9.29    1.56    0.73    0.49    2.60    0.54    6.84    7.71   10.28    5.48   13.37    1.98    9.75   11.83   10.27   10.06   34.59    9.84    3.78    6.96   21.61   20.20    8.85    4.79   12.45    2.23    1.31    1.34   12.63   12.45   14.19   16.33    8.85   14.28   10.68   12.24    8.15
PSATSAMU    -8.75  -63.45    2.04   17.04   13.89   16.24   16.55    8.59   16.48    9.71    6.74    6.39    0.92    2.57    0.58    1.66    5.02    9.74    4.75   13.92    9.85    1.70    5.52    6.21    3.92   10.25    3.83    3.71   12.63   16.70   14.13    7.22    9.70    4.42    3.53    2.27    4.40    5.92    8.74   11.32   21.34   17.14    6.23   28.30    9.56    8.31    6.40
PSATBALB    -1.92  -59.47   11.17    2.53   15.33   16.64    9.03   11.19   11.24   18.63   10.66   10.24    4.74    3.69   12.47   12.39   20.38   11.19   14.04    4.26    4.42    2.11    6.73    3.41    5.78   10.07    3.81    2.10    7.01   10.80   10.17   18.04    8.77   11.74    7.26    7.89   12.24    2.49    3.90    9.26   11.25    9.99    2.32    3.85    3.63    4.50    3.83
PSATCUNA    -2.82  -54.30    1.23    4.09   12.80    2.63    5.03    1.03   14.97   10.88   12.03    2.67    3.59    7.51    3.69    1.44    2.75   10.87   11.00    6.69    3.52    3.18    2.08    2.71    1.55    8.31   25.86   22.93   10.69    7.22    4.51   15.36    4.19   20.20    4.42   17.03   12.07   17.92   28.74    4.92   20.33    6.73    4.28    4.27    2.84    5.82    5.71
PSATJARI    -0.65  -52.52    5.81    5.14   11.83   11.19    7.88    1.83    1.43    7.19    6.39    5.44    1.70    1.71    2.28    3.17    2.29    2.94    8.91    9.75    1.35    5.75    2.15    5.28    2.78    3.23    1.42   15.64    4.44    6.65    4.55    4.64    7.95    8.39    2.97    4.53   10.16   14.03    9.37   10.96    6.80    6.53    6.06    8.22    9.16    4.00    7.37
PSATFGOM     0.86  -51.20    7.04   10.21   13.37   18.18    7.38    4.11    4.02    5.09    8.27    5.85    4.66    4.88    4.19    3.90    5.85    4.03    7.88   18.33    1.37    9.89    2.73    3.58    4.40    2.53    3.23    7.29    6.77    6.09    5.46    8.68   11.13   10.72    8.54   10.22   12.82   21.30   17.16   15.15    8.83    8.44    5.38   11.74    8.55    6.74    9.38
PSATUBE     -6.75  -43.57    9.01   10.49    0.90    0.65    0.09    0.15    1.71    3.93    0.83    1.02    1.56   25.68    5.78    9.83    3.04    5.11    1.50    3.77    7.31    2.88   11.01    6.79   16.97   16.39    3.55    4.41    3.59    7.90    6.94    2.68    9.21    2.42    5.54   10.39    5.29   11.85   11.36   17.17   20.57   18.71   11.11    8.20    1.27    3.28    3.46
PSATBSOR    -6.74  -52.00    7.73    8.29   24.87    2.94    1.42    2.57    2.09    2.84    2.24    4.85    1.26    4.50    9.47    1.00    1.07   11.96    9.19    7.09    6.98    5.16   12.08    9.73   11.50   13.77   16.37   14.54   12.41   12.45   13.57   24.14   19.46    3.38    3.66    5.08    5.02    7.66   11.99    3.77   16.40   11.15    8.03   15.60   23.21   21.45   12.26
PSATBESP    -6.75  -51.77    6.71    4.05   10.99    4.20    2.65    0.04    2.81    4.18    1.52    2.38    2.39    4.04    9.32    1.48    4.57    4.27   10.08   18.12    1.21    2.09    4.31   10.97   14.33    9.60   20.75   11.05    9.68   15.92    9.92   24.25   18.17    4.18    3.44    9.30    5.67   17.72    9.94    5.85   38.07   19.49   13.62   22.01   26.21    5.98   14.94
PSATPIME    -3.41  -51.91    5.77    8.28   11.20    3.17    2.55    1.30    2.71    7.22    6.30    3.24    4.92    5.57    8.12    5.96    4.48    9.50   10.94    7.47    5.80    4.47    5.57    4.32    8.22   11.59   24.64   16.36   14.61    9.30    8.51   19.44   14.62    7.55    5.80    9.60    7.50   15.34   13.85    6.87   21.06   15.93   10.68   13.52   13.95   15.66   11.90
PSATIRAP   -16.74  -42.57    5.62    2.61    0.01    0.00    0.00    0.00    0.05    0.03    0.02    0.00    0.02    1.98    3.40    2.53    4.55   12.07   14.63    5.87   16.92   14.89   30.75   20.10    3.45    0.36    0.31    0.13    0.85    1.73    0.72    0.60    0.12    0.09    0.24    0.13    1.46    5.40   11.78   13.38   25.17   46.60   22.65   39.15   16.93    7.16    0.84
PSATITBI   -15.97  -39.59    1.35    0.62    0.01    0.01    0.00    0.03    0.10    0.04    0.08    0.12    0.05    0.50    0.13    1.87    3.20   12.92    7.68    5.32   12.92    8.90    8.33    6.01    1.07    1.69    0.61    0.39    0.46    0.89    1.22    1.01    0.23    0.24    0.16    0.02    0.09    5.42   16.07   16.75   30.55   57.61   33.78   33.69    8.13    3.97    1.44
PSATCOLI   -10.98  -55.77   14.02   10.65   40.12    5.57    2.43   10.96    3.03    1.61    1.72    4.83    1.83    3.03    6.67    5.23    4.38   33.55    8.48    6.68    9.14    8.29   18.69    8.32    5.50   10.47   19.11   24.89   14.75   11.38   18.35   36.83   20.52    3.81    4.15    6.30    4.07    3.75    8.83    8.85    6.18   11.23    7.55   11.18   13.98   28.35   10.78
PSATSAEL    -9.19  -57.04   15.20   11.35   33.94   10.29    2.61    2.50    2.97    0.91    3.83    4.92    2.60    2.27    3.21    1.04    3.82   13.98   15.00    3.77   13.72    2.52    9.60    9.94   11.25   11.16   25.05   23.47   19.37    6.59   13.42   27.33   22.58    1.67    2.88    3.21    3.06   22.17   12.53    9.42   12.05    7.48    3.27   10.32    8.82   28.40    9.27
PSATITQ    -17.09  -54.83    9.41    3.75   23.18    2.43    4.14    8.56    5.15    0.37    0.76    7.57   10.00    7.23    2.39    6.41    5.58    3.69    9.04   12.81   13.11   21.24    2.85    1.58    1.86    9.85    4.97    8.13    8.37   20.39    4.56   12.74   15.98    4.68    1.99    5.14    7.21   17.42    9.54   13.03   32.81   22.82   11.42    3.68    4.07   14.34   17.27
PSATJAU    -15.24  -58.73   12.44    7.19   17.58   13.05   22.84   16.89   22.08    1.71    7.61    1.92    0.61    0.31    0.18    1.99    5.78   10.23   10.40    4.10    8.76   18.33   10.36    5.20   10.43   17.48   11.33   31.55   20.57   29.18   23.58   12.18    2.25    0.89    3.51    1.23    1.40    0.80   26.91   53.34    6.84   17.85   28.32    5.53    6.22    8.81    6.47
PSATMAN    -14.87  -55.78    4.02   19.64   47.26    4.91    3.98   19.76    8.20    0.34    2.05    2.55    5.38   16.32    3.83    1.34    8.06   28.82   15.37    4.41   13.82    6.75    8.09    6.99    3.13    5.76    9.74   18.15   12.66   29.81   12.46   17.65   20.87    3.42    4.22    7.28    1.43    1.16   18.41   12.44    6.47   29.31   24.62   19.87    6.97   31.93   10.02
PSATPTP    -17.61  -54.83    7.65    4.44   22.44    3.14    5.27   16.64    6.08    0.59    0.94   11.67    7.88   10.16    1.00    8.30   12.03   11.83   16.55   15.16    9.74   26.04    0.35    0.99    3.11    9.33    5.72    6.37   15.83   20.61    4.60   20.16   12.19    4.16    1.46    7.66   10.06   32.36   20.51   15.54   36.28    6.34   10.05    6.81    4.88   20.77   12.42
PSATSTCL   -17.90  -40.20    2.95    0.21    0.00    0.00    0.00    0.02    0.02    0.00    0.00    0.01    0.00    0.02    0.00    1.95    2.35   23.02    5.58    5.56   17.71   11.12    7.72    2.48    0.14    5.28    0.85    0.83    0.35    0.37    2.18    1.81    0.47    0.16    0.02    0.00    0.00    0.86   31.35   32.89  129.77  339.91   69.63   29.80    8.99    2.79    1.90
PSATPDC    -12.58  -39.00    0.37    0.34    0.30    0.12    0.08    0.29    0.23    0.11    0.23    0.43    0.78    0.09    0.31    0.37    0.09    0.07    0.33    0.96    0.06    0.13    0.16    0.54    0.17    0.69    0.60    0.38    1.11    1.90    2.01    0.43    0.45    0.28    0.07    0.10    0.15    0.36   10.05   19.72   16.89   17.02    7.94    3.11    1.40    1.80    1.75
PSATROSA   -20.92  -41.72   15.25    1.27    0.00    0.00    0.00    0.07    0.30    0.01    2.01    3.04    0.04    8.21    7.58    4.68   18.48   30.40   36.17    8.94   56.37   82.52   39.94    8.91    0.14    0.97    0.18    0.03    0.63    3.49   16.04    0.24    0.56    0.25    0.27    0.19    0.07   14.00   63.56   43.11   18.78    4.84   19.80   34.85   26.58    4.32    1.19
PSATCAN    -20.21  -42.85   29.05   12.34    2.07    0.00    0.00    0.03    0.04    0.01    1.64    2.99    0.05   11.66   11.29    5.37   18.75   31.85   29.82    6.31   29.26   11.98   17.37   28.42    7.02    1.93    0.10    0.16    0.35    7.89   14.49    1.89    0.44    0.38    0.45    4.61    7.12   17.16   17.40    8.98   17.53   12.40    4.38   12.99   33.40    5.69    1.34
PSATSAC    -19.64  -42.85   22.07    9.30    0.53    0.00    0.00    0.00    0.20    0.08    0.02    0.03    0.17   12.28    9.70    4.78   12.89   33.66   14.60    6.61   32.80   18.60   48.24   34.46   15.42    3.00    0.35    0.34    0.81   10.14    9.42    2.12    0.97    0.67    0.53    2.24    5.40   11.15   28.30    6.61   12.54    2.82    1.66   32.92   53.19    6.08    0.91
PSATPES    -19.12  -42.66   11.64    1.65    0.10    0.00    0.00    0.00    0.21    0.00    0.00    0.01    0.05   11.51   17.14    4.91    8.81   26.48   18.03   18.75   40.83   31.02   69.06   35.26    1.07    3.90    0.65    0.56    1.22    4.14    6.51    1.58    0.73    0.57    0.33    0.25    0.79   13.78   17.01   25.28   16.27    9.16    4.57   67.87   34.65    7.00    0.95
PSATMAS    -19.50  -40.92    3.63    1.04    0.00    0.00    0.00    0.00    0.11    0.01    0.35    0.26    0.04    3.59    2.74    5.45    7.08   28.97   23.33   12.81   41.83   51.75   46.20   12.59    1.43    6.10    0.88    0.42    0.89    2.55    6.61    1.50    0.92    0.43    0.37    0.15    0.14   10.76   28.41   38.69   24.55   18.65   14.32   35.46   18.10    6.86    0.87
PSATSBR    -23.37  -45.87   52.46   14.61   10.61    0.92    6.93   15.09    1.10    7.66    4.48   12.71   15.35   18.91   12.93   16.05    2.49   18.14    4.46    4.77    8.48    4.16    5.04    7.39   10.18   18.41    1.26   13.31   16.29   12.68   28.44   24.72   35.35   17.52   15.76    9.64   10.83   24.10    6.18    0.69    1.97    3.17    3.37    3.56    4.49    7.75    7.48
PSATJAG    -23.20  -46.03   42.78    0.93   11.61    2.49    8.62   16.67    0.15    5.17    3.15   10.49   21.71   21.39   21.94   17.20    6.93    9.66    2.50    2.20    9.32    3.34    4.38   11.47    2.14   28.55    0.69   10.30   13.43   15.47   24.17   28.11   32.32   24.75   12.48   14.40    6.99   12.60    2.87    0.40    0.52    1.50    6.59    4.58    5.58    7.48    5.74
PSATFUNI   -22.53  -44.57   25.80   13.79    9.45    1.73    2.77   11.12    1.00    4.40   10.74   16.15    9.56   16.47   13.78   14.23    3.86   32.46    6.73    3.91   11.50    4.32    2.43    8.06   14.29   19.48    0.47    7.19   14.40   11.04   26.47   25.58   28.26   16.13   13.23    9.69    8.19   16.37    6.50    0.56    0.74    2.73    6.48    4.55    5.65    8.26    7.01
PSATSACE   -22.48  -43.84   14.97   29.44   15.99    0.19    0.03   11.40    1.37    3.83   12.12   17.02   13.55   14.14   10.70    1.70    2.62   54.70   41.11   15.66   10.62    5.46    3.20    7.58   47.79    3.95    0.66    5.74   12.09   14.50   17.59   28.90   28.37    7.06   27.34    2.04    1.95   21.61   20.97    0.70    3.78    8.61    6.01    5.37    2.90    2.41    9.66
PSATPIC    -21.91  -43.54   23.88   40.07   24.70    0.06    0.00    9.63    0.35    0.67   11.56   13.58    6.87    7.65   11.62    1.55    5.46   41.67   55.79   20.80    8.85    6.21    2.11   14.30   43.14    0.27    0.41    0.24    8.64   18.49    7.20   23.62   13.49    4.61   21.39    4.36    9.09    8.58   19.90    1.22    5.19   13.55    3.94    5.10    3.85    8.48    8.27
PSATSOGI   -21.94  -43.36   46.42   51.08   16.11    0.02    0.00    7.90    0.39    0.61   12.83   14.08    4.89   14.95    8.34    4.13    6.66   48.98   41.08   26.79   15.05    3.76    2.15   60.39   30.91    0.02    0.11    0.05    9.09   16.43   12.51   13.98    4.38    1.80    7.64    4.20   15.01   12.05   22.75    0.41    5.52   18.49    5.89    5.48   13.92   12.57    5.94
PSATIPSI   -21.84  -42.58   29.39   31.94   12.77    0.04    0.00    8.80    0.31    1.81   11.15   11.92    3.67   10.47    8.62    2.38    2.48   64.41   38.96   13.43   12.40    6.35    4.22   37.38   34.81    0.65    0.17    0.25   12.66   11.34   12.49   13.04    9.26    3.27    9.77    3.33    7.50   20.39   42.33    2.22   12.23   11.57    5.97    2.92    9.29    7.35    3.22
PSATTCLJ   -22.69  -43.83   13.71   24.31    4.79    0.23    0.03   11.02    5.48    1.46    1.93   10.89   26.19   12.46    5.55    8.80    0.58   46.05   16.89    5.33    6.64    5.25    2.96    8.79   43.64    2.26    1.07    4.20    9.03   10.77   20.69   31.31   32.99    7.87   18.95    1.68    3.66   27.92   18.59    0.61    2.38    9.46    3.57    2.56    2.53    1.22    6.47
PSATBIGU   -25.51  -53.67    5.77   13.24    1.65    9.40   42.16   23.47   11.57    1.69    1.12    7.77   13.93    6.89    5.50    4.49    2.36    2.83    2.50    0.57    0.00    0.02    0.48    2.78    0.75    0.77    4.34   13.89    1.72   10.16    2.18    1.76    1.48    7.04    4.70   16.66    4.13    1.52    0.57    0.06    0.00    0.00    0.06    0.15    0.74    8.58   10.26
PSATBRAU   -21.45  -42.41   45.20   27.76    1.29    0.00    0.00    1.59    0.10    0.09    4.10   10.67    0.09   13.36   13.87    4.55   12.36   33.55   21.27   19.62   12.72    5.25    4.83   74.89    7.82    0.68    0.15    0.13    1.68    8.47   18.33    4.64    1.30    0.50    0.43    2.82    8.95   12.81   19.36   14.44    9.21   18.86   14.67    9.08   23.43    5.80    3.00
PSATSUIC   -20.08  -40.58    1.11    0.27    0.00    0.01    0.00    0.01    0.19    0.08    0.02    0.49    0.31    1.76    0.51    3.46    7.82   42.69   29.72   16.86   34.00  116.13   64.70    2.21    1.07    4.52    0.75    0.85    0.20    5.46    5.95    1.95    1.53    0.76    2.08    0.24    0.34    0.79   31.71   88.23   33.60    6.41   33.42   42.24   23.62    1.07    1.10
PSATJRI     -9.30  -64.70   19.94   17.37   13.59   19.34   25.65   17.41    9.52   29.52   15.81    6.16    0.88    0.90    1.36    1.02    3.20    5.45    6.25    6.07   14.75    1.86    9.23    5.53    5.13    1.91   11.01   17.83   15.60   15.43   11.46    6.74    5.69    4.67    5.48    1.50    5.65   10.91    1.54    7.51   14.12   10.69   11.37    7.94    2.91    8.11    9.40
PSATBENI   -14.59  -67.53   17.64    7.37    3.41    3.40   10.10   17.58   17.45   18.18    7.42    2.84    1.47    4.38   13.31    8.10   11.16    6.68    8.08    5.21    6.19    2.97    4.11    6.46    8.48   14.55   20.45   20.29   29.59   22.37   19.90    7.58   13.13   11.40   23.59    7.26   16.07   15.80    4.28    9.12    8.65   10.04    9.00    8.54    3.03   11.18    6.13
PSATEPB    -12.42  -64.42   17.95    7.79    6.38    4.54   17.97   15.70   12.62    3.57   11.06    2.32    0.65    1.04    2.49    2.18    4.96    5.53    4.14    2.87    9.31    2.68   12.64    7.42    4.44   13.70   26.94   19.12   17.32   14.13    8.87    3.66    2.50   10.76    6.02    2.27    6.50    3.68    3.17   13.51   12.13   21.63   11.02    9.95    3.76    7.39    5.23
PSATEGM    -10.79  -64.35   19.34    8.63    6.06    8.37   15.47   20.69   13.68   11.77    5.27    4.03    1.08    5.29   10.73    9.15   11.87    7.16    4.69    6.83   12.64    1.78   18.53   10.71    9.70   26.25   44.92   56.28   38.66   17.67    5.37    3.09    8.40    9.03   20.99    6.49   17.01   15.37    2.93    8.18    6.92    8.03    4.74    4.11    4.09   11.46    5.79
PSATSTOA    -8.79  -63.95    2.87   22.98   24.81   27.19    7.43   13.55   18.46   14.96    7.71    7.19    1.68    1.82    1.35    0.58    4.24    8.75    7.53   11.11    9.13    4.15    6.60    4.46    2.93    4.72    1.88    3.75    7.19   23.94   10.68    6.75   10.81    3.61    2.80    2.16    4.47   14.58    9.01    4.38   21.15   14.98   11.01   21.82   10.34   10.46    8.63
PSATENC     -9.90  -66.62   10.20   19.88    9.37    4.54   36.33    3.98    2.21   27.36   15.69    6.61    0.88    1.08    1.79    0.60    1.23    3.03    4.03    2.39   16.03    3.44    5.69    1.58    2.38    1.29    4.63    3.40    5.93    7.27   10.42    7.88    5.50    4.38    3.24    5.66    2.01   11.81    0.88    1.40   11.76    9.56   10.96   11.17    5.59   10.04   11.77
PSATAMY1   -11.71  -70.63    9.81   13.16    9.27   32.00   25.19   21.39   20.78   31.84   22.57    9.64    1.48    1.64    2.05    1.37    5.13    5.36    4.26    6.56   14.02    5.06   12.63    2.91    1.93    1.05    7.05   19.80   22.56   14.87   23.46    9.00    4.87    6.41    9.75    4.17    5.09    5.07    1.37    0.48   24.57   14.34    9.97    2.07    1.74    8.24    8.91
PSATAMY2   -12.37  -71.17    8.74   15.09   12.18   38.29   21.33   17.40   13.23   34.07   29.34    7.88    3.47    2.81    3.73    5.21    7.61    6.96   13.08    4.51    8.19    3.46    8.71    4.96    4.74    7.38   11.94   22.39   22.31   11.87   23.83   10.89    6.40   18.12   28.29   11.14   10.99    8.63    2.16    1.80   22.87   10.33    7.52    5.33   10.45    9.39   12.21
PSATAMY3   -13.75  -70.18   18.50   20.58    7.95   11.75    7.42   23.97   21.00   40.06   13.18    5.07    1.47    2.73    6.41   13.62   11.77    4.99   12.46    6.63   10.26    3.33    5.99    3.52   11.02   17.73   27.75   31.74   51.97    7.88   14.27   13.66   15.05   14.37   33.33   15.51   16.49    6.79    1.97    6.31   14.33    5.65    6.96    5.42    6.81   10.19   24.65
PSATAMY4   -13.45  -69.47   14.92   12.59    8.99   15.32   13.76   23.92   18.24   16.27   13.63   16.15    1.61    2.24    4.09    6.16    6.83    6.26    6.88    6.00   13.21    9.83   15.42    4.18    8.17   17.58   23.68   47.00   60.79    6.89   10.25    4.73    6.76    7.53   15.59    6.80   16.71    6.60    4.74    2.63    8.48    7.71    6.13    3.52    2.80    7.00    7.01
PSATJRN    -13.37  -59.01   22.37    3.60   25.29    9.71   28.62   22.92   24.20    8.31   14.29    1.10    1.26    0.74    0.35    1.21    5.02    7.43    2.55    4.69   15.58    4.74   14.82    8.19   10.89    8.72   18.74   31.27   17.44   23.67   29.77    9.41    1.60    3.20    7.10    1.37    1.98    1.42    9.95   31.20   17.03   34.12   16.28    9.11    8.91    9.58    7.40
PSATAPI    -10.34  -56.98   21.00    9.70   24.01   12.72    2.63    9.44    1.35    0.72    1.46    2.22    1.04    0.73    0.19    1.46    5.39   40.49   11.28    4.14   18.18    1.34   15.98   15.37    6.64   15.19   17.86   20.36   20.05    6.00   25.83   26.32   16.12    4.97    8.19    3.28    3.07   11.86   10.70    2.28    8.68    5.41    3.87    8.64    6.08   42.69    5.26
